-4.362781152658957301e-02
-4.362146654927347850e-02
-4.341188438954649009e-02
-4.330917965269081432e-02
-4.322149902527695764e-02
-4.311899890055945900e-02
-4.288485725685681205e-02
-4.277436535910755788e-02
-4.267066476892986127e-02
-4.249711344811447911e-02
-4.240368929189117925e-02
-4.219923291719891029e-02
-4.203518714968044329e-02
-4.195156208649046536e-02
-4.184890815833628569e-02
-4.170803968910635762e-02
-4.162552618305748880e-02
-4.150909999462757544e-02
-4.145603774205545294e-02
-4.142583425378434242e-02
-4.131310606807156449e-02
-4.119617684165731430e-02
-4.106739438795933839e-02
-4.099845711038626467e-02
-4.087817442871689161e-02
-4.079426973582212651e-02
-4.068683652134255646e-02
-4.062715688795148772e-02
-4.053681613268503292e-02
-4.050137886577338114e-02
-4.040416332320200671e-02
-4.035029400502054830e-02
-4.026568524437477981e-02
-4.010137818441872337e-02
-4.008311803256404265e-02
-4.005278916319261057e-02
-3.995223911298247804e-02
-3.988303749637636675e-02
-3.974364509967640707e-02
-3.971482519228541203e-02
-3.957604249340545416e-02
-3.948600765042175470e-02
-3.944961284525772688e-02
-3.929645134562419900e-02
-3.929279626461406466e-02
-3.918660964554259579e-02
-3.910729653005557555e-02
-3.903917516125039039e-02
-3.898034663149930329e-02
-3.892627226886829356e-02
-3.889385443302131873e-02
-3.884105004728214544e-02
-3.878074040453574622e-02
-3.871925210269018536e-02
-3.868706607735888925e-02
-3.860018855989236913e-02
-3.848296693213178882e-02
-3.841474228169891592e-02
-3.835462371857555758e-02
-3.833132606084519584e-02
-3.819390458547718137e-02
-3.812805321688363114e-02
-3.805999735628032982e-02
-3.801863503022149399e-02
-3.794206804119953924e-02
-3.786358367131350405e-02
-3.781290183652236125e-02
-3.773268947357339559e-02
-3.766839996022806891e-02
-3.761918377584594353e-02
-3.754046496999585009e-02
-3.750913198247406849e-02
-3.741364505654510425e-02
-3.731975838088066877e-02
-3.728537961254408534e-02
-3.719878122900235895e-02
-3.714501627270360568e-02
-3.704483091080775642e-02
-3.700180402578433225e-02
-3.694620736461202981e-02
-3.692791820236896588e-02
-3.684045998468567229e-02
-3.676404105469389949e-02
-3.672571048748202172e-02
-3.668970230079195149e-02
-3.662181834391785296e-02
-3.655242429390187509e-02
-3.650217294348921671e-02
-3.641404796861141824e-02
-3.635267228278560303e-02
-3.624743104496092050e-02
-3.619565147408168593e-02
-3.615502260981618560e-02
-3.612763281005167831e-02
-3.606030254577172883e-02
-3.595694396213414828e-02
-3.588905332820726407e-02
-3.582759833833586843e-02
-3.581169367542464538e-02
-3.576971579090167108e-02
-3.575330584763409397e-02
-3.569406046378235248e-02
-3.564963850802298911e-02
-3.552691144516553073e-02
-3.552380423788158853e-02
-3.550515228336752205e-02
-3.543063995199909055e-02
-3.532003248637897996e-02
-3.529768342546767829e-02
-3.514937428207879494e-02
-3.509413094794202465e-02
-3.503822443382721002e-02
-3.501414019241688019e-02
-3.498181658327417093e-02
-3.490633577156901368e-02
-3.487072573473395248e-02
-3.480809289816769875e-02
-3.479405720336162938e-02
-3.471915803047329052e-02
-3.465289680561151747e-02
-3.461078097528991204e-02
-3.458650915490121130e-02
-3.455274041084927666e-02
-3.444463086423479176e-02
-3.432841527073543508e-02
-3.429642786356498774e-02
-3.422835335263700596e-02
-3.421191326898498364e-02
-3.418119687785401567e-02
-3.411431777168077994e-02
-3.407524776766308883e-02
-3.398940462122682776e-02
-3.394829442342858772e-02
-3.393968748344179664e-02
-3.389904520616318639e-02
-3.385179074584077769e-02
-3.381736417955019669e-02
-3.365368115982540070e-02
-3.359345928573372053e-02
-3.355550054621395106e-02
-3.353313067123851049e-02
-3.349379445329830896e-02
-3.344477401408859490e-02
-3.337019067929023614e-02
-3.330700504608535145e-02
-3.327401278789172273e-02
-3.320148362654078839e-02
-3.317699673774043845e-02
-3.311889328699755414e-02
-3.308118122520517512e-02
-3.304709910173683762e-02
-3.300693265315540054e-02
-3.294856625800477584e-02
-3.290102440711437093e-02
-3.285094299139430796e-02
-3.281988422273959816e-02
-3.268787386418727653e-02
-3.263431321984765904e-02
-3.261571258258069705e-02
-3.254421644279319875e-02
-3.253111059091662316e-02
-3.245452453287717143e-02
-3.239609935928672302e-02
-3.239267543313943676e-02
-3.230237417910394176e-02
-3.227023232022045024e-02
-3.223304824786460410e-02
-3.217905719898573463e-02
-3.214016748252612049e-02
-3.211848300173894555e-02
-3.208158360129114567e-02
-3.202552519436349665e-02
-3.192115410703197376e-02
-3.189559383332870451e-02
-3.183049564184960850e-02
-3.172699779773215101e-02
-3.170728777282266764e-02
-3.169412882686666044e-02
-3.162953376548052059e-02
-3.157469907043713997e-02
-3.154209763026129265e-02
-3.149854233409505461e-02
-3.146661829424580309e-02
-3.140919966784423700e-02
-3.136161881494493181e-02
-3.130427837655418155e-02
-3.129291418928929758e-02
-3.126279227216648832e-02
-3.119534031325878198e-02
-3.116010172984682094e-02
-3.110515241326415603e-02
-3.108204191114739140e-02
-3.105177132351275363e-02
-3.098182325809168899e-02
-3.097476753326374246e-02
-3.087917124248040421e-02
-3.084595655645972975e-02
-3.075102513133349050e-02
-3.069291180674223532e-02
-3.065416270893436823e-02
-3.060957413437191688e-02
-3.056514495636120446e-02
-3.049176511937512490e-02
-3.046174794403811933e-02
-3.045191401759598376e-02
-3.041685184294934743e-02
-3.027968723385841832e-02
-3.020324262136075966e-02
-3.017176316933188260e-02
-3.014469058537876112e-02
-3.009700717354478472e-02
-3.007501868603929332e-02
-3.005822228128509840e-02
-2.998733622018683737e-02
-2.993929309441018677e-02
-2.988459001909388874e-02
-2.986980756263476686e-02
-2.981976213278650714e-02
-2.980934973398898999e-02
-2.973093292349686390e-02
-2.969187333675207818e-02
-2.964426795300741102e-02
-2.959482002452965693e-02
-2.952829514953016904e-02
-2.951785665145576637e-02
-2.942741010657565909e-02
-2.939758396207095212e-02
-2.934875717872926712e-02
-2.928521947135178868e-02
-2.927202274783678032e-02
-2.923331585263286639e-02
-2.916714638166576987e-02
-2.911757141884993572e-02
-2.907996007583342132e-02
-2.902579933417410649e-02
-2.901557704314002700e-02
-2.896669887863437265e-02
-2.888947761267899803e-02
-2.888062849038799604e-02
-2.878404690389513645e-02
-2.871390164129841369e-02
-2.868786576401168367e-02
-2.866690198069276815e-02
-2.863838145731450319e-02
-2.855682271793902327e-02
-2.853680794470940876e-02
-2.847936227250006877e-02
-2.843932642551845122e-02
-2.841708498308810615e-02
-2.837374060821958380e-02
-2.832077352416533314e-02
-2.828892893396581926e-02
-2.826246777664329426e-02
-2.818747392219467240e-02
-2.809236116446688428e-02
-2.808248358275367701e-02
-2.804367120961514387e-02
-2.797042027373647724e-02
-2.795192375569799381e-02
-2.792355995315479525e-02
-2.788588185866276020e-02
-2.781482741725096672e-02
-2.780490004743596880e-02
-2.773088825278435116e-02
-2.771458711335251374e-02
-2.765686709631173801e-02
-2.761812680934732853e-02
-2.755853146960517489e-02
-2.751485101243726292e-02
-2.750090885292814230e-02
-2.744044853186868374e-02
-2.740291134211040106e-02
-2.737565489078239156e-02
-2.731826589591571097e-02
-2.726714774980787404e-02
-2.725367517436622436e-02
-2.715450176793021697e-02
-2.714903357331794470e-02
-2.712652905934171549e-02
-2.707196646108057242e-02
-2.703243431408668823e-02
-2.701827594857230536e-02
-2.694075960997637312e-02
-2.693816029765037229e-02
-2.691011906633199863e-02
-2.683155947993937085e-02
-2.678523093334271230e-02
-2.673287253739863034e-02
-2.673270714862083577e-02
-2.668710831709365100e-02
-2.662773940833829123e-02
-2.655129621037173246e-02
-2.650906937158355528e-02
-2.648103112377921120e-02
-2.646280860924984588e-02
-2.644114150847606121e-02
-2.633411406780314726e-02
-2.629942449503172575e-02
-2.626991429725029914e-02
-2.622103924385804294e-02
-2.619981534433504095e-02
-2.611661928687459763e-02
-2.607162414787706287e-02
-2.604516865735876513e-02
-2.601984394632520306e-02
-2.598903137214346112e-02
-2.591401401766752627e-02
-2.586115430215096128e-02
-2.583467874872781914e-02
-2.580915635846239495e-02
-2.574771849144368713e-02
-2.572114514576202132e-02
-2.569058626444152907e-02
-2.560994096557167934e-02
-2.556077385429037299e-02
-2.555137017595740523e-02
-2.554119882901295657e-02
-2.546935752018208640e-02
-2.542484943171000739e-02
-2.537532412472056492e-02
-2.536368136589456021e-02
-2.527541871691197511e-02
-2.524204943450872318e-02
-2.519434505868718005e-02
-2.518065518658191282e-02
-2.512600320194388961e-02
-2.505511352782713308e-02
-2.503600374806624895e-02
-2.501048306410350378e-02
-2.498026849963913554e-02
-2.491945207395271714e-02
-2.487170896414627255e-02
-2.481974941998077444e-02
-2.480430662766923075e-02
-2.478656011354894717e-02
-2.469827380801749989e-02
-2.465175160871211496e-02
-2.462826201971812443e-02
-2.457220543807688007e-02
-2.453123825163869287e-02
-2.447985223113437192e-02
-2.447527301621054904e-02
-2.442911446576841866e-02
-2.440533097659126904e-02
-2.435233988716344403e-02
-2.431139646077562499e-02
-2.429197043607720166e-02
-2.424091774113286760e-02
-2.418016143456238470e-02
-2.416717415871210903e-02
-2.412888685013812179e-02
-2.410526136277317891e-02
-2.405054764644474000e-02
-2.401894700905467250e-02
-2.397431599829414478e-02
-2.393951879726519474e-02
-2.392409449539641131e-02
-2.388069398312812897e-02
-2.373431175851299993e-02
-2.370045331352090695e-02
-2.367490446823977690e-02
-2.365069210046043605e-02
-2.361133121606299665e-02
-2.358854390901766324e-02
-2.354894448654908448e-02
-2.354401618987343736e-02
-2.346946627477634884e-02
-2.339528197321043279e-02
-2.338229995930884292e-02
-2.334072285101868732e-02
-2.329211006070482093e-02
-2.325010870581959918e-02
-2.320557802738721156e-02
-2.314710002466961042e-02
-2.312910466213040708e-02
-2.307679103484146579e-02
-2.305752299891205767e-02
-2.302731871519883566e-02
-2.297206520220202580e-02
-2.293557819968937775e-02
-2.291621991171888945e-02
-2.283571837716645916e-02
-2.279372543285814942e-02
-2.277420185403544739e-02
-2.275876111778209199e-02
-2.269497334188483317e-02
-2.264337772921347358e-02
-2.263559522204491165e-02
-2.258504314265730867e-02
-2.252378382331223644e-02
-2.249774388632481276e-02
-2.242946106154120739e-02
-2.240712881788036251e-02
-2.235694583050125070e-02
-2.233832877285088503e-02
-2.230032927816330557e-02
-2.222837692339984725e-02
-2.221356240509354818e-02
-2.217544277682695006e-02
-2.213561266930380231e-02
-2.210463296976360181e-02
-2.204507899292414835e-02
-2.201143885577769299e-02
-2.199187065208682221e-02
-2.194987398230788256e-02
-2.192172003846908773e-02
-2.189440025830910463e-02
-2.184013915342445517e-02
-2.183227662846809816e-02
-2.182364843653767858e-02
-2.169529689464208197e-02
-2.166889600913363828e-02
-2.165926025404932634e-02
-2.162711340700761153e-02
-2.154804707310299314e-02
-2.154450884208468364e-02
-2.150903876498946876e-02
-2.144846481723144960e-02
-2.138393790108633619e-02
-2.137987963107559550e-02
-2.130435839814496732e-02
-2.129245522138186950e-02
-2.123025939183824026e-02
-2.115130487661796496e-02
-2.112682219713904117e-02
-2.108625379177557491e-02
-2.106343376991919036e-02
-2.099058324971599804e-02
-2.097159011917967136e-02
-2.089345122635231575e-02
-2.088525977178283186e-02
-2.084253549447743006e-02
-2.077546401460825601e-02
-2.075223020797740958e-02
-2.067076840957594863e-02
-2.065262632467994297e-02
-2.062921424164601558e-02
-2.057894541266536842e-02
-2.053947129540818414e-02
-2.050554112626550365e-02
-2.048127711362814074e-02
-2.044010703459758077e-02
-2.041763052305274953e-02
-2.037221063830094159e-02
-2.035082513998422854e-02
-2.033622428371234872e-02
-2.029651312421786730e-02
-2.026420242306250022e-02
-2.021853896653335106e-02
-2.019542830232543690e-02
-2.015682687254705813e-02
-2.009141898587727543e-02
-2.003857137385385914e-02
-2.003064398887568001e-02
-2.000357621361097127e-02
-1.999635394324449089e-02
-1.989911386950434652e-02
-1.987865622954095718e-02
-1.985169952933009407e-02
-1.982280099558081723e-02
-1.976660121416170049e-02
-1.974579745832975505e-02
-1.967936024124878475e-02
-1.963654420204155940e-02
-1.960706317939251569e-02
-1.956355954828120983e-02
-1.953345339857086305e-02
-1.948377693905471719e-02
-1.943412722017461708e-02
-1.941529471339679264e-02
-1.939865988586690279e-02
-1.935771760750327683e-02
-1.931050473038097362e-02
-1.926846215092811385e-02
-1.924261449235437071e-02
-1.923437380938233451e-02
-1.920920641518511496e-02
-1.910294546818328346e-02
-1.909264710472808463e-02
-1.906574595097734054e-02
-1.899863330284596794e-02
-1.897860619139586993e-02
-1.894270044864149530e-02
-1.889556925224758141e-02
-1.881261469362707772e-02
-1.879959495356287383e-02
-1.876243623415554604e-02
-1.871334358854131671e-02
-1.869643596992033585e-02
-1.865540576118982635e-02
-1.863024131260946140e-02
-1.859256508994140342e-02
-1.857381499166632990e-02
-1.852105865303076832e-02
-1.851282629990769549e-02
-1.846116856320562105e-02
-1.841152028487561335e-02
-1.835459452062971134e-02
-1.831751261184440954e-02
-1.826930643957953848e-02
-1.823156729781382282e-02
-1.818414442963308189e-02
-1.816283980971949291e-02
-1.815613692468528301e-02
-1.809923436519398146e-02
-1.807920250412551125e-02
-1.802948072658277709e-02
-1.799418120602940679e-02
-1.793609593983305078e-02
-1.793160905819223688e-02
-1.789867868418298577e-02
-1.778963923196321892e-02
-1.776734036980681664e-02
-1.774897414621653263e-02
-1.772945275342769494e-02
-1.769742385385620828e-02
-1.764714031552556267e-02
-1.758546312761697511e-02
-1.756061298598916506e-02
-1.751563736735248927e-02
-1.750531587582511428e-02
-1.748131493944268464e-02
-1.745655716192288584e-02
-1.742131058328926646e-02
-1.737654105676797456e-02
-1.734158889488851898e-02
-1.732196968233171153e-02
-1.731095927610551422e-02
-1.729312728330483981e-02
-1.723659684355751190e-02
-1.718459499475188251e-02
-1.713787135844380832e-02
-1.711426159034204475e-02
-1.705287007451491976e-02
-1.702631355283406797e-02
-1.696834206053951868e-02
-1.695831468401382339e-02
-1.689311889878031617e-02
-1.688370127546072116e-02
-1.684385709321430460e-02
-1.683771952015930551e-02
-1.677033374290100992e-02
-1.673122319155908103e-02
-1.672396616857450141e-02
-1.667447221900317592e-02
-1.663554662223169431e-02
-1.658311249457160297e-02
-1.651999450881721024e-02
-1.649367964336503900e-02
-1.648458631147113260e-02
-1.643024215700686352e-02
-1.638365516315716183e-02
-1.633652378435778568e-02
-1.630157547597924778e-02
-1.629147076698141822e-02
-1.625124333629152443e-02
-1.620069959506273416e-02
-1.618312789379841229e-02
-1.613769652532211565e-02
-1.612548166402799632e-02
-1.604140752448320051e-02
-1.599933112140938113e-02
-1.597023902569340639e-02
-1.594926484181758558e-02
-1.592953579398862646e-02
-1.589607817326968084e-02
-1.582819002315657281e-02
-1.580029546118754888e-02
-1.576721459381188323e-02
-1.573236051604950947e-02
-1.568556635550673664e-02
-1.561920511623807531e-02
-1.559378362487518627e-02
-1.556110029795376368e-02
-1.547584495768401444e-02
-1.546619061402416430e-02
-1.543265930159458746e-02
-1.538533490772667732e-02
-1.533921626937803998e-02
-1.531914847712591982e-02
-1.529831103832550790e-02
-1.526113448694829677e-02
-1.520796544282645817e-02
-1.518379384956513971e-02
-1.516046113197977961e-02
-1.514689382485170412e-02
-1.507790322625781297e-02
-1.505617297930648101e-02
-1.501118798258960219e-02
-1.499496701379162029e-02
-1.492457842311465353e-02
-1.489310908249336096e-02
-1.487952134829227668e-02
-1.481339052356066624e-02
-1.480634846162393221e-02
-1.477279598009381689e-02
-1.475433885404279707e-02
-1.473017509827390104e-02
-1.468802484057684168e-02
-1.465732318490723697e-02
-1.461254055403063933e-02
-1.458571602226150024e-02
-1.455358099496129216e-02
-1.454956129788479054e-02
-1.450514630554608324e-02
-1.447922243525702653e-02
-1.444674461974262622e-02
-1.436917742937542097e-02
-1.432578315297311673e-02
-1.431301735859616397e-02
-1.425472750273590848e-02
-1.423733658187152119e-02
-1.417500248478388916e-02
-1.414114681095315906e-02
-1.412896206661583449e-02
-1.408865468405584576e-02
-1.402377369672482173e-02
-1.400698296396410240e-02
-1.395356852069816987e-02
-1.393641061774370839e-02
-1.390015713419845249e-02
-1.383522340542062828e-02
-1.381538276735998910e-02
-1.377088149215296292e-02
-1.373056196823921847e-02
-1.369512219984261522e-02
-1.367706216091750873e-02
-1.363593524837143807e-02
-1.361712041419456745e-02
-1.357572521906044889e-02
-1.355515554556569260e-02
-1.352138713003255693e-02
-1.349942237309017211e-02
-1.341992760546570698e-02
-1.339510048973437811e-02
-1.335096548703076577e-02
-1.327683261103422552e-02
-1.325164886297577893e-02
-1.321976437877485193e-02
-1.319715035169905133e-02
-1.315589443068471143e-02
-1.314838880866518039e-02
-1.311738835879765371e-02
-1.306435925628992613e-02
-1.302516515739313673e-02
-1.296785793977990424e-02
-1.296430962202181451e-02
-1.291580448212751968e-02
-1.290826000107688637e-02
-1.286584048967732118e-02
-1.280062970999205213e-02
-1.276331764133080242e-02
-1.274641261444896430e-02
-1.270797265434826448e-02
-1.266661532211185541e-02
-1.266366261579402776e-02
-1.260989910808335730e-02
-1.258028047053796894e-02
-1.253188710143324919e-02
-1.251883851680171168e-02
-1.246561128007503405e-02
-1.242960962407311555e-02
-1.241953451187853032e-02
-1.239076462211707516e-02
-1.235810568477700364e-02
-1.232267216965821782e-02
-1.229580552956613393e-02
-1.225565776024406875e-02
-1.223043498945358860e-02
-1.215761819624381311e-02
-1.211334374391230193e-02
-1.206019091179324175e-02
-1.204407192177444144e-02
-1.199624356572719271e-02
-1.197239416641130566e-02
-1.195324613314119495e-02
-1.193351442007187582e-02
-1.188150696469325238e-02
-1.184881140913173966e-02
-1.180904547633996639e-02
-1.177928606129174938e-02
-1.173680251913400939e-02
-1.170202229667301197e-02
-1.162504173913922814e-02
-1.159742345828101116e-02
-1.157855413324161524e-02
-1.153257088875928559e-02
-1.150141744908146808e-02
-1.147310536910455155e-02
-1.146279387957996332e-02
-1.141688460212208697e-02
-1.136177177620555263e-02
-1.132016030351828961e-02
-1.130083279200414480e-02
-1.129029548639009020e-02
-1.121478777084052372e-02
-1.117124258002478825e-02
-1.113343553620264707e-02
-1.111426693683957231e-02
-1.106960206989536510e-02
-1.104189852750375213e-02
-1.102788883546949351e-02
-1.096690927855974509e-02
-1.094997681680315478e-02
-1.094151496668127610e-02
-1.088669172501847103e-02
-1.086144080645248290e-02
-1.083277802102367363e-02
-1.076903337892734513e-02
-1.070110365783210477e-02
-1.068851056186645616e-02
-1.066063623964955999e-02
-1.061001671554630786e-02
-1.058067746864750462e-02
-1.054791627815018611e-02
-1.053382458831572145e-02
-1.049490268092477530e-02
-1.045807365923473627e-02
-1.039546768986241571e-02
-1.037315463489215175e-02
-1.034453845952464437e-02
-1.033679324710194518e-02
-1.024807989375561487e-02
-1.023274792329529302e-02
-1.019850996707081896e-02
-1.016798538036714494e-02
-1.014842083516415486e-02
-1.009655794759816046e-02
-1.008856445327943781e-02
-1.004788512359015666e-02
-1.000367801246428157e-02
-9.983950954659134847e-03
-9.968455713410402999e-03
-9.930212143885102510e-03
-9.900059422932970879e-03
-9.837503144658298407e-03
-9.816887852234083486e-03
-9.797962348623451626e-03
-9.733709342999741568e-03
-9.698511699024183960e-03
-9.669472149084409884e-03
-9.591367527675885574e-03
-9.555907262307228658e-03
-9.510654955261505644e-03
-9.467140119009761004e-03
-9.451390731119852645e-03
-9.419162833769503113e-03
-9.406580291822185663e-03
-9.346148825455391843e-03
-9.314717121804479832e-03
-9.290365370425403974e-03
-9.285736410644278294e-03
-9.261058870732785317e-03
-9.215245294131245782e-03
-9.204694674666146978e-03
-9.140218528167773707e-03
-9.094770629206258561e-03
-9.079002123557054424e-03
-9.046763601408647909e-03
-9.009796971643425911e-03
-8.982171871477840144e-03
-8.953549550347435909e-03
-8.901605755388982202e-03
-8.884311757151782882e-03
-8.825116767152606234e-03
-8.796408240163791983e-03
-8.764264280701136722e-03
-8.742422741010107134e-03
-8.684356065932676699e-03
-8.646062113530958437e-03
-8.599348127634957872e-03
-8.589189455872212053e-03
-8.566873916425339283e-03
-8.527566559402852478e-03
-8.507238105049670651e-03
-8.439638270074822923e-03
-8.417654762485658054e-03
-8.378326389307445832e-03
-8.319292455664489480e-03
-8.308979719552101253e-03
-8.258495188264245584e-03
-8.214820678780885080e-03
-8.168347629887362168e-03
-8.131509350190028323e-03
-8.113084007582161902e-03
-8.097274031146593776e-03
-8.080833246729339156e-03
-8.066558651756407239e-03
-8.001246920997054715e-03
-7.970586842087127449e-03
-7.928376968275864869e-03
-7.875353885126201367e-03
-7.836191188212601050e-03
-7.824722397336654131e-03
-7.793630625475399080e-03
-7.767270765741773539e-03
-7.733887958391771379e-03
-7.711773477095873117e-03
-7.639343417824825781e-03
-7.615324004380846952e-03
-7.586113323093792403e-03
-7.568003598023541507e-03
-7.551726857944139268e-03
-7.499984645580645704e-03
-7.447512436517621411e-03
-7.432729325837533069e-03
-7.357685879273619285e-03
-7.318325124226233123e-03
-7.283110332602859942e-03
-7.275585200001998681e-03
-7.226903590287551277e-03
-7.218747508091948040e-03
-7.176964706488059981e-03
-7.152811059090635401e-03
-7.126647777966854842e-03
-7.071716668251144117e-03
-7.025433687062931920e-03
-7.007739815838141643e-03
-6.945826543383649271e-03
-6.915195122133708377e-03
-6.885597333021167311e-03
-6.842474905002020671e-03
-6.809793961565498849e-03
-6.743943478978487588e-03
-6.731805908874788358e-03
-6.719231791707361984e-03
-6.688320658402123822e-03
-6.672730792989383340e-03
-6.639224447940032282e-03
-6.584600702703170307e-03
-6.535160123799850507e-03
-6.497682401353875765e-03
-6.475667562665782077e-03
-6.454945231088236347e-03
-6.443083768445431909e-03
-6.417660887152737935e-03
-6.352579711546495027e-03
-6.298368093535539926e-03
-6.284088012457644465e-03
-6.245963715275488354e-03
-6.180493810498181168e-03
-6.173127648322798700e-03
-6.084210255808580534e-03
-6.045516342554717142e-03
-6.022437672856749760e-03
-5.998669392517171420e-03
-5.964820763152186428e-03
-5.948727610248020527e-03
-5.898847668198116227e-03
-5.863151420522810624e-03
-5.857436701559784811e-03
-5.826753990145687283e-03
-5.787346392889883458e-03
-5.771418619335044568e-03
-5.745003010668020549e-03
-5.668397901878959033e-03
-5.661429953609140378e-03
-5.622125264548821603e-03
-5.600143139147516561e-03
-5.583658901565508037e-03
-5.537448263123407113e-03
-5.508746216246920673e-03
-5.494172577667868693e-03
-5.436644672326420256e-03
-5.393767682407598144e-03
-5.367361299446614387e-03
-5.342591086544843174e-03
-5.334379640908861776e-03
-5.287799160049773059e-03
-5.245668680372429608e-03
-5.230222437821859145e-03
-5.194745104712525721e-03
-5.173516115855365631e-03
-5.124449956440451683e-03
-5.061570903616897932e-03
-5.008029704001449797e-03
-4.985681728218951773e-03
-4.979054445524828086e-03
-4.916185748622283955e-03
-4.902898850367366952e-03
-4.870931474559540321e-03
-4.844511694100544531e-03
-4.819352668556228445e-03
-4.782814635913668760e-03
-4.757630400219948000e-03
-4.695142397010001502e-03
-4.658776997615169183e-03
-4.628591208120577671e-03
-4.566402437325892301e-03
-4.533435897176669484e-03
-4.500697900011056685e-03
-4.461401352933162985e-03
-4.453176547388235963e-03
-4.445899995474484646e-03
-4.363727215625262841e-03
-4.356627662487570080e-03
-4.302854445825908362e-03
-4.265689800962815630e-03
-4.236670591430326260e-03
-4.214169570301256121e-03
-4.202039824638269423e-03
-4.164404693559959486e-03
-4.068624214553305529e-03
-4.057794225459107965e-03
-4.003620685798521539e-03
-3.988195642566721988e-03
-3.962620643801585858e-03
-3.938758804375968280e-03
-3.901431610741455148e-03
-3.890761845693303106e-03
-3.827590447776685594e-03
-3.808455448666402728e-03
-3.771617310188306576e-03
-3.733021607814740375e-03
-3.699649110290455754e-03
-3.667752566535102936e-03
-3.625792892463684195e-03
-3.556728518683579914e-03
-3.541645930476567707e-03
-3.501462452382613031e-03
-3.488832903959732026e-03
-3.482377713262572744e-03
-3.454103355845720112e-03
-3.422811156138459363e-03
-3.386523772020345012e-03
-3.334349735450588357e-03
-3.294283828987391600e-03
-3.269198353633284617e-03
-3.233412071661034923e-03
-3.218797080934802067e-03
-3.150113250916020992e-03
-3.080098401585530318e-03
-3.076542270268208239e-03
-3.043664488394436617e-03
-3.004183605094209661e-03
-2.992374567688366703e-03
-2.947834484078121209e-03
-2.933191716807224611e-03
-2.883714892270038566e-03
-2.856113499482422404e-03
-2.828008868949814791e-03
-2.771241606046022637e-03
-2.759752634261154747e-03
-2.742992088006405635e-03
-2.698361710530833204e-03
-2.683911003014643418e-03
-2.638992083838480589e-03
-2.610959910933439293e-03
-2.567740975327919336e-03
-2.535528003081851615e-03
-2.516693116325906341e-03
-2.469821066863497026e-03
-2.408472651700174771e-03
-2.378237938547160622e-03
-2.314397144263657165e-03
-2.307934363272539854e-03
-2.267249964087871862e-03
-2.228608482744945125e-03
-2.211160371286120113e-03
-2.184321844828016057e-03
-2.146199530539048567e-03
-2.111224201333912736e-03
-2.075840307481187016e-03
-2.039350660750295727e-03
-2.019978020119306793e-03
-1.976737213634446183e-03
-1.949790048471533935e-03
-1.898680107231731987e-03
-1.864092336416839834e-03
-1.843772092101763531e-03
-1.797778687494257796e-03
-1.751603238386963829e-03
-1.724859446060533590e-03
-1.687364225442917380e-03
-1.675019044913819005e-03
-1.619366628530663401e-03
-1.594512164532222017e-03
-1.564496173672056192e-03
-1.519284068653600685e-03
-1.502584037273347771e-03
-1.454926901978967476e-03
-1.448329797968396157e-03
-1.391737260845685208e-03
-1.351127445212197548e-03
-1.331005318741975861e-03
-1.308874971670932318e-03
-1.266904762367015557e-03
-1.229633077499714270e-03
-1.198719353585648174e-03
-1.161309177129223741e-03
-1.130069492843142204e-03
-1.082886648776654713e-03
-1.055572375808565104e-03
-9.933099827750043343e-04
-9.870133398764849384e-04
-9.749039608236326248e-04
-9.279182299710517657e-04
-8.922996202310578542e-04
-8.716373299711135600e-04
-8.423643631537839141e-04
-8.175857886720345937e-04
-7.901228052853541146e-04
-7.328372523556509876e-04
-6.997588252038555289e-04
-6.787561267212309252e-04
-6.125208809060702806e-04
-5.719085336895240925e-04
-5.607295796478600292e-04
-5.411572937908775945e-04
-4.927750839542403534e-04
-4.404915558595295694e-04
-3.852128028144862328e-04
-3.583744795658980143e-04
-3.418080305727226619e-04
-3.193810509536062808e-04
-2.763318051508252917e-04
-2.413544000009393742e-04
-2.111530391382053203e-04
-1.780418808322389737e-04
-1.317891209526161900e-04
-1.197528734017081631e-04
-1.122604110787371845e-04
-6.963172855298901313e-05
-4.767494337171995913e-05
-7.916818929346580160e-06
2.581609380050542329e-05
7.460367689936601694e-05
9.619726373346169240e-05
1.624534485159005921e-04
2.072636305633877840e-04
2.587451127295955187e-04
2.671973131413015682e-04
3.289559474582363485e-04
3.515059544510239697e-04
3.630450537796050549e-04
4.246607672967060341e-04
4.478906736958923628e-04
4.980651391115582197e-04
5.532455553511972726e-04
5.628910882530246138e-04
5.947279034426711242e-04
6.331194313415816144e-04
6.548615334693332329e-04
6.655375591166152105e-04
7.325480225943102868e-04
7.794858884509721971e-04
7.965392967563607752e-04
8.104472496145090224e-04
8.474544413384930757e-04
8.873004981768752323e-04
9.104892809418243865e-04
9.494175498233236232e-04
9.792210983601210006e-04
1.044344273191572013e-03
1.080024750264457290e-03
1.098654190760894834e-03
1.127086131136337049e-03
1.142105869207995757e-03
1.220148981018958235e-03
1.248750376895758170e-03
1.264587096198024983e-03
1.273255178703159522e-03
1.317719781842783622e-03
1.349477690740004876e-03
1.386752959224217627e-03
1.411758162724722088e-03
1.451524674050362227e-03
1.496836110732000695e-03
1.529666485190522580e-03
1.552298236134610262e-03
1.590623595955802279e-03
1.636039944664291826e-03
1.681305751528227362e-03
1.691748451197652454e-03
1.719122146169801534e-03
1.768564385596236178e-03
1.795405188026919906e-03
1.850787585441590393e-03
1.861333297220166402e-03
1.917791742239739359e-03
1.936886280326061268e-03
1.970725318543234753e-03
1.988357599220358721e-03
2.040685935806441434e-03
2.057634378821000636e-03
2.088726573984376472e-03
2.124736671481022160e-03
2.165270325533664216e-03
2.183290397683992131e-03
2.222357389733359626e-03
2.255639838849078128e-03
2.321530291079643930e-03
2.335825844542325103e-03
2.349106900892902056e-03
2.378739289590604475e-03
2.424144795786372167e-03
2.451320043866027885e-03
2.509221580170851746e-03
2.544661944993459497e-03
2.600886197271656645e-03
2.619835353084915518e-03
2.657948609636682537e-03
2.710542990271609318e-03
2.717914994953004627e-03
2.765834378277651825e-03
2.806372855229207885e-03
2.831976716418128752e-03
2.847812443325705919e-03
2.891353051435633682e-03
2.924715873381292242e-03
2.950950551780938142e-03
2.969030931570079430e-03
3.039543585537662213e-03
3.060877427291860790e-03
3.072434055245090809e-03
3.130521869086499639e-03
3.168624060305446060e-03
3.183125355250059161e-03
3.219346749261948592e-03
3.299033719591887640e-03
3.333072086768044864e-03
3.336351081406152205e-03
3.370328280589589449e-03
3.409090287037111998e-03
3.436561365218998142e-03
3.447563953403436337e-03
3.490093752060213252e-03
3.542413651019085327e-03
3.580225436752612622e-03
3.601469840223240747e-03
3.646363130833042004e-03
3.668164063445771873e-03
3.676862462457883979e-03
3.718621512428368480e-03
3.747874410775103599e-03
3.799451329813227207e-03
3.839428004263975222e-03
3.886027337208491396e-03
3.925163320956990762e-03
3.938638064502983198e-03
4.011511913762155074e-03
4.033192120590126974e-03
4.066273354799723912e-03
4.105074270625408590e-03
4.140367320656017196e-03
4.148323234440507573e-03
4.191789764588929948e-03
4.220125839778801104e-03
4.250255235423759138e-03
4.277929246380317817e-03
4.303386189890750016e-03
4.335179261813989528e-03
4.340316495125839079e-03
4.360646199774854785e-03
4.417330780297377621e-03
4.443821103029080635e-03
4.498221886173632902e-03
4.523611358136281346e-03
4.557356703113983089e-03
4.574895549472189800e-03
4.623999286489348902e-03
4.637341946347626684e-03
4.685116815099091107e-03
4.713962713434978122e-03
4.752310800290092049e-03
4.784217670709882061e-03
4.839424860430172580e-03
4.857913722788364044e-03
4.892486813633834496e-03
4.923226128164924151e-03
4.984377378185767329e-03
5.007631452051771251e-03
5.025655676750744386e-03
5.068508100281046702e-03
5.103295080019283614e-03
5.166022358128580759e-03
5.193762151558035424e-03
5.223477250422565304e-03
5.252843429005137066e-03
5.261264664970429286e-03
5.346942575947124555e-03
5.364776228325081851e-03
5.395985972808595675e-03
5.428402671406902004e-03
5.472617485941774600e-03
5.491108087026293910e-03
5.528470428535785589e-03
5.546217141202365759e-03
5.570385435536856326e-03
5.629178307907068204e-03
5.664833633838025663e-03
5.675565400287707965e-03
5.713860637079709592e-03
5.729537836454781999e-03
5.769955563679636176e-03
5.810750125411038268e-03
5.849395961804521732e-03
5.877928284435626240e-03
5.891569313403261822e-03
5.919976019124239923e-03
5.981149720683550872e-03
5.999628186981198659e-03
6.042108913083147313e-03
6.081147336398903813e-03
6.097967209012072551e-03
6.121864385475163373e-03
6.151185450571133341e-03
6.193475912337391767e-03
6.220456119862819398e-03
6.262383896289652578e-03
6.306238986964777735e-03
6.358265312585579046e-03
6.385270849218138700e-03
6.431397201866663298e-03
6.452022549179789283e-03
6.516645323246089347e-03
6.545514456374108316e-03
6.571220445971302435e-03
6.599333093411202146e-03
6.621912010681949880e-03
6.644097460618561372e-03
6.679288464298261535e-03
6.756495730066889270e-03
6.794501193402273029e-03
6.828786145370353659e-03
6.843442388526156488e-03
6.874153975545340724e-03
6.888381549320592330e-03
6.918032569828327927e-03
6.965874973795536766e-03
7.009604902650922766e-03
7.041185853851474052e-03
7.042969800455576440e-03
7.119290716697575759e-03
7.159341891260599666e-03
7.193436226045639773e-03
7.232330253760914547e-03
7.270427116350518942e-03
7.285037039246834364e-03
7.306719996940895002e-03
7.347477467402209646e-03
7.367286479459298452e-03
7.426275751999526428e-03
7.494487889084310711e-03
7.546271172337692089e-03
7.561150792032368499e-03
7.590472334547594506e-03
7.616910751708950468e-03
7.647714347390091420e-03
7.733154206206753825e-03
7.760021042909155155e-03
7.786728652859240332e-03
7.798395758972442686e-03
7.841029414024171945e-03
7.898453602590019273e-03
7.935863282510387945e-03
7.951575875404293114e-03
7.984034860014831148e-03
8.006895112014154881e-03
8.024457539769189879e-03
8.057971480196121292e-03
8.084035766621228136e-03
8.148128340292571173e-03
8.177681109578465238e-03
8.217326853453785565e-03
8.248339589267315863e-03
8.309636136574453588e-03
8.348544691056938513e-03
8.364207933160183045e-03
8.374002256992075371e-03
8.427933660965459747e-03
8.458903557455888997e-03
8.530624952464522723e-03
8.568649598898352149e-03
8.586506026132513514e-03
8.604868252162421044e-03
8.611223067136276887e-03
8.659610443753899822e-03
8.711392359876186237e-03
8.749306443633080022e-03
8.778755100285182134e-03
8.792881259974237237e-03
8.841893407863135601e-03
8.861120875519441775e-03
8.910553082262304483e-03
8.927043884941877547e-03
8.992972370454817982e-03
9.018345863329464002e-03
9.054470499601296324e-03
9.074692284102943082e-03
9.118063950777690121e-03
9.157369602637572062e-03
9.198726827693968003e-03
9.229804792896478816e-03
9.285781159236681029e-03
9.293955681786550405e-03
9.307447272925727100e-03
9.376924755552644777e-03
9.411038212914543677e-03
9.435776607382664882e-03
9.460948691177419392e-03
9.495546039048419554e-03
9.520664121603015714e-03
9.551170248450341349e-03
9.651981501827711779e-03
9.668518494199963148e-03
9.676022631198120949e-03
9.682141937740603929e-03
9.703207311736357366e-03
9.718875732372766682e-03
9.735238409388268302e-03
9.795684953297408709e-03
9.850085995506385403e-03
9.866524957884486788e-03
9.870736311142878569e-03
9.949454525739346092e-03
9.964680219433488806e-03
9.986760439901674891e-03
1.000682001896140497e-02
1.004543567443811833e-02
1.007137579102605242e-02
1.012360661679372227e-02
1.012695508247639202e-02
1.021114896227878939e-02
1.024411936681852119e-02
1.026451537376586731e-02
1.031182279852029850e-02
1.032390445866331052e-02
1.038639445143886737e-02
1.039869325971468431e-02
1.048602345126869485e-02
1.049215129864650327e-02
1.052936576810486677e-02
1.053943379373762680e-02
1.057188947487200902e-02
1.064757145781170845e-02
1.067524165276534549e-02
1.074733269639897154e-02
1.078609814989766637e-02
1.078639593298039330e-02
1.085421021577065610e-02
1.088569926211521537e-02
1.091424935748005164e-02
1.098275006985697556e-02
1.099414833265958090e-02
1.101697196160992230e-02
1.105190196270265310e-02
1.108749257898989857e-02
1.112007370040992045e-02
1.117373020650427873e-02
1.121341403129640438e-02
1.124555789227514070e-02
1.126716935960727500e-02
1.131401253149392355e-02
1.132038677237244897e-02
1.136711921233780030e-02
1.138912334749868013e-02
1.142341077942020389e-02
1.147524259851518021e-02
1.149501410930662583e-02
1.152015375003693706e-02
1.154129313670459143e-02
1.158991329704858568e-02
1.162070291640815781e-02
1.165653879524439218e-02
1.172041073054875919e-02
1.173078574024240782e-02
1.177041474073697337e-02
1.180326367016304098e-02
1.185341204010606844e-02
1.189407062928428752e-02
1.191690373642512353e-02
1.193858127053697843e-02
1.196577642810431504e-02
1.199558780347494136e-02
1.206653862302693725e-02
1.207552037694885338e-02
1.214170335988096899e-02
1.218838779718710297e-02
1.221521800008650710e-02
1.223957350777182644e-02
1.229840811793283389e-02
1.231823167054535081e-02
1.234111253830615096e-02
1.236873639025557609e-02
1.243320920230726184e-02
1.247669101591501045e-02
1.250887854414489339e-02
1.253474277207524898e-02
1.256241871451911109e-02
1.259556069984053492e-02
1.262882326082441498e-02
1.268192014502227301e-02
1.269553746164434407e-02
1.274743155917872420e-02
1.277948572434197197e-02
1.281900509797484662e-02
1.283309248803223002e-02
1.288204709037081737e-02
1.291007601507770941e-02
1.292959724034373203e-02
1.296729871901344290e-02
1.301297603148310680e-02
1.303365916607589561e-02
1.306301822953285716e-02
1.309966018647462822e-02
1.312235306469955454e-02
1.315182709391504029e-02
1.321363790170370506e-02
1.327538269002755122e-02
1.330990072625007521e-02
1.332147493822116203e-02
1.335771425530402588e-02
1.341835993287221647e-02
1.344631145370703620e-02
1.352339799604936749e-02
1.356826272319395024e-02
1.360665789010737266e-02
1.362169333199901231e-02
1.369197595938317392e-02
1.371153303730333721e-02
1.373494750586452470e-02
1.375705365372848453e-02
1.377078913022350762e-02
1.380886293768130053e-02
1.384215560162876599e-02
1.389193095681645965e-02
1.391375061388660551e-02
1.394380202875858572e-02
1.401956392431085059e-02
1.402538293509612843e-02
1.404256115144155749e-02
1.410718900683103488e-02
1.412966149796161808e-02
1.416991406360219342e-02
1.421128138268764642e-02
1.423010758628959205e-02
1.425975112457848401e-02
1.429588032623562571e-02
1.432372822904422367e-02
1.435624256412430105e-02
1.442177100401189141e-02
1.446186690054974966e-02
1.446859295320584646e-02
1.449435928037637843e-02
1.452744006335040736e-02
1.456431736078487270e-02
1.462420287107878136e-02
1.465588981037861151e-02
1.470079220598003063e-02
1.473348523554436802e-02
1.476133708476476056e-02
1.477900387283109102e-02
1.482217951628187445e-02
1.488459349101272158e-02
1.491506378369644031e-02
1.492356848052440836e-02
1.495341294569060668e-02
1.495881719905850157e-02
1.504873578158858090e-02
1.507304554258010083e-02
1.510084614284917630e-02
1.513556335452982335e-02
1.520504580697636110e-02
1.523861918221284910e-02
1.526505427988758198e-02
1.529329374147670069e-02
1.534621354490405508e-02
1.543515265050249968e-02
1.544823159411742169e-02
1.546483488665385819e-02
1.550489202853859959e-02
1.552053831489621540e-02
1.554399546616621469e-02
1.557044624436395956e-02
1.559264142378716071e-02
1.563084286191517361e-02
1.568135211102638510e-02
1.572553089543369739e-02
1.574232527847393634e-02
1.575828254693563066e-02
1.584046429682274548e-02
1.589608748863393511e-02
1.592166212201950870e-02
1.596334174760064353e-02
1.598967663023841829e-02
1.600277693853175212e-02
1.607346387995905318e-02
1.609497025745091486e-02
1.612016296016108297e-02
1.616607405125306679e-02
1.621708020548618887e-02
1.625079753681608549e-02
1.625990162000521405e-02
1.631369955020308543e-02
1.636383484264555821e-02
1.641587534353060665e-02
1.642629377516828873e-02
1.645936587467761517e-02
1.648887757608862026e-02
1.653099205005944053e-02
1.657786098027610663e-02
1.662120327806113768e-02
1.665760872627650852e-02
1.668276541970420759e-02
1.673888220020004758e-02
1.674286406275063421e-02
1.676332793779701860e-02
1.680728916696079545e-02
1.688726674741156467e-02
1.690279303977303138e-02
1.691333938597406814e-02
1.694014531924042596e-02
1.701995689919257732e-02
1.705979803126488406e-02
1.706348160755391183e-02
1.712000785907321493e-02
1.712717287691819384e-02
1.718326651020433277e-02
1.720003594493656196e-02
1.721165056296959303e-02
1.726741130834008944e-02
1.730022818871310847e-02
1.733976118261230936e-02
1.743058746751553062e-02
1.744071506584503328e-02
1.750716713736466187e-02
1.751947832058280835e-02
1.755405654466742765e-02
1.759371951144670515e-02
1.760844273363749296e-02
1.766890349102288177e-02
1.774477319159903019e-02
1.778042330495298654e-02
1.780930030224442059e-02
1.781364178726858871e-02
1.787769564826537094e-02
1.791639566885233972e-02
1.794102588037677429e-02
1.796314254335323532e-02
1.799627502095964282e-02
1.803786797608608258e-02
1.806023906104444604e-02
1.811363335813941100e-02
1.815646247447488468e-02
1.819532370707036342e-02
1.822399391475380478e-02
1.826202870511482376e-02
1.831690570017354899e-02
1.833150723656681511e-02
1.837275817122416277e-02
1.838680683183740311e-02
1.845990360163062699e-02
1.848681028289696215e-02
1.851438994789613574e-02
1.852865150793880922e-02
1.856070787973030864e-02
1.860942440284854213e-02
1.865810801125102059e-02
1.873098405203804662e-02
1.875250525134961391e-02
1.878447436845893243e-02
1.879892290968519439e-02
1.883718657913865599e-02
1.885130282963000392e-02
1.888394621717558522e-02
1.894272696227461417e-02
1.899204206404685180e-02
1.903215014295234556e-02
1.904990120191033323e-02
1.912726044671399922e-02
1.913532417757053336e-02
1.921746498221241911e-02
1.922917343079461397e-02
1.925645932985996581e-02
1.927993468043382938e-02
1.933690290810678031e-02
1.936636509315583024e-02
1.939646799803269872e-02
1.944686820393247764e-02
1.948082111196389535e-02
1.951706520085451022e-02
1.954312720755536914e-02
1.957954822322876404e-02
1.963483782599221086e-02
1.971568271087329252e-02
1.972260642645416381e-02
1.975199554420876621e-02
1.977100685418482079e-02
1.983554914570596558e-02
1.989494017549912203e-02
1.993179608950126219e-02
1.997723918884103389e-02
1.999842806816691868e-02
2.004031611748184269e-02
2.008340001931354507e-02
2.010930954149204447e-02
2.018768628498033776e-02
2.019993462311194324e-02
2.022213858469250336e-02
2.028515700553731871e-02
2.031306674717883731e-02
2.035598186636988077e-02
2.039122558834817814e-02
2.040909901352496239e-02
2.047358100645204834e-02
2.048713175885970642e-02
2.052418202319210641e-02
2.057902937721201378e-02
2.061678791765446384e-02
2.063303122210565638e-02
2.069654784066809333e-02
2.072907971768147076e-02
2.075435141876422890e-02
2.077283226204100497e-02
2.080032821022492762e-02
2.082510922845698387e-02
2.087799437939242761e-02
2.093529865683695090e-02
2.096982560728395673e-02
2.105116295613342417e-02
2.106289403457683659e-02
2.110644264929794831e-02
2.113880012608750081e-02
2.117742031327769087e-02
2.123006748105657135e-02
2.126901503179661271e-02
2.130674995347549630e-02
2.137482609386351373e-02
2.138483397305865341e-02
2.141131796550743357e-02
2.144737436684444540e-02
2.149911737567769543e-02
2.152302639932899761e-02
2.159134763486759631e-02
2.160578850453137578e-02
2.165443098898112845e-02
2.171983444996680376e-02
2.176608647457718010e-02
2.181293293029803668e-02
2.183479082527369983e-02
2.186869359948982044e-02
2.188440009695545238e-02
2.190041919985716984e-02
2.195474380618071819e-02
2.197757836021574721e-02
2.199837812908224041e-02
2.205555765446409744e-02
2.213487721754002144e-02
2.216144535784031130e-02
2.220701722496951080e-02
2.223600488435891268e-02
2.228686711369121456e-02
2.233401015333669887e-02
2.234851847470889150e-02
2.244485058154450929e-02
2.246120843066908013e-02
2.251519698585696325e-02
2.253242919652359566e-02
2.258175114278327192e-02
2.261084042551757961e-02
2.265326417870990733e-02
2.266295534490717078e-02
2.267775186963452358e-02
2.272897096640257714e-02
2.275287369256744421e-02
2.279955123336675771e-02
2.283886241823699856e-02
2.286378865561632806e-02
2.289594885005340197e-02
2.295352332409128504e-02
2.303742427835543671e-02
2.304200369605350837e-02
2.309925061320997758e-02
2.312442277240100291e-02
2.314707092840748853e-02
2.323922498401078882e-02
2.328714233462557404e-02
2.334936277819416386e-02
2.340129121839493870e-02
2.340652980160368504e-02
2.342566854502789106e-02
2.343357465931263789e-02
2.348117397456847208e-02
2.351062370739545257e-02
2.352646564680027988e-02
2.354502437938593706e-02
2.360705538764355446e-02
2.365256408265649715e-02
2.366520230609945458e-02
2.370050113615668197e-02
2.378406402596513342e-02
2.379853863160789201e-02
2.389522049077069665e-02
2.391759834213813551e-02
2.392817195312560430e-02
2.398249951702106572e-02
2.402739935590670478e-02
2.410331551643636258e-02
2.413561950118325514e-02
2.417406720876782295e-02
2.425196058346328759e-02
2.428894246052550748e-02
2.431817960049079824e-02
2.435385402996684268e-02
2.438134558178654820e-02
2.443367965049519572e-02
2.447545289768414400e-02
2.450107596938917026e-02
2.455363462481274101e-02
2.457260010844579054e-02
2.459640644097272136e-02
2.467119080424040947e-02
2.469285647683439056e-02
2.476050511599039994e-02
2.478635368280363710e-02
2.485370874097141136e-02
2.488950402046565327e-02
2.491437020348551828e-02
2.494357441324525360e-02
2.496156063002802697e-02
2.499782882284958332e-02
2.508776165893765453e-02
2.511920490087840574e-02
2.515313271797365094e-02
2.519549331138628764e-02
2.524396327113190286e-02
2.529337144682672345e-02
2.535800298841987821e-02
2.539725852004882239e-02
2.541428976593200148e-02
2.545029442708388739e-02
2.552160602283994398e-02
2.555570324757477918e-02
2.556777608778480759e-02
2.562488149378444255e-02
2.564279141552433527e-02
2.567017148464270648e-02
2.573172656013838350e-02
2.575940405773928174e-02
2.578075387266568624e-02
2.588034690572103488e-02
2.591086202236886696e-02
2.596805043530447596e-02
2.608000388276318637e-02
2.609840264391999690e-02
2.615360079061899989e-02
2.621801328351939381e-02
2.623463211211426657e-02
2.624197093699392677e-02
2.627736679443344256e-02
2.631526528627903955e-02
2.636896440031625405e-02
2.643420750238467676e-02
2.647272667637743521e-02
2.648476032685225315e-02
2.655490911961687350e-02
2.657081830974297038e-02
2.662576071539529687e-02
2.663907117068332192e-02
2.665749044623390643e-02
2.673592215302868225e-02
2.675290527838262988e-02
2.678917838227625609e-02
2.684618479760908158e-02
2.686389309172399625e-02
2.690954304000231848e-02
2.699727685056222543e-02
2.702754320048776290e-02
2.708721547562799314e-02
2.716692425877717532e-02
2.718838448177288147e-02
2.721515943972818707e-02
2.725781526134256685e-02
2.727847542140768647e-02
2.731734075290353364e-02
2.738748134320208999e-02
2.740804631020726106e-02
2.744293391743692426e-02
2.747846399128447276e-02
2.751560237139136916e-02
2.756713242620476012e-02
2.761656662918602484e-02
2.764164176588798996e-02
2.769127209394268291e-02
2.775714331721754191e-02
2.780517323761398304e-02
2.781702703036901744e-02
2.784580826624436997e-02
2.788878565784395219e-02
2.794271891316528131e-02
2.797162745865718059e-02
2.803828689220992307e-02
2.807009285377026764e-02
2.812167703480886530e-02
2.818647190178229928e-02
2.820567947278642545e-02
2.823385656490751475e-02
2.830502005788016265e-02
2.835517098399496783e-02
2.841691881451685608e-02
2.845774004842458252e-02
2.850723748219568740e-02
2.856460520566400998e-02
2.860653640228297268e-02
2.864160869894522704e-02
2.869484696419534811e-02
2.870599521119164207e-02
2.875444009975250056e-02
2.879167951623204380e-02
2.881270201120625721e-02
2.888044958546398186e-02
2.891270392854804888e-02
2.897693125444816484e-02
2.905401376213159748e-02
2.906088948328486646e-02
2.910237945931233930e-02
2.914427013649197387e-02
2.924595121934468051e-02
2.926679983809778174e-02
2.928449088545070217e-02
2.935402948572650092e-02
2.938796846087148029e-02
2.941231598398376390e-02
2.946042597873402280e-02
2.952670521918525706e-02
2.956753363894359943e-02
2.963516437633404582e-02
2.968921214131010899e-02
2.975386915494246040e-02
2.976860501199436737e-02
2.984035002851908105e-02
2.984453307198688468e-02
2.989975678900798003e-02
2.995722392093256789e-02
2.997400078548051808e-02
3.005564883376059260e-02
3.010093990290607646e-02
3.011933954619932727e-02
3.015479087041518860e-02
3.022333286489752371e-02
3.024167862085747407e-02
3.028154326490402337e-02
3.034810336582910092e-02
3.038494056346261948e-02
3.042494448267681409e-02
3.053342907300384684e-02
3.056356149242671350e-02
3.062256936540136421e-02
3.063276733481096886e-02
3.066759017095949807e-02
3.070702945053545296e-02
3.073881737747500079e-02
3.082336433742343881e-02
3.084187934549305343e-02
3.093169023184195315e-02
3.095501277323943826e-02
3.099671859434832005e-02
3.100839603339726469e-02
3.104710704053929848e-02
3.114530968413439446e-02
3.119565162721497920e-02
3.121955648851760037e-02
3.127397379852348697e-02
3.132351050101024603e-02
3.139281273129074928e-02
3.140607808668609280e-02
3.142228296999276943e-02
3.144409889610538800e-02
3.160568788182566147e-02
3.162830537660142605e-02
3.167589024843062845e-02
3.170149205983576607e-02
3.176745585687314188e-02
3.183103049767760373e-02
3.188141150430676141e-02
3.191913486929785770e-02
3.194151330316901544e-02
3.197365470027552226e-02
3.198323922756930032e-02
3.204541083497890186e-02
3.209458751030070528e-02
3.219317813955897140e-02
3.230125407951158628e-02
3.234981572924657683e-02
3.239955288989182502e-02
3.246940190858641634e-02
3.251048542047726975e-02
3.252818256686176857e-02
3.256822687338600114e-02
3.262767886837251996e-02
3.266435094517809723e-02
3.275010896243790021e-02
3.285106538899600775e-02
3.286866848384097095e-02
3.288805009192975748e-02
3.293339735535936313e-02
3.299898688536483105e-02
3.304813506592365474e-02
3.310758651820106674e-02
3.313600473644311845e-02
3.317800500483911175e-02
3.328857373728668495e-02
3.334566259828995738e-02
3.340194442803119668e-02
3.345719415484418174e-02
3.349106682550019587e-02
3.358046204982253341e-02
3.360084911261299739e-02
3.369434748831513088e-02
3.373604346063360793e-02
3.376759221200680700e-02
3.382973306715310324e-02
3.389289938682397280e-02
3.399110942820002257e-02
3.403008051841207443e-02
3.405398626528336609e-02
3.410823650922444050e-02
3.414204754557322030e-02
3.418988033860544118e-02
3.423002500221158234e-02
3.427521895363628418e-02
3.438584999973079426e-02
3.445055460492454924e-02
3.447021977560830314e-02
3.455502648747727640e-02
3.456656878656529791e-02
3.461990776962272504e-02
3.463736336321383141e-02
3.470022094392299916e-02
3.475646430054173813e-02
3.476981993869833476e-02
3.485508706609724561e-02
3.491782717153719268e-02
3.496603173651654378e-02
3.503863136034213177e-02
3.509262459674981904e-02
3.518241024238532438e-02
3.522403685385293998e-02
3.525975384639442461e-02
3.532443240587441330e-02
3.538424657798257267e-02
3.540615566881338827e-02
3.546616248747914285e-02
3.554835207520629092e-02
3.564871771629393726e-02
3.568904220578331121e-02
3.570068407444842301e-02
3.573771429984000381e-02
3.577447980456725102e-02
3.588365828096704707e-02
3.599937864037182356e-02
3.601229693963862305e-02
3.609676392551552926e-02
3.613638042360105967e-02
3.620359040476150980e-02
3.628362641113010156e-02
3.632946077004205188e-02
3.639091141521850342e-02
3.643870189528990167e-02
3.649236445719097194e-02
3.653115369974405113e-02
3.663386883311304382e-02
3.675942329498663175e-02
3.678799627028807306e-02
3.685488906909079043e-02
3.687083756782701810e-02
3.694535444574414962e-02
3.699844003982699636e-02
3.707281940840718992e-02
3.711307165587240942e-02
3.715842262231823512e-02
3.726326760064157390e-02
3.728344399612954635e-02
3.735229313885918279e-02
3.743648515838937652e-02
3.749506482792969858e-02
3.758550579031010030e-02
3.762217656644978314e-02
3.767158518648610482e-02
3.776534094519497925e-02
3.782697109262390944e-02
3.784746487596180042e-02
3.787783422860690336e-02
3.792172795784781725e-02
3.798851520196849796e-02
3.816061848493554343e-02
3.820539456842474146e-02
3.825132747513561998e-02
3.836459465008878328e-02
3.840789054064989994e-02
3.843684036502969387e-02
3.855599261136856415e-02
3.857238339513711922e-02
3.864407823505212197e-02
3.871267018511630881e-02
3.876610701023503608e-02
3.886454905990298359e-02
3.894161841276776170e-02
3.895286071816354834e-02
3.901625460309976479e-02
3.906834038608786308e-02
3.925282174046583472e-02
3.930908051128922942e-02
3.939503224530691017e-02
3.944313864143649678e-02
3.960431813391449007e-02
3.963478802317761673e-02
3.966659693837273903e-02
3.971757378716742753e-02
3.985570782844558707e-02
3.997390303145238744e-02
4.001670119871743314e-02
4.012158133453436193e-02
4.022613656067737520e-02
4.024629148207415491e-02
4.031511052965016523e-02
4.038307710298063430e-02
4.046173604449557204e-02
4.050905412514824167e-02
4.064389907836558902e-02
4.073823138488687212e-02
4.080924738968105120e-02
4.090957480772861032e-02
4.105700785898367539e-02
4.111719585826435763e-02
4.121381023354304951e-02
4.133712735862963422e-02
4.144835145228358692e-02
4.153902780583827031e-02
4.158756434818794423e-02
4.166101907052087439e-02
4.173292881655980141e-02
4.178974332177647771e-02
4.204289449660926492e-02
4.208085902339118306e-02
4.217415795665852007e-02
4.234408252002504203e-02
4.246147301241551264e-02
4.261751957971458837e-02
4.269379553701899144e-02
4.281483093083006397e-02
4.296451499680615377e-02
4.309917717958507144e-02
4.325514243288600125e-02
4.368955183088368138e-02
4.374362731093196788e-02
4.415341042461794901e-02
