-4.388980236463507767e-02
-4.367392228858781034e-02
-4.339142094361927993e-02
-4.328672204748817282e-02
-4.322982311342853795e-02
-4.305919847457189559e-02
-4.288384437268551869e-02
-4.267649775585445615e-02
-4.263859656177323293e-02
-4.253026181501633196e-02
-4.241580812947511048e-02
-4.235047180025646590e-02
-4.222759413190228794e-02
-4.199609993108453787e-02
-4.197008633271134131e-02
-4.182880527996545722e-02
-4.178976881369604601e-02
-4.171180998443293347e-02
-4.152751837775154470e-02
-4.143305252113720083e-02
-4.139470698312230218e-02
-4.128518277256545965e-02
-4.119008046303837545e-02
-4.111809899901249649e-02
-4.100668719041759835e-02
-4.093327703795111849e-02
-4.074629909176494258e-02
-4.068955324757059927e-02
-4.055096905048327649e-02
-4.050329353101828761e-02
-4.046135164997255451e-02
-4.030760383221664717e-02
-4.025520983195213232e-02
-4.020839035814458007e-02
-4.006657242752489911e-02
-4.003658075826519586e-02
-3.991130249022925569e-02
-3.983250725749492432e-02
-3.980081998484659433e-02
-3.971140239068411681e-02
-3.966301773193343927e-02
-3.953388689365053971e-02
-3.950633124934875562e-02
-3.938720774474414182e-02
-3.936728858135006559e-02
-3.931243009240518310e-02
-3.926046035377132176e-02
-3.912062421566053078e-02
-3.905225554636395507e-02
-3.899688437314667577e-02
-3.886530940859585226e-02
-3.885094318098367139e-02
-3.870410019153283643e-02
-3.862742904827601992e-02
-3.856658719151077885e-02
-3.850078081822616571e-02
-3.843241365151387617e-02
-3.832214540390412733e-02
-3.828165121537677185e-02
-3.821238359395694173e-02
-3.812925381915864553e-02
-3.809246201854986358e-02
-3.800512308744628809e-02
-3.799042882433837504e-02
-3.781608853321900832e-02
-3.779712915700542825e-02
-3.775350806394391773e-02
-3.771703305926793481e-02
-3.764135481330568855e-02
-3.762552161452204641e-02
-3.756655848711160095e-02
-3.745973325361665052e-02
-3.738102341912919596e-02
-3.732422419292662219e-02
-3.728761897123548941e-02
-3.718011972645329788e-02
-3.713640035742058615e-02
-3.706426012263639574e-02
-3.701486969451892040e-02
-3.696033448501073737e-02
-3.691686233699170011e-02
-3.685591955671092823e-02
-3.680270404379391846e-02
-3.660798366296168227e-02
-3.656913461202365018e-02
-3.654281439262514752e-02
-3.649502235325224886e-02
-3.642296959811235080e-02
-3.634426746560658061e-02
-3.630138855323104125e-02
-3.627740657427018511e-02
-3.618524279545803218e-02
-3.613970973727688440e-02
-3.606933639821367776e-02
-3.603885700724847319e-02
-3.595063367666361670e-02
-3.587020296034620220e-02
-3.585469272218544390e-02
-3.584881647487896811e-02
-3.576621345593539170e-02
-3.571821448469664900e-02
-3.569409237955224745e-02
-3.560037579939553942e-02
-3.555707556795813934e-02
-3.548554944953008494e-02
-3.541063809072073076e-02
-3.533140076405546365e-02
-3.530503327289461618e-02
-3.519038036525732466e-02
-3.513126483730320132e-02
-3.511049220102311491e-02
-3.501351185037214486e-02
-3.496618038240134618e-02
-3.491491130514080138e-02
-3.488498097518377000e-02
-3.482016919501031843e-02
-3.479899112517018112e-02
-3.469306142502468632e-02
-3.467458644553285396e-02
-3.463830705933638315e-02
-3.453822152649346777e-02
-3.453358068679310278e-02
-3.446083922059378635e-02
-3.444138849837350552e-02
-3.439214895836918695e-02
-3.435687842101740885e-02
-3.431361372457329001e-02
-3.428911200135210946e-02
-3.423362111403007585e-02
-3.413851943600117178e-02
-3.410272690544743218e-02
-3.404126724662640685e-02
-3.393778338539270301e-02
-3.390867925264860056e-02
-3.386457087326245896e-02
-3.381276851668026107e-02
-3.375951455639161075e-02
-3.370556116113024997e-02
-3.366724374280238852e-02
-3.355650806796410535e-02
-3.353811550697301941e-02
-3.346697115018294755e-02
-3.340182198503805627e-02
-3.336232658289518815e-02
-3.331285223372607018e-02
-3.328702601126921207e-02
-3.323780181989016702e-02
-3.319331978975214453e-02
-3.313925579109866515e-02
-3.310400985486457864e-02
-3.306484677727992288e-02
-3.300743953633902827e-02
-3.296798197125506286e-02
-3.282152476602424179e-02
-3.278521767127459685e-02
-3.275735764535127326e-02
-3.269589001695637903e-02
-3.268869399460476444e-02
-3.267996302252752089e-02
-3.259279353790302952e-02
-3.253701566432436881e-02
-3.245947029658367150e-02
-3.245377779216166575e-02
-3.235494843553757272e-02
-3.227880634537289017e-02
-3.224010261796129290e-02
-3.220917696800674329e-02
-3.216981378619201970e-02
-3.215050305649125306e-02
-3.206206684264313600e-02
-3.201244594065932175e-02
-3.195273385919335241e-02
-3.191639671042949961e-02
-3.186111646601209879e-02
-3.182064550024798349e-02
-3.175441580317631823e-02
-3.167605613469389597e-02
-3.164144680363642492e-02
-3.155808617412919626e-02
-3.147489244484086984e-02
-3.146872691763366592e-02
-3.145168077797460410e-02
-3.139283698074050305e-02
-3.132615805307365636e-02
-3.128295249753187957e-02
-3.124869504308089296e-02
-3.120072103441049599e-02
-3.114292964968806005e-02
-3.109545780291751715e-02
-3.101626611016968654e-02
-3.099776275548311866e-02
-3.094652429902003746e-02
-3.089550994264706960e-02
-3.087133143932199383e-02
-3.081416837700467343e-02
-3.070401482261245554e-02
-3.065839454352163942e-02
-3.064112679938454931e-02
-3.058938579862181817e-02
-3.056850371545765527e-02
-3.048749774262062007e-02
-3.046639820900090209e-02
-3.038059222853823141e-02
-3.036375476870239662e-02
-3.028875871261555927e-02
-3.026905234570144432e-02
-3.023385769899077091e-02
-3.016663687031926819e-02
-3.014659067285885632e-02
-3.010618967686419858e-02
-3.004626366706452181e-02
-3.000087128544087420e-02
-2.995095381639994656e-02
-2.990499019441750575e-02
-2.989752976378981866e-02
-2.984896763611932444e-02
-2.976892238961693221e-02
-2.969081976636531520e-02
-2.966765062007824943e-02
-2.959796711894645965e-02
-2.955281042232137112e-02
-2.953163696849739339e-02
-2.951366250743243588e-02
-2.944245898470073189e-02
-2.941203002141220754e-02
-2.934231849651499496e-02
-2.932282526723975838e-02
-2.930381329231873666e-02
-2.919017618148215740e-02
-2.914038123304686298e-02
-2.913379569160187005e-02
-2.908973949323493541e-02
-2.907896471619477938e-02
-2.907136418026979793e-02
-2.898489903218495756e-02
-2.896513900468197789e-02
-2.888297548015618388e-02
-2.884596834605642271e-02
-2.882000445755688103e-02
-2.874309058077197804e-02
-2.869094612958776255e-02
-2.865029189206289711e-02
-2.860591863489121353e-02
-2.858609733645201684e-02
-2.852481204422522426e-02
-2.851262667022337605e-02
-2.845266924864538194e-02
-2.842306294558752042e-02
-2.837365306124122952e-02
-2.831573359266468387e-02
-2.826309900362908301e-02
-2.819869461084142243e-02
-2.816471617634655825e-02
-2.815869719536987642e-02
-2.814148417228170065e-02
-2.805060814964779187e-02
-2.802693834562064099e-02
-2.789969998325224354e-02
-2.787537549822133656e-02
-2.787073410152487996e-02
-2.781658656996426060e-02
-2.775304902175766350e-02
-2.770763084260245354e-02
-2.770016830809755512e-02
-2.767176424001488097e-02
-2.762917997142335519e-02
-2.758377942235662114e-02
-2.749562673054837050e-02
-2.747882086214771188e-02
-2.743013680555337827e-02
-2.739523755016623485e-02
-2.735620464373624688e-02
-2.734264816902188394e-02
-2.726462658549866011e-02
-2.723712847142891261e-02
-2.715683815872540346e-02
-2.711430799534519237e-02
-2.704547070441744305e-02
-2.703870703781261625e-02
-2.697982314355777678e-02
-2.692974946102402733e-02
-2.691265865169566174e-02
-2.687669297698233942e-02
-2.682292598453638391e-02
-2.676136992703400178e-02
-2.671995622637017564e-02
-2.667363838405632098e-02
-2.664232177601937382e-02
-2.658709461667800589e-02
-2.656020094097101547e-02
-2.650006896885784974e-02
-2.647133729443235106e-02
-2.643694229394041861e-02
-2.638454503482131480e-02
-2.633893790886380690e-02
-2.632546811253384106e-02
-2.629669848867208920e-02
-2.622818117731974888e-02
-2.621095611480576612e-02
-2.617323265372254598e-02
-2.614302519617965961e-02
-2.610792866200723622e-02
-2.606689687523151139e-02
-2.601789231838391378e-02
-2.596505146016360108e-02
-2.592012603283097225e-02
-2.589564330200795628e-02
-2.585382161422865657e-02
-2.581363297864278442e-02
-2.579400180977894919e-02
-2.574582375134335660e-02
-2.571815846622221499e-02
-2.566847332615972838e-02
-2.562113101258459147e-02
-2.557149635274320876e-02
-2.554066921852450253e-02
-2.553113235178691015e-02
-2.544970439098464751e-02
-2.540123003705766977e-02
-2.533932072347325898e-02
-2.527335473464599816e-02
-2.522303444245605972e-02
-2.520858350830006839e-02
-2.517927799013479351e-02
-2.507637081983177599e-02
-2.504885008102627347e-02
-2.500860854962890650e-02
-2.498718363969167078e-02
-2.495737182612598956e-02
-2.492282403948240660e-02
-2.490151987085017019e-02
-2.486996629211541548e-02
-2.477014402929991754e-02
-2.473514893662114369e-02
-2.470108420225050963e-02
-2.468544233663364298e-02
-2.461342401563903354e-02
-2.460039198288616405e-02
-2.457976908253003273e-02
-2.448783533375545329e-02
-2.447842852417358300e-02
-2.444747470848482318e-02
-2.437703583949965558e-02
-2.433390339804860150e-02
-2.430646378830383925e-02
-2.426864815404366701e-02
-2.425523257360693782e-02
-2.414536304955493609e-02
-2.413698148760484719e-02
-2.404188931583899069e-02
-2.402865773806441008e-02
-2.398620964531281152e-02
-2.395327918502947531e-02
-2.392347773863247665e-02
-2.390535655068723453e-02
-2.386656482349458833e-02
-2.383032742843074064e-02
-2.380175505823247870e-02
-2.376606594122734201e-02
-2.367860172614032199e-02
-2.366377118139483676e-02
-2.359298002078513354e-02
-2.355539557151266339e-02
-2.350831262183794568e-02
-2.349745721281996935e-02
-2.343618332450353794e-02
-2.343021275982805698e-02
-2.339171285073857187e-02
-2.335927603812122319e-02
-2.331186463348236537e-02
-2.330799414439566064e-02
-2.325582669702196473e-02
-2.321987447607995123e-02
-2.316630010793613650e-02
-2.315246298607857162e-02
-2.307576700322177057e-02
-2.305776402582443083e-02
-2.303557320468030412e-02
-2.299662608100842137e-02
-2.294143674157159141e-02
-2.289463013206837969e-02
-2.285702268420505140e-02
-2.279472592562513736e-02
-2.276222443962241937e-02
-2.271790672647943862e-02
-2.268965812822735031e-02
-2.263812740274987259e-02
-2.259598508055520039e-02
-2.256309175864175745e-02
-2.251942283929749683e-02
-2.248368702962241089e-02
-2.246911617595887672e-02
-2.245276230904189388e-02
-2.238463615047933328e-02
-2.234539559308361747e-02
-2.233243212680586717e-02
-2.225210534383081223e-02
-2.220230973269253158e-02
-2.217719507647875760e-02
-2.216253306376602533e-02
-2.211584399666894837e-02
-2.204018922013370810e-02
-2.201022797224337982e-02
-2.198716618818514351e-02
-2.196709139751711407e-02
-2.194624177794029726e-02
-2.193159033645294964e-02
-2.182004997280376571e-02
-2.178792768250980769e-02
-2.174478069027464475e-02
-2.169149341820610782e-02
-2.167766035555583962e-02
-2.165201523585081472e-02
-2.160594440063803856e-02
-2.154516022006532083e-02
-2.152653028809380087e-02
-2.148469650250368554e-02
-2.145982737931710974e-02
-2.140828607801606442e-02
-2.136546266175322686e-02
-2.131820903999418620e-02
-2.130478892692848347e-02
-2.124609795297744547e-02
-2.118370012200913172e-02
-2.116708427650677501e-02
-2.111338734901751016e-02
-2.108782307240574319e-02
-2.102890935020686539e-02
-2.101467932019942045e-02
-2.096589953151414831e-02
-2.092461578797871757e-02
-2.089314648091034413e-02
-2.081809604908294725e-02
-2.080356710223055239e-02
-2.078265394348844525e-02
-2.075332251626959418e-02
-2.065961059418175427e-02
-2.062879522820727785e-02
-2.062166833664771590e-02
-2.059892940734073946e-02
-2.055137102168441698e-02
-2.052874877302347800e-02
-2.047188588460770176e-02
-2.043267813027317692e-02
-2.040764979656016151e-02
-2.035930448966772124e-02
-2.031506063101963522e-02
-2.028479072968454935e-02
-2.023248904578688404e-02
-2.018596790528612642e-02
-2.017809871439345260e-02
-2.016313148561304364e-02
-2.010723816836293074e-02
-2.006489634241859568e-02
-2.002784280286294682e-02
-1.996607068147612449e-02
-1.992960027389940186e-02
-1.992204653794386535e-02
-1.989457465833369479e-02
-1.981819846324873319e-02
-1.980020420942621776e-02
-1.976587825741709520e-02
-1.970851908816112844e-02
-1.966132356667702266e-02
-1.962231901936875925e-02
-1.958781434774757926e-02
-1.956954881505719793e-02
-1.950132908395296391e-02
-1.947796131693379715e-02
-1.945706459170029948e-02
-1.940829939482966934e-02
-1.939944048025239037e-02
-1.936484634899611826e-02
-1.933393295765633776e-02
-1.928201030477294173e-02
-1.925076788708258990e-02
-1.920643280626510227e-02
-1.916296706158674215e-02
-1.911087160784540745e-02
-1.908505155144044757e-02
-1.906523213828219265e-02
-1.901607612849245954e-02
-1.895343144238352540e-02
-1.892907139026231422e-02
-1.890240835409259454e-02
-1.890204154942313683e-02
-1.881363839992417422e-02
-1.875069362729617217e-02
-1.873482782567919072e-02
-1.869591026004255654e-02
-1.868465639677719184e-02
-1.862933547934026574e-02
-1.859251923851852270e-02
-1.856931068679002622e-02
-1.854613823737350647e-02
-1.846622654621534257e-02
-1.844673568777268138e-02
-1.841469673802938883e-02
-1.837074096431565509e-02
-1.835951459238984590e-02
-1.827892548254637581e-02
-1.826231320039596942e-02
-1.822665286549454700e-02
-1.819264571508392297e-02
-1.816031400709915491e-02
-1.810434676937366580e-02
-1.806577486115941433e-02
-1.805031713999720802e-02
-1.801380650598771380e-02
-1.797729503951621399e-02
-1.792779431142933408e-02
-1.787505733841181915e-02
-1.785145876534523918e-02
-1.779631425023484384e-02
-1.779036682848834233e-02
-1.773252804414227751e-02
-1.767579635709056601e-02
-1.765523295881322660e-02
-1.763024915100021989e-02
-1.760223559551936032e-02
-1.756728571105002287e-02
-1.753616896921078930e-02
-1.748362795385902807e-02
-1.742451383429083692e-02
-1.738497569610017099e-02
-1.737438519757870947e-02
-1.733338961760632485e-02
-1.729937726108770127e-02
-1.727286562959645319e-02
-1.724458762876728349e-02
-1.718057451352356102e-02
-1.715555869562834790e-02
-1.712221574671334706e-02
-1.708838939812725582e-02
-1.700504865304396443e-02
-1.696775945965401516e-02
-1.693300521097385394e-02
-1.690636313095736712e-02
-1.687367659668608313e-02
-1.682498299864095687e-02
-1.681508541678209886e-02
-1.676067130993614054e-02
-1.674078560793977599e-02
-1.671079827525999428e-02
-1.666248826670393632e-02
-1.662396621075694705e-02
-1.660116791236307746e-02
-1.657807070049450993e-02
-1.657385910421758229e-02
-1.651780380016998687e-02
-1.642845449162494073e-02
-1.641860048362624516e-02
-1.640519830219643385e-02
-1.635790819065144341e-02
-1.629955135767341412e-02
-1.627721458327420490e-02
-1.625352096213131259e-02
-1.620932797481244858e-02
-1.618195369371036932e-02
-1.615058132896423498e-02
-1.612276832804626289e-02
-1.608132203445357400e-02
-1.598572903749389054e-02
-1.596173406618110052e-02
-1.595843400967200329e-02
-1.592849129493375399e-02
-1.587648352620729328e-02
-1.583996423808204865e-02
-1.579666037352577337e-02
-1.578703038188785171e-02
-1.574729901837131074e-02
-1.570863309932810786e-02
-1.566692410545299230e-02
-1.559581058171061359e-02
-1.557226596131013052e-02
-1.555013075817502505e-02
-1.552637099822771170e-02
-1.547960017328298132e-02
-1.545207721475540426e-02
-1.543546243012975175e-02
-1.540251980035356807e-02
-1.532887424978129562e-02
-1.531209626312355666e-02
-1.526696308549724615e-02
-1.524519034718756390e-02
-1.518544994057266506e-02
-1.514844925356132604e-02
-1.511136495835321662e-02
-1.508375871036675593e-02
-1.504477556342332864e-02
-1.501222240063599528e-02
-1.498911149019444347e-02
-1.491645368260566089e-02
-1.487224426621610446e-02
-1.485812800598904949e-02
-1.481214193323995842e-02
-1.478729249530482195e-02
-1.471719002165515662e-02
-1.470608965281767523e-02
-1.469828227509427203e-02
-1.466765042264571092e-02
-1.461685734216045321e-02
-1.457882173774128522e-02
-1.455501173394476919e-02
-1.453782298048643742e-02
-1.450835993744887219e-02
-1.446061944011650668e-02
-1.442607774936085878e-02
-1.435219979509471354e-02
-1.433232927795717940e-02
-1.431326689753696299e-02
-1.426831376950915033e-02
-1.422401459350893307e-02
-1.418944901627037722e-02
-1.415194101780523420e-02
-1.414079310412605373e-02
-1.409740581786008556e-02
-1.406214841715401793e-02
-1.403630536497515839e-02
-1.397503927978711001e-02
-1.394596810341181686e-02
-1.392656646256744575e-02
-1.390284179462176507e-02
-1.383801189811774933e-02
-1.380814573514588077e-02
-1.378519465990077353e-02
-1.377061683989209799e-02
-1.372920705065168966e-02
-1.370855810992385911e-02
-1.368397111367958274e-02
-1.363240586895160013e-02
-1.357796765116671932e-02
-1.355607685244484065e-02
-1.350274253308806835e-02
-1.348155448921807727e-02
-1.343700420584425549e-02
-1.337445752399362732e-02
-1.336173377130946832e-02
-1.334277443047758409e-02
-1.330517525269089146e-02
-1.321303908847313614e-02
-1.317217824839332467e-02
-1.313826622956373695e-02
-1.309434786600416692e-02
-1.308054876734352293e-02
-1.305931865137328375e-02
-1.303382286237447091e-02
-1.300988594362502415e-02
-1.299650198884457798e-02
-1.296175667587932435e-02
-1.290609775042035265e-02
-1.287651844277165440e-02
-1.281437250795370436e-02
-1.277737807446050963e-02
-1.272903786221742453e-02
-1.270295732228088857e-02
-1.268062267082124134e-02
-1.261044976978017984e-02
-1.259643499910338346e-02
-1.256672974975956564e-02
-1.253173312674079123e-02
-1.249492260192624354e-02
-1.242568443558810833e-02
-1.239677222005810577e-02
-1.234578514337192172e-02
-1.232214382818918805e-02
-1.228208720973861419e-02
-1.227360189251345407e-02
-1.219786120851119524e-02
-1.218491868568100447e-02
-1.212333170644228943e-02
-1.209440105707427528e-02
-1.207338972118623087e-02
-1.201916061257935278e-02
-1.198299792357197975e-02
-1.194101926806623130e-02
-1.192237631933657123e-02
-1.190790705261611342e-02
-1.185071533941300416e-02
-1.182350464911698443e-02
-1.177348009168575557e-02
-1.175202836490225021e-02
-1.172599291079055167e-02
-1.171359745852313186e-02
-1.168300520900378628e-02
-1.163835428015857348e-02
-1.161268675244571044e-02
-1.157143812910868541e-02
-1.154573107826904060e-02
-1.148265551636050083e-02
-1.146525086862528429e-02
-1.142093925318721399e-02
-1.140214273465224408e-02
-1.137627674921397672e-02
-1.131314837839774746e-02
-1.129808257587366395e-02
-1.128077198929543223e-02
-1.121788378571428844e-02
-1.118330749978615861e-02
-1.114335995012467884e-02
-1.109302128169392318e-02
-1.105903960290064575e-02
-1.098905646420709516e-02
-1.098696867779309569e-02
-1.094166223407714439e-02
-1.091023414576184486e-02
-1.087821171159296385e-02
-1.083201366877479047e-02
-1.081754103549411802e-02
-1.075681773192469805e-02
-1.072360698344857442e-02
-1.070318432749074386e-02
-1.066189134781052317e-02
-1.064277063223257117e-02
-1.059684719555532839e-02
-1.056140256932537082e-02
-1.051058980810719301e-02
-1.049066202603333130e-02
-1.044349945713026265e-02
-1.041111814898763518e-02
-1.036890751146414026e-02
-1.031009754370284560e-02
-1.027593696521992422e-02
-1.024362829679659886e-02
-1.023371256812524201e-02
-1.020697411908266794e-02
-1.018505583188668122e-02
-1.015042668196102470e-02
-1.013178021918042897e-02
-1.011686502437955833e-02
-1.006743709195885399e-02
-1.003354001284735217e-02
-9.962766789102867754e-03
-9.929449947015068709e-03
-9.925638108240604496e-03
-9.902830266469184878e-03
-9.867944371855813523e-03
-9.798857277561945009e-03
-9.775295706850250024e-03
-9.736216117723382052e-03
-9.702855318950135213e-03
-9.677817932052058814e-03
-9.600824071188935813e-03
-9.576255796206654958e-03
-9.517760530629155308e-03
-9.496058418216959257e-03
-9.452825935850223474e-03
-9.446870447557540948e-03
-9.425900169998396513e-03
-9.381252662388510008e-03
-9.353047206192484711e-03
-9.291292577923914928e-03
-9.283002609188838530e-03
-9.243267324840306887e-03
-9.207099153130606992e-03
-9.179972214505661282e-03
-9.130918917298168000e-03
-9.100884752377596046e-03
-9.078073710201872010e-03
-9.050989378814367631e-03
-9.015525711949922555e-03
-8.970797188966546376e-03
-8.947972252974325733e-03
-8.890786741760248191e-03
-8.879188741506803539e-03
-8.835109373944586078e-03
-8.815055863200317240e-03
-8.785902093083332656e-03
-8.776351169633760108e-03
-8.704417360687707883e-03
-8.678272412910281383e-03
-8.620693851731963189e-03
-8.576020112156440556e-03
-8.571954695402509566e-03
-8.523019289261888481e-03
-8.506487811839210517e-03
-8.464435654201811834e-03
-8.418221684126149865e-03
-8.412880375957706991e-03
-8.350446239791291941e-03
-8.314429090844325035e-03
-8.294760692343580016e-03
-8.256183916430740594e-03
-8.233044480543247681e-03
-8.209127138097398191e-03
-8.188972982016854210e-03
-8.154683849532324072e-03
-8.090624158402661900e-03
-8.058005317936650994e-03
-8.035573039725721692e-03
-8.012129955846382726e-03
-7.982894752135864802e-03
-7.899750710660227368e-03
-7.881970325309925127e-03
-7.858802072697974178e-03
-7.825675723866753683e-03
-7.763759857584645076e-03
-7.750548216771850803e-03
-7.722601558009366957e-03
-7.694078301624334912e-03
-7.641930811394693525e-03
-7.595330561286535442e-03
-7.545822662559258098e-03
-7.533767137667861727e-03
-7.472445043066027609e-03
-7.448355624268002996e-03
-7.399503344026243240e-03
-7.353766995954904781e-03
-7.344232919820174905e-03
-7.289859717693934760e-03
-7.250958350610966531e-03
-7.218026431109701539e-03
-7.182414800980993150e-03
-7.165440285154414321e-03
-7.148819719791322733e-03
-7.125483563038501403e-03
-7.076640077526578400e-03
-7.052240122780504931e-03
-7.027411025406330586e-03
-6.986706353326270665e-03
-6.945031505298911167e-03
-6.921528242838257024e-03
-6.893144272974641509e-03
-6.856038808904516349e-03
-6.833610970481781254e-03
-6.819434252467227765e-03
-6.706418367073386025e-03
-6.673729296185784005e-03
-6.655808118818537511e-03
-6.632346605844726718e-03
-6.614838762650347009e-03
-6.567131961129600744e-03
-6.529190337930312026e-03
-6.496186806907305010e-03
-6.483471067176852821e-03
-6.437761401889651944e-03
-6.405159258156398715e-03
-6.369360881525302533e-03
-6.328228334102746315e-03
-6.301138481038851512e-03
-6.288541607087042885e-03
-6.185520835217696994e-03
-6.164955123875767024e-03
-6.143778646841352095e-03
-6.127750757405388791e-03
-6.081795674631471429e-03
-6.033583660415010354e-03
-6.003907282466436693e-03
-5.999261605003184360e-03
-5.954752067169678462e-03
-5.904581800365850744e-03
-5.862303548105346832e-03
-5.855388756063668702e-03
-5.834493516491573092e-03
-5.752689211067103098e-03
-5.744520043149994350e-03
-5.691266831197392545e-03
-5.671105339268149234e-03
-5.603416718929673558e-03
-5.589363404581248682e-03
-5.551870029398083342e-03
-5.511186888576958057e-03
-5.505921823610341811e-03
-5.480448472673630014e-03
-5.434608299669229162e-03
-5.430960420202130337e-03
-5.394001578409380986e-03
-5.317230754979401959e-03
-5.298915608120103281e-03
-5.255527659355259049e-03
-5.211982496671231473e-03
-5.187346472365718386e-03
-5.163034207870490291e-03
-5.111786587865293011e-03
-5.080789455150164571e-03
-5.073390849049742510e-03
-5.038946985578164964e-03
-4.998673037622458452e-03
-4.961080669841852649e-03
-4.891179954849659249e-03
-4.877114887319801938e-03
-4.865577308446841255e-03
-4.781894194993147572e-03
-4.758706614839531418e-03
-4.727589663187505703e-03
-4.692273050754073097e-03
-4.665502025364256893e-03
-4.641433618436950452e-03
-4.617332923466354634e-03
-4.574986742978952303e-03
-4.545826722407140391e-03
-4.482823533807311217e-03
-4.471377232489994608e-03
-4.415252423817093118e-03
-4.372016054037657432e-03
-4.329392253815468258e-03
-4.326943915615479030e-03
-4.269216516789218346e-03
-4.236924298052542268e-03
-4.192481530230447728e-03
-4.190168014737918542e-03
-4.124592834326978874e-03
-4.117790796661858523e-03
-4.101185110330606010e-03
-4.048772174624250784e-03
-4.035091891420035208e-03
-4.014462848620864444e-03
-3.983001070582123382e-03
-3.936264338725686471e-03
-3.890750204919549322e-03
-3.814947513648863416e-03
-3.777828478149798837e-03
-3.762772396250318747e-03
-3.689106067621684883e-03
-3.677167482002343703e-03
-3.658122260646314624e-03
-3.623898364594646104e-03
-3.610724833895205977e-03
-3.567367879595601757e-03
-3.544232489044159794e-03
-3.483756475197652240e-03
-3.458907370034460318e-03
-3.451340078364358195e-03
-3.413620524359471664e-03
-3.361044918583868356e-03
-3.315620366677971432e-03
-3.294251764587767008e-03
-3.233237346654646311e-03
-3.200796518589552921e-03
-3.187945740478190671e-03
-3.143942618688616228e-03
-3.099089616317552733e-03
-3.085976276648440958e-03
-3.059747529084378553e-03
-3.008017716551888553e-03
-2.994563676458129962e-03
-2.937640563996446810e-03
-2.913299451698658782e-03
-2.890031564788620756e-03
-2.876806161835286039e-03
-2.842299309808650042e-03
-2.830781055318310792e-03
-2.754227320309479612e-03
-2.713381069751673140e-03
-2.698799073185083417e-03
-2.640095867416530819e-03
-2.624625502236410668e-03
-2.608223649464979418e-03
-2.553857737673399884e-03
-2.517924376202690905e-03
-2.493995055478819174e-03
-2.445536867262798359e-03
-2.422729578225632941e-03
-2.399580131147456292e-03
-2.346287628398419957e-03
-2.308283501933098766e-03
-2.263674201670279676e-03
-2.211091874247528635e-03
-2.177833299049325346e-03
-2.158764701435428920e-03
-2.131255360344094275e-03
-2.082068016697877309e-03
-2.040673877203646753e-03
-2.008375268734809756e-03
-2.004519199439715356e-03
-1.975212508042172195e-03
-1.931563564818144585e-03
-1.892429348003581407e-03
-1.878136858641326094e-03
-1.854415511531951879e-03
-1.782740279400776059e-03
-1.764878787297552562e-03
-1.713447854796115288e-03
-1.657194335597529655e-03
-1.648078404820091164e-03
-1.615000193169670913e-03
-1.602654630232340071e-03
-1.573150572905878493e-03
-1.510848094782615966e-03
-1.479936515764839530e-03
-1.467468029874428870e-03
-1.434600718249917943e-03
-1.393352692797285297e-03
-1.347079337315103742e-03
-1.329045316124064478e-03
-1.298058344514248230e-03
-1.257573955740556469e-03
-1.252850385850542937e-03
-1.195865929788790397e-03
-1.147081296130263856e-03
-1.134076061913701951e-03
-1.102918660682190855e-03
-1.066153770714494417e-03
-1.035710251718775614e-03
-9.890754793443182116e-04
-9.630885071680644546e-04
-9.291783765225606478e-04
-9.210629679938257732e-04
-8.849737838565489498e-04
-8.476591159530181933e-04
-8.373593285795233754e-04
-7.849022877647681513e-04
-7.304749763809336230e-04
-6.954038378071210249e-04
-6.592293319745367274e-04
-6.267500618673519817e-04
-5.835267676587853987e-04
-5.250806044077117396e-04
-5.133998586902756723e-04
-4.872373779840134572e-04
-4.240407104087428312e-04
-3.932778715044141899e-04
-3.251839282721665923e-04
-2.843048706692497310e-04
-2.680392771576190934e-04
-2.290525245968596472e-04
-1.735781250081955512e-04
-1.313569401821664212e-04
-1.275555478075771131e-04
-1.038777267771080136e-04
-8.991695370334575900e-05
-3.910962300998570393e-05
-3.825495013405490407e-06
2.944754006399974438e-05
6.258265441691656284e-05
1.168749183943334753e-04
1.366584035957039815e-04
1.704865717801651466e-04
2.068086505900521574e-04
2.212486508979927648e-04
2.371745830582663709e-04
2.721209491315485190e-04
3.569602361006123385e-04
3.824950087134395865e-04
4.333366269703931776e-04
4.878111024263714706e-04
5.177782983437098597e-04
5.512486893100676348e-04
5.856355237400185168e-04
5.892846083067051696e-04
6.313834313152272499e-04
6.333926459046197027e-04
6.984317818859073733e-04
7.196942432201370622e-04
7.336490024590296795e-04
8.090497828180439471e-04
8.362185533415749349e-04
8.904581678067041923e-04
8.983975458634739942e-04
9.246539012939747814e-04
9.626594835153411958e-04
9.652307533486443984e-04
1.007043158955608659e-03
1.051099231702188035e-03
1.072979977641550344e-03
1.108574191919964921e-03
1.120014057423158148e-03
1.155374840403720817e-03
1.230166832635776067e-03
1.242150669501605005e-03
1.274271069696338975e-03
1.344561717319022083e-03
1.376607484368498396e-03
1.385408772518643104e-03
1.445444803569806771e-03
1.481358331272917628e-03
1.493379206703096236e-03
1.503578127058797717e-03
1.553113205722539761e-03
1.571733113424483635e-03
1.609131130092169865e-03
1.630570682906594794e-03
1.664355333313194494e-03
1.712646010037371285e-03
1.735905172112480561e-03
1.749703382491763111e-03
1.768521488825722200e-03
1.787328525800568153e-03
1.825216782095172427e-03
1.897421211083639547e-03
1.911531932832867759e-03
1.953061739360177108e-03
1.987296486569124776e-03
1.999928734116632710e-03
2.076458452731297106e-03
2.101601840174029991e-03
2.119941596666339786e-03
2.174415282712547238e-03
2.191611862420344767e-03
2.252565045540352515e-03
2.279713350023703216e-03
2.327323231801703331e-03
2.358393922964456459e-03
2.385364638428112086e-03
2.430995465309512740e-03
2.477352348520098571e-03
2.505872410645638721e-03
2.523723362958702442e-03
2.564530213655004474e-03
2.583360171416528798e-03
2.606845426672230095e-03
2.614460573815373130e-03
2.697468587483826084e-03
2.713360808365137145e-03
2.742950728863147863e-03
2.788151948037831396e-03
2.862527106165940315e-03
2.874468413657109683e-03
2.911252065189805401e-03
2.942640719557452090e-03
2.958681838448743058e-03
2.990399416362455286e-03
3.044507782318032086e-03
3.079319031008694377e-03
3.100169159024900294e-03
3.111321119089007110e-03
3.148006211063708246e-03
3.183666970911352111e-03
3.216482808569775045e-03
3.246204880430081634e-03
3.297494488517572955e-03
3.320441638441498384e-03
3.370965487750020133e-03
3.389196494003801977e-03
3.417113655732141164e-03
3.463569907823174816e-03
3.482773259381758465e-03
3.505653971087187293e-03
3.562733564049699094e-03
3.638069164544412235e-03
3.650665516669010079e-03
3.695928255390600395e-03
3.724411518334490735e-03
3.747378932745218296e-03
3.797741943897198560e-03
3.828055822422179316e-03
3.870440813399002398e-03
3.904534573656380514e-03
3.928677868096661606e-03
3.975385715999387067e-03
3.993987343332342649e-03
4.006859622639629727e-03
4.029545706511381345e-03
4.058774179909435675e-03
4.083129805057278232e-03
4.150716199732971956e-03
4.182298085268181496e-03
4.191073794136972348e-03
4.237117030904164090e-03
4.264715762802257643e-03
4.317008314698397332e-03
4.361649169872252978e-03
4.409043436357489715e-03
4.443519263033420506e-03
4.469681073592995067e-03
4.493301767256104896e-03
4.530045009511698625e-03
4.549743149795390691e-03
4.608079060542571992e-03
4.626666997531135583e-03
4.665543907185958593e-03
4.709778514479875770e-03
4.741986872300714417e-03
4.765286835713455557e-03
4.819437273435219111e-03
4.846981391497315675e-03
4.852565128124805560e-03
4.892734600806875750e-03
4.921806592554030940e-03
4.942270301704476849e-03
4.988369263081368632e-03
5.029387383913063413e-03
5.042148372465682198e-03
5.082087015063455580e-03
5.088449690273736704e-03
5.164615860986080179e-03
5.201654736865466214e-03
5.224107180762356875e-03
5.247893612882787925e-03
5.269306800788091730e-03
5.336370883661048850e-03
5.372947418656496069e-03
5.410048398856150999e-03
5.437012327884726062e-03
5.494441678569598163e-03
5.510631551499458290e-03
5.536548060444134584e-03
5.556626555855699416e-03
5.579854838478234304e-03
5.633173270148720234e-03
5.655654008750597012e-03
5.665715197090486280e-03
5.703672911817955250e-03
5.765459631712782466e-03
5.794729278803545554e-03
5.864959725418090498e-03
5.871144074997627048e-03
5.919355647123548600e-03
5.990235533311817455e-03
6.000959658280650630e-03
6.012609064920630859e-03
6.083438180009392848e-03
6.118865992734316001e-03
6.127522453294819045e-03
6.176555103492815252e-03
6.210441716037654221e-03
6.250588176050955562e-03
6.262683813378949922e-03
6.312193401315536155e-03
6.321192911469636529e-03
6.359045837156002308e-03
6.386008483774439221e-03
6.395699007965116763e-03
6.478093952010789518e-03
6.496441177554745580e-03
6.531647284907206134e-03
6.552170844877744545e-03
6.566954586708191426e-03
6.616629518319581439e-03
6.649536191771154674e-03
6.717720923680732537e-03
6.739915792753542467e-03
6.769309592687900758e-03
6.800992323130083082e-03
6.811274810024410369e-03
6.866842547222386066e-03
6.909447886130344434e-03
6.958274476163774612e-03
6.975824517464558443e-03
7.016391886424622366e-03
7.044255436852794525e-03
7.085912462788887707e-03
7.122664618415451565e-03
7.158791838694512563e-03
7.180005487971571725e-03
7.251305646801317790e-03
7.273483666952264975e-03
7.314691455786071980e-03
7.337521327579613235e-03
7.359388212834096395e-03
7.373287222796032561e-03
7.405545543472138309e-03
7.440802210393086466e-03
7.482777035053107470e-03
7.523292296681181358e-03
7.573512417715700697e-03
7.593582409104757645e-03
7.604870966811726717e-03
7.648863803832872330e-03
7.674263966153594373e-03
7.701860480318209294e-03
7.751756186875975903e-03
7.795587841553992814e-03
7.828926246782899612e-03
7.868719634969677246e-03
7.917545611040048212e-03
7.921425278130212605e-03
7.945710109697669277e-03
7.956848693044377835e-03
7.981046013312615220e-03
8.021575815835074383e-03
8.091823549980352651e-03
8.131149066568437236e-03
8.141878287268857969e-03
8.168169163866229043e-03
8.222699292036497395e-03
8.262366954092199497e-03
8.308501313552523609e-03
8.331325176729383400e-03
8.378636327550582213e-03
8.398607660857426715e-03
8.432781080263672749e-03
8.477902815219181057e-03
8.532233072849899902e-03
8.570764251321911012e-03
8.581137991122247607e-03
8.609051034703727248e-03
8.652679744405609996e-03
8.707080393521969205e-03
8.747141892181486619e-03
8.775793833968507582e-03
8.813831797051282016e-03
8.831353979541010923e-03
8.851963812092248501e-03
8.893676663173300662e-03
8.946540137183140937e-03
8.972173717349238992e-03
8.988780314869703261e-03
9.024562023948138473e-03
9.046554202938402248e-03
9.058032241124537587e-03
9.121716267949837864e-03
9.171343399722539994e-03
9.214847184825788323e-03
9.253168144002591952e-03
9.289902834659989617e-03
9.310369027945594386e-03
9.341773871743298471e-03
9.377778969932202072e-03
9.393592363978714443e-03
9.438674116228349190e-03
9.469125203609263242e-03
9.483529042477605725e-03
9.524968872777997420e-03
9.555380464811929001e-03
9.596093186723286123e-03
9.612855831449149124e-03
9.683607797719614649e-03
9.717240123525074103e-03
9.765806917305695084e-03
9.789517129307425194e-03
9.821823567880166861e-03
9.888412165411889984e-03
9.908558789169472428e-03
9.948776022299940860e-03
1.001854877775177309e-02
1.004271187618406037e-02
1.006213710307337153e-02
1.012937905968406410e-02
1.014429421135671847e-02
1.016476681388660784e-02
1.019993235383479836e-02
1.026152636172580034e-02
1.028427090937547583e-02
1.032142758894003150e-02
1.037088926101233967e-02
1.039068669784194536e-02
1.040518152388802096e-02
1.045280908173813923e-02
1.046659837069024122e-02
1.051593755647307199e-02
1.052692285459275699e-02
1.057117701738960990e-02
1.062734495487622534e-02
1.063321479835553640e-02
1.068161859765168371e-02
1.072000388196092321e-02
1.075809517105867814e-02
1.077095891974762590e-02
1.084769092802830188e-02
1.085632790761726502e-02
1.087930548101814603e-02
1.091520818975007419e-02
1.095788408904487324e-02
1.099823863216503779e-02
1.102869857014491389e-02
1.108954755851235784e-02
1.111614742771081452e-02
1.113665809670327453e-02
1.117084969377720241e-02
1.121911247916125391e-02
1.123038791302951971e-02
1.126806602431261635e-02
1.130461331235055669e-02
1.133115902903621131e-02
1.134417140126406029e-02
1.137274313986685881e-02
1.143388080527567817e-02
1.144843010549221642e-02
1.149448920455753767e-02
1.151326280527577121e-02
1.152926699238595275e-02
1.157543905549173260e-02
1.163809187335919197e-02
1.166714274375812294e-02
1.171119770270078603e-02
1.174568094071068783e-02
1.178825921658182424e-02
1.183033230294658865e-02
1.183914303209639661e-02
1.188096686221497625e-02
1.194473637532995555e-02
1.195850819339639749e-02
1.200774697144413490e-02
1.203808533572717047e-02
1.206750643388907959e-02
1.208968812629856830e-02
1.210700074874693569e-02
1.214691916300727342e-02
1.219878274560673610e-02
1.223692839331818466e-02
1.225324387660082365e-02
1.227334451244526184e-02
1.233049261796177395e-02
1.233816273585693415e-02
1.237023947877599964e-02
1.241423512908603442e-02
1.243519627375709070e-02
1.247383643045609121e-02
1.255484268618921838e-02
1.257540583155228493e-02
1.259850944964481176e-02
1.261398007113248738e-02
1.264260829155664997e-02
1.271819820964624308e-02
1.272751489992019792e-02
1.277164331933870051e-02
1.281314456048819606e-02
1.283539707344791628e-02
1.286177657220661727e-02
1.290311908721727789e-02
1.293068423220400907e-02
1.296077031764602226e-02
1.301419005204145982e-02
1.303489003654205967e-02
1.308128519973467303e-02
1.311538735935814659e-02
1.316648785441417585e-02
1.319949644970664672e-02
1.322921484752911762e-02
1.328994107017335974e-02
1.330149634202621757e-02
1.334301564774166907e-02
1.339981059422172549e-02
1.345725668128360496e-02
1.349129463764401314e-02
1.352042951656054828e-02
1.354106888322143161e-02
1.359205074156164157e-02
1.362899480951510617e-02
1.366894996771314541e-02
1.366930177845906633e-02
1.374652971749313647e-02
1.379423677472175688e-02
1.382199197611385863e-02
1.382865824542217625e-02
1.390539719107293515e-02
1.391461393466261916e-02
1.392204342431684408e-02
1.396995417286918222e-02
1.399819558504974623e-02
1.405616526203744450e-02
1.408537197215038381e-02
1.412182317955377499e-02
1.413136856637605202e-02
1.420233003048448905e-02
1.421994452769495196e-02
1.426892083600672136e-02
1.430745165504467356e-02
1.435969606397758357e-02
1.438242579141461516e-02
1.441195289243623126e-02
1.443362127963708497e-02
1.446693493038729919e-02
1.448992670943107831e-02
1.454305428839498468e-02
1.458206147765193222e-02
1.458878752641410044e-02
1.462293539205549928e-02
1.464116922231088226e-02
1.466271076642621830e-02
1.470082806878470622e-02
1.479582142134778198e-02
1.482108603290057530e-02
1.484758941411924715e-02
1.489965857150831081e-02
1.490964733021415446e-02
1.496701543853937166e-02
1.504259241637979742e-02
1.504640559169089127e-02
1.507052880185106962e-02
1.508481629202552618e-02
1.514160216987356714e-02
1.521187720835250751e-02
1.525952736304826869e-02
1.530504298300844682e-02
1.533237224870576468e-02
1.538692324148544822e-02
1.540798692540621025e-02
1.547683121288339486e-02
1.548961638303331112e-02
1.552772581762746837e-02
1.554566037607407920e-02
1.558337709162621078e-02
1.564141921118547898e-02
1.569871235308038099e-02
1.574136442740779740e-02
1.576448761831143047e-02
1.578785383406669518e-02
1.585801376700184465e-02
1.588991550438838274e-02
1.593183562332404005e-02
1.594864129759995808e-02
1.599138914811572970e-02
1.600901199700456926e-02
1.607318291092465698e-02
1.609330324378125537e-02
1.614322254459286260e-02
1.616073248178440808e-02
1.621161563027846003e-02
1.623170421021143811e-02
1.626527730391935656e-02
1.628699736865307432e-02
1.630605524808016737e-02
1.635560410414270416e-02
1.639298173368801056e-02
1.642544233796479694e-02
1.644007306385365449e-02
1.648653804632211478e-02
1.652112281657058465e-02
1.652510281252455096e-02
1.656631618859302421e-02
1.658206987289126758e-02
1.663606363073325684e-02
1.666823469131575863e-02
1.671951342713489524e-02
1.674834645795252042e-02
1.681075653658348906e-02
1.683939406138493591e-02
1.685069521102480414e-02
1.688637531776832415e-02
1.694080648980757914e-02
1.699929454864692810e-02
1.702939812515524148e-02
1.706372667357407280e-02
1.708934760565027772e-02
1.710817254789852651e-02
1.717760652038127084e-02
1.721801598859739463e-02
1.724451842251042977e-02
1.725887896902031024e-02
1.730119821678828551e-02
1.731907669029393235e-02
1.737357033158802924e-02
1.741955153215890909e-02
1.743801415064090421e-02
1.747656338707483104e-02
1.755278280228695156e-02
1.758092700212963641e-02
1.760110195532664512e-02
1.763689060233895531e-02
1.764852709621387086e-02
1.769066012002528526e-02
1.774767123144310385e-02
1.776742177321946614e-02
1.787643082567616157e-02
1.790161214888929750e-02
1.792694496610724997e-02
1.795725547436086839e-02
1.799025544611801766e-02
1.801859685527575777e-02
1.808286709768850906e-02
1.813018534885281127e-02
1.814516331993339462e-02
1.820463345272146927e-02
1.825452439446584307e-02
1.827643715071448904e-02
1.832061570556310290e-02
1.832871811580198684e-02
1.838098871787778588e-02
1.843928452982449701e-02
1.844474552334589637e-02
1.846985897802345955e-02
1.850494727463621036e-02
1.855782722962070336e-02
1.860095424408049133e-02
1.863266823365611682e-02
1.868298529961612275e-02
1.870533940043465557e-02
1.875167683496145252e-02
1.877394289149818610e-02
1.881867253153441527e-02
1.883780644081915409e-02
1.886091850742023165e-02
1.898210963358332518e-02
1.901198085834612111e-02
1.902945366849556272e-02
1.906751855272213053e-02
1.907357154134737068e-02
1.913248768974106298e-02
1.915113603694746161e-02
1.918473725749830078e-02
1.919877161849382896e-02
1.921815620717226211e-02
1.927561230405501133e-02
1.933242615194014427e-02
1.938920677635954173e-02
1.942865968248844513e-02
1.946625002329882906e-02
1.947285685092354363e-02
1.953380467260083797e-02
1.956714824496680327e-02
1.958826588601823154e-02
1.962011033048079861e-02
1.966936174830748868e-02
1.970726287320978543e-02
1.974196926618663681e-02
1.976672431420422801e-02
1.980189036094209126e-02
1.982621447173784843e-02
1.989430413218117033e-02
1.991944440253140200e-02
1.994968963317152871e-02
1.997321971978500629e-02
2.001895552307856110e-02
2.004384687289082964e-02
2.008605822032109162e-02
2.013050103781937467e-02
2.018064941455459047e-02
2.020288083589995981e-02
2.023156847335905520e-02
2.030146335083701792e-02
2.033775514227792111e-02
2.037013219909351164e-02
2.040626483842974959e-02
2.045210789044433347e-02
2.049530787997576320e-02
2.053599066320047073e-02
2.057659447886088164e-02
2.061586273424607235e-02
2.068001645387452028e-02
2.070547172125939556e-02
2.074012780337524883e-02
2.075501547025538490e-02
2.077760760040670007e-02
2.081887111289497383e-02
2.084986421916246863e-02
2.087121825202753467e-02
2.092562175415284276e-02
2.098757094056347486e-02
2.101482897198237235e-02
2.105582639198498238e-02
2.106151347823853950e-02
2.114136477204736630e-02
2.116023445127564184e-02
2.118930145317952582e-02
2.123907622026376465e-02
2.128527414807558638e-02
2.133208317430575554e-02
2.138487403787289395e-02
2.142677839219942273e-02
2.144032128864801698e-02
2.149892258132753836e-02
2.160318344421018055e-02
2.160926040135260212e-02
2.165865773652604978e-02
2.169723968466238592e-02
2.172138603208857016e-02
2.173349476406485556e-02
2.180695548344527973e-02
2.186581952922551225e-02
2.187479835430773331e-02
2.189789474711839948e-02
2.195159407538847113e-02
2.197298102898815123e-02
2.198302359905322106e-02
2.203042521446688454e-02
2.207817364356225859e-02
2.212593362600111593e-02
2.213115151493761854e-02
2.218476629215895835e-02
2.224661770664521088e-02
2.225088861624033992e-02
2.232656990013092563e-02
2.237358493054943803e-02
2.241344872697399390e-02
2.241936588977319275e-02
2.247417738701519216e-02
2.250793407832637691e-02
2.253893567200968701e-02
2.259458877672355578e-02
2.261564676240853181e-02
2.267175440519859919e-02
2.269062400270552976e-02
2.277385659249630059e-02
2.279127645959865001e-02
2.282652046352743810e-02
2.287132489721988363e-02
2.290999703531679602e-02
2.296982674034346930e-02
2.300659517789825290e-02
2.304175662120805032e-02
2.308176694104002724e-02
2.308818666309492285e-02
2.314119140223788729e-02
2.321881224231932273e-02
2.324502303132984157e-02
2.326463725068515787e-02
2.332522998492319796e-02
2.335447509377050479e-02
2.341939153187615197e-02
2.343895106632163869e-02
2.350545201521068300e-02
2.353953924945802537e-02
2.356790104078509973e-02
2.361215553446649462e-02
2.366484527570935845e-02
2.368570858031964627e-02
2.371979743958563258e-02
2.376160956809087246e-02
2.383948861938305769e-02
2.387458152919108567e-02
2.389688136578859215e-02
2.391690193577551346e-02
2.394708631923592873e-02
2.395710717940477755e-02
2.402276674074165994e-02
2.410932595170142689e-02
2.412000989173751497e-02
2.416064476116380061e-02
2.424258184565894828e-02
2.427566114586511212e-02
2.428252521011581982e-02
2.431618437713675349e-02
2.432341124739758123e-02
2.442270304406492232e-02
2.443731787076577899e-02
2.449688404564703131e-02
2.452322323796648357e-02
2.455287345142975405e-02
2.460732928503017378e-02
2.462215159955547308e-02
2.463339493808147651e-02
2.471694696125004143e-02
2.476874504718766176e-02
2.478347639434734517e-02
2.485394672519494058e-02
2.490547588455131051e-02
2.492436418073065013e-02
2.496048169512776402e-02
2.498467184897372809e-02
2.506152823442989175e-02
2.510055885855957264e-02
2.512878194603394497e-02
2.514179152536425571e-02
2.518868800874002334e-02
2.524551801783147739e-02
2.525514050925603896e-02
2.526302111439834158e-02
2.535055389243805538e-02
2.542300684384614373e-02
2.546002652608185882e-02
2.548355926658962128e-02
2.553218536990854715e-02
2.554464082487949150e-02
2.558247089240051758e-02
2.566654166678110360e-02
2.568448091581909676e-02
2.573695822983654291e-02
2.577221047780851870e-02
2.582567810191345806e-02
2.588461216069646090e-02
2.590165912080375638e-02
2.595442662982552079e-02
2.597772244913632358e-02
2.605230387741318265e-02
2.609374239307835075e-02
2.615787646992947385e-02
2.618278634581597264e-02
2.619429130173793474e-02
2.625321598812861007e-02
2.628097089720735427e-02
2.630392443252999035e-02
2.634386960956043230e-02
2.637102829780720720e-02
2.641675267178123301e-02
2.646551334977470527e-02
2.653500112849752068e-02
2.654444228031127909e-02
2.659304124573309835e-02
2.662728054105139089e-02
2.667440228383578457e-02
2.673307062676367682e-02
2.677623711183796731e-02
2.683699522768197634e-02
2.687767154313410942e-02
2.690394509030351322e-02
2.694934623247485436e-02
2.699687183149713718e-02
2.700466239007615413e-02
2.704010570960391213e-02
2.707432185373685740e-02
2.715700778141564090e-02
2.717440605361471154e-02
2.729524326735503423e-02
2.731129963341288880e-02
2.733849976905358692e-02
2.740668351698934135e-02
2.742670495302046083e-02
2.749910862042646842e-02
2.751617864136443256e-02
2.754187851731436029e-02
2.756131911593650771e-02
2.758147397482297106e-02
2.766794317226973013e-02
2.771558446138730133e-02
2.780142031091618893e-02
2.783946248847190413e-02
2.786566082268670738e-02
2.791166972611131350e-02
2.795388042363876335e-02
2.799420679497814993e-02
2.808131169328662025e-02
2.813204504512104021e-02
2.815854231149991435e-02
2.820983745803968407e-02
2.825715983641274853e-02
2.828873490036096922e-02
2.832437893986719524e-02
2.839699190339504964e-02
2.840530776274701949e-02
2.843724746778292928e-02
2.853090971385130112e-02
2.855966458386772697e-02
2.856783958094215661e-02
2.861760107846166024e-02
2.863017624701272995e-02
2.865892361512366662e-02
2.873741325224987361e-02
2.875217485427631822e-02
2.882896046591274658e-02
2.886323454627903393e-02
2.888464839534211556e-02
2.890990064287667430e-02
2.901405836530298113e-02
2.908847930636990556e-02
2.912548638152040459e-02
2.918598723103996151e-02
2.921687637593866488e-02
2.928113931404054820e-02
2.930103933334016891e-02
2.932357951923356132e-02
2.939558863221864576e-02
2.942277071673218142e-02
2.944426984839363173e-02
2.951295489818341056e-02
2.952477343254856015e-02
2.962471596083518510e-02
2.965306550956246442e-02
2.966788711481591415e-02
2.975730363550091115e-02
2.980621493378412742e-02
2.984658496260889082e-02
2.988958751357139246e-02
2.994879292027878212e-02
3.000652125941502199e-02
3.005419728530044077e-02
3.007576971744573002e-02
3.012124027800036977e-02
3.017309906911353617e-02
3.028496142673222161e-02
3.029518587587827841e-02
3.032935313866847934e-02
3.037612188094766449e-02
3.042069937281487862e-02
3.048693154952798398e-02
3.049555779341126330e-02
3.053331521816266686e-02
3.059348105905439902e-02
3.061836800282625309e-02
3.070691322998462397e-02
3.072656092627495603e-02
3.075949495221439248e-02
3.082963606995586456e-02
3.088813700321645095e-02
3.092569656139347589e-02
3.096494492391432124e-02
3.099811397610842748e-02
3.107131789083170115e-02
3.115964691052802715e-02
3.120962524141481995e-02
3.125456152466551951e-02
3.126697822931485959e-02
3.132144483470961777e-02
3.134004494961790260e-02
3.141697860408790288e-02
3.149753483026709877e-02
3.155692884938775949e-02
3.158902729216615801e-02
3.160938463549078925e-02
3.164656825324919237e-02
3.166275984459761272e-02
3.173645430612426904e-02
3.181801051596244018e-02
3.185635367477532981e-02
3.194395751607685685e-02
3.195385845124447399e-02
3.200208871959091955e-02
3.202587223690041979e-02
3.206335686534545620e-02
3.213922854300876875e-02
3.218158868046980953e-02
3.226672093762553845e-02
3.228704683024977845e-02
3.232830248871735451e-02
3.234087115060019918e-02
3.249500401061898580e-02
3.252062059236339453e-02
3.254845387017486075e-02
3.267133596463063505e-02
3.270674109858247997e-02
3.273956981511253611e-02
3.274720987192883404e-02
3.278638576972101731e-02
3.288714192527025099e-02
3.289276744736800706e-02
3.293881305426982903e-02
3.299950137910296483e-02
3.302603281392264140e-02
3.308843641626355025e-02
3.316166600485129928e-02
3.320885200673800303e-02
3.321341076611288023e-02
3.330000748028991847e-02
3.333796895524286652e-02
3.335902170792026666e-02
3.343944568962403663e-02
3.346949329447036769e-02
3.356255174995041030e-02
3.363329578658269536e-02
3.369611205003329030e-02
3.372701821853506948e-02
3.376111949406693236e-02
3.381657277940815221e-02
3.385530077019263673e-02
3.390409300922508223e-02
3.401531378322384530e-02
3.404335994945353189e-02
3.407031191441081686e-02
3.413988891849061014e-02
3.418689997353779181e-02
3.424131448003062822e-02
3.433526796081704663e-02
3.438643678683642180e-02
3.442228210420527484e-02
3.447713188480012320e-02
3.457930503234611652e-02
3.460265522036747726e-02
3.471009495778544507e-02
3.473610475889212651e-02
3.482593263087968571e-02
3.487738186621101855e-02
3.491360299204129825e-02
3.497331734613106508e-02
3.501030452742047439e-02
3.505747937466832664e-02
3.508670018563298659e-02
3.517266775235218523e-02
3.520540200027857947e-02
3.522323283678403805e-02
3.530615126230270823e-02
3.531959555993845895e-02
3.537240544976121698e-02
3.542688150779230161e-02
3.550461038202652048e-02
3.557462777345586635e-02
3.563461760997070626e-02
3.569178096897049346e-02
3.574972829988717904e-02
3.579473284754009638e-02
3.590241755757572761e-02
3.594469587912629827e-02
3.602559549841530956e-02
3.607126465924903602e-02
3.608272429452785007e-02
3.615147049233203430e-02
3.622237301210092658e-02
3.625255307027493157e-02
3.628946573598525877e-02
3.634236469810166181e-02
3.644445676598751654e-02
3.651969273993196236e-02
3.655447041358806520e-02
3.665453607359309834e-02
3.669128129247667403e-02
3.671565953312178054e-02
3.676337185322634676e-02
3.688759172159011834e-02
3.694323267951789280e-02
3.701760361622521284e-02
3.705045020928576099e-02
3.713185075968365723e-02
3.724177797851134508e-02
3.728918072759077745e-02
3.733909400313299015e-02
3.737204082621786022e-02
3.745837082967502785e-02
3.754455451304342800e-02
3.761575152278742035e-02
3.765048566159630294e-02
3.770670018039331411e-02
3.775100549451942261e-02
3.785756770679635924e-02
3.788767100487119149e-02
3.806750732336759008e-02
3.811054761292683585e-02
3.814093695085719882e-02
3.815724392521102626e-02
3.822071068286714279e-02
3.825831791776522495e-02
3.836542381460349149e-02
3.839899476816810431e-02
3.847346936677322610e-02
3.852399094959169101e-02
3.860254909523916367e-02
3.865832500777176273e-02
3.873689521706693423e-02
3.878698526676107455e-02
3.884719741425449874e-02
3.891422490877863988e-02
3.900638967023245529e-02
3.909577110381050324e-02
3.915578496674976955e-02
3.927410398879539050e-02
3.937082048974255982e-02
3.948763677458743543e-02
3.957883657554984308e-02
3.965805217402454397e-02
3.969632151259370328e-02
3.977613915459568550e-02
3.982629152001890965e-02
3.998656651986087079e-02
4.002965600287947817e-02
4.011396790486722319e-02
4.017665067891502267e-02
4.021868297176918461e-02
4.022786060998613522e-02
4.037144851122004968e-02
4.045431256052435531e-02
4.050193292336597833e-02
4.063711452323941903e-02
4.069002107906982690e-02
4.081702576863326798e-02
4.094829323551828215e-02
4.101661484924239154e-02
4.112199905966932439e-02
4.124050084451887782e-02
4.133856043981686684e-02
4.136249760110041751e-02
4.161393569715851615e-02
4.165071073000733981e-02
4.171678659692244079e-02
4.190269875718330428e-02
4.204435186000565067e-02
4.210661303343010003e-02
4.218199991672445109e-02
4.243267800019162594e-02
4.253941357283575614e-02
4.263043489250245566e-02
4.273270986042355252e-02
4.295432981381613891e-02
4.297695589506116132e-02
4.306691902527497173e-02
4.318246115455103701e-02
4.328096984875767078e-02
4.351738851972965921e-02
4.368629161691506280e-02
4.432542675059224918e-02
