-4.370708840911198545e-02
-4.351944879014955914e-02
-4.340157276338999642e-02
-4.331466784464023390e-02
-4.297576978896071320e-02
-4.280970444212982284e-02
-4.264571612108937482e-02
-4.252771286389576966e-02
-4.248031937947674419e-02
-4.233703689871756021e-02
-4.226558714127917615e-02
-4.202516104506067579e-02
-4.200871925523742140e-02
-4.190598156169563632e-02
-4.180184775704668537e-02
-4.165101615491344222e-02
-4.158471417097357042e-02
-4.152945834758164922e-02
-4.143360292117315852e-02
-4.134536955844866218e-02
-4.122427396864013910e-02
-4.117246967447700523e-02
-4.108660325340404706e-02
-4.100013686357226184e-02
-4.092948452746173610e-02
-4.082362285502745547e-02
-4.081020471396815813e-02
-4.066041291339807934e-02
-4.064689147250481749e-02
-4.049127942234031358e-02
-4.043160688217863757e-02
-4.036889545708848004e-02
-4.029646552021498573e-02
-4.020907926663472298e-02
-4.010913297588227650e-02
-4.006159350151330262e-02
-3.993434684432922016e-02
-3.990573761069143854e-02
-3.978644088039158533e-02
-3.963008331388667704e-02
-3.958622292413523786e-02
-3.951915258555761812e-02
-3.940990802594866727e-02
-3.932371340809533850e-02
-3.927227459407774818e-02
-3.926235098338923951e-02
-3.913803428252230626e-02
-3.906258683308017066e-02
-3.902108285213647110e-02
-3.900534164523802166e-02
-3.892972191725645181e-02
-3.888369083530078540e-02
-3.875627901592089419e-02
-3.865557116852658126e-02
-3.858712967877923200e-02
-3.848309134437359613e-02
-3.844213150846131216e-02
-3.841798235614547752e-02
-3.836437476171930538e-02
-3.827015082404434249e-02
-3.823027902207423029e-02
-3.811500546143038737e-02
-3.809945313641791703e-02
-3.790185855922565544e-02
-3.786057840557804921e-02
-3.782241028198728844e-02
-3.769668942357532609e-02
-3.767382585559599789e-02
-3.757683731414125650e-02
-3.754271862127831622e-02
-3.749235458241855640e-02
-3.747026049553778965e-02
-3.742431601312073280e-02
-3.736219274120960304e-02
-3.726935570159444627e-02
-3.718441230247168661e-02
-3.714935067107117544e-02
-3.710469669478907995e-02
-3.708209337383091414e-02
-3.699631977333867755e-02
-3.693219025752905726e-02
-3.687983038871994745e-02
-3.682882416414740012e-02
-3.673390065628661522e-02
-3.668873909457832927e-02
-3.664433527478990621e-02
-3.657884124347004356e-02
-3.645241557104755142e-02
-3.641945078740126823e-02
-3.639124348289544952e-02
-3.624435075397016565e-02
-3.621215635520945442e-02
-3.618821809218765451e-02
-3.611442269775275160e-02
-3.605099503025803453e-02
-3.598090364798718632e-02
-3.594257308470496376e-02
-3.585921364505543357e-02
-3.576256597417944855e-02
-3.574259436800072270e-02
-3.564909483285365333e-02
-3.560095841020430307e-02
-3.556918397816551114e-02
-3.551465103544840934e-02
-3.542879060874209313e-02
-3.536795033499301466e-02
-3.531086092712961561e-02
-3.528561291912433312e-02
-3.525001818990265712e-02
-3.518662849691685246e-02
-3.514843530865852106e-02
-3.511475686138147700e-02
-3.501828786209598005e-02
-3.494971091771026384e-02
-3.490860907746720643e-02
-3.487986727606651877e-02
-3.481033201333771226e-02
-3.479001627430197002e-02
-3.472875487761505064e-02
-3.461077410780455388e-02
-3.454735425819572409e-02
-3.449485209033287952e-02
-3.445343778483705294e-02
-3.443017604659297237e-02
-3.435445079375398780e-02
-3.432082757149858276e-02
-3.425672696850882992e-02
-3.421153503484477415e-02
-3.414265820074457308e-02
-3.413424054701101606e-02
-3.400751238484209932e-02
-3.399955253138732536e-02
-3.396880686747487388e-02
-3.387818590446099731e-02
-3.384334612850940782e-02
-3.377905683234408429e-02
-3.375630808536878719e-02
-3.370629172635831311e-02
-3.366938094104336698e-02
-3.359276023432122837e-02
-3.356926605123542601e-02
-3.344976484212921347e-02
-3.338741507228842192e-02
-3.336236188382750434e-02
-3.332060237871722896e-02
-3.328974961508314456e-02
-3.325493617717117240e-02
-3.311509209627110095e-02
-3.308272166164412387e-02
-3.302589416328612082e-02
-3.298571615846312283e-02
-3.298074563634111750e-02
-3.283969116567381219e-02
-3.282699245047793896e-02
-3.278336682942338542e-02
-3.270620763960511296e-02
-3.265963752729483111e-02
-3.262153053234079225e-02
-3.259521016139474425e-02
-3.253902585727097563e-02
-3.250802992811457903e-02
-3.248402598868597307e-02
-3.245341679960216108e-02
-3.230413639157982825e-02
-3.226823499629297154e-02
-3.222950838370686188e-02
-3.219276296617749195e-02
-3.211420661739308041e-02
-3.209596900658260449e-02
-3.203108093811163348e-02
-3.199186614073020601e-02
-3.192404080390714993e-02
-3.190107101226617031e-02
-3.187535882945633642e-02
-3.184546816080760512e-02
-3.178399644727072926e-02
-3.173219948140856145e-02
-3.169484649097567552e-02
-3.162467218293798371e-02
-3.156950967650214157e-02
-3.148985829683939586e-02
-3.142681328707458421e-02
-3.140720419235049077e-02
-3.135153554067318660e-02
-3.131929541252878590e-02
-3.127691812599796978e-02
-3.121696781307096991e-02
-3.113685544777934980e-02
-3.111437802980726239e-02
-3.108095609685445487e-02
-3.100152156736657449e-02
-3.098347920247030568e-02
-3.093435588410078929e-02
-3.089320437360852309e-02
-3.079887228248798930e-02
-3.076295472708230616e-02
-3.072727417897572894e-02
-3.069596220850511273e-02
-3.064355915060935215e-02
-3.062385133269982657e-02
-3.057135109481362231e-02
-3.051806745572148080e-02
-3.045757376801960792e-02
-3.039420859285691529e-02
-3.032054292964444023e-02
-3.027434720696857082e-02
-3.023480559917515742e-02
-3.022026268652882805e-02
-3.019279572273264600e-02
-3.013580878263991472e-02
-3.008789323249744588e-02
-3.007116483270281387e-02
-3.003087539531832176e-02
-2.998771241531409879e-02
-2.990077364641895163e-02
-2.987865741616268014e-02
-2.980242215892995455e-02
-2.975744783217341982e-02
-2.972527046088268773e-02
-2.967571986525631075e-02
-2.963805117080275248e-02
-2.958313609196731517e-02
-2.954162967689813110e-02
-2.949230788090922636e-02
-2.946930219483088684e-02
-2.943853208997897902e-02
-2.939562452252684338e-02
-2.935056131882210831e-02
-2.925604060444750298e-02
-2.923591993810706682e-02
-2.917982984182682094e-02
-2.913866113870652169e-02
-2.908495815759528161e-02
-2.907053398423400242e-02
-2.900797814644398911e-02
-2.899906085048472790e-02
-2.889321325046571159e-02
-2.885908852481320133e-02
-2.881977086128281046e-02
-2.877202716928231943e-02
-2.872687009275133943e-02
-2.869563030332777584e-02
-2.864545298305628401e-02
-2.860173720841372932e-02
-2.858838499679435680e-02
-2.853371539602663626e-02
-2.847549339401689306e-02
-2.841459486215045308e-02
-2.840012296375534623e-02
-2.836166568244225666e-02
-2.832742934817899724e-02
-2.823866509773022976e-02
-2.819116968749503169e-02
-2.815193575337248538e-02
-2.811943965753224001e-02
-2.805913079424010234e-02
-2.803821029815775634e-02
-2.801593339627861043e-02
-2.797208554466422761e-02
-2.794041252522232524e-02
-2.788587962388367619e-02
-2.780651315572218313e-02
-2.780157307212294607e-02
-2.773138578929540757e-02
-2.769293862068625961e-02
-2.766994090244494914e-02
-2.764390981367009781e-02
-2.755063032710732343e-02
-2.752987412004671494e-02
-2.747357534399962400e-02
-2.745139068614968134e-02
-2.738781355038229226e-02
-2.731977601169380959e-02
-2.728540582509269424e-02
-2.724783299820491764e-02
-2.721648397016850421e-02
-2.716943798616747174e-02
-2.715181871703935268e-02
-2.711848897819547563e-02
-2.708311896450244297e-02
-2.698638092160090748e-02
-2.694982207123011037e-02
-2.690428460137298666e-02
-2.685785276611465239e-02
-2.682151302812519483e-02
-2.676301716709657622e-02
-2.672495908162256587e-02
-2.668871704671497633e-02
-2.662497476422362799e-02
-2.656652026253102095e-02
-2.655639338130167532e-02
-2.649029118680506015e-02
-2.646819052265971320e-02
-2.640190257614616690e-02
-2.637810785579249376e-02
-2.631851516152955775e-02
-2.628628199059010809e-02
-2.622525942207656197e-02
-2.620772594421234836e-02
-2.616484455593367370e-02
-2.614687747616974492e-02
-2.608544715965548100e-02
-2.602727161887901861e-02
-2.601744738371005242e-02
-2.599172033610932034e-02
-2.595060085626794619e-02
-2.587607467918958543e-02
-2.586070392254603834e-02
-2.576559733570177660e-02
-2.570735086538351866e-02
-2.569765878654202765e-02
-2.566582217448184003e-02
-2.561077746426856233e-02
-2.559878521221478978e-02
-2.557216091620003948e-02
-2.549428969704154932e-02
-2.549312594169264243e-02
-2.545911336418368864e-02
-2.543336262872264095e-02
-2.534483800548092275e-02
-2.533100773003205478e-02
-2.528964785674568325e-02
-2.526496322910114917e-02
-2.524993426538701957e-02
-2.514694317105935911e-02
-2.510892591602929477e-02
-2.506859082816055920e-02
-2.503307052553759016e-02
-2.495750872047745872e-02
-2.494272653679532534e-02
-2.487784547801654908e-02
-2.485820546676548864e-02
-2.482135784270263906e-02
-2.476700727703627647e-02
-2.476075529418959864e-02
-2.468752230333863193e-02
-2.468040274613227461e-02
-2.463696057713788551e-02
-2.459725559732316158e-02
-2.450073543357010261e-02
-2.446546092535088063e-02
-2.442898808703337921e-02
-2.438440952811923509e-02
-2.436182730997606821e-02
-2.427570918084768353e-02
-2.423739961053920575e-02
-2.419974348693917227e-02
-2.419120142477841282e-02
-2.415148701726605937e-02
-2.411502503339613482e-02
-2.410963087868089882e-02
-2.404541355929173951e-02
-2.400024544133593299e-02
-2.388812112031574175e-02
-2.383890123403741707e-02
-2.381376284503791685e-02
-2.378539514787205919e-02
-2.373907879773722029e-02
-2.371539593237673160e-02
-2.369286781534056530e-02
-2.363812137328188609e-02
-2.359809499012254300e-02
-2.356187798961617216e-02
-2.354423462147815088e-02
-2.346071789322124249e-02
-2.341574506010888138e-02
-2.338755243091890021e-02
-2.332917403279437946e-02
-2.328535607998315562e-02
-2.325939019054590676e-02
-2.322889105367927087e-02
-2.320092496655281819e-02
-2.317665415551051211e-02
-2.313551074164333504e-02
-2.308379397661315668e-02
-2.304113440902816681e-02
-2.299324644427391123e-02
-2.297383813603692468e-02
-2.294609842662953189e-02
-2.288220265859742045e-02
-2.284972051822003331e-02
-2.282039538366332013e-02
-2.280615018282691059e-02
-2.274766072849926379e-02
-2.272720153875901899e-02
-2.271341329103531564e-02
-2.265367767530188439e-02
-2.257321872109233421e-02
-2.253608669338888135e-02
-2.249962539303097461e-02
-2.249471766037309042e-02
-2.245709081999451920e-02
-2.237945918372905019e-02
-2.234273492843887043e-02
-2.227448131067899170e-02
-2.226388535352453665e-02
-2.225589960018055369e-02
-2.219785234954478603e-02
-2.215233841711534632e-02
-2.213559245605355510e-02
-2.207504343441860431e-02
-2.205112917377077125e-02
-2.197129971383174687e-02
-2.190119810326972630e-02
-2.186843331064046089e-02
-2.185109207839279824e-02
-2.180178738551572654e-02
-2.175673596775350160e-02
-2.170337050151353864e-02
-2.167643887741651718e-02
-2.164710931719769985e-02
-2.163000275500233383e-02
-2.158411707562440593e-02
-2.155165172938330181e-02
-2.149836714969821302e-02
-2.146467442041905677e-02
-2.144026852451579729e-02
-2.140116527790579884e-02
-2.138477010672692330e-02
-2.135855731885660802e-02
-2.126047650472517175e-02
-2.123636997428810652e-02
-2.118971658763431007e-02
-2.116747566502974118e-02
-2.113804233675435629e-02
-2.109259785186649166e-02
-2.107496302200750904e-02
-2.106049639086944938e-02
-2.100363350816179114e-02
-2.096818868851060835e-02
-2.094761871645599294e-02
-2.085070189075226288e-02
-2.082169215205524615e-02
-2.080285850021306587e-02
-2.079648803457717632e-02
-2.072915105440956834e-02
-2.064400605680653811e-02
-2.063262449644258367e-02
-2.060110761163917378e-02
-2.058758416276302780e-02
-2.053793757479637633e-02
-2.050842638825563571e-02
-2.044771807297907432e-02
-2.042424383050052417e-02
-2.040921775313616141e-02
-2.032937044767346713e-02
-2.031831639034688622e-02
-2.027842634722910181e-02
-2.020559830512223820e-02
-2.017761130470663647e-02
-2.011683592620039027e-02
-2.010319515755734990e-02
-2.004857980915773427e-02
-2.002829358301441015e-02
-2.000501307220131988e-02
-1.999494712766905144e-02
-1.994906698997774355e-02
-1.986039799507926737e-02
-1.979905981391322928e-02
-1.977231770887452958e-02
-1.973507879657933339e-02
-1.970108845341430465e-02
-1.968759041220225631e-02
-1.967978962949622213e-02
-1.960834341916399548e-02
-1.956921966248856629e-02
-1.951957935235911976e-02
-1.949943380048429695e-02
-1.946326701592212410e-02
-1.945760562354662340e-02
-1.937394909464410300e-02
-1.934482428903605555e-02
-1.932273131123341328e-02
-1.928186529348311501e-02
-1.919372941800778082e-02
-1.917677268815665137e-02
-1.913774562541516872e-02
-1.911480388548835938e-02
-1.908840157639486029e-02
-1.902559332571139225e-02
-1.901711626554579079e-02
-1.895341673376402594e-02
-1.893193591929785008e-02
-1.890263161728462232e-02
-1.885764219807142816e-02
-1.881306823698939215e-02
-1.879206927117041404e-02
-1.877245690091120314e-02
-1.875339372428558651e-02
-1.871524058450772798e-02
-1.867999811646150338e-02
-1.861350178112962037e-02
-1.860631157686190237e-02
-1.856469358628830627e-02
-1.854046081073108462e-02
-1.848792776205113869e-02
-1.844329015536867039e-02
-1.839732577116466247e-02
-1.835929935679249045e-02
-1.832068186484340708e-02
-1.828603689235391155e-02
-1.820263453750293331e-02
-1.816218517419729284e-02
-1.814724152672310409e-02
-1.808767605764079536e-02
-1.806723221038539565e-02
-1.801881260399889120e-02
-1.797390997800014587e-02
-1.794309945390111516e-02
-1.790965414849882489e-02
-1.786006372388329599e-02
-1.785625644445058141e-02
-1.783751102702240202e-02
-1.779363656057469587e-02
-1.778920859319957359e-02
-1.773333765388979480e-02
-1.768372401133326902e-02
-1.762986451073117466e-02
-1.761984002762967405e-02
-1.757512116960681381e-02
-1.755005657611359224e-02
-1.751086554298872736e-02
-1.748020391175987218e-02
-1.741407357385164195e-02
-1.738806924579244101e-02
-1.737677340106346530e-02
-1.730656666731785961e-02
-1.728481289178350824e-02
-1.727089577373451881e-02
-1.720025271777248649e-02
-1.718203451543520721e-02
-1.713945560280238922e-02
-1.711399779207859947e-02
-1.706860775193604421e-02
-1.703903765860187783e-02
-1.697187278012607034e-02
-1.693133318169230336e-02
-1.690009943924448282e-02
-1.688311606262341349e-02
-1.682861353532014853e-02
-1.679611604777687950e-02
-1.675599073472733291e-02
-1.673821260569666527e-02
-1.664173886741732167e-02
-1.661681600478114723e-02
-1.659013306493689263e-02
-1.656567675881493243e-02
-1.654012849028987236e-02
-1.648801936975040350e-02
-1.647611185086972352e-02
-1.644104826060651531e-02
-1.639675336121009658e-02
-1.635423746847168222e-02
-1.634318260747022813e-02
-1.630091481440328408e-02
-1.627280668618246579e-02
-1.620127964763832043e-02
-1.617709323068791671e-02
-1.613259164750893704e-02
-1.610776526081319007e-02
-1.602468792749621798e-02
-1.600503357942827110e-02
-1.600004618847383417e-02
-1.596081622590696594e-02
-1.593489520162435016e-02
-1.588202960982927972e-02
-1.586578133914975930e-02
-1.582161917224738854e-02
-1.575596806375949288e-02
-1.573465348157675192e-02
-1.571011145690697289e-02
-1.565801919969142877e-02
-1.563520750723082497e-02
-1.560270609330395922e-02
-1.558989705620055996e-02
-1.552976018160003024e-02
-1.551836227936723503e-02
-1.547448585871853168e-02
-1.545530127565960914e-02
-1.536729876589857519e-02
-1.535396899374895895e-02
-1.531019151409401986e-02
-1.529067552694410304e-02
-1.522892231352648146e-02
-1.519883442562561943e-02
-1.517769074712781337e-02
-1.514722373964731347e-02
-1.508832494239114794e-02
-1.508176651624018247e-02
-1.503586059380344203e-02
-1.501158530117576231e-02
-1.497680763037724343e-02
-1.496277463240435444e-02
-1.492646277255472997e-02
-1.486626007674401659e-02
-1.483363772758954091e-02
-1.477282058896205695e-02
-1.474688945862507282e-02
-1.471342579663569190e-02
-1.465409562528192239e-02
-1.463688820390878637e-02
-1.461251550215702209e-02
-1.455105927668420666e-02
-1.453201462387322326e-02
-1.449841142994733739e-02
-1.443919808911621992e-02
-1.441478111070216769e-02
-1.434392217113195610e-02
-1.433045355877793532e-02
-1.432434981154544380e-02
-1.425881925001992040e-02
-1.425416083022002997e-02
-1.421687720723712779e-02
-1.417910867850607354e-02
-1.415813850428514903e-02
-1.412270734129373803e-02
-1.408550025483279802e-02
-1.403944382817850361e-02
-1.398429507913157878e-02
-1.397378298590827919e-02
-1.394815676754333419e-02
-1.391112831135255835e-02
-1.386954023957501919e-02
-1.384362109449919359e-02
-1.380517753590674440e-02
-1.374243304940499406e-02
-1.370757190717042905e-02
-1.368213297826434416e-02
-1.366478753337778580e-02
-1.360395072812741087e-02
-1.357008744379589738e-02
-1.355413304690483017e-02
-1.349729110633582536e-02
-1.348459745090515791e-02
-1.344152771408434720e-02
-1.340349973639806506e-02
-1.338168931536674704e-02
-1.331557465438595877e-02
-1.329818562801302756e-02
-1.327932751867422732e-02
-1.319452664098645644e-02
-1.314985194299614531e-02
-1.314195754672115371e-02
-1.307637860185306006e-02
-1.305353945679534403e-02
-1.303076734122110038e-02
-1.299956436965976625e-02
-1.297083895390026796e-02
-1.293291226198532880e-02
-1.289253090774807389e-02
-1.288189283024228186e-02
-1.283842866792416632e-02
-1.280974686020617918e-02
-1.278404558664623589e-02
-1.276293792001814177e-02
-1.272372402806050233e-02
-1.264115954510240843e-02
-1.260594183752971470e-02
-1.255536099504564462e-02
-1.251551633320536691e-02
-1.248756372168346833e-02
-1.244982206063026571e-02
-1.242561708850217772e-02
-1.240463155841133210e-02
-1.236152558768741951e-02
-1.233538016650478561e-02
-1.227884415801993971e-02
-1.224523128422020171e-02
-1.223091083352651799e-02
-1.220121834474012512e-02
-1.217762715093786800e-02
-1.212441093761056944e-02
-1.208439920800007464e-02
-1.204450014924946140e-02
-1.200266447007279462e-02
-1.197624374761877865e-02
-1.193464602455193528e-02
-1.189900217628110310e-02
-1.187708891781332626e-02
-1.183978428990734195e-02
-1.181352277830718250e-02
-1.177283829651511529e-02
-1.177090103016463496e-02
-1.169125058061213848e-02
-1.166245119602967242e-02
-1.163716163919910861e-02
-1.163143878164124047e-02
-1.158043702980198451e-02
-1.153850149512589129e-02
-1.152777961388729878e-02
-1.148889555129209775e-02
-1.144303180082203997e-02
-1.142360106224494382e-02
-1.140750299102601985e-02
-1.135753327985368662e-02
-1.133271667805126753e-02
-1.130008032331900579e-02
-1.125281170531807796e-02
-1.123648472164304191e-02
-1.121626695815333349e-02
-1.114723623615897739e-02
-1.109712506064527981e-02
-1.106502365674337518e-02
-1.103762343042939686e-02
-1.097801261805787798e-02
-1.096874853196011697e-02
-1.093009963942830412e-02
-1.091719349013015213e-02
-1.089576663128397072e-02
-1.086007608159835977e-02
-1.083668423338292504e-02
-1.077278644802100345e-02
-1.070712234232290908e-02
-1.065321799567095322e-02
-1.062924134666537804e-02
-1.056374998771584042e-02
-1.054570455442575480e-02
-1.051641965018629797e-02
-1.049850262528919179e-02
-1.046375186334545966e-02
-1.040919977706626122e-02
-1.039871576736500595e-02
-1.036022882562507436e-02
-1.035321173946753166e-02
-1.031111726849705083e-02
-1.025676356411444300e-02
-1.020463050106417899e-02
-1.015521781801505263e-02
-1.014396652267940228e-02
-1.011111780992051193e-02
-1.008223391719807911e-02
-1.005641468235538710e-02
-1.000498618599499068e-02
-9.969440031344065783e-03
-9.921037873678067998e-03
-9.909400883957791145e-03
-9.841696863820212013e-03
-9.798306742903327080e-03
-9.769021184882757669e-03
-9.750759711286940273e-03
-9.698647776768992354e-03
-9.672586732325199124e-03
-9.653878994450732984e-03
-9.633693491909293277e-03
-9.591267431248613751e-03
-9.581669374028909530e-03
-9.517006528867839876e-03
-9.488775945828420433e-03
-9.475188987045860683e-03
-9.412155545454839456e-03
-9.388283818824168930e-03
-9.342189381459524433e-03
-9.305964405426593242e-03
-9.290186658248107687e-03
-9.256015682369505768e-03
-9.217445666462386472e-03
-9.189947439503954457e-03
-9.131657585556942833e-03
-9.102940623801188125e-03
-9.082740132341116102e-03
-9.034184767324156262e-03
-8.993933370863772814e-03
-8.985689897001356702e-03
-8.961572135768881495e-03
-8.901928967508833390e-03
-8.865429322704681744e-03
-8.805666161080968196e-03
-8.795508874153515691e-03
-8.786397703857654062e-03
-8.745483093682069123e-03
-8.696675546069948873e-03
-8.667368185888394902e-03
-8.617129058357750337e-03
-8.604582476983148667e-03
-8.572965962702771767e-03
-8.533075642012602144e-03
-8.485331693739557590e-03
-8.440866160301197657e-03
-8.407014130743654598e-03
-8.374092112266180374e-03
-8.342761443658716289e-03
-8.321219022830481787e-03
-8.290724969418919454e-03
-8.248833670908617410e-03
-8.233329357994083331e-03
-8.186202774320212178e-03
-8.155441953338303518e-03
-8.119083549089868221e-03
-8.061382000314891091e-03
-8.037040694919539083e-03
-8.001182451198633055e-03
-7.963921113018621045e-03
-7.946308552292686428e-03
-7.896381823805960140e-03
-7.852921370779666205e-03
-7.839391219564081567e-03
-7.791215596598766689e-03
-7.774539709508069066e-03
-7.724584567965709671e-03
-7.713098621259799510e-03
-7.628277713749164954e-03
-7.621311021452310819e-03
-7.587963769239607428e-03
-7.543466941138200765e-03
-7.527820683780822066e-03
-7.486738062656951402e-03
-7.458716294107793458e-03
-7.415078164173516222e-03
-7.390384846562605449e-03
-7.374480730969708471e-03
-7.334056398342907526e-03
-7.282066818485522647e-03
-7.240975328353586697e-03
-7.214193772813758121e-03
-7.168109514246198341e-03
-7.139001579332046599e-03
-7.133102031931294953e-03
-7.076400142340942036e-03
-7.041470067034256812e-03
-7.014901904333524334e-03
-6.897113741814994703e-03
-6.885713506103993686e-03
-6.856343702836458290e-03
-6.818247717022357657e-03
-6.791310930073257181e-03
-6.745625189708679206e-03
-6.684592736394923823e-03
-6.676489569053883737e-03
-6.621953361540299302e-03
-6.614026489001575623e-03
-6.560867195425401296e-03
-6.545853440802089189e-03
-6.498530668443375062e-03
-6.478253809147912524e-03
-6.423063782642529466e-03
-6.407849987312000568e-03
-6.373668829452563793e-03
-6.348811821905372098e-03
-6.339528818364340360e-03
-6.316749910029717356e-03
-6.290122707811801779e-03
-6.265709490540145345e-03
-6.230753732030401039e-03
-6.209033241697724421e-03
-6.151699503783600829e-03
-6.124592163494802649e-03
-6.093970524812864810e-03
-6.039268347426759651e-03
-6.023743151987684397e-03
-5.994134232645294443e-03
-5.963544018247125475e-03
-5.950928874265070355e-03
-5.887923212396319050e-03
-5.840566430450494853e-03
-5.838017401335755460e-03
-5.783321610936394477e-03
-5.766872955653637098e-03
-5.705467511813558205e-03
-5.695391293111460619e-03
-5.661241400768239791e-03
-5.603717877434448262e-03
-5.573897499818928833e-03
-5.554853306530494784e-03
-5.527119458765905949e-03
-5.476410616874046768e-03
-5.445567618814805937e-03
-5.407345665047076470e-03
-5.392183597886971748e-03
-5.367200724919241744e-03
-5.331979600390385557e-03
-5.305317989455097215e-03
-5.217799585905134700e-03
-5.197217837128524989e-03
-5.165654148543167776e-03
-5.159229640518149355e-03
-5.083834991105693792e-03
-5.042625120162751509e-03
-5.020627029376989285e-03
-4.983260288729324076e-03
-4.949400962925894903e-03
-4.900575452113995444e-03
-4.888196121901304189e-03
-4.841748012003078104e-03
-4.834909964196985356e-03
-4.765870028540370763e-03
-4.733244483129820171e-03
-4.681238596875165504e-03
-4.659921075943818103e-03
-4.633178990509580555e-03
-4.590411636999702956e-03
-4.547402049704046302e-03
-4.532698700093527357e-03
-4.485575734848207784e-03
-4.470690033419683941e-03
-4.430876372240087104e-03
-4.368951382361218466e-03
-4.343527923000901209e-03
-4.293924571158231999e-03
-4.277029796169456652e-03
-4.253708798816392515e-03
-4.236061143141361778e-03
-4.198270214903297021e-03
-4.170455906708197234e-03
-4.151344685758734908e-03
-4.063727147938224656e-03
-4.028480130471030762e-03
-3.990263512851078415e-03
-3.968414031746184643e-03
-3.948059650721608832e-03
-3.929358806483221334e-03
-3.884400657585174773e-03
-3.847968692887408261e-03
-3.805465597700706266e-03
-3.769327988074793259e-03
-3.744857008013282619e-03
-3.725842737483411621e-03
-3.658451194131007774e-03
-3.633991833969700200e-03
-3.614758782896372331e-03
-3.568238072073465737e-03
-3.484135907556241279e-03
-3.450490848817582695e-03
-3.429589939771092357e-03
-3.421280922335734765e-03
-3.385584424512647333e-03
-3.330700730488793827e-03
-3.287786802581778387e-03
-3.274900068469061877e-03
-3.238826685606411692e-03
-3.198045354257953322e-03
-3.159243897052810019e-03
-3.124177246677121988e-03
-3.105422457319526475e-03
-3.029668506443154892e-03
-3.023540225785224193e-03
-2.984868918592993234e-03
-2.948976980323605567e-03
-2.916958565307388018e-03
-2.856930845367766821e-03
-2.821798748124442098e-03
-2.797929378384374395e-03
-2.765620564686078597e-03
-2.718484996413279321e-03
-2.678314285955242773e-03
-2.652350755108835636e-03
-2.641125403794177592e-03
-2.593980885388114457e-03
-2.581389419238560873e-03
-2.565802472302716308e-03
-2.525596887322041108e-03
-2.507374293164647654e-03
-2.429557653383136381e-03
-2.408430986660812546e-03
-2.353987619903030910e-03
-2.327439974770623317e-03
-2.310015697621384170e-03
-2.260207115841967717e-03
-2.242531913821354823e-03
-2.206689622743357709e-03
-2.146923058896720200e-03
-2.102845726232036201e-03
-2.085681970788284649e-03
-2.065003240242390369e-03
-2.026933810931660657e-03
-2.004451396386366414e-03
-1.943552846878952248e-03
-1.911126563424499301e-03
-1.870996272034915198e-03
-1.853007896154517395e-03
-1.836981641872267694e-03
-1.825402293312078459e-03
-1.768909563024189053e-03
-1.742050476462541275e-03
-1.698591006687617203e-03
-1.692708849504081245e-03
-1.655516887324842614e-03
-1.608457716782322067e-03
-1.557029899375217451e-03
-1.511987856369848959e-03
-1.499924845291546746e-03
-1.484917753663649595e-03
-1.434674953951318695e-03
-1.390843373613881700e-03
-1.383525209971892770e-03
-1.331401361046236163e-03
-1.298030338906030990e-03
-1.280240032584611855e-03
-1.232821138846566453e-03
-1.152459350521450616e-03
-1.146235230637620986e-03
-1.100480622287421930e-03
-1.070522030207894312e-03
-1.034943086611974945e-03
-1.019472737405731095e-03
-9.624830765264768672e-04
-9.497690980304810239e-04
-9.130059664606511366e-04
-9.025637835064615313e-04
-8.592810528481225132e-04
-8.356530026447095416e-04
-7.961507083424755214e-04
-7.725124194326744029e-04
-7.278723549244641268e-04
-6.928707155505777187e-04
-6.780698877788690843e-04
-6.462683318628505407e-04
-5.993434288464512000e-04
-5.537616233781659809e-04
-4.873344936286223730e-04
-4.730368776783745602e-04
-4.478241056836602691e-04
-4.292076365435309646e-04
-4.118342265043845041e-04
-3.560081391329233329e-04
-3.082791329056037391e-04
-2.922963682928479820e-04
-2.497406608447000115e-04
-1.845310707991780833e-04
-1.614024779234181774e-04
-1.421392458167966078e-04
-1.291651467302187557e-04
-1.044867616515629750e-04
-8.248299339267165745e-05
-1.385760251778064740e-05
4.398538957584327113e-05
6.447945423169743886e-05
8.223578098672903775e-05
1.412004346510566187e-04
1.600518382892987925e-04
1.814277945032940565e-04
1.979698184101877519e-04
2.490854382549025471e-04
2.981453726999657100e-04
3.087028073525624082e-04
3.452583450372296702e-04
3.628526911880554004e-04
3.830678373111503837e-04
4.187902433946429754e-04
4.754057777916126707e-04
5.307333277939872956e-04
5.643992753691567726e-04
5.747553218070693094e-04
5.984032090070207392e-04
6.538564774221737033e-04
6.735644971994686394e-04
7.113681933911220013e-04
7.451612706517852071e-04
7.741405982960705484e-04
7.812716395945562943e-04
8.429136166913982903e-04
8.651920150916180387e-04
9.028927570587887879e-04
9.799113512209828292e-04
1.023378785772759061e-03
1.069322511920522837e-03
1.095999318165613058e-03
1.110619845603355539e-03
1.136891089643117482e-03
1.200561883618195269e-03
1.229942905217121891e-03
1.240980281462984247e-03
1.288610979730983120e-03
1.333976095051872578e-03
1.339437505309952698e-03
1.353093776453085512e-03
1.368363213863356105e-03
1.442981800562647939e-03
1.500444812824129701e-03
1.520445341834208335e-03
1.553003399283954490e-03
1.593166528285943880e-03
1.608916541239905707e-03
1.630521561579149513e-03
1.680130913920290306e-03
1.700820902637043257e-03
1.719289243846514308e-03
1.762952294610598859e-03
1.793980079334925055e-03
1.813192270194671253e-03
1.869685370731455137e-03
1.926936718311677036e-03
1.959830833100972836e-03
2.024430406936434442e-03
2.050118994556906094e-03
2.089765234767345693e-03
2.098341666290008938e-03
2.127677203171738241e-03
2.143034362209769381e-03
2.193137685113858391e-03
2.210617110234378273e-03
2.247130771328000997e-03
2.314996082995185965e-03
2.338371068847916196e-03
2.364929449658605479e-03
2.377436989173255591e-03
2.455259773682712081e-03
2.469995993651592867e-03
2.490712585676954378e-03
2.545914969401463866e-03
2.583489731240604104e-03
2.622968028728888019e-03
2.642512740706590754e-03
2.655824753617533167e-03
2.713115131350424779e-03
2.735028876710450790e-03
2.765743535832947651e-03
2.810423079733622743e-03
2.846854355787780972e-03
2.874986885273932667e-03
2.940062475970535352e-03
2.957706832416263140e-03
3.000332790014229034e-03
3.001236895311039723e-03
3.049462165691195319e-03
3.107464794302548967e-03
3.125986147480417504e-03
3.194219545451423056e-03
3.204083897585240006e-03
3.243440002055265892e-03
3.262229506751090045e-03
3.287774152040216606e-03
3.308511161910522840e-03
3.361564418408164931e-03
3.411474943242566796e-03
3.435400111107763960e-03
3.446758949829013905e-03
3.470552799173124824e-03
3.554740498936035959e-03
3.557996745754633729e-03
3.613879724341625271e-03
3.627536411890825482e-03
3.657981769514466290e-03
3.692091700874924713e-03
3.693285919178817839e-03
3.735831110563474396e-03
3.754669551128229400e-03
3.828926719524794204e-03
3.836758653363629701e-03
3.909818285439936245e-03
3.922610892221004529e-03
3.950878473547934921e-03
3.975262114075695311e-03
4.003591388018454961e-03
4.056214891892191872e-03
4.079139577593210095e-03
4.115336807991807830e-03
4.173754408629353450e-03
4.197013553360490548e-03
4.211045631591814505e-03
4.257568631104924166e-03
4.296312170863543847e-03
4.340806076628755429e-03
4.367812786008857390e-03
4.402825570320938013e-03
4.451955099974455425e-03
4.466807551516478909e-03
4.523598664716462631e-03
4.547740641783849791e-03
4.554882065953840160e-03
4.595811157652681701e-03
4.612718979060389211e-03
4.667271803099515455e-03
4.723102483327290373e-03
4.738574991925196232e-03
4.812784840551429313e-03
4.837220281321036493e-03
4.853986469467229219e-03
4.871417431714718943e-03
4.884580577140921337e-03
4.952970391891424809e-03
5.001742669045522970e-03
5.032502241166478610e-03
5.083210667466556316e-03
5.106584039210337184e-03
5.131732553156802441e-03
5.172780047586532023e-03
5.192569294369254844e-03
5.255638415024427995e-03
5.274053809533901620e-03
5.309279190046902776e-03
5.319246667994123254e-03
5.373786317748529065e-03
5.388549941192024781e-03
5.428578850254748428e-03
5.465924225499276846e-03
5.475217218622662613e-03
5.504135415305814322e-03
5.542999827643851733e-03
5.572422782111024868e-03
5.613379194529186100e-03
5.638141283175902158e-03
5.670112895998904133e-03
5.730576149778411274e-03
5.740396328579954952e-03
5.775926754348526156e-03
5.801116560015436192e-03
5.820114205820287392e-03
5.884179736500280700e-03
5.921980154449550671e-03
5.959068606303769000e-03
5.987049800917981605e-03
6.000265958095441811e-03
6.053507752669118509e-03
6.118372317170342467e-03
6.169280781631421122e-03
6.196066344568350488e-03
6.222497834568991616e-03
6.249367933684408898e-03
6.264403862346804193e-03
6.304298276849897020e-03
6.324377413322694597e-03
6.388214765859319237e-03
6.395938727254621425e-03
6.410811538787654883e-03
6.458222571080128073e-03
6.578331430336938589e-03
6.598063747983575617e-03
6.625627090757423530e-03
6.676161188236852222e-03
6.693916305038891124e-03
6.757367377098963401e-03
6.773662413868707273e-03
6.804872854858051538e-03
6.826479111518432390e-03
6.867414174455664828e-03
6.889562308587436103e-03
6.913957304070685386e-03
6.944178135425567097e-03
6.980764413866163108e-03
7.029966194889391423e-03
7.055823578870780433e-03
7.067942792899443820e-03
7.116276962216051133e-03
7.126207597842960755e-03
7.156530904435978724e-03
7.174094477575634204e-03
7.227219854905850109e-03
7.244539441033883385e-03
7.288185247900306162e-03
7.323211176199854663e-03
7.353494039209494508e-03
7.443337030382194547e-03
7.452015864713527546e-03
7.478542287547092389e-03
7.556931487638322321e-03
7.590538557437072169e-03
7.599604920934379358e-03
7.626776764886745996e-03
7.661867747270073234e-03
7.680113126881050502e-03
7.698148066691504025e-03
7.768380562858683350e-03
7.822340546700541283e-03
7.848231773475392026e-03
7.906854250521774818e-03
7.924814435852722480e-03
7.982936718194938788e-03
7.998805682736562922e-03
8.028843782472908433e-03
8.035911330814571665e-03
8.056868584309886949e-03
8.092261036173879762e-03
8.122621881097167457e-03
8.161450652844256734e-03
8.218008995440721776e-03
8.264376421216667809e-03
8.304505822512775123e-03
8.322005381623944625e-03
8.365793816166807589e-03
8.440454312885033866e-03
8.470622358134784549e-03
8.491484109164943242e-03
8.510454977213633559e-03
8.542802064127625467e-03
8.586985040443225262e-03
8.606277130286870553e-03
8.662448384486685221e-03
8.725654013564541206e-03
8.731206621652901068e-03
8.783629323956786139e-03
8.805608962432395423e-03
8.821047098303367445e-03
8.868414955127934887e-03
8.903054120256834528e-03
8.938275494539850777e-03
8.954684619694374889e-03
8.975837695086882548e-03
9.018036290379262410e-03
9.032943753746396770e-03
9.075173019143794803e-03
9.100776772352435137e-03
9.127081410988396523e-03
9.169317944642806431e-03
9.208105303045725082e-03
9.235786108132006123e-03
9.291407296096716381e-03
9.306342226074466872e-03
9.320227560220939456e-03
9.368266165104952373e-03
9.370177963142177491e-03
9.413234122846987281e-03
9.452021324504034441e-03
9.491919497661514132e-03
9.518423710207776084e-03
9.529724671098988714e-03
9.554774330127283402e-03
9.623044472424298335e-03
9.640005789715281118e-03
9.685263133160586235e-03
9.732171871072047356e-03
9.759506516968106601e-03
9.775703725155675261e-03
9.817112879524865499e-03
9.859269224948508104e-03
9.887860101458114531e-03
9.927272721188635726e-03
9.952304712100160447e-03
1.001429039085314186e-02
1.004636786927808750e-02
1.007244578424699999e-02
1.012023003923206467e-02
1.013951815016883064e-02
1.022207098372634668e-02
1.023232788432188768e-02
1.027242135296184931e-02
1.032483752155350341e-02
1.034757210088087763e-02
1.037631280850096968e-02
1.040313034291174242e-02
1.042562638524270786e-02
1.050475847203168403e-02
1.055271930442628139e-02
1.057610685066677145e-02
1.060919537004475707e-02
1.063211185028926746e-02
1.068421726178403128e-02
1.070578441927147288e-02
1.074039523757921652e-02
1.077853441990222864e-02
1.082240808661412770e-02
1.083526101147470368e-02
1.088858095259282593e-02
1.090052810733782400e-02
1.093672886125655712e-02
1.096523973748604261e-02
1.097487958944875878e-02
1.102717117445552175e-02
1.104242273747053568e-02
1.110786713497448688e-02
1.113389496983262575e-02
1.117244409052133708e-02
1.120949494633570291e-02
1.122467234026594714e-02
1.127226947838408377e-02
1.130463454748248907e-02
1.131821865871403612e-02
1.134810904104787549e-02
1.141659512416405391e-02
1.144047116923570945e-02
1.147448911453666578e-02
1.147702021947633391e-02
1.153134278608223574e-02
1.157135363546547488e-02
1.158612088048529588e-02
1.165873791624235517e-02
1.169157395492555207e-02
1.175333478705910609e-02
1.176699484200802517e-02
1.182964916440049086e-02
1.185608477035139142e-02
1.188359525150649645e-02
1.194373149592675015e-02
1.196159562205499974e-02
1.197247431006811733e-02
1.204914096051449418e-02
1.208123670100706877e-02
1.209064935958654129e-02
1.211369235207557932e-02
1.217650770807983049e-02
1.221761489721637922e-02
1.224765174503249579e-02
1.226255397661920633e-02
1.231474355469538984e-02
1.234652559784201430e-02
1.236254682775322564e-02
1.241682220723756488e-02
1.246780456201877774e-02
1.250215988895587993e-02
1.253928260574098570e-02
1.257774630101125661e-02
1.260105975984537191e-02
1.264225330932207056e-02
1.267439140359380954e-02
1.276130438855481095e-02
1.277246718161566090e-02
1.282680021287592106e-02
1.283545190091042384e-02
1.288488002883560711e-02
1.293138832521882088e-02
1.294184099442476782e-02
1.297549694187974910e-02
1.302245567332522246e-02
1.305220522282360754e-02
1.306868360015870159e-02
1.308142360863023303e-02
1.315452078680919533e-02
1.322955166114774678e-02
1.325577441355743104e-02
1.327341375958979511e-02
1.329669092037687878e-02
1.334288708974248720e-02
1.335223051484780467e-02
1.338405896293941820e-02
1.342217067621547834e-02
1.344577401483894492e-02
1.346552620811881408e-02
1.352722683283278000e-02
1.354605244743096147e-02
1.360622107307333378e-02
1.362174039846512225e-02
1.365261457285369545e-02
1.372517875651288466e-02
1.373860812448691841e-02
1.376866057459208252e-02
1.378329758216607220e-02
1.387612763611623112e-02
1.391462391507095400e-02
1.392501131774497372e-02
1.395874216259453127e-02
1.401933177483108590e-02
1.406328832287301496e-02
1.407404759140552797e-02
1.411525682324979263e-02
1.415489459722809283e-02
1.419082625060163853e-02
1.426272260561632123e-02
1.429790848513186330e-02
1.432183644113022881e-02
1.433611578981909898e-02
1.435515948403152768e-02
1.445459374804818585e-02
1.447443096400794632e-02
1.450242450869663850e-02
1.453900778112050818e-02
1.458921630641976143e-02
1.460937216908870032e-02
1.463397059345673823e-02
1.464881170078789589e-02
1.471221350876119466e-02
1.472620957408853765e-02
1.476968566344659395e-02
1.479722921270492687e-02
1.485268580374005803e-02
1.486329048417183232e-02
1.488514088403717836e-02
1.496056335857156618e-02
1.498567930217457704e-02
1.503303408183383032e-02
1.505936837082420300e-02
1.508491702017013096e-02
1.511894111602601204e-02
1.514801340561292009e-02
1.518073590044004967e-02
1.523272104955448840e-02
1.528591147600189513e-02
1.531223324817066779e-02
1.535162450762481319e-02
1.538294337159475805e-02
1.542148623280469727e-02
1.545002816392503954e-02
1.546646845726695405e-02
1.549224475975324172e-02
1.550945262004659563e-02
1.558535517960438557e-02
1.559410134557149934e-02
1.564779936174155381e-02
1.568760888967331638e-02
1.575042601646601051e-02
1.575467921791181419e-02
1.579251042433681140e-02
1.585323278535249666e-02
1.587143328825164207e-02
1.588595652765056529e-02
1.593951903492286937e-02
1.597170384359423642e-02
1.598062973401082054e-02
1.604143447936496464e-02
1.607257651356494912e-02
1.613589857446503725e-02
1.615117923744446154e-02
1.621984932065744997e-02
1.622978865163755141e-02
1.631035754637428711e-02
1.633812254953745380e-02
1.640541554037844643e-02
1.641968446822590286e-02
1.643860388506881640e-02
1.650292045742355815e-02
1.652230665832057563e-02
1.654665239347230879e-02
1.656532431095975380e-02
1.662642656456756601e-02
1.665662523633236469e-02
1.667881379490796998e-02
1.668725732041858797e-02
1.676622357492928150e-02
1.680735285286268088e-02
1.686772676259793921e-02
1.688473968033634906e-02
1.692936251747087853e-02
1.695136020064550234e-02
1.698352923794752001e-02
1.700928839082160166e-02
1.702137367623449138e-02
1.709028378942518966e-02
1.712577542282486126e-02
1.717518699480207259e-02
1.721372052433380040e-02
1.724427889661266089e-02
1.725293387506503240e-02
1.729968431273262719e-02
1.734105727714829043e-02
1.734992986169840712e-02
1.735940798314082253e-02
1.739315894069407009e-02
1.742452758896128120e-02
1.745491617907776391e-02
1.751650411954976463e-02
1.752708996056183757e-02
1.757394442070686277e-02
1.761762334443137817e-02
1.767108105312937064e-02
1.773936354126711204e-02
1.776031513507437404e-02
1.778620952599619873e-02
1.784779857597578942e-02
1.787369340161818268e-02
1.790097944837251362e-02
1.792660932473784732e-02
1.795796217950036341e-02
1.800281170060344382e-02
1.805460494341261379e-02
1.808644274078085104e-02
1.811169872215992113e-02
1.813991846642863670e-02
1.821083039217349583e-02
1.823944576148612065e-02
1.825733043541552872e-02
1.833340064260541996e-02
1.834656542041492380e-02
1.839210915178939726e-02
1.844924289228319983e-02
1.850646483388678626e-02
1.851840881403051323e-02
1.856448271584288517e-02
1.859903817800140011e-02
1.865119361439842097e-02
1.870181696367554519e-02
1.873286443610141724e-02
1.876026862979353685e-02
1.881165894191485360e-02
1.882223663812038553e-02
1.885070832405226493e-02
1.889158431276736702e-02
1.893285133706578555e-02
1.897363342020776458e-02
1.900829747390726798e-02
1.903091075472833696e-02
1.905270429376609495e-02
1.912551926080647766e-02
1.918359823518755655e-02
1.921771559613661903e-02
1.923753802135973537e-02
1.926686969504165861e-02
1.929625091431556860e-02
1.931117226747514418e-02
1.939973478161424736e-02
1.942840431088683692e-02
1.946888143529411364e-02
1.950895218414316554e-02
1.956220898845294903e-02
1.958527471009446561e-02
1.962538878531741929e-02
1.967812407041971343e-02
1.974018204378178917e-02
1.975254682330476394e-02
1.977679958709761820e-02
1.982093812961734092e-02
1.983412903992303605e-02
1.990264054906694044e-02
1.991458475480417309e-02
1.996694911543244952e-02
2.000438570591509327e-02
2.003039352951859267e-02
2.007876584994173347e-02
2.009693668575893502e-02
2.015131404706842558e-02
2.018683971648379746e-02
2.021096201852182889e-02
2.025357125060468777e-02
2.030386039276777660e-02
2.031427980692941324e-02
2.036594201153788669e-02
2.039291026091880066e-02
2.042899534350524349e-02
2.045206898823807504e-02
2.047364677705504343e-02
2.050825942954771428e-02
2.055204395381111243e-02
2.059677213283374678e-02
2.068483051134250086e-02
2.069931303064589251e-02
2.073361930082652516e-02
2.076518680332013408e-02
2.078938831363221287e-02
2.084690229680402976e-02
2.086771599784133582e-02
2.092198689739580009e-02
2.096574032478048383e-02
2.099976628935837364e-02
2.102048193702519760e-02
2.109031785257214908e-02
2.114780649470757515e-02
2.116610433437857500e-02
2.122682734520216913e-02
2.123335773651940581e-02
2.130004290622648094e-02
2.134746321423757962e-02
2.139161878980229067e-02
2.142131214773299736e-02
2.146389033056893270e-02
2.147091656147957772e-02
2.151360101488902082e-02
2.158207840033288943e-02
2.159976658850171205e-02
2.162940879382893936e-02
2.170801058321135402e-02
2.174865736175773598e-02
2.179621561867094853e-02
2.180699920454111720e-02
2.183651876362716765e-02
2.185684322446503070e-02
2.189310444978458808e-02
2.193764201905963260e-02
2.196806281255719862e-02
2.201450503370601733e-02
2.202471216597962078e-02
2.208435512385171703e-02
2.210523010589626747e-02
2.214844869895837495e-02
2.215600019187584369e-02
2.220895134905159773e-02
2.225243751265940442e-02
2.230525309653063129e-02
2.234194194228480285e-02
2.236117583725040492e-02
2.245166748179598659e-02
2.247620829293734898e-02
2.251397655859394692e-02
2.257414349465901304e-02
2.260406472024001356e-02
2.262536543992754376e-02
2.267147197875949913e-02
2.274300687212485461e-02
2.276451844038186734e-02
2.279948676133072144e-02
2.282798843930757340e-02
2.288178874677041647e-02
2.292265274597161603e-02
2.294889389790229564e-02
2.297040699052674273e-02
2.303632198332797656e-02
2.304562143292136420e-02
2.309900573482801672e-02
2.313633396370014250e-02
2.318370247765805595e-02
2.321847672018732128e-02
2.327064148410733918e-02
2.334106899394426324e-02
2.339641981505097279e-02
2.341085035571712630e-02
2.346677559289938805e-02
2.352573921422247347e-02
2.355065036300982989e-02
2.356398293436919381e-02
2.357839676684042596e-02
2.365188145175117773e-02
2.369450381034484202e-02
2.371536325221567515e-02
2.375787349347038141e-02
2.379572876882181734e-02
2.383265585835021502e-02
2.383643020207254493e-02
2.396156362433206691e-02
2.398668535109995878e-02
2.403690999474694320e-02
2.405833851815270680e-02
2.407972548523157341e-02
2.419425036952961919e-02
2.419692949172487853e-02
2.424463191484700630e-02
2.429412570516266412e-02
2.432417589866175608e-02
2.435727964011188615e-02
2.438665636205061132e-02
2.443555122609579466e-02
2.446351571950321560e-02
2.449657068237100915e-02
2.450532142612832712e-02
2.455882468687616352e-02
2.458873826548413702e-02
2.460313899038246363e-02
2.469308096877743941e-02
2.471673119802639956e-02
2.476483377286495605e-02
2.478523845720872337e-02
2.486644359852503705e-02
2.490303380447368709e-02
2.492164537454323592e-02
2.496164515660370328e-02
2.501903914834317788e-02
2.504291145107569172e-02
2.509521219398419198e-02
2.513065415514134995e-02
2.517646464448123136e-02
2.520910340535070793e-02
2.523529887349078640e-02
2.528926381087275368e-02
2.534463919538062354e-02
2.536920361264206544e-02
2.540651229980496126e-02
2.543417281547481756e-02
2.546027013969585223e-02
2.551185387205529703e-02
2.552626247874560661e-02
2.557605488969401028e-02
2.563612101158574755e-02
2.567602147008294158e-02
2.568870750086382423e-02
2.576732419789354647e-02
2.580560185757159453e-02
2.583041127044760979e-02
2.586515972820911322e-02
2.588588800598663406e-02
2.594121079175494213e-02
2.601511395961159101e-02
2.606030295020219170e-02
2.614811600306724340e-02
2.617136800387175055e-02
2.625014075500436625e-02
2.627550229396215242e-02
2.630358761613148591e-02
2.634742270348520987e-02
2.638061188752938158e-02
2.640473935660501634e-02
2.644549068079444717e-02
2.649884855815282450e-02
2.654129934855204223e-02
2.659966470368450159e-02
2.662477553687749715e-02
2.665718759956978504e-02
2.671409834750134576e-02
2.673505108192641977e-02
2.674557806720581979e-02
2.679679794800495993e-02
2.687909367003564823e-02
2.692429034920417949e-02
2.695914190188804932e-02
2.702849138228293965e-02
2.704512675341325112e-02
2.707186314403759939e-02
2.712297460856091108e-02
2.720387321524551927e-02
2.722979986382804626e-02
2.727182905269253180e-02
2.732045473597103508e-02
2.733294433894982098e-02
2.738081230046224279e-02
2.743997360567590124e-02
2.746550841580470623e-02
2.753336612175121337e-02
2.753532645475351148e-02
2.761274155572246772e-02
2.763524390243850617e-02
2.767268893248202993e-02
2.770272553658738313e-02
2.771999408449834362e-02
2.776654002798902357e-02
2.782688606842656162e-02
2.786708855541737001e-02
2.787946927907546460e-02
2.797263397846385183e-02
2.801927451974796368e-02
2.805879109696458179e-02
2.808919859928104418e-02
2.814120845991464892e-02
2.818913025936544206e-02
2.822193818130519158e-02
2.825108094225201386e-02
2.826718091978854680e-02
2.838498640603817277e-02
2.844885310325584449e-02
2.848021409977257584e-02
2.849288515549370029e-02
2.852787993822127402e-02
2.860601715256462854e-02
2.865667861213481299e-02
2.873693407705680061e-02
2.876683658425817705e-02
2.881740225542434725e-02
2.884844652366935422e-02
2.890330292544580557e-02
2.894684140225417188e-02
2.898025870429277520e-02
2.900393968708616169e-02
2.906348988598016561e-02
2.911576907867084729e-02
2.915409838159846445e-02
2.919625683399260790e-02
2.925169604965185272e-02
2.928236368773002446e-02
2.930238230860041440e-02
2.934134766553871815e-02
2.935875401613189870e-02
2.945869942906041705e-02
2.949196504997048801e-02
2.950404927922781542e-02
2.957906757458603902e-02
2.961350744112859965e-02
2.966121658264047473e-02
2.970289776496444489e-02
2.978511683514977262e-02
2.989842283528850939e-02
2.991358073676695511e-02
2.996954794914930345e-02
2.997692309144531567e-02
3.006605574636220246e-02
3.014929114353809628e-02
3.015302628309852323e-02
3.019445428929484060e-02
3.023194845261205702e-02
3.028576227759452455e-02
3.029787403526596617e-02
3.039119464741541973e-02
3.040097482000271231e-02
3.043365712652277427e-02
3.050258043453649148e-02
3.052274583734292807e-02
3.056791419012796010e-02
3.061386759939619187e-02
3.068614902307995745e-02
3.072755780374281098e-02
3.074593240172343589e-02
3.079080888534220517e-02
3.079997887465811893e-02
3.082609395803212124e-02
3.088363590113887142e-02
3.095310538921143897e-02
3.099026887028418289e-02
3.107757454583659137e-02
3.118659233620334204e-02
3.122203803651371970e-02
3.125059132716220128e-02
3.127973521121724110e-02
3.132633823335916751e-02
3.141463237349370607e-02
3.144144130264640846e-02
3.147011646034979931e-02
3.151786372544285869e-02
3.154850161919054569e-02
3.157023474869343621e-02
3.166912874753106261e-02
3.176669345390396859e-02
3.178881009898924803e-02
3.183384609356779138e-02
3.189167621196883212e-02
3.201670380335178145e-02
3.205603126187845514e-02
3.208225049423851089e-02
3.214766833317053013e-02
3.219718506955746712e-02
3.223859232054224200e-02
3.224549423001939891e-02
3.232557932701689285e-02
3.236662334282482817e-02
3.237824322156790391e-02
3.241630076735125404e-02
3.252394240861868763e-02
3.258081254288802686e-02
3.261086004979700526e-02
3.265263901625379411e-02
3.270280852136059346e-02
3.271421604508147757e-02
3.281123184238821794e-02
3.283999564366196083e-02
3.288853398251790489e-02
3.293362064621205981e-02
3.298905828541679602e-02
3.305147512687221095e-02
3.309819274868618100e-02
3.314336742707690159e-02
3.317562511798435865e-02
3.325621902449535372e-02
3.331374169815179420e-02
3.334377025025057895e-02
3.336911294007648132e-02
3.338939255703216730e-02
3.343324567734606151e-02
3.347636413374081854e-02
3.355426675340878601e-02
3.358577813285136549e-02
3.364841672804073924e-02
3.369227650620906789e-02
3.374549715793849491e-02
3.378917603786145418e-02
3.383649604423530355e-02
3.391200323119787641e-02
3.396905200211827736e-02
3.404466922645100341e-02
3.409622171858960049e-02
3.417635683890230675e-02
3.423404610762521144e-02
3.429591663259196760e-02
3.433100086717076616e-02
3.434658513176712391e-02
3.449091879788983989e-02
3.452125033050738173e-02
3.455795019045490579e-02
3.458460602500557091e-02
3.464143425119613900e-02
3.469274938536522079e-02
3.481235518152387548e-02
3.483713641627925878e-02
3.488841261934776811e-02
3.491656058003370089e-02
3.500439010452632144e-02
3.510795198432536263e-02
3.512877150195022058e-02
3.518641533882800598e-02
3.523976882056546051e-02
3.527284615685800234e-02
3.537868561984632010e-02
3.550434619013818904e-02
3.554737437953549295e-02
3.560726094325475377e-02
3.566393051174975015e-02
3.569181228458495614e-02
3.574457096095729619e-02
3.580994797787673961e-02
3.582584266140534379e-02
3.584888797941981897e-02
3.592936854882886749e-02
3.599188418583477295e-02
3.605896068876236760e-02
3.613513182908027754e-02
3.614150043954100777e-02
3.625260109163221806e-02
3.634531143888496130e-02
3.639315573943399662e-02
3.646491383389440649e-02
3.649063070731936587e-02
3.656202982720058864e-02
3.660813007567068067e-02
3.663901234206443785e-02
3.670571478697264023e-02
3.680588479728802431e-02
3.687400324402691915e-02
3.690129450744104173e-02
3.694745496938547230e-02
3.703597578514673805e-02
3.707669828963677805e-02
3.710630690997782782e-02
3.720689903658950387e-02
3.724490575102378659e-02
3.733753054218295897e-02
3.738940194102018805e-02
3.740132685705228888e-02
3.752088671955117888e-02
3.763212094992188922e-02
3.770937805948483545e-02
3.777608708713303676e-02
3.782980012478479731e-02
3.790219398574012910e-02
3.792128935313677368e-02
3.803637183552840278e-02
3.810586516638118926e-02
3.819997068849369931e-02
3.829986494363572108e-02
3.832252472216175071e-02
3.834152801529273902e-02
3.840393691637244283e-02
3.854418141777100210e-02
3.860265658709782083e-02
3.863796451051130371e-02
3.867916613656246366e-02
3.875963513432314350e-02
3.885744789076541611e-02
3.895513783322598900e-02
3.903382117722508510e-02
3.911583040195394656e-02
3.922839299879440217e-02
3.925073935884571680e-02
3.936820903705189056e-02
3.939348702363294763e-02
3.948556712781559758e-02
3.956783332901745581e-02
3.957274306717895040e-02
3.968040349346872719e-02
3.974259382139004593e-02
3.981342468063629042e-02
3.982762109287316110e-02
3.992525718361345649e-02
4.000071149069018422e-02
4.008306619032981494e-02
4.028541845132044968e-02
4.034792969868460089e-02
4.042500754361468690e-02
4.045640296988898404e-02
4.058605179845520966e-02
4.061289270594773543e-02
4.066096128643272717e-02
4.081997103906638558e-02
4.091251072475763501e-02
4.095343450006810881e-02
4.105205014112421613e-02
4.115054102989804813e-02
4.120704897803340733e-02
4.135272556831079416e-02
4.149095437908992962e-02
4.153637419849565138e-02
4.169699893001752034e-02
4.173557820834988136e-02
4.185991550905907715e-02
4.193979509781944892e-02
4.199465829755549828e-02
4.203399859789345994e-02
4.222221985748373513e-02
4.241800373578671207e-02
4.257398543569250460e-02
4.273421024874891200e-02
4.277714943768280015e-02
4.286953064114738116e-02
4.310051713780475163e-02
4.325161823264920408e-02
4.330502069740959498e-02
4.349488290415571418e-02
4.378762990121979476e-02
4.416901792796410625e-02
