-4.441738935391979781e-02
-4.372075548305393022e-02
-4.350763923143975004e-02
-4.336690765558882249e-02
-4.320668266421710813e-02
-4.309553227477745663e-02
-4.293769323413407224e-02
-4.291148584210839612e-02
-4.266684156079941087e-02
-4.257008251473581861e-02
-4.231097440339532528e-02
-4.229706147990646564e-02
-4.210130734526632001e-02
-4.203478404304161753e-02
-4.197536536671196694e-02
-4.189019449558997049e-02
-4.184568170829183753e-02
-4.171626876804198497e-02
-4.153323496471090365e-02
-4.145618386629575103e-02
-4.142820770121602436e-02
-4.124164069281635592e-02
-4.118603048434418129e-02
-4.105651334561230548e-02
-4.102106255808677521e-02
-4.095400411877260505e-02
-4.085025123357378246e-02
-4.068043452779655789e-02
-4.060494250015918294e-02
-4.052577769695883680e-02
-4.045910902647215091e-02
-4.043319630387013502e-02
-4.027869552302174028e-02
-4.020671742962476231e-02
-4.011744876926615078e-02
-4.010139243299382095e-02
-3.999536243500251276e-02
-3.992440955951812726e-02
-3.986493406467340322e-02
-3.964942687645553465e-02
-3.964440875516725415e-02
-3.949067846068628207e-02
-3.946733764919931053e-02
-3.933072188010691694e-02
-3.929760194324054268e-02
-3.928370824903928277e-02
-3.923370564855117176e-02
-3.915585568981824749e-02
-3.910260554909258252e-02
-3.900725893633606028e-02
-3.889280935100469100e-02
-3.876299858841923685e-02
-3.868310656053733365e-02
-3.859802780454976018e-02
-3.852235665109599722e-02
-3.840751799141402245e-02
-3.835012231697757651e-02
-3.825958099770465637e-02
-3.822996776816586090e-02
-3.822014444028221797e-02
-3.813371411141339845e-02
-3.808344908003786361e-02
-3.806219911571348535e-02
-3.801077113626129267e-02
-3.783660213670991118e-02
-3.782591539817050513e-02
-3.773251413264204490e-02
-3.771594139214783092e-02
-3.763965453268608430e-02
-3.758963117386262404e-02
-3.752552501054252226e-02
-3.742191737607977048e-02
-3.731072061272031060e-02
-3.727982007532905373e-02
-3.718611660719376572e-02
-3.710653386992431718e-02
-3.709453287212693962e-02
-3.698915642865877734e-02
-3.698162941013385940e-02
-3.690707372454420099e-02
-3.685437355582708852e-02
-3.681609839343054358e-02
-3.674021147669089687e-02
-3.661378011016640927e-02
-3.661010631363649515e-02
-3.655655081033278020e-02
-3.652965832539672997e-02
-3.649726416569230858e-02
-3.641494487871518859e-02
-3.630191068915757796e-02
-3.628879886693319595e-02
-3.620531713900376064e-02
-3.614457122628082775e-02
-3.606855616093523897e-02
-3.599670787995045557e-02
-3.596311311689449203e-02
-3.593926683033598496e-02
-3.585704416318098720e-02
-3.582432597874304903e-02
-3.570845493120623076e-02
-3.566349697714288336e-02
-3.561824385219795885e-02
-3.554976696513260231e-02
-3.549479167257876128e-02
-3.543721606736807000e-02
-3.534681656766511942e-02
-3.531700601195014722e-02
-3.526549829444756284e-02
-3.520400512858312680e-02
-3.515872790349990062e-02
-3.510811647730035373e-02
-3.501937430737163404e-02
-3.492727392592362423e-02
-3.489231088915174112e-02
-3.482859437560355959e-02
-3.475725635768043414e-02
-3.471750842315672603e-02
-3.462308381950261749e-02
-3.457536327166434859e-02
-3.452361590662024471e-02
-3.449700018147629221e-02
-3.444554646279723853e-02
-3.440350957453299635e-02
-3.435167538271744619e-02
-3.432366689634217677e-02
-3.429183945773192632e-02
-3.426955902429651424e-02
-3.420911252520549006e-02
-3.415393411576689298e-02
-3.411387417561838331e-02
-3.402654825384034826e-02
-3.396400407655122966e-02
-3.387356472761531706e-02
-3.381151212057335181e-02
-3.379289788449851145e-02
-3.376334508639407261e-02
-3.366492916621365017e-02
-3.363115153032194410e-02
-3.359967458040110516e-02
-3.359154691971739243e-02
-3.355656589378178123e-02
-3.351462950949196662e-02
-3.340622363504399533e-02
-3.338173412840817617e-02
-3.330132368022633432e-02
-3.324656062573756038e-02
-3.320662387833855922e-02
-3.315752372910681783e-02
-3.312153133201416189e-02
-3.304720402494883136e-02
-3.293803401581343188e-02
-3.291936595579149361e-02
-3.290221545601812458e-02
-3.282352458714370841e-02
-3.278770390896901255e-02
-3.273854667378000433e-02
-3.264452284340713800e-02
-3.259198349499851932e-02
-3.258486942554574689e-02
-3.251674909856071272e-02
-3.247093589273136738e-02
-3.243926846030825012e-02
-3.237952155430032924e-02
-3.236742306374015832e-02
-3.221968216564138898e-02
-3.219344732929602798e-02
-3.216087725448929513e-02
-3.212907670603333543e-02
-3.209652264837018626e-02
-3.201975626965147120e-02
-3.196419644217902284e-02
-3.195621184641202900e-02
-3.188366792478886103e-02
-3.186215448456673760e-02
-3.178581982824175284e-02
-3.172325491892405425e-02
-3.162043075921543156e-02
-3.159862466446192869e-02
-3.157566869023445411e-02
-3.155438625002191660e-02
-3.144847509863036433e-02
-3.142153308878648660e-02
-3.138273239808348630e-02
-3.134799493780947299e-02
-3.131955276569847735e-02
-3.129533197823616136e-02
-3.125208439850991893e-02
-3.119688824774318955e-02
-3.113767286870917222e-02
-3.110157218918762484e-02
-3.101106253536605600e-02
-3.091158148109181616e-02
-3.087897012069953234e-02
-3.080854179978949683e-02
-3.080266475592084371e-02
-3.074647521714380521e-02
-3.069916885759280470e-02
-3.067949846349439860e-02
-3.064276360032814825e-02
-3.061705908487860617e-02
-3.051007388021416411e-02
-3.047342110825219594e-02
-3.043390133899517500e-02
-3.038659536775421832e-02
-3.034283850778459260e-02
-3.033579231638505735e-02
-3.026895500730045555e-02
-3.023410630726703838e-02
-3.020625769322600809e-02
-3.011639801676892561e-02
-3.008099763099188542e-02
-3.001180998331727176e-02
-2.995642578689202556e-02
-2.991557146103083001e-02
-2.990066007915670107e-02
-2.985041614757314582e-02
-2.980508867879105156e-02
-2.974260830590748014e-02
-2.972000991009422430e-02
-2.966447824044028680e-02
-2.959108648875978173e-02
-2.957086129202574770e-02
-2.950181836082723524e-02
-2.943762978028062818e-02
-2.938852689279894403e-02
-2.933981263771491543e-02
-2.931203277319575570e-02
-2.926431374465495241e-02
-2.923232959144903345e-02
-2.918092494043528565e-02
-2.912943612336322055e-02
-2.906641667430725703e-02
-2.906269411640204428e-02
-2.900905292286777917e-02
-2.891958875603615337e-02
-2.889923030175949384e-02
-2.883653334602442886e-02
-2.880802976838004945e-02
-2.879655408949734902e-02
-2.872614061079427697e-02
-2.864806402818899020e-02
-2.861290384937147449e-02
-2.856511956703342014e-02
-2.853791457110624666e-02
-2.849886174888451029e-02
-2.842705472122748767e-02
-2.841084503915351084e-02
-2.836242259420295245e-02
-2.832390971864302484e-02
-2.830860111662295009e-02
-2.824954255822743204e-02
-2.817237612958928272e-02
-2.817118487973115787e-02
-2.806647992363728653e-02
-2.804413381573088448e-02
-2.802443030842092370e-02
-2.802242091101914828e-02
-2.795570545012332833e-02
-2.790664095626958774e-02
-2.790070265246559489e-02
-2.781199088779757328e-02
-2.779472130773853744e-02
-2.775332976025739196e-02
-2.767984470291994653e-02
-2.766088375478733402e-02
-2.760045846285512361e-02
-2.755130657541038017e-02
-2.751994978372977046e-02
-2.747681913359805231e-02
-2.743732848973909691e-02
-2.735397248604214820e-02
-2.732860643713346666e-02
-2.730361766257495201e-02
-2.729062616901680241e-02
-2.727071386514716422e-02
-2.720531274154307233e-02
-2.710734042218208156e-02
-2.707709254804364918e-02
-2.706148658747654229e-02
-2.701605172450050399e-02
-2.698619045667774788e-02
-2.692802931496911245e-02
-2.686332947853984840e-02
-2.686197300660967194e-02
-2.676818347665405051e-02
-2.674784158868549408e-02
-2.671192845965432439e-02
-2.664841973064110275e-02
-2.663906245297492648e-02
-2.659439241289099365e-02
-2.655286142640696234e-02
-2.649888528683969069e-02
-2.648456205688913545e-02
-2.645094260789494084e-02
-2.639393931659147347e-02
-2.629381300856213632e-02
-2.623838572370595576e-02
-2.622512212683353675e-02
-2.616326990265178953e-02
-2.614752384960274817e-02
-2.612844104195213152e-02
-2.607103607049029645e-02
-2.601746092343698580e-02
-2.599112763832330669e-02
-2.592182280471063902e-02
-2.588903862878231404e-02
-2.586295921324556837e-02
-2.580821025646851466e-02
-2.577498160850895739e-02
-2.574094079230343848e-02
-2.570170569521962670e-02
-2.568447448206161166e-02
-2.560183149202432604e-02
-2.556924493107832347e-02
-2.554458607285903585e-02
-2.544995042365640406e-02
-2.542093608175145097e-02
-2.540184133531117258e-02
-2.535978109173525966e-02
-2.531485017840889862e-02
-2.526508705386245821e-02
-2.523151655748004721e-02
-2.519040770529109435e-02
-2.517317536678610398e-02
-2.511368666717386094e-02
-2.504560408183611683e-02
-2.499201846611440875e-02
-2.491859392865448594e-02
-2.487342672077714686e-02
-2.484907449665288079e-02
-2.478364317661527899e-02
-2.478021299717405451e-02
-2.476048295246593284e-02
-2.474422375652151826e-02
-2.470761094508589287e-02
-2.466571195054172855e-02
-2.459531936355728587e-02
-2.457573805242313503e-02
-2.454379233049387363e-02
-2.452543644896102923e-02
-2.449029546717055097e-02
-2.441811210964301218e-02
-2.438844794747702452e-02
-2.433571153442670373e-02
-2.427482369909929327e-02
-2.424031571885101530e-02
-2.419157805750733747e-02
-2.416179346311505063e-02
-2.413802150985182304e-02
-2.412380333264490737e-02
-2.405548531260907549e-02
-2.400348742103029440e-02
-2.395427537714159283e-02
-2.393732739644442373e-02
-2.391943237844754502e-02
-2.385668693163053855e-02
-2.380955787177322855e-02
-2.374793508251267851e-02
-2.373015590517731782e-02
-2.370461458579610492e-02
-2.365097593949020208e-02
-2.364526506451080853e-02
-2.359035564969850021e-02
-2.351512524407997282e-02
-2.349871760990911163e-02
-2.347770448305519855e-02
-2.345029337549149953e-02
-2.339959204235179599e-02
-2.337059507784247300e-02
-2.334012013685475909e-02
-2.330126248086582946e-02
-2.324629353479825203e-02
-2.323495098103802586e-02
-2.319977315653908023e-02
-2.313094132912299136e-02
-2.308577564850566519e-02
-2.305786340132123802e-02
-2.298216176335690641e-02
-2.295536171141947940e-02
-2.290894348418994267e-02
-2.286837743421744895e-02
-2.285103213198272018e-02
-2.279135907779108669e-02
-2.276513778068683241e-02
-2.266980324876679415e-02
-2.264768428336400019e-02
-2.261100959478324485e-02
-2.257891381093205668e-02
-2.254887426402149564e-02
-2.252358567468802295e-02
-2.247985640700802742e-02
-2.246548441288482786e-02
-2.238920528387623038e-02
-2.238163277587182018e-02
-2.229630716108842864e-02
-2.224287247287254007e-02
-2.222698318879871501e-02
-2.218680718217687711e-02
-2.214727988135049494e-02
-2.206808917261396386e-02
-2.205920420238230428e-02
-2.199381656136352794e-02
-2.199048437450220814e-02
-2.195402990395479287e-02
-2.194754088405264508e-02
-2.189396176545637882e-02
-2.186207112841248232e-02
-2.177031699117960503e-02
-2.174127323857591096e-02
-2.172896663699398073e-02
-2.167985950063127873e-02
-2.167627651109956324e-02
-2.161061186294122374e-02
-2.159014516152249138e-02
-2.156629872459140188e-02
-2.149450577771643001e-02
-2.148508421516725012e-02
-2.145135506312702972e-02
-2.139429555846252690e-02
-2.134864871231519773e-02
-2.131377036535581776e-02
-2.122728661468323980e-02
-2.118080195102787361e-02
-2.116328999901156624e-02
-2.111201006874766431e-02
-2.110807432099124498e-02
-2.107448001846701918e-02
-2.103392552734531171e-02
-2.100289917630656505e-02
-2.094389155790871149e-02
-2.091701871005911470e-02
-2.087604154756827340e-02
-2.081510578740792747e-02
-2.077548944367522965e-02
-2.075704741441687998e-02
-2.070025632110331429e-02
-2.066079152386801621e-02
-2.065257387245354043e-02
-2.063360729412147890e-02
-2.055545786557337606e-02
-2.054144067453675046e-02
-2.050964022010912449e-02
-2.047151931787166007e-02
-2.045605468254754408e-02
-2.039709963533896386e-02
-2.034340052708481089e-02
-2.029258062513083702e-02
-2.028434389833011844e-02
-2.025890399932983935e-02
-2.020543139384353704e-02
-2.017914185166453517e-02
-2.014697125435819039e-02
-2.012300223351069089e-02
-2.010390884130433889e-02
-2.003859289981588243e-02
-2.000682127280847128e-02
-1.997923005373816729e-02
-1.989583985668694557e-02
-1.985349494550028154e-02
-1.981679698257812067e-02
-1.974486554432922439e-02
-1.971555125479535972e-02
-1.967911113172568158e-02
-1.966208509776092017e-02
-1.959438745970940379e-02
-1.957496888035673011e-02
-1.956322388917606722e-02
-1.949877917085688847e-02
-1.946751992885648042e-02
-1.942759934162006583e-02
-1.940666124104934581e-02
-1.937682036891018658e-02
-1.931542971520091093e-02
-1.927464046239509010e-02
-1.925907651273485802e-02
-1.920793835465836250e-02
-1.919735591186430557e-02
-1.917237162643558104e-02
-1.913511897534112341e-02
-1.910174523008182842e-02
-1.905934195191621647e-02
-1.903625245700567292e-02
-1.898153747488560278e-02
-1.891560549875865790e-02
-1.888425957948676112e-02
-1.884148680384405139e-02
-1.881470455095732297e-02
-1.874810248471708851e-02
-1.873837417084960391e-02
-1.870865256917474823e-02
-1.866771128962269738e-02
-1.861869873762039135e-02
-1.858342478668518691e-02
-1.855051174396833008e-02
-1.852705976292070428e-02
-1.849234769916782012e-02
-1.847411373665050829e-02
-1.842232621836902701e-02
-1.836888455270110562e-02
-1.833806848854389882e-02
-1.828020981514143911e-02
-1.823061358190895126e-02
-1.818766155145686014e-02
-1.816062791729128670e-02
-1.812182409524333224e-02
-1.809302714182448729e-02
-1.806755239187395404e-02
-1.804621714707308963e-02
-1.801891809207602224e-02
-1.795636300542982275e-02
-1.791033079035069323e-02
-1.789443716366750231e-02
-1.784092681486621965e-02
-1.782650291486065700e-02
-1.778875421442946414e-02
-1.774264644513139783e-02
-1.771823930516268353e-02
-1.769122476043748227e-02
-1.764910684411823832e-02
-1.756303985451832320e-02
-1.750553860711986237e-02
-1.748458006768291093e-02
-1.747143337504441368e-02
-1.742932171040351488e-02
-1.737256912593690070e-02
-1.736983994542033727e-02
-1.735925941593791794e-02
-1.734510376343204735e-02
-1.730951419246789386e-02
-1.723813271808941408e-02
-1.721078214575576248e-02
-1.720073339561036668e-02
-1.716150308804759508e-02
-1.712152549316091690e-02
-1.705965377423425411e-02
-1.702825938525827018e-02
-1.698447291024871367e-02
-1.694931614667059480e-02
-1.691055555092885535e-02
-1.688592768499294280e-02
-1.684262459361898084e-02
-1.681425159639763842e-02
-1.678009936498343554e-02
-1.674130091344043503e-02
-1.670036073109468569e-02
-1.668701592374499318e-02
-1.662531957720403061e-02
-1.661790747519681019e-02
-1.654312268406544703e-02
-1.651974852381279946e-02
-1.646967294338193971e-02
-1.643975083596304135e-02
-1.642265512903784419e-02
-1.639438448852276187e-02
-1.632894276188600474e-02
-1.626522242138637650e-02
-1.624743741603583772e-02
-1.618943113435272058e-02
-1.617483724821642752e-02
-1.611751808332238453e-02
-1.610882366958864623e-02
-1.603693508844219323e-02
-1.601364672961117647e-02
-1.598067392430732939e-02
-1.594067076148538570e-02
-1.589606760926524920e-02
-1.582622998272181433e-02
-1.582200244515559115e-02
-1.578972656592204232e-02
-1.572595401397875597e-02
-1.565943803447214511e-02
-1.564932962812648140e-02
-1.564318765638569517e-02
-1.559292753986404358e-02
-1.556028327779107948e-02
-1.553174463477801151e-02
-1.552900495859943497e-02
-1.544278048427857181e-02
-1.543331428574812487e-02
-1.538918933659376431e-02
-1.533979046861631487e-02
-1.533038330466133733e-02
-1.528966785789600581e-02
-1.524285907720528306e-02
-1.521668300775389469e-02
-1.516397786330771214e-02
-1.512628153793885155e-02
-1.507457347536936970e-02
-1.502386400159717687e-02
-1.500414033754654368e-02
-1.498041494516390119e-02
-1.495406485021313209e-02
-1.492907117888483612e-02
-1.489821379983831059e-02
-1.488958675087195815e-02
-1.481010468546436511e-02
-1.479670837482393621e-02
-1.476075343040476016e-02
-1.470600387468621283e-02
-1.468919715621625627e-02
-1.464079534384285161e-02
-1.461658404937031010e-02
-1.459147978329020622e-02
-1.455695638016141387e-02
-1.449561688232832608e-02
-1.447239706799309869e-02
-1.445201123039330932e-02
-1.439555253864211772e-02
-1.437596044459421921e-02
-1.436175234914295953e-02
-1.429923565273681987e-02
-1.426647177156095680e-02
-1.426171613367272460e-02
-1.421141508804339704e-02
-1.419426585320146712e-02
-1.414432331143826438e-02
-1.409489135184498719e-02
-1.404350875714211605e-02
-1.400338832504995079e-02
-1.396450052776233505e-02
-1.389599666820398420e-02
-1.387570590667641310e-02
-1.381869899853675754e-02
-1.380969605016609848e-02
-1.377858027044781032e-02
-1.373328580550969673e-02
-1.368986936140670525e-02
-1.363434184154870693e-02
-1.361867307223070880e-02
-1.358906862306340224e-02
-1.351577402018062056e-02
-1.348319269029983440e-02
-1.345896206694578712e-02
-1.340265534683560307e-02
-1.338543314019640350e-02
-1.333283064010061178e-02
-1.332384047149617196e-02
-1.329046082741673976e-02
-1.323603691470016420e-02
-1.320854330581237857e-02
-1.319366746293290128e-02
-1.313849280997249694e-02
-1.310704438163165855e-02
-1.309515764695067669e-02
-1.308844262564519238e-02
-1.304347266880431094e-02
-1.299290259082278194e-02
-1.296038428675108482e-02
-1.290346623733763104e-02
-1.286163953709082257e-02
-1.281228308459282476e-02
-1.280563759620599248e-02
-1.273002259024360108e-02
-1.270396878293846010e-02
-1.267057628202253490e-02
-1.261599779092407309e-02
-1.255481021883098243e-02
-1.254620792253692899e-02
-1.248576560672711756e-02
-1.248334110508474322e-02
-1.242564596581768009e-02
-1.240073824063782706e-02
-1.237443824250827190e-02
-1.235933423096193320e-02
-1.229707569049133531e-02
-1.224336724767946007e-02
-1.223494699559356073e-02
-1.218468443844455441e-02
-1.215315762244202624e-02
-1.212088334243391873e-02
-1.208950259344999077e-02
-1.205180236366746108e-02
-1.203350901745480969e-02
-1.200756513852789011e-02
-1.196112839095208116e-02
-1.193060695361788069e-02
-1.191955706498157123e-02
-1.188803733394403449e-02
-1.180764174705125485e-02
-1.177836439204373552e-02
-1.176351543184814621e-02
-1.167491389772446625e-02
-1.166785962139296577e-02
-1.161539194797002982e-02
-1.156781481183041631e-02
-1.156327407554138230e-02
-1.151037418100694237e-02
-1.150249826371886608e-02
-1.146078154365588915e-02
-1.143048579243453877e-02
-1.138422458097716056e-02
-1.136157903107776895e-02
-1.133800664618380728e-02
-1.128511525539324309e-02
-1.123971763029520468e-02
-1.119753806098206135e-02
-1.118786576623121733e-02
-1.116423888547693477e-02
-1.114225325121459380e-02
-1.111056677191850882e-02
-1.105272026771776314e-02
-1.102554679153349565e-02
-1.098427300264036288e-02
-1.094537403596794120e-02
-1.091894815033107174e-02
-1.088816733077158615e-02
-1.083798350857174096e-02
-1.081930273935584851e-02
-1.079474115116316885e-02
-1.076525084698383081e-02
-1.070842638478605377e-02
-1.065773980946399871e-02
-1.064486781374660712e-02
-1.062090003365394678e-02
-1.057180055153560290e-02
-1.053324695961666349e-02
-1.050494699448210022e-02
-1.047101628254812344e-02
-1.041100512349308130e-02
-1.038588340175276153e-02
-1.034056743325701203e-02
-1.032147611792922672e-02
-1.029423434439769372e-02
-1.025193356246295769e-02
-1.019046362034461799e-02
-1.018702131472641083e-02
-1.014437846726796294e-02
-1.007649409024494874e-02
-1.006736640118945265e-02
-1.004180774805952213e-02
-1.001999613536643831e-02
-9.976036112635450204e-03
-9.955181338240970401e-03
-9.923148231896801799e-03
-9.885427324293307935e-03
-9.810284444032011525e-03
-9.807888509326560811e-03
-9.756115151903698920e-03
-9.735352248113742293e-03
-9.705545716570803880e-03
-9.673200434593022881e-03
-9.640542285328046121e-03
-9.609714366687286541e-03
-9.598906925859598122e-03
-9.559698420900212407e-03
-9.510578126451875447e-03
-9.471744888940120122e-03
-9.434516018460542552e-03
-9.399644715124876385e-03
-9.345737587107692118e-03
-9.339802060363078598e-03
-9.298340057167871556e-03
-9.293378786539878075e-03
-9.270185023777327560e-03
-9.147225298976425362e-03
-9.122017393527609430e-03
-9.099623641045648248e-03
-9.080306253690823351e-03
-9.066942858457389953e-03
-9.035672551821935169e-03
-9.012457350090898739e-03
-8.950654597481370531e-03
-8.949595454680931220e-03
-8.927564640548018085e-03
-8.909289134447674272e-03
-8.880983614652454214e-03
-8.846376464577481932e-03
-8.760535482347243594e-03
-8.717185338232518940e-03
-8.686594995253135720e-03
-8.672126490117093231e-03
-8.627144313480593699e-03
-8.593908473238440551e-03
-8.563542017451707122e-03
-8.557442981659049361e-03
-8.541821462123004582e-03
-8.482012673427326635e-03
-8.456570560541869924e-03
-8.430078087403097484e-03
-8.372016175547763311e-03
-8.329322792146388529e-03
-8.303677681824687615e-03
-8.259926937395127566e-03
-8.239456049741826146e-03
-8.206319292491773970e-03
-8.172820217599820886e-03
-8.143879679969165744e-03
-8.124787229762890639e-03
-8.069680893693514240e-03
-8.047211393204299276e-03
-7.973916360542572523e-03
-7.955786382180628571e-03
-7.905383413016128444e-03
-7.854748748300600242e-03
-7.841174032749141307e-03
-7.784738962531448890e-03
-7.780340867743071147e-03
-7.697977600924250409e-03
-7.678702837521580657e-03
-7.653452978182226016e-03
-7.622620304439294177e-03
-7.586649169379271890e-03
-7.542122934932306115e-03
-7.504522325729965151e-03
-7.494271518709366524e-03
-7.461958797274485453e-03
-7.445511494614778965e-03
-7.394192266400730421e-03
-7.319859463313514898e-03
-7.314008145795430731e-03
-7.275852886720975479e-03
-7.246803504689429583e-03
-7.201298470478687333e-03
-7.177291536793439265e-03
-7.152432617905237627e-03
-7.096990312987911699e-03
-7.084850342024495706e-03
-7.032559949235055001e-03
-6.999316262226910543e-03
-6.940207567828081750e-03
-6.901089121975624921e-03
-6.863428581798240204e-03
-6.832422371998750701e-03
-6.806467390543742384e-03
-6.769087574405036577e-03
-6.767599677607201263e-03
-6.724699247978352910e-03
-6.707703927952145435e-03
-6.648300643858503188e-03
-6.634092693781071075e-03
-6.601553893500480656e-03
-6.543843048797541237e-03
-6.497414290322764928e-03
-6.481057589228035425e-03
-6.469133042577897980e-03
-6.430644723118267639e-03
-6.352539150281805158e-03
-6.333233783279307479e-03
-6.309071140284078054e-03
-6.244042348805980622e-03
-6.218133795057528314e-03
-6.176305042382791710e-03
-6.149031209427660224e-03
-6.147673945166424493e-03
-6.117651850868084315e-03
-6.052451762762828084e-03
-6.022312547448355029e-03
-6.006557729563744528e-03
-5.956436411767582553e-03
-5.916763168369883370e-03
-5.894604943561696127e-03
-5.853786071481660580e-03
-5.832160018217749653e-03
-5.799178551309087243e-03
-5.782599326379898180e-03
-5.734170530047174794e-03
-5.714993951717958591e-03
-5.679771018663483211e-03
-5.662802419910029257e-03
-5.619813346252577370e-03
-5.575834740516112838e-03
-5.558682641279996672e-03
-5.513114161455756265e-03
-5.473184811650679688e-03
-5.409432239116335715e-03
-5.390729856720327846e-03
-5.336179822372029771e-03
-5.303634118284587633e-03
-5.266038672585645827e-03
-5.219978590876172761e-03
-5.180217714761895485e-03
-5.152511017442960514e-03
-5.120330266366776052e-03
-5.084847015299919296e-03
-5.051242850436304770e-03
-5.039493946681631448e-03
-5.011723040191560195e-03
-4.997473583257317116e-03
-4.953011482079380107e-03
-4.910555150041530890e-03
-4.872276330571177240e-03
-4.846781876716168939e-03
-4.811922079824203398e-03
-4.760810455830066269e-03
-4.720280251951316890e-03
-4.698229227377687806e-03
-4.657913260857246031e-03
-4.627403303182963529e-03
-4.593644926036266792e-03
-4.577276317063515981e-03
-4.545376209632446228e-03
-4.515060818408083917e-03
-4.496826542003303992e-03
-4.477334000324280881e-03
-4.419242706177392913e-03
-4.368193491867705669e-03
-4.337095063392956695e-03
-4.301913293696067557e-03
-4.241478029589967544e-03
-4.204538673641501807e-03
-4.182921221384469819e-03
-4.168409488601598940e-03
-4.152510605723561468e-03
-4.129538983279435610e-03
-4.080806490498646230e-03
-4.042495551591847834e-03
-4.009240748209199311e-03
-3.964751102476123806e-03
-3.919080300233036482e-03
-3.873769246308441955e-03
-3.834902695911828006e-03
-3.817178611325019316e-03
-3.802374377454326767e-03
-3.771988295308620429e-03
-3.691057754769655388e-03
-3.667963095853391409e-03
-3.637423851206498387e-03
-3.610049551532217189e-03
-3.559949733397858255e-03
-3.539206358133062738e-03
-3.499097196203498818e-03
-3.484224508342204877e-03
-3.453040099459421704e-03
-3.423919415195219879e-03
-3.379227216670604474e-03
-3.377419511872978026e-03
-3.330109472231868126e-03
-3.288439926584299077e-03
-3.245581270641290615e-03
-3.238146991015712108e-03
-3.197737801040274885e-03
-3.167169946977901104e-03
-3.127908529990442148e-03
-3.103917121568275286e-03
-3.075359135449151626e-03
-3.019888609326102681e-03
-2.986628340361850969e-03
-2.957707461943896287e-03
-2.903775824237783427e-03
-2.871275469538454948e-03
-2.847218544879521161e-03
-2.785549749881542723e-03
-2.769937742729892440e-03
-2.762049367183599859e-03
-2.719226868898617921e-03
-2.680817044886739560e-03
-2.658473238685076217e-03
-2.630201407040323736e-03
-2.593515584000217339e-03
-2.527958465908142216e-03
-2.516126579557644970e-03
-2.473236537793778445e-03
-2.428731485724466670e-03
-2.418288532382747470e-03
-2.384031675485926306e-03
-2.326385196767134095e-03
-2.293766311415206590e-03
-2.275574552233033000e-03
-2.235673061131187873e-03
-2.209720895866204658e-03
-2.182244289163116913e-03
-2.124320023090675493e-03
-2.114235030559013552e-03
-2.069281169959994501e-03
-2.013621645783132859e-03
-1.972583666997479793e-03
-1.934667786979053479e-03
-1.919736989705341347e-03
-1.887298069498150868e-03
-1.869795575186799933e-03
-1.846790187750875674e-03
-1.825447958496799082e-03
-1.797525943529811260e-03
-1.759621489476630293e-03
-1.724644440082962263e-03
-1.700051512225011921e-03
-1.683259511400682536e-03
-1.630922184714080981e-03
-1.584584817059551736e-03
-1.548368765622746678e-03
-1.529974971702252433e-03
-1.447809084908597936e-03
-1.438938009051340689e-03
-1.417177575643202309e-03
-1.356232743825553635e-03
-1.320298844408548857e-03
-1.309339839667858323e-03
-1.272552004508266518e-03
-1.238364600984542124e-03
-1.190726401647268853e-03
-1.180758716732345417e-03
-1.117261794622275350e-03
-1.095554646785995958e-03
-1.070443724379821016e-03
-1.002224736251461834e-03
-9.775756294272703456e-04
-9.355784733054371130e-04
-8.956439759524415867e-04
-8.798322459888728141e-04
-8.321694327347568896e-04
-8.236103551022518673e-04
-8.127326448318572191e-04
-7.418803254060587528e-04
-7.216140773899268031e-04
-7.039056195555016323e-04
-6.281400377850743450e-04
-5.863250842262964641e-04
-5.638283223854196257e-04
-5.329277448762713290e-04
-5.256251301683003427e-04
-4.771054117484978935e-04
-4.692114176385334882e-04
-4.082691179730583552e-04
-3.726162280959608862e-04
-3.288507916347879929e-04
-3.079374720060486562e-04
-2.671803063404826033e-04
-2.139458138679521161e-04
-2.104155834118626406e-04
-1.753237699348372011e-04
-1.561253727155675430e-04
-1.257143284889562199e-04
-8.313527042855722903e-05
-4.215161709348963314e-05
-2.585122784955692040e-05
2.992313294053484658e-05
5.713446864248575844e-05
6.700875178525314286e-05
9.367042527800602389e-05
1.423052201930951352e-04
1.848038430738753999e-04
2.435184017746812551e-04
2.618484749237899286e-04
2.884450594676918594e-04
3.064544076939379122e-04
3.307176460794078671e-04
3.516208528964272825e-04
4.033388626181068208e-04
4.131277742622491535e-04
4.510253172388746816e-04
5.004538194807072382e-04
5.409133746553171493e-04
5.493366667353999496e-04
5.985340300005664426e-04
6.258118369844987332e-04
6.543656935040858234e-04
6.844656781941496973e-04
7.293031768984955740e-04
7.604962952733300289e-04
7.896966479974228603e-04
8.278251807805798741e-04
8.788735586689820200e-04
8.870320682531741092e-04
9.063853386000268178e-04
9.521355499215531770e-04
9.932309164548270685e-04
1.046403913609784400e-03
1.110192609994742731e-03
1.142756843201931868e-03
1.150369523456009051e-03
1.189766422906342195e-03
1.220603331541044627e-03
1.293583813966489322e-03
1.305314552255954419e-03
1.317159486267306841e-03
1.355801621358441924e-03
1.394965179099681013e-03
1.442062413820316370e-03
1.496961237610109968e-03
1.514158122499703564e-03
1.573972248886264117e-03
1.591889268262669868e-03
1.627290443511954145e-03
1.652009041558349933e-03
1.701102536216156889e-03
1.735850278816079752e-03
1.761947703970576963e-03
1.834132643061491463e-03
1.841901390694335129e-03
1.854644912978758260e-03
1.874073877079229095e-03
1.914196385355679828e-03
1.956772474913837274e-03
1.965932512033622629e-03
1.983927744251436434e-03
2.029846666414078082e-03
2.078406301560413016e-03
2.117726552392662324e-03
2.145670576598378548e-03
2.173081146390600047e-03
2.188784888437320282e-03
2.210400792969264856e-03
2.248393191705012114e-03
2.271362572970528522e-03
2.307418644147316966e-03
2.360979399359822151e-03
2.381508079595014236e-03
2.399369198757512773e-03
2.452130368710366774e-03
2.503233201817103501e-03
2.550646531910848863e-03
2.566901015853240934e-03
2.587315251063379909e-03
2.592496864426134095e-03
2.667622909100571867e-03
2.704104626359328262e-03
2.739869378223294509e-03
2.745707679717564360e-03
2.817808798697658129e-03
2.878884255973436414e-03
2.910581653270856873e-03
2.932133932105261860e-03
2.941634935819302087e-03
3.011987960415117051e-03
3.025408427057500738e-03
3.064468740093331117e-03
3.107656092959005818e-03
3.151231703987467277e-03
3.177183764053764792e-03
3.210620341302228634e-03
3.268325711487652524e-03
3.276548045586576401e-03
3.305833617099819804e-03
3.371231812195318086e-03
3.408918946547578530e-03
3.447047902197853276e-03
3.471952049175494777e-03
3.511172819069057274e-03
3.562229920048108969e-03
3.590031643555706160e-03
3.621059867751316372e-03
3.652838386118519801e-03
3.678021950187251865e-03
3.709837949452870608e-03
3.733666808537080672e-03
3.775334390647580238e-03
3.791774774321683087e-03
3.873435255458139610e-03
3.906437737557688118e-03
3.930690587790925880e-03
3.943631368052149914e-03
4.004486102648072143e-03
4.027112288475911787e-03
4.029986124778719633e-03
4.057964797106488296e-03
4.096074662499878637e-03
4.145555885778521264e-03
4.188109126387289279e-03
4.232311683948513162e-03
4.258101427788038747e-03
4.270542163355436384e-03
4.355409078833116440e-03
4.409404198237758254e-03
4.416935891210901390e-03
4.456449342872453867e-03
4.495728746499399672e-03
4.513877493155587887e-03
4.585607924207647269e-03
4.611723196069000309e-03
4.627478905200686082e-03
4.648002983164123067e-03
4.671126311723871813e-03
4.693304469921890168e-03
4.726797349158032811e-03
4.758843995093266048e-03
4.801012593390874966e-03
4.837233195007017289e-03
4.846873435293668105e-03
4.871200094411581860e-03
4.947661007372940699e-03
4.965850287551999524e-03
5.007840118294376412e-03
5.053978784701959430e-03
5.072454328605176602e-03
5.077318736839949234e-03
5.126027063083769993e-03
5.155888681947200930e-03
5.213031591686665724e-03
5.240888046166337216e-03
5.268498711025549133e-03
5.276707842053162713e-03
5.311068410540956651e-03
5.346769493743254095e-03
5.373743439355201795e-03
5.410649142012675071e-03
5.487907322594144308e-03
5.514065006068529645e-03
5.538021153957514014e-03
5.564641380688147183e-03
5.627557408837987815e-03
5.645027457981316443e-03
5.679027188968420459e-03
5.693052688830186996e-03
5.746098862369273044e-03
5.750186582211605328e-03
5.780451357615918467e-03
5.842826874304712578e-03
5.868517513086467588e-03
5.912755661047313684e-03
5.960456662164222152e-03
5.968180559890515040e-03
5.995496355248496750e-03
6.024489584968061029e-03
6.073123978992280188e-03
6.101934189360324126e-03
6.136328268838869490e-03
6.164304296227905711e-03
6.211897256508044050e-03
6.259625195053295128e-03
6.289967380372054641e-03
6.338826754844885912e-03
6.352787550706575324e-03
6.383522212155602962e-03
6.409638946437234627e-03
6.495367772347494274e-03
6.509867407509004750e-03
6.529096731009335387e-03
6.548196493555194161e-03
6.592721546985189085e-03
6.634625558148447497e-03
6.648078596723328709e-03
6.681362668066735330e-03
6.720049875649039030e-03
6.772242325722689638e-03
6.784704556048974135e-03
6.804390455677191731e-03
6.853114261705032205e-03
6.898412697824596318e-03
6.975624852547619020e-03
6.984257728287983531e-03
7.013483754978374132e-03
7.058312146293321820e-03
7.070768573517095638e-03
7.099863768250662399e-03
7.148173789348516959e-03
7.199803997134921786e-03
7.219086565120574027e-03
7.237035270195044459e-03
7.268916177442618157e-03
7.292393211465654328e-03
7.349854850366200482e-03
7.357716766890337948e-03
7.393153269097895407e-03
7.430057514139407591e-03
7.482797750779440586e-03
7.496065264640416025e-03
7.530977492534516107e-03
7.553146560738186084e-03
7.617651243892811785e-03
7.653188772375343375e-03
7.686613871090212241e-03
7.718277848652767802e-03
7.741832077209702748e-03
7.804544404983252727e-03
7.832602343774095269e-03
7.851044888175832959e-03
7.931460068587480733e-03
7.940357291977832854e-03
7.980205011298816681e-03
7.993544483277317467e-03
8.021050830227974965e-03
8.069137300465949528e-03
8.118595846667325810e-03
8.147864658775511026e-03
8.162905653271148795e-03
8.188019215972430417e-03
8.234966005172031020e-03
8.246854827084124789e-03
8.288618318544025559e-03
8.303544154971002553e-03
8.349511950101662708e-03
8.364048141494079269e-03
8.415144418641527096e-03
8.426492892070586507e-03
8.472726389076375153e-03
8.541056313210880838e-03
8.566585529665052962e-03
8.612894050312928582e-03
8.642165976618140788e-03
8.664031085382044306e-03
8.705008240575866710e-03
8.718496306962491074e-03
8.742418896037733658e-03
8.780662386353870613e-03
8.822627189124271352e-03
8.870974911975176153e-03
8.879205107433191940e-03
8.912131766599903568e-03
8.984084595261725148e-03
8.991100857932940102e-03
9.068582025537452740e-03
9.104609130545584378e-03
9.117506464636569719e-03
9.148988487553379872e-03
9.201468101630597141e-03
9.245050651687781312e-03
9.246273911433108839e-03
9.324559212321226198e-03
9.343354361116820370e-03
9.391294641041462651e-03
9.425305261285009395e-03
9.470376400154533608e-03
9.529460934020737503e-03
9.540408628134482150e-03
9.573565744191596394e-03
9.608256116684919454e-03
9.611452495747366265e-03
9.658950330699906175e-03
9.680513877087248281e-03
9.704075844965621284e-03
9.742037460633177701e-03
9.793638515432186858e-03
9.841888211903770597e-03
9.855608976161181478e-03
9.889767772051664615e-03
9.981625255132310290e-03
9.992641687283174839e-03
1.002163515451526786e-02
1.003160537432438992e-02
1.006751980373619786e-02
1.009959723584787777e-02
1.015956444013085824e-02
1.016196197634703854e-02
1.019379137803880751e-02
1.022336360282456377e-02
1.026517972368820933e-02
1.031640071140640935e-02
1.034944923466334446e-02
1.039268756695444461e-02
1.042388037009717681e-02
1.044691464966426321e-02
1.050228340672801179e-02
1.053331233912016378e-02
1.054945600951266715e-02
1.056470252954572545e-02
1.061525792379318031e-02
1.065855435891028061e-02
1.067920168402318980e-02
1.073108477438744664e-02
1.073411078750314412e-02
1.079679288265400147e-02
1.082919593930856128e-02
1.083466886454278154e-02
1.088213622468929553e-02
1.097079102850845311e-02
1.098491943064463898e-02
1.101358446313795494e-02
1.107618153798406967e-02
1.110043759825131600e-02
1.113950293072947170e-02
1.114579740055658512e-02
1.121016792495567460e-02
1.122109596510297881e-02
1.128010594561793326e-02
1.130641245030910083e-02
1.131660165906132887e-02
1.137203632006849457e-02
1.139426515937948074e-02
1.143959644493215688e-02
1.146995977255770363e-02
1.151606445209532072e-02
1.153501470129794822e-02
1.155811296203788051e-02
1.161789731325430300e-02
1.166044027612478211e-02
1.172514850315710747e-02
1.174737166676206868e-02
1.177107505240499764e-02
1.180496213853925516e-02
1.185757115962593131e-02
1.190857692300920437e-02
1.192798643962154209e-02
1.195539577439871763e-02
1.199991827817256142e-02
1.203716003719155700e-02
1.204941654758240679e-02
1.206220904038230075e-02
1.210557402620379350e-02
1.215468106235955900e-02
1.219224202543955048e-02
1.221558645092818765e-02
1.224570868728717087e-02
1.230947423116312070e-02
1.232642787351973315e-02
1.236815043282630741e-02
1.239719547557557346e-02
1.242022882787703793e-02
1.244178185571978915e-02
1.247966512603768813e-02
1.251936810524958976e-02
1.254760778139943529e-02
1.258130043683397883e-02
1.260607791257100513e-02
1.264633759060208341e-02
1.270092552282959739e-02
1.272085081096787675e-02
1.276756327884356890e-02
1.280184135814781826e-02
1.284618086026491357e-02
1.288578258691935527e-02
1.290107035599646207e-02
1.295630818640766853e-02
1.299004073931923561e-02
1.303147663256452003e-02
1.306415628563297945e-02
1.308841130473126745e-02
1.311301085486399863e-02
1.316004008202281174e-02
1.317695898614808410e-02
1.320483609485525664e-02
1.326884219451252706e-02
1.329244596160551219e-02
1.333667366820005980e-02
1.334866836056787520e-02
1.341693398664247153e-02
1.343204107003057035e-02
1.345202038310602637e-02
1.348619550746942529e-02
1.353271968959463348e-02
1.356343225500881121e-02
1.358928661291546568e-02
1.370663912839299378e-02
1.371549478672773846e-02
1.372790472342243565e-02
1.375162533678288106e-02
1.382815221146158589e-02
1.385349810566458874e-02
1.389100450795027579e-02
1.392490623664473064e-02
1.395243841280920105e-02
1.398963200209367083e-02
1.404472723561229174e-02
1.406822163212936329e-02
1.409640660708997434e-02
1.413822391489984696e-02
1.417679771731826521e-02
1.420745604905365375e-02
1.422814586464016783e-02
1.428353804525655732e-02
1.434204207473280430e-02
1.434787097679964853e-02
1.437975237046038718e-02
1.440096814668283785e-02
1.446038319027535476e-02
1.451354882885372288e-02
1.452705115958880834e-02
1.454279715993265013e-02
1.461071011518731699e-02
1.461691624212255007e-02
1.464911267663755907e-02
1.467590614695895787e-02
1.473773352583552555e-02
1.477233968104040528e-02
1.478501670990184196e-02
1.483114889445582424e-02
1.485099862766935293e-02
1.487064266308399038e-02
1.492834347576178257e-02
1.496645904722579759e-02
1.498271244063308950e-02
1.503711196228122056e-02
1.505949460590611660e-02
1.506851323768022659e-02
1.513226905293092901e-02
1.514993720886564921e-02
1.521562100551647305e-02
1.524486428392875757e-02
1.530070414620795724e-02
1.534492476752065751e-02
1.536810835105855387e-02
1.540317784593949087e-02
1.543409449173352085e-02
1.546939953148385692e-02
1.553690438284634906e-02
1.557072288280551137e-02
1.559245700290661819e-02
1.563511271364633262e-02
1.567994517782246577e-02
1.570132368883728549e-02
1.572754000649963235e-02
1.577665752977425520e-02
1.582103478281069939e-02
1.584876712290765599e-02
1.588027562485189517e-02
1.590180257812365966e-02
1.594670983623687130e-02
1.596291623972833501e-02
1.599442651385948183e-02
1.602642966945314398e-02
1.611893312598220926e-02
1.615371834692487865e-02
1.619796674933018932e-02
1.622524901261481259e-02
1.625833893637060323e-02
1.627635875263572229e-02
1.632127675895487379e-02
1.635479337197533883e-02
1.640189054625182039e-02
1.643716052364778413e-02
1.646701591041959192e-02
1.650930904378052760e-02
1.655710450868064232e-02
1.659538227697714141e-02
1.662129449263975017e-02
1.665073132303621431e-02
1.668219124818310847e-02
1.671306910777451207e-02
1.676867390767878066e-02
1.678150210599944556e-02
1.685429464294170912e-02
1.688717966357877742e-02
1.689699823724180941e-02
1.695193579609763010e-02
1.698163897701473329e-02
1.705903370342843131e-02
1.708313408304713496e-02
1.711914208708501667e-02
1.713578119162232141e-02
1.717235681111862339e-02
1.719601459656057429e-02
1.726936061222065014e-02
1.730146276453563628e-02
1.732402832140527912e-02
1.739564361337471790e-02
1.743716021517523890e-02
1.745238560233238617e-02
1.747973300311585557e-02
1.751815854680080498e-02
1.753620944834546891e-02
1.755819235834416708e-02
1.759896684881321477e-02
1.763976345734987253e-02
1.770013461241370240e-02
1.774278843523761917e-02
1.778328094987906283e-02
1.779507769825122362e-02
1.785297328712022111e-02
1.786159719621537717e-02
1.793195081880066821e-02
1.802496820121730209e-02
1.805092618517288583e-02
1.807115670633515497e-02
1.812366387264099585e-02
1.813718829961102202e-02
1.817434684817959695e-02
1.820989717742356462e-02
1.826436319695189797e-02
1.829482642167662085e-02
1.831940749109663494e-02
1.838533543665309133e-02
1.844167160639960390e-02
1.846447760211865352e-02
1.849097511841926722e-02
1.853406410717974018e-02
1.854882301490382718e-02
1.857648955954087008e-02
1.863267332232529036e-02
1.865426497801103353e-02
1.870594685535247395e-02
1.874041866842207985e-02
1.876622314524146323e-02
1.879939116757550766e-02
1.885722992802260981e-02
1.888995144595786296e-02
1.889684322194040006e-02
1.897697593352225959e-02
1.901370366127218270e-02
1.902644849688320955e-02
1.906974489322922281e-02
1.912595784201112648e-02
1.915910232814064043e-02
1.920557452454781100e-02
1.925461455275670822e-02
1.929404358368468769e-02
1.930890884127401882e-02
1.932465848776128078e-02
1.938709251653182586e-02
1.943650140069764359e-02
1.950379684497995439e-02
1.951623016520210793e-02
1.958499072625984397e-02
1.962409502730741787e-02
1.962753030691645126e-02
1.971671609649415166e-02
1.972224296843179750e-02
1.977162865571531133e-02
1.980467202158162771e-02
1.981796625764198350e-02
1.988126412336896354e-02
1.990741136782504112e-02
1.995214368766134311e-02
1.996521876136746199e-02
2.000715017043978861e-02
2.006454559197246024e-02
2.009727013133147042e-02
2.013034950140689394e-02
2.015893682220846334e-02
2.020179315742632112e-02
2.025136157975267887e-02
2.030106792528388326e-02
2.033717481977639213e-02
2.036080447052399794e-02
2.040337044222511817e-02
2.043290103466421231e-02
2.046064491938278176e-02
2.050639142407051363e-02
2.054758921225788987e-02
2.055293627908970702e-02
2.061256503314618307e-02
2.062795910631081212e-02
2.066200811911344040e-02
2.070716615831638685e-02
2.075502591819253576e-02
2.079590472987067826e-02
2.083451957376587782e-02
2.088246294997629302e-02
2.091041845948041905e-02
2.096328542831822281e-02
2.098929519714761230e-02
2.102535912787951641e-02
2.103322615126689346e-02
2.111870464950320672e-02
2.116721919295799434e-02
2.119492180853453644e-02
2.120274518384556578e-02
2.125968454056417073e-02
2.133693038548189341e-02
2.136107644291324395e-02
2.138458049773507910e-02
2.143962766906621839e-02
2.145802044799893435e-02
2.147489574024248962e-02
2.155137713273824404e-02
2.158168341095969070e-02
2.163442028469369019e-02
2.167977841551736035e-02
2.171288975734561935e-02
2.174004785136856091e-02
2.177983017320124157e-02
2.179238856678521880e-02
2.185360048678288564e-02
2.189407010459733585e-02
2.193458454562741827e-02
2.194318187507867529e-02
2.197072318285967288e-02
2.206017423255991414e-02
2.211701751252508064e-02
2.213133567765733153e-02
2.217288302808982300e-02
2.221021156664037058e-02
2.226073985461309718e-02
2.229035300942340189e-02
2.233544858326324406e-02
2.236659280664611213e-02
2.239937762058349241e-02
2.244355696493216534e-02
2.249835117642380936e-02
2.255100866827308009e-02
2.257800305545275277e-02
2.259622109837774659e-02
2.262303975226125086e-02
2.266208929816436457e-02
2.267599304730772564e-02
2.272863573353292935e-02
2.279952156342304401e-02
2.282563495357314148e-02
2.286816161219750940e-02
2.292182549804431049e-02
2.295000111010188706e-02
2.297114077293097023e-02
2.304741010165290566e-02
2.307494756645682779e-02
2.311497778757932303e-02
2.315293779734057394e-02
2.317918462140991856e-02
2.321392826617858784e-02
2.327520518475548542e-02
2.329123263243771530e-02
2.330541094748962011e-02
2.334514882767221161e-02
2.342378157892015950e-02
2.344836118843227762e-02
2.350296891616390077e-02
2.353845274428685921e-02
2.356844004727299061e-02
2.359976596260399823e-02
2.367228539391687606e-02
2.369751672837190279e-02
2.373894593858941540e-02
2.375805332181003468e-02
2.381198363233527626e-02
2.386869172140643203e-02
2.388769848367790563e-02
2.389298540513570129e-02
2.397807859157152777e-02
2.400133137709027642e-02
2.403537605558631746e-02
2.405013440612314632e-02
2.409608837254825775e-02
2.416276780498322063e-02
2.419316777660291892e-02
2.424348528622756460e-02
2.426574623574082393e-02
2.433233786658625664e-02
2.440991480454530321e-02
2.445142973294261307e-02
2.446455518781898847e-02
2.448127083583232985e-02
2.454147743193120512e-02
2.457450156232601074e-02
2.465091694308720396e-02
2.466338892325693408e-02
2.468867849201968057e-02
2.474118591626120814e-02
2.478108662609757387e-02
2.479815912049448956e-02
2.487848232283361091e-02
2.492167908269756621e-02
2.496608966613766967e-02
2.499909749234681053e-02
2.505289638061661620e-02
2.508520056572858398e-02
2.516041146694605532e-02
2.521304434434675293e-02
2.521864983667138072e-02
2.523885741276461411e-02
2.527011090482880057e-02
2.533648665746417172e-02
2.536949197105830417e-02
2.539994688082683125e-02
2.543342113711349536e-02
2.548907746138241032e-02
2.552798238335701742e-02
2.557322606225628445e-02
2.560318135868796044e-02
2.565422059202843857e-02
2.569727802441961612e-02
2.574825047392403574e-02
2.580470320442777507e-02
2.584163228991644481e-02
2.589689383111272100e-02
2.590544117682939962e-02
2.591805864440486010e-02
2.594863093367451995e-02
2.604492660897176487e-02
2.606048608733972302e-02
2.611347742496767516e-02
2.616827165614237991e-02
2.618566916152266152e-02
2.622862719886494623e-02
2.628844548507771814e-02
2.633490225361731149e-02
2.638163408191288029e-02
2.639798157102042978e-02
2.646333323442149818e-02
2.650058548385175392e-02
2.652893155733736241e-02
2.654183254331955732e-02
2.662606143325000480e-02
2.665479120629340309e-02
2.669464619788971052e-02
2.674219565661578937e-02
2.681537169213266819e-02
2.684555017025975696e-02
2.687227758591289456e-02
2.690397710765510958e-02
2.694032394629857288e-02
2.703369790739484912e-02
2.705874117985783422e-02
2.708596154523389490e-02
2.710275776859354113e-02
2.717214437871312907e-02
2.722877738470301165e-02
2.723851124035881616e-02
2.731061920303261628e-02
2.734850594041273245e-02
2.736469807500075888e-02
2.742044733405122128e-02
2.744445802715014815e-02
2.750427333680724451e-02
2.754536913635508358e-02
2.763907388034063384e-02
2.765494049313703406e-02
2.768395364966446184e-02
2.769729977229528142e-02
2.776323592293208561e-02
2.779949623695133348e-02
2.782833315892732640e-02
2.784571535096695000e-02
2.795435780447555127e-02
2.798622178503061206e-02
2.800417251197868593e-02
2.810037204103163141e-02
2.813552562296531973e-02
2.817434154865525869e-02
2.821827528323643530e-02
2.827426121534647521e-02
2.829728352910187289e-02
2.832780610826754475e-02
2.837701193957214638e-02
2.843047022519627764e-02
2.847823892377756086e-02
2.851259077341293871e-02
2.856344647957339763e-02
2.861003362900998298e-02
2.868239899840090493e-02
2.870511769548313163e-02
2.874371064578429280e-02
2.879576538064146027e-02
2.885861109340980349e-02
2.888942623854691069e-02
2.890785114430900402e-02
2.892311978675835699e-02
2.898875107916765170e-02
2.901190844721623918e-02
2.911193605270049473e-02
2.913055211006791018e-02
2.917196964875082635e-02
2.924334370494372989e-02
2.926027210817985433e-02
2.930271409646957245e-02
2.933283372846207798e-02
2.937153253561214372e-02
2.940549085023221737e-02
2.950569342617299223e-02
2.955153339114001756e-02
2.959459358641925927e-02
2.967909570481490344e-02
2.970475505706179908e-02
2.971897222804883651e-02
2.975566114439012061e-02
2.979433050279259657e-02
2.985654901217923290e-02
2.987956228718262330e-02
2.991396490027532079e-02
2.999977589238175119e-02
3.004158345264364149e-02
3.008339268428028915e-02
3.016691032811918624e-02
3.019499351545278792e-02
3.023163399659110906e-02
3.026808870944079286e-02
3.029780336502073401e-02
3.035498303111709359e-02
3.038640365440224006e-02
3.039257831601166818e-02
3.044842091060442554e-02
3.050041608683579791e-02
3.058790833966021708e-02
3.061496889440672511e-02
3.062886857097267546e-02
3.072162689656039031e-02
3.075797432116025160e-02
3.082554495711300677e-02
3.087196018794407387e-02
3.092384342627876870e-02
3.097576806412552855e-02
3.106176925163166638e-02
3.109390080324310121e-02
3.111699473309702604e-02
3.116319086865719512e-02
3.122926191667229484e-02
3.133321370557800439e-02
3.134536549977329917e-02
3.140856528713856233e-02
3.141900298772930256e-02
3.147362462259572363e-02
3.157386877901824374e-02
3.162433126736929195e-02
3.165907211734721866e-02
3.169270097290226990e-02
3.173125285568507981e-02
3.181559651567748837e-02
3.186196308793161347e-02
3.191481005909695828e-02
3.191977257551464886e-02
3.194913152675305651e-02
3.203611282162110996e-02
3.209280364559039672e-02
3.218198516253455155e-02
3.222821197253598891e-02
3.225544390628285601e-02
3.235138378518311736e-02
3.237694573039184842e-02
3.244499285548992085e-02
3.246025568934476913e-02
3.247269742101582118e-02
3.260747159551918156e-02
3.262947565559021906e-02
3.265533751145741764e-02
3.276225243458909253e-02
3.279658425210565942e-02
3.287197312334989158e-02
3.291014966021588162e-02
3.296230638921754386e-02
3.298802852778691397e-02
3.304641446631075702e-02
3.308971795603684457e-02
3.316304548526604473e-02
3.319061196321520385e-02
3.324204283068832311e-02
3.328535072017562574e-02
3.332293199089325642e-02
3.339149561350647499e-02
3.345235617751227825e-02
3.347871127924131884e-02
3.354528988952258650e-02
3.358663110795991752e-02
3.366618745193453166e-02
3.373654892281754969e-02
3.376456070491246075e-02
3.386247052191809076e-02
3.389985384734909429e-02
3.392917236461445718e-02
3.401292874301889424e-02
3.409043068615658090e-02
3.412556820995744228e-02
3.417923251377598393e-02
3.422527447891932084e-02
3.422928378852362064e-02
3.428483570173401773e-02
3.436530651666348801e-02
3.440761490084245228e-02
3.446114991824059809e-02
3.448664759215192693e-02
3.452915804877519645e-02
3.460448897930663847e-02
3.465324663118177217e-02
3.469207444192153045e-02
3.471403876003680694e-02
3.477733252558893456e-02
3.481864152922194144e-02
3.485994441802174604e-02
3.494168623301903420e-02
3.496833306776035710e-02
3.499184200125909916e-02
3.509666994311450711e-02
3.512400017460377138e-02
3.518935243714856054e-02
3.524183134718222865e-02
3.528926358123782303e-02
3.536907126298338006e-02
3.542434053694520218e-02
3.548138477436978827e-02
3.553867020341118510e-02
3.562245022335400885e-02
3.566784417059305767e-02
3.570137856825300604e-02
3.578798027960927719e-02
3.579882552718468419e-02
3.581363343177882547e-02
3.589068538644451384e-02
3.593724548210545239e-02
3.600976441736462169e-02
3.609049554678790683e-02
3.616364762645265379e-02
3.622863075161923685e-02
3.624485562294464669e-02
3.632143001615912442e-02
3.636845993708284763e-02
3.645080821787821668e-02
3.653942196201904330e-02
3.660950552484903281e-02
3.667486986976215002e-02
3.674823613136206368e-02
3.681672480529863539e-02
3.682883598491402261e-02
3.688778568413650372e-02
3.699451818593139929e-02
3.707056337636258081e-02
3.711783616938613140e-02
3.716946106853277754e-02
3.721929205703183169e-02
3.727936361697593848e-02
3.728829887215085598e-02
3.741581967204726800e-02
3.745550827371026820e-02
3.750755010812031887e-02
3.757677142833552864e-02
3.762951750433323611e-02
3.771109962128935816e-02
3.782176536953281432e-02
3.786812371188876675e-02
3.793803460379868708e-02
3.798824206741137355e-02
3.811619740615946467e-02
3.818303930919464406e-02
3.820349844119901722e-02
3.825998459847998467e-02
3.838025031471407195e-02
3.843707204656802295e-02
3.848355781782031998e-02
3.857468484582413093e-02
3.861950905914693366e-02
3.865087429270839398e-02
3.874139590678848249e-02
3.886004545987160885e-02
3.889213933734467915e-02
3.895999056132898319e-02
3.902093880134719500e-02
3.911815403771040645e-02
3.917303913277392358e-02
3.921116656204547135e-02
3.931432345804825035e-02
3.944574145228562506e-02
3.952686692142964170e-02
3.958789518593339857e-02
3.961664700723273314e-02
3.968423111946706855e-02
3.974338282107202358e-02
3.984175968494672870e-02
3.988526209244748488e-02
3.999514673661324488e-02
4.011098166497917977e-02
4.015775288802118925e-02
4.026312716393373736e-02
4.035497654268537654e-02
4.043131075786384615e-02
4.050797169585691748e-02
4.055159086828848819e-02
4.066750116844206064e-02
4.075575132674575524e-02
4.086069397778147039e-02
4.097435187265904138e-02
4.111384562613688842e-02
4.118053682390755005e-02
4.126626240817553998e-02
4.131308567231570944e-02
4.149166443400272020e-02
4.153348767747452874e-02
4.173260220825106281e-02
4.176335595645926796e-02
4.186740636932442805e-02
4.192977428215071550e-02
4.203100499948740632e-02
4.208141392623069438e-02
4.219961466606687167e-02
4.237098947649529240e-02
4.241960905286440431e-02
4.256398781315103713e-02
4.280040160622381601e-02
4.289950901194404531e-02
4.297848751556977015e-02
4.311973326781230742e-02
4.320161317447975685e-02
4.354651231830253960e-02
4.366348888266329692e-02
4.384248864267847878e-02
