-4.398320376219886502e-02
-4.391086925351293802e-02
-4.370205136120313555e-02
-4.345730006476791751e-02
-4.337417836040489971e-02
-4.320737342369219275e-02
-4.300103542171249821e-02
-4.287324597392504211e-02
-4.278367366775340935e-02
-4.260096674401361166e-02
-4.245366649718990137e-02
-4.230084336052783445e-02
-4.211264216225836521e-02
-4.208885860717598293e-02
-4.203568982157183942e-02
-4.178530348793535465e-02
-4.165332744114234181e-02
-4.160101091977970456e-02
-4.150503354106676451e-02
-4.140923625721436990e-02
-4.123304607807514593e-02
-4.118725816236507714e-02
-4.109549002998637984e-02
-4.102452654869898074e-02
-4.088905841089351956e-02
-4.080626362018119346e-02
-4.071841722377381179e-02
-4.069241995944892359e-02
-4.064160433798103683e-02
-4.060271642908285655e-02
-4.043933546492278069e-02
-4.037045341954983296e-02
-4.026803192362045369e-02
-4.023534430632243197e-02
-4.016328618248202892e-02
-4.014961319386298882e-02
-4.001292626804609648e-02
-3.996966558796714170e-02
-3.988283928015626950e-02
-3.980239798442349736e-02
-3.959723492349045970e-02
-3.952156254014553560e-02
-3.943062127125261662e-02
-3.933256976769647362e-02
-3.930242294494095540e-02
-3.919944913790925772e-02
-3.911921339022829402e-02
-3.904991387819856108e-02
-3.899031099985254822e-02
-3.895292929328005027e-02
-3.883323809766951046e-02
-3.879480251420328041e-02
-3.873481662324401720e-02
-3.860334717535307547e-02
-3.855133397646012122e-02
-3.852544363403229838e-02
-3.844995489685884560e-02
-3.827019860837135856e-02
-3.823235060491601139e-02
-3.818406499834976764e-02
-3.808658237899337912e-02
-3.808065508011432287e-02
-3.797119121496811411e-02
-3.789047563626802423e-02
-3.781749101787178213e-02
-3.771474408183903004e-02
-3.764960559783644967e-02
-3.761343550830941601e-02
-3.755044640528396732e-02
-3.754531831625070731e-02
-3.748866604725071411e-02
-3.739750414893857483e-02
-3.738220038101557063e-02
-3.733619114714033932e-02
-3.721271412334712508e-02
-3.713796045332640183e-02
-3.711887536065292675e-02
-3.706960856588194936e-02
-3.699327558572976932e-02
-3.694122674924554817e-02
-3.685584056459229735e-02
-3.681796519466085105e-02
-3.674326973216660019e-02
-3.673387775943507544e-02
-3.668561620203936863e-02
-3.660936475223214304e-02
-3.652173380894639665e-02
-3.645971399581483113e-02
-3.643738450231559511e-02
-3.635866123538643302e-02
-3.631586874500699474e-02
-3.622945511172581678e-02
-3.614456034294262488e-02
-3.609473535132742827e-02
-3.604803090534477311e-02
-3.599185030180904188e-02
-3.592301171725242187e-02
-3.579226943733865296e-02
-3.576150073838367527e-02
-3.575069204074419332e-02
-3.565630665127073745e-02
-3.563919253664285525e-02
-3.556499643266815280e-02
-3.552151442592013653e-02
-3.548051768058742977e-02
-3.538858611108659097e-02
-3.537261435572854745e-02
-3.530129554160793548e-02
-3.526739151759707841e-02
-3.521640969761077877e-02
-3.511085610444186073e-02
-3.509036916141299728e-02
-3.501152042060666492e-02
-3.497659981365538323e-02
-3.488494615848303226e-02
-3.477708030013265672e-02
-3.475630780290912825e-02
-3.471216184894197060e-02
-3.470457815804772056e-02
-3.466506114940343108e-02
-3.460050651708754255e-02
-3.457047002090186949e-02
-3.451353368525524046e-02
-3.441643675039458838e-02
-3.439475409346992585e-02
-3.431058397271681548e-02
-3.424032676322203567e-02
-3.418597745808502758e-02
-3.416730568564946280e-02
-3.410008024863445120e-02
-3.399634365267193564e-02
-3.395791794216523191e-02
-3.392003237181583780e-02
-3.387376903630275743e-02
-3.379358950700200870e-02
-3.374369363456708459e-02
-3.370480529774883688e-02
-3.366071664742052716e-02
-3.360432833129659014e-02
-3.358112519040767907e-02
-3.357394349685320634e-02
-3.348356391804282323e-02
-3.344133734255040624e-02
-3.334230787561493631e-02
-3.330456054534115806e-02
-3.326512070369752605e-02
-3.318141520383967313e-02
-3.314967733817743983e-02
-3.311451632322704591e-02
-3.303574439456053585e-02
-3.299265729151198978e-02
-3.291141049303467764e-02
-3.282861925458201852e-02
-3.282051695244927320e-02
-3.275541751657275874e-02
-3.269311042884659457e-02
-3.267657890936434550e-02
-3.261300002798508263e-02
-3.257705354211044846e-02
-3.253462886278379873e-02
-3.248161067822793319e-02
-3.245739748285748211e-02
-3.240277964266380373e-02
-3.235600000035500357e-02
-3.234227376513157393e-02
-3.232480305456621184e-02
-3.218833083161245362e-02
-3.216392735875987091e-02
-3.209721286514546218e-02
-3.204280079868845194e-02
-3.194507701467581839e-02
-3.191130577122019973e-02
-3.185037199606156888e-02
-3.179887628290381518e-02
-3.173352436866157256e-02
-3.169650041400087770e-02
-3.164612529750546882e-02
-3.159397920438971469e-02
-3.159186547913365312e-02
-3.153625071218248144e-02
-3.150773166272623216e-02
-3.145156441351610460e-02
-3.137830531652707755e-02
-3.133806300380011928e-02
-3.128859939161237474e-02
-3.124115632870021544e-02
-3.123144389227237860e-02
-3.117516276669170597e-02
-3.110523048396680867e-02
-3.107641479948388200e-02
-3.105280066308553980e-02
-3.092768876521497998e-02
-3.088460438042096162e-02
-3.083245338957320281e-02
-3.081209134124380730e-02
-3.080719699684899421e-02
-3.076384890816308629e-02
-3.070917632481711193e-02
-3.070209739213576941e-02
-3.066493505761095154e-02
-3.049655889987262086e-02
-3.048799153821328198e-02
-3.047608661727517834e-02
-3.040699977300200321e-02
-3.037896094331505800e-02
-3.033480323093951450e-02
-3.025875320028780652e-02
-3.020142795098544261e-02
-3.014678831564811604e-02
-3.013162423313483010e-02
-3.006750841009704980e-02
-3.005581443264757416e-02
-3.001784705349925392e-02
-2.995225480938090365e-02
-2.989671971328609207e-02
-2.984283077193527339e-02
-2.982560193786557012e-02
-2.980178856480386607e-02
-2.968155162126501906e-02
-2.965077649132524112e-02
-2.957266541763529585e-02
-2.954887909488770545e-02
-2.950954454291119036e-02
-2.949080621696269222e-02
-2.941839346890739310e-02
-2.937399747642606418e-02
-2.934410365582124092e-02
-2.931776798640068141e-02
-2.928148363854320840e-02
-2.922246131466521221e-02
-2.919125875236052228e-02
-2.918267001044413944e-02
-2.912062681664948083e-02
-2.901881413397678147e-02
-2.899348101469228361e-02
-2.893627403329468439e-02
-2.892146194628249234e-02
-2.887124922314047992e-02
-2.882634522628398088e-02
-2.877364157748511092e-02
-2.873254010678179954e-02
-2.868763946803476808e-02
-2.862880225410583887e-02
-2.859913642669374007e-02
-2.854210266327261714e-02
-2.852504832042539532e-02
-2.848961798580352395e-02
-2.841986756397256453e-02
-2.839834831590177383e-02
-2.836331649394007934e-02
-2.831186153455882842e-02
-2.827810197149515162e-02
-2.820415234941909752e-02
-2.818786399862333730e-02
-2.813945355140161364e-02
-2.808668900291291098e-02
-2.805537265243077116e-02
-2.796232490265960005e-02
-2.792318507100727612e-02
-2.784099711335148372e-02
-2.780754777771646952e-02
-2.779767299174876541e-02
-2.773861803665083128e-02
-2.767929415634443405e-02
-2.761373742888923594e-02
-2.757375275650087235e-02
-2.755727779623191182e-02
-2.754348051611975670e-02
-2.749829686370750675e-02
-2.748106245882992599e-02
-2.744621551408249829e-02
-2.742663791569268164e-02
-2.735211528139386630e-02
-2.734371271491326319e-02
-2.722000747303204155e-02
-2.715939017290532748e-02
-2.712215583120383341e-02
-2.709040868618317610e-02
-2.704317654971934506e-02
-2.702250781106344327e-02
-2.695264160538493603e-02
-2.692079287505207488e-02
-2.689635661709617598e-02
-2.681909058769067419e-02
-2.680520551909776686e-02
-2.676663406799975956e-02
-2.668795416665702136e-02
-2.666345047009490918e-02
-2.664322248607524368e-02
-2.659965728857920098e-02
-2.654379826063026776e-02
-2.646593998503312881e-02
-2.641251491803095486e-02
-2.640815385535066895e-02
-2.637439053158265045e-02
-2.636700150326932654e-02
-2.632534973423747079e-02
-2.626057776895292933e-02
-2.619544124081671713e-02
-2.615595476948403067e-02
-2.608076851282492559e-02
-2.606906665578780785e-02
-2.597460710744278409e-02
-2.594541275609703671e-02
-2.591102598077547545e-02
-2.586777004794619389e-02
-2.577080032772173859e-02
-2.575689389211770208e-02
-2.573076878918022919e-02
-2.571336573973752315e-02
-2.567110046002156129e-02
-2.563150841376965819e-02
-2.557328301748749630e-02
-2.555286352153849500e-02
-2.549409818588814491e-02
-2.545171865692611238e-02
-2.543171183487251755e-02
-2.535173949810060404e-02
-2.532820952527112951e-02
-2.527840326927800058e-02
-2.521074647027527621e-02
-2.517869136029987631e-02
-2.515321661036181225e-02
-2.512080455531263273e-02
-2.502956439141674344e-02
-2.500987603510456889e-02
-2.499328943161221658e-02
-2.494995591890884074e-02
-2.492320972352301059e-02
-2.491393162922703880e-02
-2.481616297487631087e-02
-2.480311122340929028e-02
-2.477608455342211746e-02
-2.475354314126844077e-02
-2.471933980514582838e-02
-2.466778874393306398e-02
-2.460847103980793454e-02
-2.456617412121745586e-02
-2.455595007847717962e-02
-2.451916043132310735e-02
-2.446869918526488677e-02
-2.443518910240805031e-02
-2.436505981048629754e-02
-2.432454842536908510e-02
-2.431339436146243149e-02
-2.428611219857753495e-02
-2.422971346787596014e-02
-2.413286497729415572e-02
-2.412620184284279892e-02
-2.407719752607768299e-02
-2.406964177783486175e-02
-2.395151786123110929e-02
-2.392899276282441437e-02
-2.389315928099679937e-02
-2.384259490422018651e-02
-2.377945562082070877e-02
-2.376661276681247409e-02
-2.369355112582533299e-02
-2.366475715906691396e-02
-2.359903198390205653e-02
-2.359404440794582100e-02
-2.356637328707124335e-02
-2.351919160025837952e-02
-2.346322400628569893e-02
-2.345201302358013162e-02
-2.340564827775485149e-02
-2.339416778022000709e-02
-2.334574466757784877e-02
-2.327027220243768277e-02
-2.323783207620038274e-02
-2.320623324198044235e-02
-2.314128663113301093e-02
-2.311244488050170562e-02
-2.308215617499624617e-02
-2.306647362445543581e-02
-2.302409019287915762e-02
-2.300766202252872358e-02
-2.298289465626900119e-02
-2.293492585535518782e-02
-2.287549737558154661e-02
-2.285725992503227083e-02
-2.282190056283557936e-02
-2.279349278680977212e-02
-2.272030044700312432e-02
-2.271476339015187501e-02
-2.264099312919428189e-02
-2.261070240143444460e-02
-2.258755434470210641e-02
-2.253711148168528050e-02
-2.251954262329953702e-02
-2.247563249708971200e-02
-2.242032778664204001e-02
-2.236942883355023254e-02
-2.233309203077012139e-02
-2.230429910503890084e-02
-2.228183415032664386e-02
-2.224241620274362147e-02
-2.220056642118688889e-02
-2.217138170847622602e-02
-2.212387745745920606e-02
-2.210687691184719597e-02
-2.204721416406469833e-02
-2.198993865448971644e-02
-2.193827565280462299e-02
-2.189330757809807709e-02
-2.184038594431353397e-02
-2.183260268151338349e-02
-2.179201186802762896e-02
-2.176808251478940665e-02
-2.170818885004859033e-02
-2.168279198317830253e-02
-2.162863111623323023e-02
-2.159933714960266676e-02
-2.152665672922136203e-02
-2.148487698253202446e-02
-2.146148984337011012e-02
-2.139168633685338550e-02
-2.136851066041650996e-02
-2.135536131758812919e-02
-2.132551651452373881e-02
-2.128500939032772557e-02
-2.122677217560555579e-02
-2.121397557771543055e-02
-2.119028146097461096e-02
-2.115987631316996673e-02
-2.106370034911713915e-02
-2.105100636702259345e-02
-2.100756388774682390e-02
-2.098034812514188927e-02
-2.093720302719271828e-02
-2.091901164404599139e-02
-2.083343160871251390e-02
-2.079199631210937663e-02
-2.077334465604904409e-02
-2.071013354646564220e-02
-2.070234550863397222e-02
-2.067094000395723261e-02
-2.061315289288056379e-02
-2.059781896287991507e-02
-2.058623852777683241e-02
-2.055486721913548157e-02
-2.045533302253289484e-02
-2.042528916987392668e-02
-2.037257293595201579e-02
-2.032847899309148457e-02
-2.031067259716102039e-02
-2.028358971358108775e-02
-2.023691903575367337e-02
-2.021971060584018889e-02
-2.017266250729249366e-02
-2.010823844689929932e-02
-2.009821791337447136e-02
-2.007826078357259278e-02
-1.999341130499068808e-02
-1.998069513209175391e-02
-1.994353045626071075e-02
-1.988917374811104838e-02
-1.982142512314587560e-02
-1.979714902462959697e-02
-1.976714081234165823e-02
-1.973472567939173541e-02
-1.972652127638897801e-02
-1.965647472243391841e-02
-1.964573254927187013e-02
-1.958935786857159481e-02
-1.957382906198798164e-02
-1.950604597915288688e-02
-1.947109990564082835e-02
-1.944940721990527643e-02
-1.943908720209167745e-02
-1.940381437351084912e-02
-1.935312827676464661e-02
-1.929917961924902323e-02
-1.924134406067627007e-02
-1.919637564326613297e-02
-1.917629144046319178e-02
-1.917136646790686128e-02
-1.913601945186130249e-02
-1.909342784457551678e-02
-1.906945747530155652e-02
-1.898694431253597839e-02
-1.897676397431087222e-02
-1.894978517994693953e-02
-1.890919059006374373e-02
-1.889028832139715008e-02
-1.881796052292380311e-02
-1.877700211202952205e-02
-1.874771664688543865e-02
-1.871655570293147969e-02
-1.869067026813873642e-02
-1.863465831388332050e-02
-1.859975247244759558e-02
-1.854267978457624713e-02
-1.853021777771882150e-02
-1.849876781949580384e-02
-1.846616226350253354e-02
-1.842976509010938943e-02
-1.841265398251313440e-02
-1.835991416133792367e-02
-1.834329471968439151e-02
-1.826157900806643294e-02
-1.821499911679699130e-02
-1.820113393758968079e-02
-1.816976336918858792e-02
-1.814511650391552322e-02
-1.813141421912803711e-02
-1.808386227789662501e-02
-1.801789881922358921e-02
-1.798770347538734132e-02
-1.796125050795078018e-02
-1.790450360725282311e-02
-1.788503154707733397e-02
-1.785468250837827717e-02
-1.782001016857242409e-02
-1.778770234745990705e-02
-1.775359707659059094e-02
-1.769038342418299131e-02
-1.762967278977952551e-02
-1.759930093551938593e-02
-1.757856019199069766e-02
-1.753254154846825216e-02
-1.751601867738914950e-02
-1.746379057614252939e-02
-1.743724507970128429e-02
-1.740508696379590090e-02
-1.737840924108432009e-02
-1.731304559962403011e-02
-1.726574720849378269e-02
-1.720736767230482411e-02
-1.720307881152118717e-02
-1.714564459273141758e-02
-1.710806953080574663e-02
-1.710210090910237180e-02
-1.706091460369393159e-02
-1.703804302171131255e-02
-1.699778634846256520e-02
-1.697507096015072464e-02
-1.693186845673441340e-02
-1.691767978307452680e-02
-1.688099539420257617e-02
-1.684240794791751900e-02
-1.680080437488032721e-02
-1.678398847265576838e-02
-1.669215895038484582e-02
-1.665647821205607643e-02
-1.664439317812224303e-02
-1.663910709410871408e-02
-1.661171710368260224e-02
-1.656163973274284162e-02
-1.654234862934220521e-02
-1.647365338131194859e-02
-1.642156686278474498e-02
-1.640352074994934004e-02
-1.633871602056417849e-02
-1.632379287675770133e-02
-1.627701148683543056e-02
-1.624681877269495978e-02
-1.621467693660341020e-02
-1.618425212518797771e-02
-1.615146793339737250e-02
-1.608693508529677671e-02
-1.607711881769639806e-02
-1.603800287632799540e-02
-1.595650843132393262e-02
-1.593048358012728524e-02
-1.590427991216538869e-02
-1.585581295286456541e-02
-1.584696459822064474e-02
-1.581619752336848109e-02
-1.580638318745655399e-02
-1.573305680555753261e-02
-1.570967691632011928e-02
-1.565841420806287146e-02
-1.561682284895503370e-02
-1.554132532041376663e-02
-1.550779932505355792e-02
-1.548115364686003699e-02
-1.542896874233821124e-02
-1.539590836437203930e-02
-1.537097103418404512e-02
-1.536023645767823492e-02
-1.528369540429073623e-02
-1.526812914604435377e-02
-1.523890210889766381e-02
-1.517648892798697906e-02
-1.515088050285793436e-02
-1.509452876469088815e-02
-1.505883306981970794e-02
-1.503249082732777825e-02
-1.501966410125688510e-02
-1.495616038130200692e-02
-1.494702692360302433e-02
-1.486238213635232563e-02
-1.485973671621280794e-02
-1.481817607778889052e-02
-1.478055510614859069e-02
-1.475794054913976729e-02
-1.470903850272911768e-02
-1.468136805584074368e-02
-1.465802366825959095e-02
-1.463604644965582624e-02
-1.457596663662220383e-02
-1.455263104042944962e-02
-1.450762574091017144e-02
-1.447090386488582119e-02
-1.444596755055113993e-02
-1.442797214621528885e-02
-1.441546696296378341e-02
-1.434779340040595944e-02
-1.433667134548888625e-02
-1.428095693387555071e-02
-1.422554377130064857e-02
-1.419511437067602980e-02
-1.417412080426478337e-02
-1.415844645629437890e-02
-1.409765457922115134e-02
-1.405161741945682233e-02
-1.400044621172637574e-02
-1.397683514570199036e-02
-1.394124351949286265e-02
-1.390965611688625876e-02
-1.390477589043183013e-02
-1.388444342308608158e-02
-1.382195815410841924e-02
-1.380734177789045072e-02
-1.377676012652328391e-02
-1.375397832673453530e-02
-1.367743274803944094e-02
-1.362560338868904451e-02
-1.360955665569387255e-02
-1.360462714602374279e-02
-1.356821091486384856e-02
-1.355425487149774198e-02
-1.347848038390402764e-02
-1.346391090361885590e-02
-1.340746056479968397e-02
-1.338771965086659951e-02
-1.333371975647389476e-02
-1.332179223426810388e-02
-1.325439925390717831e-02
-1.321473004721499846e-02
-1.318687461304819154e-02
-1.316314333433560302e-02
-1.312213203291164032e-02
-1.305383478514909878e-02
-1.304400402252759578e-02
-1.295637888838316321e-02
-1.287728453576970737e-02
-1.287073813320498139e-02
-1.285874916219835636e-02
-1.282118736643216537e-02
-1.280718851042158060e-02
-1.275045610159655091e-02
-1.270069634420948126e-02
-1.266505464270976239e-02
-1.263545077246676883e-02
-1.261396663321363680e-02
-1.256695956903257534e-02
-1.253635594247193806e-02
-1.252792872698530596e-02
-1.246688678105078475e-02
-1.245460947548796687e-02
-1.244227873234791948e-02
-1.240833613689862336e-02
-1.238309419867755605e-02
-1.229700462466480106e-02
-1.226673729957836190e-02
-1.225569795119601721e-02
-1.221381277820193963e-02
-1.221289212582070405e-02
-1.211131002375205254e-02
-1.208269110005696749e-02
-1.207046265822166176e-02
-1.203474001760511738e-02
-1.201663055378927522e-02
-1.200860975482086548e-02
-1.196316621876418289e-02
-1.193607078821051250e-02
-1.189262456436931958e-02
-1.186699788019420637e-02
-1.182978480622987223e-02
-1.181599445476936780e-02
-1.176864214988643589e-02
-1.173366881674779531e-02
-1.166662811637170401e-02
-1.163935093447165427e-02
-1.161774529398082803e-02
-1.158591709429422807e-02
-1.152020211284737576e-02
-1.149646264152593030e-02
-1.147445722797538897e-02
-1.143212572468871834e-02
-1.139568978950013071e-02
-1.137558146628024625e-02
-1.131994121376632759e-02
-1.129975432350300429e-02
-1.128673048971266801e-02
-1.123112163037975550e-02
-1.120485133039882120e-02
-1.116095165841456474e-02
-1.113570356357846021e-02
-1.112010652823428036e-02
-1.103929627434469679e-02
-1.098248111142159471e-02
-1.095530534524124557e-02
-1.093933898588402530e-02
-1.090920805947487825e-02
-1.089457493465942339e-02
-1.082972311164801318e-02
-1.077600977866392286e-02
-1.076927333240804315e-02
-1.071740409461372640e-02
-1.069122369413902721e-02
-1.060408364450716664e-02
-1.057994628554395286e-02
-1.056086426445776612e-02
-1.052808607465517340e-02
-1.049380706302507210e-02
-1.044726476676332075e-02
-1.040144132264833772e-02
-1.038798722355239838e-02
-1.035230578768336213e-02
-1.031969657458998643e-02
-1.030344715573446208e-02
-1.028541027551442902e-02
-1.025954027230944511e-02
-1.018446535264715125e-02
-1.015492367718347569e-02
-1.013025000397174170e-02
-1.010206198868470774e-02
-1.003340254485957615e-02
-1.000222671987274770e-02
-9.990915443216228861e-03
-9.962893119726753260e-03
-9.924038147102539828e-03
-9.898325144366204240e-03
-9.872892229320348600e-03
-9.817095481314007388e-03
-9.790210103966162647e-03
-9.763381968725849333e-03
-9.740882983927629662e-03
-9.704045016222411987e-03
-9.649004917374151558e-03
-9.610179348898984300e-03
-9.577535297654102622e-03
-9.557376380447709166e-03
-9.529919691034003867e-03
-9.497144824357085097e-03
-9.450984008168553455e-03
-9.443720555772451564e-03
-9.370753296159965370e-03
-9.368206941501701704e-03
-9.316704415296372249e-03
-9.248212634620991621e-03
-9.226507414959467940e-03
-9.191244063791490643e-03
-9.181716549608162289e-03
-9.123460823762500824e-03
-9.099741423398229404e-03
-9.021530663821985055e-03
-9.010215404098501427e-03
-8.932098799419915108e-03
-8.903635600606321643e-03
-8.882557840534956867e-03
-8.855687695442322760e-03
-8.827417171365979295e-03
-8.768718878026058108e-03
-8.743748028681079185e-03
-8.693070165966156407e-03
-8.657958367127994992e-03
-8.643410507313147029e-03
-8.615247311847892484e-03
-8.586688608290392322e-03
-8.548575804215273466e-03
-8.515856356079898673e-03
-8.501374503314652886e-03
-8.471823482998071947e-03
-8.422294970058176455e-03
-8.396250381657869438e-03
-8.371189740433054513e-03
-8.323206102545931476e-03
-8.276748291261994128e-03
-8.234164560273598762e-03
-8.210828993116847316e-03
-8.171798641201726346e-03
-8.128535958499929701e-03
-8.098399668225109843e-03
-8.080734349911513834e-03
-8.028839817188519398e-03
-8.012952767590770728e-03
-7.984560068918481954e-03
-7.943214787587844425e-03
-7.919144761304749633e-03
-7.866107011784185393e-03
-7.829819275242348026e-03
-7.774627526497093419e-03
-7.758251640098711745e-03
-7.733941929287484890e-03
-7.695585221353632051e-03
-7.648771958234281375e-03
-7.638630634299177838e-03
-7.585182857333974855e-03
-7.579824605873499571e-03
-7.506806725738265906e-03
-7.462337383408381743e-03
-7.403964688843715433e-03
-7.373777068627027434e-03
-7.359110182011357679e-03
-7.351386735884364414e-03
-7.308546325377819272e-03
-7.275116935721160152e-03
-7.252233014951749331e-03
-7.192104239970358200e-03
-7.168598737654817421e-03
-7.136711058720450820e-03
-7.105049628765061284e-03
-7.074204981845758945e-03
-7.028393905855725467e-03
-7.011216967231227205e-03
-6.996683188224372789e-03
-6.934962053938896996e-03
-6.913061981280779582e-03
-6.881475047780480706e-03
-6.865523789095747190e-03
-6.829909984931731119e-03
-6.760129175322521396e-03
-6.707177848830317597e-03
-6.693848748266392930e-03
-6.645621804160553245e-03
-6.632924427743294889e-03
-6.604199058617553353e-03
-6.569401096640582575e-03
-6.529415369291351190e-03
-6.503197826566074757e-03
-6.493659330314425701e-03
-6.426805634742574318e-03
-6.421767058847508564e-03
-6.358044970362948176e-03
-6.306145037417577696e-03
-6.280325221632721520e-03
-6.222851148759676182e-03
-6.193177695427955036e-03
-6.172670412785391698e-03
-6.125117473610166945e-03
-6.102755191009334723e-03
-6.087993423548719411e-03
-6.049905052982789549e-03
-6.033114352012871988e-03
-5.997453712718631320e-03
-5.932332576155937426e-03
-5.922004272176531990e-03
-5.868567767528115597e-03
-5.838895917476123049e-03
-5.775813484340410094e-03
-5.755692286170152432e-03
-5.749237725617993566e-03
-5.709159339219520637e-03
-5.696129840107371986e-03
-5.653361019503457853e-03
-5.589677144581676853e-03
-5.565969936179496376e-03
-5.526151550540074446e-03
-5.487566224429260911e-03
-5.442206034105126489e-03
-5.423831024518971540e-03
-5.384759871149552048e-03
-5.357063911376969134e-03
-5.285114857349454930e-03
-5.253632742871739217e-03
-5.224516062490326511e-03
-5.186699382295646005e-03
-5.166590031073109782e-03
-5.164842614490563685e-03
-5.102423973983870147e-03
-5.095823677779629489e-03
-5.040582516164841820e-03
-5.009491131393989036e-03
-4.989526309504332090e-03
-4.945737613868816419e-03
-4.929441218281667599e-03
-4.890414970290658629e-03
-4.860823491401098859e-03
-4.807000654222109287e-03
-4.800639060314436379e-03
-4.754694323557086787e-03
-4.715002468759392669e-03
-4.694597885341197929e-03
-4.660803410446755397e-03
-4.641538278234352832e-03
-4.565775416481676618e-03
-4.539148627909894013e-03
-4.489996809998701363e-03
-4.467892910860466263e-03
-4.407078205443260531e-03
-4.388939115663344041e-03
-4.340972437172404413e-03
-4.316413484948400728e-03
-4.288846494680638270e-03
-4.285833529016716027e-03
-4.224929266009502284e-03
-4.191696875889756521e-03
-4.150003636942400931e-03
-4.129712709963086377e-03
-4.102910339147993087e-03
-4.054415814783761743e-03
-4.039385225980264386e-03
-4.015473477700771607e-03
-3.963154310315098253e-03
-3.944888311241665814e-03
-3.922183939762989742e-03
-3.845808198147697074e-03
-3.804261628753951002e-03
-3.795554508259625821e-03
-3.731759351765760041e-03
-3.722824935257557609e-03
-3.696196862599959460e-03
-3.642259495098208646e-03
-3.639607773176910515e-03
-3.604526529769321551e-03
-3.572419516195616922e-03
-3.552951899590408181e-03
-3.518349497594478684e-03
-3.474624904048762876e-03
-3.431406478178338632e-03
-3.399229405549352486e-03
-3.355749404061455620e-03
-3.328503272240279816e-03
-3.320983619139965867e-03
-3.294029482235224810e-03
-3.260887645761962206e-03
-3.223964623979302425e-03
-3.198758622285807849e-03
-3.167266953386955498e-03
-3.090786436152762225e-03
-3.035337443544462374e-03
-3.018840670022723566e-03
-2.976034089291720950e-03
-2.936187537379191317e-03
-2.934226696202571569e-03
-2.896805159730271671e-03
-2.869378705227550955e-03
-2.859730502367524314e-03
-2.793455147925731803e-03
-2.761137416841159559e-03
-2.712236053876897115e-03
-2.667264738726249796e-03
-2.643108941265822145e-03
-2.610222068167266686e-03
-2.580455203018965082e-03
-2.532945650347600847e-03
-2.524859447002093284e-03
-2.496431271903206024e-03
-2.473477285799456117e-03
-2.411512095020524639e-03
-2.395195539566820613e-03
-2.332231217239342982e-03
-2.289796844400145050e-03
-2.276410158361505311e-03
-2.236794221693423883e-03
-2.209923929100994413e-03
-2.187554498554479792e-03
-2.142076836030975488e-03
-2.127011243096952990e-03
-2.123474384007494400e-03
-2.057885526421113481e-03
-1.990617495325917082e-03
-1.932107890101859588e-03
-1.924999468320194194e-03
-1.896299505585378195e-03
-1.879336298175192550e-03
-1.820078603743369898e-03
-1.781789567070042385e-03
-1.770222118970994629e-03
-1.727729863261149527e-03
-1.686707807704438669e-03
-1.675269289869779719e-03
-1.621520039559304393e-03
-1.610438519490429033e-03
-1.554101354331679022e-03
-1.534691539149740398e-03
-1.521930669420956716e-03
-1.473362223079947072e-03
-1.463365568408233350e-03
-1.391129658667426003e-03
-1.381092377492697905e-03
-1.346353094059097102e-03
-1.316226968513795406e-03
-1.251015506012758457e-03
-1.231165864755431535e-03
-1.197467784267257926e-03
-1.178598694904955946e-03
-1.124737266665487220e-03
-1.095118407956401693e-03
-1.063430327946404382e-03
-1.012682077691487133e-03
-9.860179988619567452e-04
-9.641510901161941347e-04
-9.418190545958580974e-04
-9.033651485324476751e-04
-8.611261164451234360e-04
-8.297027743874632036e-04
-7.826588753625520704e-04
-7.224389475430769304e-04
-7.037917564223589379e-04
-6.787751064752148809e-04
-6.499756523808776281e-04
-6.143566430831955659e-04
-6.020526033624526126e-04
-5.493246887342165914e-04
-5.318838074161370182e-04
-5.032392191407633131e-04
-4.237322462209490805e-04
-4.071114199563033334e-04
-3.926618924736628843e-04
-3.451541410382657788e-04
-3.361708486012545891e-04
-2.938808467148288370e-04
-2.756025672940887747e-04
-2.359123767399085980e-04
-1.940075688865098137e-04
-1.701888977424120841e-04
-1.484259148100721391e-04
-8.819099508020740929e-05
-5.066535969362642966e-05
-8.908575343176301176e-06
5.136251167537708387e-05
7.039522729664638161e-05
1.160850429847647657e-04
1.493058178466976401e-04
1.762184194356327229e-04
2.056514419438733429e-04
2.384700992084964649e-04
2.618194064509668994e-04
2.703081123246546514e-04
2.973744872063587962e-04
3.659166063644694704e-04
4.001267654430726924e-04
4.291014222133198992e-04
4.626037606637562827e-04
5.086788004241139631e-04
5.278191699561473639e-04
5.715324434168803916e-04
5.922060865388791050e-04
6.243284552475300521e-04
6.671782349321033270e-04
7.181165184877875149e-04
7.358592697563195529e-04
7.660407827884130327e-04
8.079405867213720546e-04
8.304832574973603724e-04
8.657537780911058996e-04
8.891491144915357123e-04
9.068406640397714234e-04
9.731815652655887230e-04
1.007583357108393033e-03
1.046979936644053515e-03
1.068875835459393237e-03
1.116007510069418366e-03
1.144956062116071109e-03
1.177235085964952388e-03
1.237271690417677747e-03
1.258359082043318663e-03
1.302746720714434338e-03
1.326831187527708527e-03
1.363009039579743224e-03
1.406241776238044893e-03
1.422881996173692336e-03
1.473921698723671585e-03
1.514394751190578561e-03
1.555004320575058491e-03
1.595242415138690972e-03
1.621846670776058100e-03
1.639068730345139870e-03
1.659453438812138505e-03
1.705610388042271474e-03
1.728925771383147975e-03
1.761770248495661290e-03
1.823068378443869946e-03
1.850383967233482042e-03
1.896130207257732672e-03
1.920641627372878966e-03
1.953433863768577576e-03
1.972404436836980302e-03
2.032159126943870308e-03
2.072755823761064480e-03
2.114429613476725284e-03
2.159384719916685597e-03
2.163828887097313160e-03
2.199720757699743720e-03
2.259338940865514896e-03
2.260346160100916348e-03
2.321417440338389114e-03
2.360326064479850976e-03
2.380627578662263249e-03
2.400464316809328060e-03
2.470617902589508814e-03
2.504574286511486707e-03
2.556846129717227616e-03
2.606530460863433485e-03
2.624493048241059029e-03
2.651360186225184320e-03
2.678626416931070321e-03
2.715953479949720709e-03
2.748861794182208725e-03
2.753001919270700940e-03
2.792423541208196788e-03
2.803670657756367028e-03
2.821775625755166324e-03
2.898736015734345531e-03
2.905630594335942632e-03
2.940991405121590792e-03
2.960126552947489002e-03
2.992356335503212721e-03
3.028660563091985225e-03
3.068504351627884038e-03
3.097822103125060650e-03
3.148146122958333723e-03
3.183486604476712303e-03
3.196531302686206246e-03
3.221607580868492658e-03
3.251001671605903594e-03
3.276169019248557825e-03
3.305662675256242425e-03
3.363108492722915056e-03
3.379604090827175670e-03
3.429515220223444683e-03
3.483099200941155126e-03
3.511012431250831907e-03
3.538240638141953130e-03
3.546721724986880500e-03
3.608223739580130023e-03
3.629775785115279228e-03
3.663142516304737552e-03
3.691725659233622420e-03
3.741761135806596569e-03
3.768218799038467164e-03
3.795154883027082246e-03
3.812837364866030962e-03
3.872469165798858928e-03
3.901595856810978393e-03
3.940450283856014937e-03
3.960572482163447934e-03
3.998242377506271844e-03
4.035331435899115055e-03
4.086591130899414233e-03
4.108040047839845235e-03
4.157641168748883037e-03
4.179838891532582090e-03
4.214668735981233830e-03
4.248274182945393010e-03
4.264870194727586952e-03
4.304795805079105094e-03
4.337662941176839530e-03
4.416774557681263196e-03
4.442332932279378054e-03
4.459396357170876228e-03
4.482190788076259244e-03
4.505802760445422502e-03
4.535897134856016651e-03
4.573580210438255196e-03
4.596528311104797204e-03
4.629581953274937087e-03
4.661191630284680643e-03
4.701316918528779601e-03
4.724390199756593398e-03
4.740338096162737686e-03
4.755931358257277711e-03
4.818646394891161651e-03
4.865956394402184797e-03
4.887329805347354929e-03
4.897165812481255216e-03
4.936629196422265276e-03
4.994319107056392933e-03
5.013516954895074450e-03
5.075123476539246392e-03
5.100821055502414471e-03
5.116989630648450735e-03
5.159874985003675904e-03
5.191302736840671013e-03
5.252542000641800650e-03
5.267026640994993368e-03
5.290850102464537442e-03
5.361574164647674862e-03
5.387549540306220061e-03
5.403997630655941325e-03
5.447800826212064081e-03
5.488735660340427099e-03
5.515105602391971555e-03
5.545437969611102628e-03
5.583676995288503614e-03
5.609084553304415598e-03
5.645892009951079468e-03
5.653393758038338310e-03
5.705683569684568204e-03
5.721610783256583961e-03
5.815471894473897736e-03
5.863864187641577505e-03
5.878247776846033321e-03
5.909712856124980929e-03
5.941886472993567446e-03
5.966033017698359198e-03
5.983203837377233832e-03
6.056328224882024172e-03
6.079774307675716097e-03
6.105848785163127748e-03
6.125264784361360640e-03
6.171423888832269604e-03
6.232823742316744714e-03
6.262317785102102137e-03
6.287762648869588827e-03
6.289811150554471854e-03
6.332973877654306423e-03
6.342132304227096964e-03
6.399942892233163698e-03
6.428559283993225126e-03
6.499735497796020958e-03
6.516397290217271383e-03
6.541489538746815546e-03
6.562674225399403247e-03
6.580499033577654616e-03
6.626016652622797147e-03
6.639602995828782807e-03
6.682327295145851394e-03
6.708924740156344858e-03
6.758428189997162452e-03
6.776540341642919851e-03
6.839125751291801059e-03
6.907167863865952377e-03
6.909916969012424443e-03
6.963139905383396860e-03
6.988767423561056784e-03
7.000269209681614889e-03
7.053810788252229749e-03
7.084579298993490259e-03
7.153215233308981603e-03
7.175126199373756640e-03
7.207827198890110094e-03
7.240836856703293870e-03
7.272320442872506549e-03
7.282549902661175113e-03
7.306723575430946159e-03
7.332325851354357452e-03
7.385067461161103596e-03
7.451160761022128202e-03
7.466518889688408996e-03
7.503809007679076298e-03
7.539361989008103344e-03
7.559880086011094673e-03
7.587440612303959254e-03
7.638630160310754674e-03
7.693089883372151647e-03
7.699467573036713336e-03
7.751045100522258730e-03
7.768221281169246373e-03
7.835167370078657476e-03
7.848100222039305560e-03
7.879640321084202884e-03
7.906632030892776428e-03
7.974351878081379491e-03
7.991370244663177982e-03
8.024225548361003588e-03
8.090525849674895867e-03
8.118823560216644614e-03
8.163983936195037816e-03
8.211473901975421819e-03
8.242112158026209529e-03
8.261370345943623225e-03
8.272650506180090346e-03
8.292881981316908152e-03
8.323145045634196618e-03
8.368211791994968271e-03
8.424105832501818658e-03
8.456575302906643374e-03
8.502409358001736597e-03
8.523361547610767627e-03
8.567170553958447510e-03
8.611656701432570532e-03
8.630421885482637834e-03
8.676343899865967754e-03
8.706573233549183902e-03
8.739783066571873982e-03
8.768543221121511896e-03
8.818203427213360326e-03
8.841626904036579970e-03
8.891298866090207101e-03
8.916118257959996032e-03
8.918317863651655658e-03
8.950970871656702479e-03
8.984928420728937465e-03
9.008217149104475949e-03
9.030621637925508385e-03
9.088943254359079307e-03
9.136560224162312144e-03
9.161640220305626581e-03
9.238895037166230603e-03
9.275278406023792360e-03
9.297709279945658156e-03
9.345500437315563610e-03
9.353915840108691787e-03
9.394104398937883071e-03
9.406022942596877282e-03
9.440644670519537235e-03
9.488753311486183145e-03
9.501931318896057049e-03
9.539202005539473492e-03
9.585703355503353423e-03
9.593545917339759907e-03
9.654427779869183268e-03
9.682772908292263531e-03
9.746219540317764898e-03
9.769531400266087337e-03
9.824277677801579803e-03
9.854017345303302949e-03
9.885441137789415314e-03
9.908521967924787191e-03
9.932904423179645184e-03
9.987750431809537879e-03
1.003893204409837640e-02
1.005249846645243743e-02
1.008332717727695657e-02
1.014046728753126639e-02
1.016883219202933432e-02
1.019986050383651574e-02
1.025059514426207921e-02
1.027376001962606623e-02
1.028875299565373130e-02
1.033636047484466462e-02
1.037573272232269680e-02
1.040369989624433632e-02
1.042538042185401324e-02
1.048547968254263246e-02
1.049972456197106191e-02
1.053052206894933805e-02
1.058737577525129502e-02
1.060206957833220373e-02
1.062797041904169591e-02
1.067230349802879286e-02
1.074326528164661759e-02
1.077605035409522939e-02
1.080417492448188486e-02
1.081345390547337401e-02
1.087559024323690379e-02
1.088665947241715393e-02
1.089348088953934895e-02
1.093060287672151937e-02
1.101731123919029443e-02
1.102893969229050419e-02
1.109701248469157665e-02
1.111033031391076183e-02
1.113063438907561063e-02
1.117200346241383792e-02
1.122262774184710696e-02
1.122919169945600648e-02
1.124953585211319572e-02
1.127226021673915189e-02
1.130995169119691258e-02
1.133194495193583229e-02
1.136302328496516419e-02
1.143171270609716350e-02
1.144347965514171117e-02
1.150752903709662510e-02
1.155072306931349650e-02
1.157126511580316812e-02
1.162297546888702883e-02
1.164102696427146699e-02
1.168395524082590196e-02
1.170237825912794766e-02
1.179629049793747345e-02
1.182836782446313774e-02
1.184096241067951298e-02
1.188199936173756251e-02
1.196399321029847571e-02
1.200071083142470289e-02
1.201769924859134170e-02
1.206960433647404594e-02
1.207688008144317503e-02
1.214944752935408039e-02
1.217678950532666282e-02
1.219771020639165947e-02
1.221353784755700202e-02
1.226904484187754836e-02
1.230647719086536314e-02
1.233526812315775649e-02
1.234664593446805486e-02
1.237739060438134038e-02
1.243122584326309191e-02
1.246477567245118240e-02
1.248377895128468217e-02
1.252061544725642864e-02
1.255312350069660680e-02
1.259877805240839331e-02
1.265036493185762827e-02
1.269701215865627099e-02
1.272324374597331824e-02
1.278253759279544995e-02
1.278865934481346334e-02
1.282502799592346969e-02
1.284943646148915472e-02
1.289120841679937401e-02
1.294977060629496669e-02
1.296863306360213249e-02
1.300032216691334765e-02
1.302087821729268693e-02
1.305956813287268738e-02
1.307810992355086868e-02
1.314887773319702025e-02
1.315719907300109612e-02
1.316903026182430873e-02
1.324301663822298469e-02
1.325214931552329625e-02
1.327788185155764564e-02
1.333411575081547805e-02
1.334556105689025697e-02
1.342309258911666969e-02
1.344198690036259476e-02
1.345355744512046793e-02
1.351374087277058128e-02
1.354290420846301045e-02
1.359575354300824289e-02
1.364805257515225301e-02
1.369015347398576908e-02
1.369831634154970029e-02
1.376175175997519477e-02
1.379284598323980704e-02
1.384652441682882387e-02
1.387218581793019621e-02
1.389053075883029363e-02
1.392121100838815753e-02
1.395628261162219254e-02
1.401123810805525970e-02
1.403210605701614606e-02
1.405854099041810995e-02
1.407794284815618545e-02
1.416545008184888141e-02
1.417132033722302668e-02
1.420440761868482608e-02
1.423204853013196845e-02
1.426957819024456120e-02
1.432595726744377053e-02
1.437268237368357314e-02
1.439384352866526426e-02
1.440280490928050154e-02
1.444216392383354877e-02
1.445859831285582764e-02
1.448789411083296896e-02
1.453589909479179564e-02
1.454983253279485723e-02
1.458910396283184807e-02
1.461569768728096866e-02
1.465868879545750153e-02
1.468972139876663710e-02
1.473019211077570591e-02
1.476586160824604893e-02
1.481363873433112072e-02
1.484385345570639683e-02
1.486569928205438637e-02
1.493960416420169780e-02
1.495676487984781700e-02
1.498017654689813745e-02
1.501379125541505745e-02
1.506406557239030330e-02
1.509889045175786051e-02
1.511533461282154635e-02
1.515082452975245915e-02
1.520251490744515231e-02
1.523357745089813121e-02
1.527875041300030302e-02
1.530492798034021641e-02
1.533687421902667214e-02
1.539768188590984015e-02
1.541598085644780604e-02
1.546313835395002854e-02
1.550786238701291377e-02
1.554597227491155871e-02
1.558536227196545207e-02
1.563081605335473606e-02
1.565678357681258431e-02
1.569886917918940014e-02
1.575708835319614143e-02
1.577145164352820872e-02
1.580616590326434229e-02
1.582836238422271127e-02
1.585735943988748897e-02
1.586673664995736158e-02
1.595607741771740140e-02
1.598078508803827541e-02
1.602498456570057919e-02
1.605987639649052862e-02
1.609888229867920129e-02
1.615811006616509754e-02
1.617700514133670053e-02
1.623028391775609147e-02
1.625268987542800511e-02
1.628718648843863540e-02
1.632161180175040194e-02
1.634842794302969471e-02
1.638672770596953307e-02
1.641435917595390412e-02
1.642864922794907631e-02
1.647276752026552438e-02
1.651478586306657018e-02
1.654639299047773460e-02
1.656173347474352089e-02
1.658296436985284839e-02
1.666167807182240487e-02
1.671096805968402474e-02
1.673416104366215462e-02
1.678251417108099150e-02
1.682034981862149531e-02
1.684884131339172211e-02
1.688855128547788950e-02
1.694458079881636450e-02
1.696451408064999014e-02
1.699898808718146651e-02
1.700851616781808365e-02
1.709891431877157836e-02
1.713803116562041123e-02
1.715590242081902264e-02
1.717143728508579645e-02
1.721713149700247747e-02
1.725145151698035534e-02
1.730689320619008958e-02
1.736046687024269536e-02
1.738763607637516806e-02
1.745369628633855821e-02
1.748125542908229857e-02
1.751353335846324299e-02
1.752114115690467377e-02
1.758549976972766798e-02
1.762925113247379438e-02
1.764068534057194534e-02
1.765265745659969771e-02
1.770024948381558258e-02
1.773526870906987421e-02
1.778729335479157722e-02
1.782379679945202480e-02
1.787037029724889564e-02
1.789317032221554235e-02
1.790563929629021903e-02
1.796260436960032611e-02
1.802633771639630331e-02
1.805275807017597128e-02
1.810403173184476494e-02
1.815606587143758430e-02
1.817480624435104108e-02
1.820702674500007320e-02
1.824438769789077028e-02
1.827036552525145713e-02
1.831798934314530711e-02
1.833324773868753171e-02
1.838694812545879978e-02
1.843213398552837057e-02
1.847913833817581286e-02
1.851051429879807877e-02
1.852594116294218468e-02
1.859437870008638291e-02
1.863646513010283612e-02
1.869871457735983872e-02
1.875480309255751765e-02
1.879093158557645568e-02
1.879772568852080758e-02
1.882216858110458135e-02
1.885968070351545442e-02
1.889024096234787412e-02
1.889753141273586845e-02
1.897005224737341456e-02
1.900198075375806803e-02
1.904004618569851010e-02
1.904285944036145095e-02
1.907509913079601452e-02
1.910797661078861981e-02
1.915508582936093981e-02
1.920776357362112205e-02
1.923453060217728688e-02
1.927866882467391130e-02
1.931744916782490024e-02
1.934333125421358601e-02
1.939112599740194093e-02
1.943783171270899168e-02
1.945522210104497218e-02
1.954376288641133247e-02
1.957906446942145329e-02
1.959565711223270820e-02
1.961242898685778072e-02
1.964730409802478012e-02
1.969235205681183279e-02
1.972447813367382563e-02
1.975256558705495644e-02
1.977148558432741815e-02
1.982161154839357647e-02
1.991060272582548946e-02
1.992676220447338331e-02
1.999322993599031775e-02
2.002594278538921690e-02
2.005238431308792313e-02
2.011263531276002298e-02
2.014358220937144395e-02
2.017919706266715560e-02
2.021170484225292760e-02
2.023949378322823997e-02
2.026885080797523331e-02
2.029955550641967046e-02
2.034142524733485030e-02
2.036223644756177814e-02
2.039580438592999284e-02
2.042374527259290667e-02
2.052128461112866578e-02
2.053408982573906583e-02
2.055642954050632479e-02
2.060876730337481838e-02
2.061897413003423163e-02
2.066279676059120871e-02
2.070733324080889157e-02
2.073825231509448044e-02
2.077974881948719751e-02
2.079882591815792117e-02
2.085585962716335687e-02
2.092309265251588585e-02
2.093803497780752365e-02
2.100871086741226690e-02
2.105871298200882522e-02
2.110209478399463143e-02
2.113983996313517980e-02
2.117417059983307814e-02
2.119497037017853414e-02
2.124757202336589532e-02
2.131838624766129245e-02
2.133944242023803201e-02
2.139647832525976012e-02
2.143365000252466998e-02
2.146324950680617016e-02
2.150816833747694334e-02
2.153534915720278775e-02
2.157706612690005188e-02
2.162465729733415581e-02
2.165926740335481770e-02
2.167977468154480558e-02
2.170140920705472543e-02
2.174566205908398664e-02
2.175818307658133194e-02
2.179764511166291940e-02
2.185455552874489282e-02
2.187449100445055736e-02
2.197845702686572131e-02
2.198870899757674260e-02
2.199732433005344850e-02
2.202774511339963825e-02
2.207216331731028103e-02
2.209369806418957916e-02
2.215685562908534592e-02
2.216776934984143396e-02
2.227848442421190983e-02
2.230303742388332552e-02
2.235342240438452366e-02
2.239873351640490201e-02
2.241155031103073819e-02
2.242237078069414871e-02
2.247299607269016841e-02
2.253249131277207037e-02
2.258976093332087237e-02
2.260241368611201271e-02
2.265249791391836867e-02
2.271223433819042833e-02
2.274562064114657792e-02
2.277215995220787520e-02
2.278729442298796717e-02
2.288211807846866896e-02
2.290392113546387345e-02
2.292138642392354056e-02
2.297380347817566670e-02
2.303002777412377008e-02
2.305065902852861115e-02
2.306594468866259712e-02
2.312292507062800595e-02
2.317456578676286780e-02
2.320666596092640921e-02
2.325510925718590055e-02
2.331789819609649331e-02
2.335499152549812274e-02
2.339783054667908882e-02
2.344522388276040065e-02
2.349174565408417362e-02
2.350314838776966855e-02
2.355321185248218305e-02
2.358410866753145319e-02
2.361707911382524352e-02
2.363091809144214975e-02
2.367863291847380897e-02
2.370797068858627316e-02
2.381089192670347507e-02
2.381996205357466215e-02
2.385169886380116011e-02
2.388899436911893701e-02
2.398745372786525651e-02
2.398944440654283278e-02
2.405837165346293161e-02
2.408860510943939409e-02
2.415264063276117978e-02
2.418416756739763182e-02
2.421121485813070018e-02
2.423274339854249865e-02
2.429511662021157509e-02
2.432850254329762402e-02
2.435712144750478911e-02
2.439045886776569985e-02
2.442325462988406345e-02
2.447447879707042792e-02
2.449270375080770182e-02
2.454606047827352991e-02
2.459170422354637481e-02
2.461732713463030825e-02
2.467084852236807804e-02
2.468261130125258898e-02
2.469955448780259549e-02
2.479845116232809801e-02
2.481364720921074712e-02
2.487692588406439920e-02
2.493169671690356401e-02
2.494076545798118438e-02
2.500521100888480203e-02
2.503902148235680886e-02
2.505502287735014363e-02
2.508265203302773028e-02
2.513865265059520362e-02
2.516140656627498251e-02
2.524770575520992461e-02
2.526710737939086293e-02
2.530352119618919232e-02
2.533323957887173225e-02
2.538527662761309173e-02
2.542188189709568280e-02
2.546795328910828396e-02
2.548358945251022467e-02
2.552879613416514717e-02
2.560263261688191724e-02
2.561948442825787847e-02
2.565857182224273031e-02
2.570722150848332027e-02
2.579056474877364918e-02
2.585227498582449643e-02
2.589261931379288964e-02
2.593225074813393025e-02
2.595752383031793911e-02
2.601204309126521966e-02
2.605369677157687996e-02
2.609022537070632489e-02
2.613088861742236466e-02
2.616004460768234577e-02
2.621280884894519603e-02
2.622874466601082463e-02
2.630694180080977301e-02
2.632705984241549488e-02
2.634253649022460717e-02
2.643093275014303176e-02
2.648606148100426591e-02
2.654199208042670385e-02
2.661020097517836913e-02
2.664710797760275890e-02
2.665878961816215212e-02
2.669175752046641301e-02
2.676036222891336330e-02
2.679984276621888081e-02
2.683107067125644826e-02
2.687253444979909381e-02
2.688458283400919219e-02
2.692676237817260773e-02
2.697327483069497309e-02
2.699962182355520462e-02
2.703660759015794057e-02
2.710733054956424026e-02
2.714488986501239001e-02
2.719716147380349391e-02
2.722439216082966559e-02
2.727706534769114982e-02
2.733204355051864834e-02
2.733815911305098947e-02
2.739547710217702867e-02
2.744890312728203580e-02
2.748595907338109365e-02
2.748995433387700985e-02
2.755487458267071726e-02
2.761427819274034356e-02
2.767224423958430934e-02
2.769050206272210060e-02
2.771835461137105508e-02
2.779387888335234716e-02
2.783080644778410107e-02
2.784174658978125563e-02
2.792579241735342055e-02
2.800287156229501820e-02
2.800879133645108390e-02
2.806167898517549983e-02
2.810456553558585494e-02
2.811117694609523848e-02
2.814193111992142893e-02
2.819217058587528135e-02
2.825015214994666679e-02
2.829957247805355361e-02
2.839174022098049990e-02
2.844241859803787326e-02
2.850503937727697987e-02
2.851741481506859036e-02
2.853251068589927539e-02
2.860126659491550594e-02
2.863509448658790868e-02
2.867528161216930868e-02
2.868547635213120756e-02
2.877069706410070871e-02
2.879964783714779319e-02
2.886722403387980210e-02
2.893365346288641338e-02
2.899836968495210499e-02
2.902749979868095645e-02
2.904646567906775043e-02
2.909163538732258830e-02
2.912216600917207424e-02
2.920900489064459649e-02
2.923511540198498598e-02
2.929070507485701663e-02
2.933648538134905198e-02
2.939860786885054728e-02
2.940766230250713500e-02
2.945934306494667199e-02
2.951892576617451067e-02
2.956931491765885447e-02
2.958506562696082420e-02
2.962097043627579321e-02
2.969481709236044750e-02
2.973711386579075411e-02
2.977206231136793682e-02
2.979855490507510654e-02
2.982532070273384225e-02
2.990068331833283660e-02
2.998751001965840532e-02
3.005280485794896775e-02
3.007463556069770588e-02
3.008397909774938525e-02
3.013385110058012725e-02
3.020796388888514691e-02
3.027379618527607091e-02
3.030283790892722082e-02
3.032773131959828547e-02
3.039669699487331303e-02
3.043199176954267463e-02
3.049510594649885303e-02
3.050882559848822409e-02
3.056855982121000487e-02
3.062108741312853308e-02
3.066634962548800067e-02
3.070801973523685016e-02
3.074300364417002079e-02
3.076373451623753974e-02
3.080157287637227265e-02
3.088339702166226219e-02
3.094321890159371091e-02
3.095396021089149782e-02
3.099160944866903925e-02
3.102802735059813702e-02
3.109304460492163386e-02
3.112579930969472733e-02
3.120332426661197658e-02
3.123141485376728504e-02
3.131398446118195678e-02
3.138247300980979981e-02
3.143756410570457821e-02
3.144837181809210375e-02
3.147402027489225318e-02
3.151520469102079419e-02
3.157751260265548310e-02
3.165334919834596888e-02
3.168219846688322128e-02
3.169617040014380271e-02
3.174826351930717244e-02
3.176824908789923491e-02
3.188183285931512484e-02
3.193226557545754407e-02
3.196725349981677233e-02
3.207773399272863951e-02
3.209952291346360176e-02
3.214412699828143871e-02
3.220572828000339838e-02
3.222620566691394850e-02
3.231810523682167313e-02
3.236412165966689319e-02
3.238128391921181459e-02
3.241576336599968911e-02
3.248392678180713616e-02
3.250323063332870993e-02
3.257264410811241961e-02
3.259162021100650564e-02
3.267265946753042383e-02
3.268547731695082420e-02
3.280872499386359303e-02
3.284613525653490296e-02
3.291447984733000820e-02
3.296892160870128208e-02
3.298762339891717077e-02
3.305303709749810026e-02
3.311979366545143855e-02
3.314131601000170485e-02
3.317897292676502685e-02
3.325961735447465623e-02
3.326330595787365535e-02
3.334096145916320281e-02
3.339834753760399788e-02
3.347658570182010518e-02
3.350037442128091930e-02
3.353840193646460272e-02
3.358453154585729766e-02
3.361508026297466145e-02
3.366195391375341461e-02
3.377291540068224490e-02
3.382859439294030185e-02
3.384519164990611173e-02
3.386902900324956917e-02
3.399312733216907495e-02
3.402251560754394888e-02
3.410518871614376391e-02
3.413218030887309878e-02
3.417163341005200611e-02
3.420817258017178758e-02
3.429219634606210654e-02
3.434962254221175793e-02
3.441845169699126600e-02
3.445858232099426738e-02
3.455217375271410485e-02
3.462194570699820423e-02
3.468395659143562459e-02
3.472480295760176777e-02
3.477175585414157138e-02
3.481188532886275722e-02
3.487732145619459184e-02
3.490551437670483259e-02
3.499292781124868634e-02
3.500645850089116606e-02
3.509125618603526481e-02
3.512782938926890114e-02
3.519003344423251439e-02
3.524708657251631599e-02
3.527900066855119143e-02
3.535327826436997223e-02
3.541794818533637590e-02
3.547646833483251300e-02
3.551804182450379876e-02
3.553897221907242887e-02
3.566350686045024337e-02
3.567021960513898360e-02
3.577042270031920851e-02
3.582216531158770312e-02
3.588506767976635398e-02
3.591798336351584298e-02
3.595700967962880273e-02
3.604771196217386453e-02
3.614765367759709830e-02
3.620169282206437550e-02
3.622069814586449665e-02
3.623180672940674169e-02
3.631626751066992925e-02
3.639515874771395015e-02
3.642453369865727986e-02
3.644739869855870285e-02
3.655145639718953426e-02
3.660084819163201414e-02
3.667245352977741013e-02
3.673243218190089254e-02
3.674439926008594981e-02
3.677451575404492440e-02
3.683528056993157218e-02
3.687432437396256230e-02
3.695053578983138048e-02
3.700665358334046667e-02
3.712641589167264833e-02
3.721142321342101045e-02
3.727906971742711573e-02
3.735401105361717267e-02
3.740150795859382288e-02
3.745549120549165889e-02
3.748416690826708586e-02
3.762261150553868061e-02
3.774288808703661624e-02
3.777540358325495728e-02
3.785194838429970648e-02
3.788861414054527782e-02
3.800266791686419260e-02
3.808420891998294533e-02
3.810477723446359377e-02
3.817805852548529499e-02
3.821937475679754170e-02
3.828583763931610318e-02
3.836063023620796264e-02
3.840577327709827904e-02
3.850366855102099056e-02
3.851960797471678383e-02
3.855428952966910572e-02
3.860505436473774671e-02
3.866891066895650209e-02
3.875441287312331173e-02
3.887375354013791751e-02
3.888583227668112458e-02
3.895826708708880620e-02
3.903992008146718595e-02
3.910710224703335680e-02
3.916678620220104962e-02
3.930118819998808244e-02
3.932183997230244421e-02
3.938578095860088141e-02
3.944471373802168473e-02
3.950330762534111362e-02
3.965065803376163767e-02
3.975981010137683708e-02
3.980096203206579669e-02
3.987005673407013201e-02
3.995323802230805327e-02
3.998091206041614470e-02
4.006976802673892224e-02
4.021697105000174993e-02
4.028929273770264635e-02
4.035221180022761228e-02
4.043965745734166839e-02
4.063370275970558387e-02
4.065792771722892551e-02
4.080305511139121349e-02
4.087477536254414262e-02
4.093362852715095451e-02
4.095814233762126721e-02
4.111005728861163305e-02
4.117105984957000753e-02
4.132296357687902100e-02
4.137975964872914192e-02
4.147346264824321865e-02
4.152909599930183770e-02
4.168877243046816006e-02
4.177613413494847550e-02
4.179822688337851699e-02
4.191515830979487822e-02
4.200688987464177432e-02
4.213009617336142820e-02
4.227241887225427486e-02
4.242202107483065976e-02
4.259397492828628784e-02
4.269503787719407251e-02
4.276477933084804617e-02
4.291625095444780852e-02
4.309113822830776958e-02
4.322750294443226254e-02
4.338545138271211049e-02
4.352963201449239206e-02
4.382563280148151635e-02
