-4.408802807415802133e-02
-4.370231488459466740e-02
-4.351553233910166602e-02
-4.337967186226641958e-02
-4.311623250870574853e-02
-4.286730526955065401e-02
-4.281408170267321511e-02
-4.269113640343845384e-02
-4.264417037483936995e-02
-4.235313207438251570e-02
-4.225008493698654416e-02
-4.218553520934543999e-02
-4.197659653398497226e-02
-4.189813791965488893e-02
-4.174858178955294374e-02
-4.166992422978125360e-02
-4.151360759246476573e-02
-4.149569327032374966e-02
-4.139095377109972690e-02
-4.134406117591171020e-02
-4.118374508513036880e-02
-4.114289588728253788e-02
-4.101462436048305266e-02
-4.091612523445511268e-02
-4.081006160249252279e-02
-4.077939103333875354e-02
-4.066161504373602686e-02
-4.058391471345007551e-02
-4.050905982636397729e-02
-4.049634272373260624e-02
-4.041603020844033306e-02
-4.030280843528514373e-02
-4.021865059437806922e-02
-4.011549813213922955e-02
-4.007618880497365588e-02
-3.993107469574951746e-02
-3.990093996717870850e-02
-3.983050981568617144e-02
-3.970033128894998042e-02
-3.965414361501526375e-02
-3.953517331771766452e-02
-3.949881713893917123e-02
-3.943032176755670998e-02
-3.937274932432856256e-02
-3.923996628366795136e-02
-3.920605919951256763e-02
-3.910235122297413268e-02
-3.908429621878392601e-02
-3.898203428633380263e-02
-3.893795367364494969e-02
-3.877375995342469128e-02
-3.872809786566054624e-02
-3.864150021886949421e-02
-3.856367026700489170e-02
-3.852145121934470035e-02
-3.850767976394887937e-02
-3.836584592707940888e-02
-3.827647279648967171e-02
-3.825838137385179083e-02
-3.814256749091594900e-02
-3.812695146823614351e-02
-3.804427618885063145e-02
-3.793991273407730513e-02
-3.791627158089003191e-02
-3.781994700050708008e-02
-3.776250941223435742e-02
-3.771802647802690450e-02
-3.764782795852381070e-02
-3.762643467873363901e-02
-3.757335755484125100e-02
-3.753484761952233933e-02
-3.745886858901263661e-02
-3.740576296148062641e-02
-3.734546559183828107e-02
-3.731327703911180987e-02
-3.726033085212119428e-02
-3.714769880799508733e-02
-3.711781297624238557e-02
-3.701705530003267935e-02
-3.696605350137995016e-02
-3.694395397704582085e-02
-3.686238167786482639e-02
-3.680289938411998585e-02
-3.669850198890278054e-02
-3.664295903509606767e-02
-3.660206798435348963e-02
-3.654937750688702636e-02
-3.651063413204505559e-02
-3.638662602116107814e-02
-3.635135304655198740e-02
-3.629096593671621990e-02
-3.624815016795040340e-02
-3.622630939966619418e-02
-3.610009904956305166e-02
-3.607835812114506407e-02
-3.597270935170517048e-02
-3.590378830824238893e-02
-3.586321925540827960e-02
-3.583755377661437119e-02
-3.576903357826985430e-02
-3.566560706830310123e-02
-3.563981957709395215e-02
-3.554008193841604046e-02
-3.547933106230236749e-02
-3.544900276260081612e-02
-3.542939722724407214e-02
-3.536473778629835307e-02
-3.530573244754108692e-02
-3.525844080656673207e-02
-3.518974047090507595e-02
-3.512429669782823199e-02
-3.510473050185489857e-02
-3.496085608060014310e-02
-3.489260001899872898e-02
-3.487024272696338800e-02
-3.480471768209491418e-02
-3.478674056645288115e-02
-3.472453854967002401e-02
-3.469498533807324064e-02
-3.463284853118313300e-02
-3.461053237997656351e-02
-3.452156554691254708e-02
-3.449149438771622472e-02
-3.443378528417254808e-02
-3.440805302891149914e-02
-3.432170602537299581e-02
-3.425391120948195062e-02
-3.423964473581865564e-02
-3.416951278676783749e-02
-3.410829688031485896e-02
-3.406465019209566070e-02
-3.401851716644252455e-02
-3.394800799726561263e-02
-3.392651269474201980e-02
-3.382649041760350112e-02
-3.378417113005031253e-02
-3.373452897571430076e-02
-3.368580949434694244e-02
-3.362828929761770003e-02
-3.359965380663689632e-02
-3.350297765324804916e-02
-3.345330858346053787e-02
-3.336549302499194902e-02
-3.335699290225000585e-02
-3.332076080951179575e-02
-3.320714404248877732e-02
-3.315158428004501279e-02
-3.314657837866823165e-02
-3.309550096240326117e-02
-3.303548473559542870e-02
-3.302169165647429044e-02
-3.296451244676686099e-02
-3.287869528064683855e-02
-3.283136804777524870e-02
-3.280839858515324781e-02
-3.277070273299094449e-02
-3.269890671065490972e-02
-3.265580298590409908e-02
-3.256203421742071696e-02
-3.255292153102254393e-02
-3.246441224651366864e-02
-3.243828738931670702e-02
-3.240443049494202282e-02
-3.233385322509331472e-02
-3.227622552303370529e-02
-3.222043237585766468e-02
-3.216652750632185975e-02
-3.211607978809218750e-02
-3.205322190068821825e-02
-3.203453815643129976e-02
-3.198239215925056944e-02
-3.194868974738324097e-02
-3.191775902714369395e-02
-3.183081026441866856e-02
-3.177445503211237532e-02
-3.174392308849708494e-02
-3.169887348978010777e-02
-3.166101522951090402e-02
-3.164892983907549584e-02
-3.158649320384811221e-02
-3.152482502011057924e-02
-3.146768800658705789e-02
-3.144171690659839508e-02
-3.141988611933174691e-02
-3.137127569659742266e-02
-3.135616575482342433e-02
-3.126827953554657535e-02
-3.120597171666977115e-02
-3.118925155562658064e-02
-3.108014805521506704e-02
-3.106360375876010202e-02
-3.102387059037747460e-02
-3.099338615774846831e-02
-3.094374473295515016e-02
-3.087907437717781617e-02
-3.083406684203310669e-02
-3.080602288842813549e-02
-3.074988506046243825e-02
-3.069330681033663813e-02
-3.067814658131822261e-02
-3.065894622716724277e-02
-3.055353305609521605e-02
-3.048200965545382404e-02
-3.043849395124078108e-02
-3.042652511770244095e-02
-3.035459444366424286e-02
-3.034091543472308694e-02
-3.026392032568346602e-02
-3.022367132682868274e-02
-3.015639468246933061e-02
-3.013431811437212657e-02
-3.009887444650482385e-02
-3.005825018938075924e-02
-3.001316179482274582e-02
-2.997761291722874505e-02
-2.996029775153434896e-02
-2.989116390037739254e-02
-2.985620390150449041e-02
-2.979760706794363362e-02
-2.973612020291141120e-02
-2.965577646459247388e-02
-2.963556423555817332e-02
-2.959128553130599415e-02
-2.954085527476633249e-02
-2.952975302503404662e-02
-2.950398406891082542e-02
-2.942358140213334472e-02
-2.935346628315795361e-02
-2.931483794979092283e-02
-2.926734553234399544e-02
-2.922264851911679506e-02
-2.914957650368551687e-02
-2.909245616552679284e-02
-2.905166301073338134e-02
-2.903638130959470057e-02
-2.896339239388666387e-02
-2.891373094472665314e-02
-2.891238286642672933e-02
-2.886407410239685140e-02
-2.882037522316815634e-02
-2.874988895493302277e-02
-2.871063097931535538e-02
-2.868898034392705285e-02
-2.864503073027354491e-02
-2.860715836639247597e-02
-2.857406699199796507e-02
-2.850994711169044585e-02
-2.847341676972092728e-02
-2.843055671015548569e-02
-2.840354149098723788e-02
-2.832699974384103939e-02
-2.824754439714404972e-02
-2.821613315026620314e-02
-2.815132412774568396e-02
-2.812451034341804587e-02
-2.809142532273880069e-02
-2.803558995629405054e-02
-2.802159005378672407e-02
-2.792233487250277840e-02
-2.789952639011955213e-02
-2.782890195164729533e-02
-2.777980970887224468e-02
-2.772399232274654068e-02
-2.768456066150944486e-02
-2.762959114088938892e-02
-2.760272475594947178e-02
-2.755438448576835384e-02
-2.753213054898835319e-02
-2.747691637291880748e-02
-2.742263534300932656e-02
-2.738455190785110682e-02
-2.736484809813940697e-02
-2.731659761101829301e-02
-2.726633028367183090e-02
-2.722626043340448804e-02
-2.718217727446310336e-02
-2.711448305960232827e-02
-2.709182848494652920e-02
-2.705791521894322996e-02
-2.703298286096207648e-02
-2.699882120302995320e-02
-2.690089631240602172e-02
-2.687129488683630274e-02
-2.683102475572782947e-02
-2.679591055081433776e-02
-2.676470103284464899e-02
-2.673048628805079277e-02
-2.669798588831981401e-02
-2.665377697313465674e-02
-2.660254949944185557e-02
-2.656320938277594718e-02
-2.650089756059552035e-02
-2.646138809951775056e-02
-2.643783583658972439e-02
-2.637309695579591329e-02
-2.632814082059263885e-02
-2.631108469007709116e-02
-2.627875368239747725e-02
-2.617748187955571196e-02
-2.615234921547435545e-02
-2.611824560446682555e-02
-2.606336796703842898e-02
-2.602545804632044185e-02
-2.601337171174705407e-02
-2.595009801184329154e-02
-2.593334876340460532e-02
-2.590392742616995023e-02
-2.587322345029668264e-02
-2.582240405723427307e-02
-2.575569817664042152e-02
-2.570915111524523650e-02
-2.569542153228278683e-02
-2.568307384902162455e-02
-2.565396586001943841e-02
-2.561936266303974780e-02
-2.552026823030127678e-02
-2.549342070201232602e-02
-2.544845215592472093e-02
-2.541481001887965774e-02
-2.537327028346034186e-02
-2.534248890983088406e-02
-2.533770678115970440e-02
-2.526905709751894533e-02
-2.522722839188672184e-02
-2.518458653363714675e-02
-2.514381976527636092e-02
-2.507014162990440706e-02
-2.503907376823630293e-02
-2.501622385631977613e-02
-2.497487009311144535e-02
-2.493382311326565459e-02
-2.485605366222075341e-02
-2.482289539397684874e-02
-2.480508631098736830e-02
-2.474996003862596841e-02
-2.471227159837079135e-02
-2.468670722948451690e-02
-2.467369443201894441e-02
-2.462255993825722064e-02
-2.456572678926505215e-02
-2.452222881815315988e-02
-2.446127249535919035e-02
-2.437827739288713630e-02
-2.435327972498151083e-02
-2.430384517290275562e-02
-2.427173455597838106e-02
-2.423731784100161685e-02
-2.418440862342461500e-02
-2.416477755418202505e-02
-2.413965297482800060e-02
-2.406496508403718412e-02
-2.403235471511804694e-02
-2.402089016569615779e-02
-2.397741614758200357e-02
-2.391045648398028647e-02
-2.387963567519697100e-02
-2.387414408191949888e-02
-2.384462984430462187e-02
-2.380274717230812867e-02
-2.374953382283687478e-02
-2.372028696424207175e-02
-2.371032872921435136e-02
-2.367469238926369832e-02
-2.362820830040913631e-02
-2.356205188776006390e-02
-2.349371956963365246e-02
-2.346666299826762753e-02
-2.344491314635864868e-02
-2.338606770242538518e-02
-2.331658548234804770e-02
-2.330009336554172972e-02
-2.327530148327081397e-02
-2.324141141611183251e-02
-2.318699731829163349e-02
-2.316580064735792102e-02
-2.307232381547701452e-02
-2.305064982897119322e-02
-2.303967638430052048e-02
-2.293892411877825749e-02
-2.289400037879403202e-02
-2.286635445336611047e-02
-2.280025914856891739e-02
-2.278143437844468849e-02
-2.273883925050161278e-02
-2.272487913648598562e-02
-2.270507977665464291e-02
-2.264597057143392239e-02
-2.262642374227892897e-02
-2.258738046727914658e-02
-2.254880108579980849e-02
-2.249686936618448471e-02
-2.248447765216664632e-02
-2.245610588439332297e-02
-2.242012499036643083e-02
-2.238464255318973681e-02
-2.236149772679563164e-02
-2.233210791869144618e-02
-2.221181741009180602e-02
-2.215904779639286948e-02
-2.214638773916575987e-02
-2.212153920582424910e-02
-2.207383047877077911e-02
-2.198526399961792110e-02
-2.194649545031443494e-02
-2.189062682587082295e-02
-2.186651632442187382e-02
-2.183275122140752519e-02
-2.179115502553961858e-02
-2.178058006664629689e-02
-2.173762905465891418e-02
-2.170064107256476638e-02
-2.169213121311091425e-02
-2.162076381333936578e-02
-2.154217142666376567e-02
-2.152931673584508945e-02
-2.152634407829304500e-02
-2.143465672971408761e-02
-2.142066505988988664e-02
-2.138410056353678285e-02
-2.131480856474140054e-02
-2.130166345523300947e-02
-2.125405965553062160e-02
-2.122361299484838704e-02
-2.121470797436472364e-02
-2.117141709328984600e-02
-2.114424937186122275e-02
-2.109675998717051859e-02
-2.105974881760491746e-02
-2.100565124491622637e-02
-2.097899358557118663e-02
-2.096316033980569898e-02
-2.091370622644790622e-02
-2.088407378447326712e-02
-2.080715282842887995e-02
-2.077212552339345944e-02
-2.077138467066394489e-02
-2.074697201594183360e-02
-2.069638450724015435e-02
-2.066818057153007801e-02
-2.057779945667779706e-02
-2.056283354851552031e-02
-2.050431037473362042e-02
-2.046650920183141001e-02
-2.044267739367509884e-02
-2.041513567408639526e-02
-2.039763409823970933e-02
-2.034755204852225358e-02
-2.030116510893265405e-02
-2.024606334544606576e-02
-2.023003198322555207e-02
-2.019087434137789225e-02
-2.012087268678184812e-02
-2.011045665911190966e-02
-2.006488281261388507e-02
-2.001807357369723289e-02
-1.998996964345727337e-02
-1.995890473329267265e-02
-1.989736987140617794e-02
-1.984822876430185346e-02
-1.983729094271554846e-02
-1.981699711351383314e-02
-1.975752753992117416e-02
-1.971203694703113976e-02
-1.965481311599297232e-02
-1.964547827086282616e-02
-1.961652209328902316e-02
-1.956666110049578092e-02
-1.951602038300045971e-02
-1.947364146285618727e-02
-1.944742815152036147e-02
-1.938692572576722686e-02
-1.936049951973984815e-02
-1.934517843859174385e-02
-1.929370759182735123e-02
-1.929158867285706014e-02
-1.922795822693980708e-02
-1.919045115846393368e-02
-1.917598978402076243e-02
-1.913956842507521031e-02
-1.911998218607506919e-02
-1.903620233603369599e-02
-1.899023367910827181e-02
-1.895838144335182038e-02
-1.892973686708107964e-02
-1.889842914603500484e-02
-1.884000259561348714e-02
-1.881036354355290416e-02
-1.876472540850418827e-02
-1.870912562479072269e-02
-1.867831455030780075e-02
-1.867260569009981594e-02
-1.866790544576984318e-02
-1.859678389980533655e-02
-1.857356063705049160e-02
-1.850334619028344563e-02
-1.845595504434724074e-02
-1.843642522594039421e-02
-1.842564917418702472e-02
-1.841311296372998355e-02
-1.838340106818656464e-02
-1.834871563617915605e-02
-1.828726310486336951e-02
-1.825193223073679968e-02
-1.823302703861247320e-02
-1.817762488953987912e-02
-1.807929695072966678e-02
-1.805742658718588814e-02
-1.802566518853273778e-02
-1.799468136930824566e-02
-1.797535142807552000e-02
-1.796090610833053422e-02
-1.787942346847892425e-02
-1.787238204421024573e-02
-1.783581369499848829e-02
-1.781846364453796433e-02
-1.772448665424978045e-02
-1.769800108260502838e-02
-1.764235162917378308e-02
-1.762394118515637001e-02
-1.758580635326096805e-02
-1.750903891578907412e-02
-1.749970235036204386e-02
-1.749472019647751661e-02
-1.745878604644198612e-02
-1.740961307073992520e-02
-1.735177496939061328e-02
-1.732211481044422866e-02
-1.729315183947325099e-02
-1.728572994116715431e-02
-1.725446853896238364e-02
-1.720740158613950216e-02
-1.714574388439098901e-02
-1.712245853514270805e-02
-1.709427723798082749e-02
-1.706888962422262873e-02
-1.698512711431356820e-02
-1.692952372752711682e-02
-1.689386562644133380e-02
-1.687936476673809749e-02
-1.683813962368140710e-02
-1.677877106925772244e-02
-1.676878075990472991e-02
-1.673588076619796777e-02
-1.671915452592958110e-02
-1.668128058015457688e-02
-1.666135775054048210e-02
-1.659906770065028292e-02
-1.658393692562963595e-02
-1.657034434094072084e-02
-1.650480495935647066e-02
-1.643902211633665664e-02
-1.643661492857712014e-02
-1.639116183840763283e-02
-1.634414579542101814e-02
-1.633624935363076763e-02
-1.628934054309122068e-02
-1.624167833403986766e-02
-1.618843169375040400e-02
-1.615051664866567344e-02
-1.611404713342839620e-02
-1.607964787333923673e-02
-1.605873190149202656e-02
-1.603702513888829659e-02
-1.599129530138580432e-02
-1.592385028010140022e-02
-1.590305033127968962e-02
-1.586245897201487426e-02
-1.584564291651960333e-02
-1.579653036815029110e-02
-1.577385794247288323e-02
-1.573340773404115212e-02
-1.571053954187603269e-02
-1.566646470146370804e-02
-1.563207209635316536e-02
-1.559698805172376850e-02
-1.556318915582399764e-02
-1.551860144609175374e-02
-1.547871581000977680e-02
-1.545840773003368841e-02
-1.536956284300446292e-02
-1.535507669935065947e-02
-1.527717223124838708e-02
-1.526746601925425828e-02
-1.523728709317406782e-02
-1.522017980225750557e-02
-1.516057680325367391e-02
-1.513161090792747993e-02
-1.510353608284543091e-02
-1.507809777360812759e-02
-1.506213145649358369e-02
-1.504863073420727691e-02
-1.498248553465344503e-02
-1.494611348870539431e-02
-1.489669058469023262e-02
-1.485007435701887410e-02
-1.483025854787770048e-02
-1.480136703785799555e-02
-1.477246118468677691e-02
-1.471839015644380889e-02
-1.469103555440762383e-02
-1.463683922731210535e-02
-1.458089915228353434e-02
-1.456835988888545430e-02
-1.453968971934595927e-02
-1.450937408544691887e-02
-1.444778870703937457e-02
-1.443485108017902689e-02
-1.436410167092904040e-02
-1.435141516228839384e-02
-1.431871714607179172e-02
-1.430244771791593789e-02
-1.426540563341935873e-02
-1.420273013270709032e-02
-1.419598240980790398e-02
-1.418330622495770667e-02
-1.412760395400204649e-02
-1.409643809058960112e-02
-1.403803076495245897e-02
-1.402678089728183822e-02
-1.397051966765095951e-02
-1.394140008916217727e-02
-1.389922012400342070e-02
-1.384819693245627897e-02
-1.382027769470131270e-02
-1.378553017380380538e-02
-1.374850412671365860e-02
-1.370782851462619238e-02
-1.368567987461709150e-02
-1.362392372346738281e-02
-1.359191605315540619e-02
-1.356350802847583296e-02
-1.352779464329806683e-02
-1.348778940673825769e-02
-1.345103308108095211e-02
-1.341281712233617467e-02
-1.336743100712753027e-02
-1.334161306649636614e-02
-1.330773137836629982e-02
-1.325888067952929461e-02
-1.325324420998578306e-02
-1.321155953707543046e-02
-1.315418175681480270e-02
-1.313573330409587188e-02
-1.310725945783585387e-02
-1.305668027835316276e-02
-1.301218057919943834e-02
-1.300289068820577321e-02
-1.297329982111018049e-02
-1.294346306389193048e-02
-1.288693200564110762e-02
-1.285692631816242465e-02
-1.281517345978546059e-02
-1.277837474215044906e-02
-1.273308647637001918e-02
-1.271227869756215781e-02
-1.264432443286636967e-02
-1.259586810262911145e-02
-1.256027429501730894e-02
-1.253295611603688804e-02
-1.251726356576678134e-02
-1.247457267562613117e-02
-1.243138851517303252e-02
-1.238991328668214049e-02
-1.231062423652073620e-02
-1.227311476300207982e-02
-1.225238305173297071e-02
-1.222466062517870052e-02
-1.220925681279653313e-02
-1.218128643329061123e-02
-1.215814811728061634e-02
-1.208445667746335835e-02
-1.204476386642262115e-02
-1.203588198921459046e-02
-1.200498403332895224e-02
-1.198390844618857018e-02
-1.196931292887676475e-02
-1.190676950429266079e-02
-1.186671786619875046e-02
-1.183522583172374153e-02
-1.181604782853633816e-02
-1.179329023044390842e-02
-1.175361493160883772e-02
-1.173793572739413246e-02
-1.172043169236715657e-02
-1.167469246190252531e-02
-1.164045324031862984e-02
-1.157838869373622667e-02
-1.155637420105820080e-02
-1.153620027585548075e-02
-1.149872457646689862e-02
-1.139114550176538107e-02
-1.138295378754647542e-02
-1.135310965234478942e-02
-1.132645429355468719e-02
-1.127888945400516013e-02
-1.124748738811594262e-02
-1.123317531135496240e-02
-1.116715852222116556e-02
-1.116100385095099290e-02
-1.112400566608087553e-02
-1.109002153777279183e-02
-1.105654052683521099e-02
-1.103916552566153522e-02
-1.098461841775830693e-02
-1.095535992898956368e-02
-1.087467817097965452e-02
-1.086744553765346677e-02
-1.084360227315170344e-02
-1.080996053564258624e-02
-1.075755983454465027e-02
-1.075159061252247208e-02
-1.072880684741585149e-02
-1.068692020604888882e-02
-1.066453010911001288e-02
-1.062043589297696593e-02
-1.060637994869344583e-02
-1.057693688580174651e-02
-1.054040062476935442e-02
-1.049761240751697321e-02
-1.045865273403033015e-02
-1.039901710528725633e-02
-1.037288936504132848e-02
-1.033991183826929450e-02
-1.030745146919209709e-02
-1.025278037786874624e-02
-1.023015668395748680e-02
-1.012983038174946476e-02
-1.011282989057301490e-02
-1.006645458332588311e-02
-1.004843694509097857e-02
-1.002998450317477662e-02
-9.974743064156061864e-03
-9.952160051629507787e-03
-9.926922719505626436e-03
-9.898240952221500424e-03
-9.838316190648607740e-03
-9.789415196801836208e-03
-9.745434648457096047e-03
-9.726524972389192017e-03
-9.682605247516910124e-03
-9.674418602940257350e-03
-9.651629853400638462e-03
-9.605078019916789972e-03
-9.572644265762124058e-03
-9.538551845408690250e-03
-9.506038438681434569e-03
-9.470212467759335159e-03
-9.421145836722792308e-03
-9.384103085185791990e-03
-9.348456392504650089e-03
-9.298720837479675788e-03
-9.267946225734095475e-03
-9.245570063507676378e-03
-9.205467121324686572e-03
-9.192724085276526499e-03
-9.157615048280377118e-03
-9.119005510035804729e-03
-9.098557817141972315e-03
-9.052606963827144332e-03
-9.027644365935489842e-03
-9.006167027305923833e-03
-8.978735374701408631e-03
-8.919350125352044217e-03
-8.892098156639726553e-03
-8.870844314930202701e-03
-8.864768393056858195e-03
-8.803941497290079798e-03
-8.766017229978280423e-03
-8.717629601777314788e-03
-8.702041153868328438e-03
-8.628772458640058055e-03
-8.610648992098218074e-03
-8.556820928193868692e-03
-8.532015362055556107e-03
-8.523620975898401134e-03
-8.498399882539255448e-03
-8.460478470477178492e-03
-8.421316103669203301e-03
-8.376413138405021039e-03
-8.337859049473227147e-03
-8.294765561485142186e-03
-8.230831774044568977e-03
-8.217999335511408723e-03
-8.203388504113038465e-03
-8.152476279972353107e-03
-8.077111594372734724e-03
-8.062861837130201256e-03
-8.034081245524772597e-03
-8.015379701989658670e-03
-7.968546655671367857e-03
-7.922633938812087204e-03
-7.916275811888095343e-03
-7.843644540432431755e-03
-7.826866162201722571e-03
-7.788641545548942620e-03
-7.769591812039323975e-03
-7.726998733801697036e-03
-7.686789526283602063e-03
-7.657705400196534659e-03
-7.631379108225786606e-03
-7.582059937279245036e-03
-7.548059247815040382e-03
-7.519394035468274576e-03
-7.500960843687041329e-03
-7.474840755256242919e-03
-7.448881995741165815e-03
-7.398461631092761656e-03
-7.367725654766667416e-03
-7.344333812182547543e-03
-7.330814803264338458e-03
-7.241291666377041615e-03
-7.215284368299808813e-03
-7.192288999996890655e-03
-7.147893094389230588e-03
-7.076593198562282881e-03
-7.038355931129901960e-03
-7.017889132961904752e-03
-7.001535817772929805e-03
-6.950076759220419516e-03
-6.941732083336335166e-03
-6.917940852748018926e-03
-6.900958317576900980e-03
-6.836191916089289639e-03
-6.833292122716543883e-03
-6.805517450359879240e-03
-6.760577513087028846e-03
-6.723942062847976936e-03
-6.675631188489112786e-03
-6.650387568490668394e-03
-6.593603568687744429e-03
-6.564977106448626441e-03
-6.537161828403965751e-03
-6.506901046196706881e-03
-6.454674879943058177e-03
-6.439845916804330835e-03
-6.419569420588779919e-03
-6.361808852853763352e-03
-6.319429781332127141e-03
-6.296994652064085221e-03
-6.249328132629856924e-03
-6.241938794730447944e-03
-6.200536647373553617e-03
-6.150302195895590400e-03
-6.132688756432668094e-03
-6.080796156076826234e-03
-6.062007212089943163e-03
-6.031703894049880374e-03
-5.971447330040246387e-03
-5.957230095656477521e-03
-5.897659642306168730e-03
-5.894423302846348890e-03
-5.875236024503867512e-03
-5.855233723379275369e-03
-5.813516110254118678e-03
-5.749846066842959416e-03
-5.739985293881838535e-03
-5.701574794892967472e-03
-5.660488004700257522e-03
-5.620727977567346358e-03
-5.593197348269631289e-03
-5.583010905647007270e-03
-5.520048703296952415e-03
-5.483073218346220211e-03
-5.444120748573755275e-03
-5.420758669340157432e-03
-5.364960082227933878e-03
-5.359647742092283826e-03
-5.333837510647128875e-03
-5.282327187660824236e-03
-5.257895541681449104e-03
-5.232942883012466941e-03
-5.183944978394633765e-03
-5.179621569542720849e-03
-5.153866330156270381e-03
-5.090937233921990525e-03
-5.031026714238892063e-03
-5.001059107500156753e-03
-4.975597391538462248e-03
-4.934607711316936485e-03
-4.908536646534070874e-03
-4.849885495096978132e-03
-4.807935827410468425e-03
-4.799686024762446490e-03
-4.737170043488716717e-03
-4.685075275191343154e-03
-4.675435281527449277e-03
-4.669665493915341713e-03
-4.631863330180326609e-03
-4.595069107375682367e-03
-4.569309580910308269e-03
-4.523333319904266313e-03
-4.511786804805333756e-03
-4.473155540345133581e-03
-4.439731277081940437e-03
-4.393579385753357963e-03
-4.376328586295321829e-03
-4.349873891913040580e-03
-4.318544808932757266e-03
-4.290934003521588991e-03
-4.257766242754234751e-03
-4.221170347122276019e-03
-4.181453417852631742e-03
-4.171724389883590609e-03
-4.124127960464588939e-03
-4.110955145864276725e-03
-4.061248752084717362e-03
-4.049533776433235539e-03
-3.974742875876987117e-03
-3.963949993148285431e-03
-3.929845308138708512e-03
-3.872184872365835254e-03
-3.851148348208514090e-03
-3.808326532350401507e-03
-3.765609150537316610e-03
-3.756491286574236820e-03
-3.697022796740214931e-03
-3.661192665491600374e-03
-3.600596064207079935e-03
-3.557291109813756798e-03
-3.524911245987779121e-03
-3.491094294397377278e-03
-3.463267365844767583e-03
-3.412236802220052021e-03
-3.392120145316844266e-03
-3.378217610311703718e-03
-3.337144265924598101e-03
-3.310624776424910768e-03
-3.278672145451415072e-03
-3.249645070064801407e-03
-3.173329719276314631e-03
-3.150727214645447985e-03
-3.138943318879419773e-03
-3.102077382704411090e-03
-3.094203118979269810e-03
-3.041613925437767520e-03
-2.987326679886125914e-03
-2.970263693589767981e-03
-2.923879838880435057e-03
-2.887737514652904958e-03
-2.865886629390781894e-03
-2.829197690614109612e-03
-2.777511990659953679e-03
-2.765427247845632895e-03
-2.704963223986089557e-03
-2.679258196984314611e-03
-2.639352910969975426e-03
-2.599926944444021053e-03
-2.593201317378150076e-03
-2.557487645583787599e-03
-2.521805456100306621e-03
-2.499144737779529762e-03
-2.462084282375127855e-03
-2.412191227923412944e-03
-2.384116234669440490e-03
-2.354187113664406219e-03
-2.346198862875821436e-03
-2.302913178304350633e-03
-2.290482972964586004e-03
-2.266431117732868768e-03
-2.228674169071891836e-03
-2.155591052692660235e-03
-2.133625031767350140e-03
-2.066080722575672560e-03
-2.028376960265738591e-03
-1.971229241286735507e-03
-1.927536217410171773e-03
-1.889668520684117947e-03
-1.883011775277318878e-03
-1.818090457272088754e-03
-1.808371421481394514e-03
-1.793851219891509684e-03
-1.753272759368068373e-03
-1.742475862273073313e-03
-1.670813195604011663e-03
-1.651543115051768785e-03
-1.644077174626293108e-03
-1.592894476052010176e-03
-1.549437905674732338e-03
-1.486252935948550839e-03
-1.452458343306119431e-03
-1.423687620842667726e-03
-1.386572331030063582e-03
-1.375068328809527255e-03
-1.344437485342493384e-03
-1.308422320236537215e-03
-1.280031894766746640e-03
-1.265929454315066092e-03
-1.251138573834161341e-03
-1.206270888457121196e-03
-1.162067433778513027e-03
-1.089475731703446002e-03
-1.067201235821005996e-03
-1.037696248527579003e-03
-1.022993970623799036e-03
-1.009638522229785442e-03
-9.644783206998488968e-04
-9.341515627076783400e-04
-9.178728771542115934e-04
-8.739063391154605707e-04
-8.499980988699282246e-04
-8.337659399441181823e-04
-8.076382970013880639e-04
-7.594245441202833067e-04
-6.847414999686118626e-04
-6.608102809437924920e-04
-6.138300107941006356e-04
-5.960390270029136076e-04
-5.654373514082355326e-04
-5.490780387919553694e-04
-5.316225656219454804e-04
-4.606173189282157846e-04
-4.128850689501619201e-04
-3.880108157304156631e-04
-3.670549474987659286e-04
-3.564864295988681318e-04
-2.923202922673078961e-04
-2.636489644131680393e-04
-2.125807103215460224e-04
-1.999169025502524322e-04
-1.471239239100633443e-04
-1.159999726815434218e-04
-9.688062614993625630e-05
-8.395976435141045302e-05
-5.361939526817562177e-05
-1.119341828785525277e-05
5.952644721878645718e-05
9.133502639115346903e-05
1.162450887898621636e-04
1.532989643291669292e-04
1.726392782121699207e-04
2.354418055177950420e-04
2.462718855389477266e-04
2.636635293657479322e-04
2.881335747717627782e-04
3.256505337792300458e-04
3.485820062561350999e-04
3.541377868074849157e-04
4.263792348198466777e-04
4.622359337969717897e-04
4.964591455914348344e-04
5.513621429380385864e-04
6.073339962727927191e-04
6.667209481957080261e-04
6.909228662339771902e-04
6.917273196656299576e-04
7.120890215309029882e-04
7.612225500115898588e-04
7.913870806948944013e-04
8.430139385766376213e-04
8.652262584765566455e-04
9.259254976703007716e-04
9.636170582127256013e-04
9.788035662871125663e-04
1.017863731194036669e-03
1.056732658562257142e-03
1.069967706231075150e-03
1.115696866391527970e-03
1.128860553553447848e-03
1.171621851971010745e-03
1.217725098235468819e-03
1.231690762661520437e-03
1.245667309794215669e-03
1.264905080458448910e-03
1.311593697392754226e-03
1.334398842884034148e-03
1.407872494459557616e-03
1.421656205586310871e-03
1.445642005654212579e-03
1.524316788532958716e-03
1.551826482811456687e-03
1.598593131066894032e-03
1.646195448798476717e-03
1.684685280437897732e-03
1.691880068439028089e-03
1.779395686985716383e-03
1.794603877450921250e-03
1.814011409192233838e-03
1.852310312350816893e-03
1.863245506034428038e-03
1.918748635625724215e-03
1.921981900270424738e-03
2.000274334283303531e-03
2.049416213559487020e-03
2.087559562113406285e-03
2.109950291576021767e-03
2.152822708270288755e-03
2.177417353102314383e-03
2.205361857674941785e-03
2.236153842463283001e-03
2.241295261210820254e-03
2.287154770499128052e-03
2.300975697271170298e-03
2.328074291390007031e-03
2.367416312046419311e-03
2.406903116248321033e-03
2.469560956571627015e-03
2.496041635152523516e-03
2.532967831416692121e-03
2.544584147837898949e-03
2.590465714881135320e-03
2.605526568008679524e-03
2.653709925866977026e-03
2.706269092032151727e-03
2.724185423800115288e-03
2.754458740916399407e-03
2.767528412271300867e-03
2.845632770188136207e-03
2.852722224953278037e-03
2.887787206964599705e-03
2.924065584823066707e-03
2.939609972459842398e-03
2.981147025942688066e-03
2.992846286947694733e-03
3.018340656491364307e-03
3.091970782926065434e-03
3.099015596391536086e-03
3.162521859964206351e-03
3.193896773639101454e-03
3.258790572493849760e-03
3.275488737110310734e-03
3.306315770639203268e-03
3.327644637965866594e-03
3.346144978503741256e-03
3.401443479357732849e-03
3.424918397452055962e-03
3.467973483920441542e-03
3.496485114077344490e-03
3.551464505378870099e-03
3.556350547301566269e-03
3.612293262158763809e-03
3.627153467552010711e-03
3.654435985873704437e-03
3.665711482597811856e-03
3.696537060248133912e-03
3.736147211562968092e-03
3.776235135785008419e-03
3.804490760184093406e-03
3.829627374921647058e-03
3.856236240048111896e-03
3.919916934968882549e-03
3.935952177658517612e-03
3.946318242535423043e-03
4.012322222578258366e-03
4.021523082229830522e-03
4.093863416730792772e-03
4.111988225677309754e-03
4.133171863712458913e-03
4.189010711932113044e-03
4.216037728367812848e-03
4.260162152408009453e-03
4.325023456010144464e-03
4.357914901112866675e-03
4.387287669680896805e-03
4.418103636500713728e-03
4.444403482491299934e-03
4.486718142351854913e-03
4.517002116637331734e-03
4.549903705161493540e-03
4.608345549041075427e-03
4.614797552608169637e-03
4.633195884889464329e-03
4.653186763137827364e-03
4.678979618735938130e-03
4.734968531310063643e-03
4.782544412521755155e-03
4.810721878110412082e-03
4.839457388524347377e-03
4.869824546855508821e-03
4.877647831246500164e-03
4.951516226993099221e-03
4.975208389992108980e-03
5.033494197213565259e-03
5.049688206074856925e-03
5.066121475317558569e-03
5.106338398949451796e-03
5.131727641736682881e-03
5.183293325376444813e-03
5.225823093665100949e-03
5.240559510163583790e-03
5.307505805570770369e-03
5.326407759354259176e-03
5.356437566055186582e-03
5.389986482821102799e-03
5.452277700333697449e-03
5.462101102305821389e-03
5.529365223724019840e-03
5.541150342809325960e-03
5.583424744199053102e-03
5.598226420482597943e-03
5.648937900005169058e-03
5.688376485566925406e-03
5.728617577963794963e-03
5.772399917232814114e-03
5.830103645121926907e-03
5.858402629946602228e-03
5.900248539894779355e-03
5.914753794291658512e-03
5.930554567044794140e-03
5.976704954383869027e-03
5.979373554303955667e-03
6.045393772190288742e-03
6.057067697158404970e-03
6.069035882781613836e-03
6.133997616411372873e-03
6.144952835796144500e-03
6.191193205393038732e-03
6.210411594855570067e-03
6.256527972109618072e-03
6.284521434824703531e-03
6.310084636486561899e-03
6.326695578649164410e-03
6.362407935210151987e-03
6.416671452956177434e-03
6.446633173859796576e-03
6.468933391928521383e-03
6.537875639523402400e-03
6.547072279836265406e-03
6.568109378923642390e-03
6.597649726872916592e-03
6.637032541520375591e-03
6.693571534254055648e-03
6.727271091841151816e-03
6.752660874293411712e-03
6.778493168508189191e-03
6.791088034611624143e-03
6.841934840159165365e-03
6.898387703206657583e-03
6.935356150453915978e-03
6.969047150225400611e-03
7.001481834693423258e-03
7.076164682778867537e-03
7.087287060879279323e-03
7.102297831194988309e-03
7.121188189117811339e-03
7.199725577538227880e-03
7.213341516786959430e-03
7.250889819947476181e-03
7.267548524234166904e-03
7.296495171684663078e-03
7.310110084187757332e-03
7.379065091003954129e-03
7.387184716870615585e-03
7.447834071408154961e-03
7.474323028493590898e-03
7.481273778011119160e-03
7.522009421534592462e-03
7.595823045044415925e-03
7.614355029087409299e-03
7.640759066165296771e-03
7.666275707019535972e-03
7.706146928191448704e-03
7.749656719126903591e-03
7.772760618652451402e-03
7.802208047906573386e-03
7.861371811752072489e-03
7.897769297776906228e-03
7.903144824910281543e-03
7.925052952733081801e-03
7.977874733930427967e-03
7.982038285169771805e-03
8.053601405615883405e-03
8.079580470476339579e-03
8.115497705618288787e-03
8.158216506972404414e-03
8.203526122717672009e-03
8.238302187020549519e-03
8.274072526018846907e-03
8.291520643346279168e-03
8.333947707729036369e-03
8.365380914362008369e-03
8.397480554241618447e-03
8.441665257958072544e-03
8.460204521080401732e-03
8.500703442761860240e-03
8.517008634857162891e-03
8.555381093596103881e-03
8.587712854992419695e-03
8.603811965604672013e-03
8.683185927705502211e-03
8.699054892330210925e-03
8.748098960323122397e-03
8.797107416990392059e-03
8.831864447635210183e-03
8.878342863332742974e-03
8.896441517427355894e-03
8.943710165486257191e-03
8.977270919057488835e-03
8.992689738049224057e-03
9.011855660958472888e-03
9.049675962996163794e-03
9.057525855952729132e-03
9.142994656354293606e-03
9.150538579086165900e-03
9.215499732469252178e-03
9.269840979928192087e-03
9.297675390121261721e-03
9.314938587866554084e-03
9.336214036811247424e-03
9.406883763420774078e-03
9.417243630554222172e-03
9.456928617633968137e-03
9.529754856707589941e-03
9.536361411824640505e-03
9.575198002706382036e-03
9.630403050795887515e-03
9.637061561442552757e-03
9.672334531813450362e-03
9.697630275303573827e-03
9.719677052412197329e-03
9.774560769319640824e-03
9.816463056371488305e-03
9.820222468573537589e-03
9.876918905518106834e-03
9.905561720905852602e-03
9.921897591399914118e-03
9.948679451468793108e-03
9.977086836012265952e-03
1.001810254570337753e-02
1.002226929846299942e-02
1.010370026785226659e-02
1.014253296536138209e-02
1.017234561729100061e-02
1.022326529300798814e-02
1.023335421787155072e-02
1.027622893701297425e-02
1.029286785532301102e-02
1.031418376551908149e-02
1.035745695091278180e-02
1.039748348843784302e-02
1.041478343182016333e-02
1.045027755290271060e-02
1.051624812942145680e-02
1.054664898028777158e-02
1.057993170583319299e-02
1.062567834350976355e-02
1.068299465873824225e-02
1.070379988216974172e-02
1.072919253367859982e-02
1.075120708397917305e-02
1.081652385436975526e-02
1.082574717670320950e-02
1.085056006057845066e-02
1.087162185659645841e-02
1.091001310976981963e-02
1.092405701646389886e-02
1.095575961343894268e-02
1.105570642697109758e-02
1.106574548586740717e-02
1.108349999831877673e-02
1.117890073693912634e-02
1.120452909712494997e-02
1.121992669750187556e-02
1.127847421005191177e-02
1.129290726766796378e-02
1.137600391483019335e-02
1.139636487528497208e-02
1.148063223150437052e-02
1.150198789734573242e-02
1.150592060519162879e-02
1.153772559799769344e-02
1.155610500994362459e-02
1.158163880948659408e-02
1.159298180491380274e-02
1.168161282023869735e-02
1.172674660129391019e-02
1.175806682882155410e-02
1.179321355398162130e-02
1.184299913025461254e-02
1.186174589075033106e-02
1.188577229616350102e-02
1.191248255168340063e-02
1.193875471022257453e-02
1.198871629992422083e-02
1.202448994916831097e-02
1.208480352760241301e-02
1.211937418906870040e-02
1.213404781242109765e-02
1.215024228894469316e-02
1.218066745643697768e-02
1.220730943184866572e-02
1.222713067639655780e-02
1.227205641594542908e-02
1.232459518567630662e-02
1.234692318611985661e-02
1.237475408874763941e-02
1.240029194072294130e-02
1.241378098910200269e-02
1.247002437937630263e-02
1.252538793456948671e-02
1.257338667035572642e-02
1.259990003058037225e-02
1.263424639633933810e-02
1.265351227061766066e-02
1.269878060356456617e-02
1.273652263766025805e-02
1.278464665841307253e-02
1.286393577285930949e-02
1.289522471590753838e-02
1.293498738838507085e-02
1.296252042358074681e-02
1.300420502043197341e-02
1.301932188309121337e-02
1.306819720924987799e-02
1.309333341715358465e-02
1.313944302162651200e-02
1.317178699446720086e-02
1.320218414622074087e-02
1.322806915179039998e-02
1.323711225737859466e-02
1.326173356863327019e-02
1.331979081866413971e-02
1.332986066539345975e-02
1.334771460343729156e-02
1.338782427869466066e-02
1.345703554600573108e-02
1.348194015257743114e-02
1.352160779722626216e-02
1.357521104563082399e-02
1.359645367189870127e-02
1.363909829013398335e-02
1.367746785550179658e-02
1.370757133630572978e-02
1.372992469295914071e-02
1.376607599129955027e-02
1.378844400832657593e-02
1.384933084055904942e-02
1.386956395123291851e-02
1.389029831298973713e-02
1.393753527172304080e-02
1.394502456114327799e-02
1.399206076445749444e-02
1.403965675586255762e-02
1.404490684907842846e-02
1.406906270637276087e-02
1.409366059551821551e-02
1.415211349890139331e-02
1.416038665473387005e-02
1.419115223407347269e-02
1.426813972160657917e-02
1.433924161954241994e-02
1.435813475078135011e-02
1.441479491066107246e-02
1.442611476349967350e-02
1.446637616425626091e-02
1.449227557747169957e-02
1.451518587914676049e-02
1.457458237155973869e-02
1.460057703010958496e-02
1.462993454676158461e-02
1.467903902062933294e-02
1.469672317620372877e-02
1.472497626811839107e-02
1.478748401914332933e-02
1.480176444618815958e-02
1.482748802049538989e-02
1.486863737893280059e-02
1.488743640370684615e-02
1.493823031502211282e-02
1.498124522308576755e-02
1.504956336083849294e-02
1.506564303883418075e-02
1.513985600822158328e-02
1.516070479866277014e-02
1.517151130468424002e-02
1.521935102114123015e-02
1.524057107510502947e-02
1.530957285775276684e-02
1.534020917790130181e-02
1.536140157650578084e-02
1.538900677254040165e-02
1.543351315215270650e-02
1.549304374988923552e-02
1.553352428240436026e-02
1.556697258618123213e-02
1.559858144958930874e-02
1.563362010958643106e-02
1.567128579030267060e-02
1.569981224910159054e-02
1.574227849106709515e-02
1.577036070848824439e-02
1.581609993099271708e-02
1.586321557033312790e-02
1.590857167483443815e-02
1.592902057294225127e-02
1.594536543085225619e-02
1.598182446096237802e-02
1.604716747251289446e-02
1.605807321629565410e-02
1.610817946646386431e-02
1.617645256611723731e-02
1.618917397710352771e-02
1.622891414040873032e-02
1.625776586160984985e-02
1.630680773221642940e-02
1.633665684197679879e-02
1.636533962488145519e-02
1.643569260287895684e-02
1.646462036297531920e-02
1.650288360348986516e-02
1.652867940815297768e-02
1.655112166058916867e-02
1.660086981581821233e-02
1.665386017883193140e-02
1.669807437458125168e-02
1.670137802125419568e-02
1.670981464181242257e-02
1.677391434278777474e-02
1.680964531865611344e-02
1.685621250875821847e-02
1.688930533626461367e-02
1.690195048924513291e-02
1.694087515915302170e-02
1.700383881433922481e-02
1.702732686994826161e-02
1.704794682691411142e-02
1.708170410109498966e-02
1.716176377156496818e-02
1.718699162772992575e-02
1.720663438573577855e-02
1.725788846942998694e-02
1.728177357586444321e-02
1.733517864319241569e-02
1.737254979292109786e-02
1.740015719751205822e-02
1.743267062906036710e-02
1.747507428920842473e-02
1.748750833175519506e-02
1.750899478335741014e-02
1.754770657315841628e-02
1.756248751519239731e-02
1.764406429658138195e-02
1.767417736911889789e-02
1.767788096896306255e-02
1.775801402681918481e-02
1.779635359565715988e-02
1.784844380840838393e-02
1.786618408744252567e-02
1.789399663812081889e-02
1.793005944648013231e-02
1.794940065230359386e-02
1.795691792398378117e-02
1.796866369876415348e-02
1.807617061476087666e-02
1.808187441913855845e-02
1.815342067029964215e-02
1.816235020826208885e-02
1.818739790897373060e-02
1.825072227373170097e-02
1.830240397016086318e-02
1.838910452032858911e-02
1.841450028520184509e-02
1.843481812904240388e-02
1.846166714680615509e-02
1.847673519361778607e-02
1.851556281402599868e-02
1.856002669716242184e-02
1.857928531242365386e-02
1.860430381334894634e-02
1.867032325917111074e-02
1.870523535383271721e-02
1.874452575654360006e-02
1.877091151656896245e-02
1.881458103515879290e-02
1.885117414770678262e-02
1.889976057516537869e-02
1.894422362922772510e-02
1.896376934611062812e-02
1.898220763416087059e-02
1.903189296413402426e-02
1.910434277067844799e-02
1.914637157813375845e-02
1.917107674640289305e-02
1.923364869765198729e-02
1.926527906924341976e-02
1.928707608569167273e-02
1.931409118431820851e-02
1.933654463751291464e-02
1.939623954630883065e-02
1.944781002767929923e-02
1.946898694160782706e-02
1.951125042404983426e-02
1.953960749283836437e-02
1.960298039639711554e-02
1.963627464804307277e-02
1.966795674747688280e-02
1.969392172833941274e-02
1.973163647780910857e-02
1.976322970334510459e-02
1.984027908768105225e-02
1.985675131588817907e-02
1.987542926282788100e-02
1.991776175450910014e-02
1.992609586693726634e-02
1.996710830923906915e-02
2.004488738007701928e-02
2.009044672142442159e-02
2.010232919891562914e-02
2.014370339907898058e-02
2.021178957677823712e-02
2.026849871407736606e-02
2.028001947477864678e-02
2.032869848452332692e-02
2.035146423535067264e-02
2.043513730429066810e-02
2.045417670981164796e-02
2.047832035974112355e-02
2.051846449507693793e-02
2.059885009168159475e-02
2.062367273025913356e-02
2.065081911404051049e-02
2.067278960055511650e-02
2.069005602145276498e-02
2.070704295883043014e-02
2.075808577492811724e-02
2.081657942133107939e-02
2.087162097462979052e-02
2.091379861980430244e-02
2.098324678442647917e-02
2.100855046850305316e-02
2.107720858768396405e-02
2.109082393610790113e-02
2.112982973571245898e-02
2.117063977817566084e-02
2.120166573881425431e-02
2.121032162089377809e-02
2.126682911824970615e-02
2.132675077171333061e-02
2.133802796351922174e-02
2.136294355574908099e-02
2.139129297288675305e-02
2.145725406439446051e-02
2.152083242972876315e-02
2.155678017422419518e-02
2.160986907888883674e-02
2.165360633047012234e-02
2.169088464161456759e-02
2.169683351943176020e-02
2.175512691114321259e-02
2.176447740763964162e-02
2.179028163122938982e-02
2.184376956944802592e-02
2.188445094543685007e-02
2.189714738497284055e-02
2.196462828766375733e-02
2.201979193885247876e-02
2.206740742795334706e-02
2.208797779901092509e-02
2.210327492783122766e-02
2.217436251139641434e-02
2.222127278546581070e-02
2.223256394343149298e-02
2.229924359930245126e-02
2.231149122410312768e-02
2.233941089858605331e-02
2.242144714791115961e-02
2.246120067796104902e-02
2.248435198534939200e-02
2.251845847794894592e-02
2.258819835663791742e-02
2.262921814371829377e-02
2.266669860719294771e-02
2.268966179142815551e-02
2.271814481649951992e-02
2.274160794488731818e-02
2.277103413267923815e-02
2.283663878968720737e-02
2.284246835576277807e-02
2.294946565361537585e-02
2.295135432065877404e-02
2.298390481060198776e-02
2.301497210620327694e-02
2.307411547219502188e-02
2.307598025116198298e-02
2.315323080885829665e-02
2.317913564542790905e-02
2.319628178909881322e-02
2.324909102367791677e-02
2.327581673245682561e-02
2.328869024393643086e-02
2.335371863360350894e-02
2.341849944910489104e-02
2.344371805938575207e-02
2.347473068121203044e-02
2.350812349233848131e-02
2.357396959614415852e-02
2.360432702254951567e-02
2.362199017286879116e-02
2.368389851705550442e-02
2.370976171623071296e-02
2.372407619175603485e-02
2.379006498750772802e-02
2.382518715805706858e-02
2.386257440658428805e-02
2.391128520065804314e-02
2.395879682357295731e-02
2.403610236971327405e-02
2.406367903151163112e-02
2.409882520402681014e-02
2.414755902539639579e-02
2.415370869245950930e-02
2.421438118899475744e-02
2.423886382105207987e-02
2.429705005889388689e-02
2.433097742922544354e-02
2.435461927167031915e-02
2.437249936381895646e-02
2.443878177937664972e-02
2.449258899284093710e-02
2.453902844314121909e-02
2.457884135041254678e-02
2.462430093229580480e-02
2.466579725615555829e-02
2.468143323837007283e-02
2.474183168787887077e-02
2.477347172160855593e-02
2.480531064831217533e-02
2.484415790392715748e-02
2.488626170367610330e-02
2.492887877456612111e-02
2.497310175672443761e-02
2.498807516760043548e-02
2.503226035787773848e-02
2.510480492312432838e-02
2.516867572539618209e-02
2.520296972485691969e-02
2.522285483727699021e-02
2.523619474705537935e-02
2.529377464602436745e-02
2.538093143506357785e-02
2.540896250317369737e-02
2.544065186249749519e-02
2.553687413368683698e-02
2.559248808024932459e-02
2.564019985534106774e-02
2.565424219299849637e-02
2.566877841003151542e-02
2.572726079285111642e-02
2.575993209890528254e-02
2.578794278539936480e-02
2.588041591867679472e-02
2.595042304350192452e-02
2.597034560870747910e-02
2.599182471703370689e-02
2.601137732317734472e-02
2.606997849578281817e-02
2.607843326316616056e-02
2.611319515307398975e-02
2.619131207230510766e-02
2.623313569627832090e-02
2.627591094118730125e-02
2.628308360828237114e-02
2.634116900412443452e-02
2.639519753660777082e-02
2.642090380774213265e-02
2.646800000765605135e-02
2.650670061627672519e-02
2.656118413359508448e-02
2.662434277929531107e-02
2.664681937623848348e-02
2.665446840454151894e-02
2.671118466591660898e-02
2.676379876028243260e-02
2.683857455915145129e-02
2.689860694136163646e-02
2.692570704309293558e-02
2.693057654959908620e-02
2.701283460773357820e-02
2.704565562932713385e-02
2.707738077149539693e-02
2.711421589987966091e-02
2.714973023300704807e-02
2.722665416398298288e-02
2.726177169360904928e-02
2.727110450142530840e-02
2.731358093369547560e-02
2.736169037240252649e-02
2.739577073449325079e-02
2.739637036206871157e-02
2.748699855648960647e-02
2.754323625520899849e-02
2.759921167844739745e-02
2.760806547104532188e-02
2.762909074627356229e-02
2.764406954863449575e-02
2.774106743479247059e-02
2.775881228149136917e-02
2.779955390273871826e-02
2.788122108717342590e-02
2.789733754766580975e-02
2.792482195151039029e-02
2.797378135559160789e-02
2.804200712355526398e-02
2.804744038931992686e-02
2.809242588279520919e-02
2.813641586024178201e-02
2.815847659299846109e-02
2.822041812292133689e-02
2.822281861484213228e-02
2.826360880846853427e-02
2.837961444391738641e-02
2.840125928511548492e-02
2.843542028911592162e-02
2.847686629802113900e-02
2.851016813872507896e-02
2.856486349613840056e-02
2.861696863314968156e-02
2.864000419668510586e-02
2.867515396230741961e-02
2.874636956927023243e-02
2.884157488383259568e-02
2.890207794928408361e-02
2.894767098353520987e-02
2.898936935810244794e-02
2.899189934200162994e-02
2.900898816476830955e-02
2.911468435577188249e-02
2.913541795445997659e-02
2.918341704408832643e-02
2.925736872800622015e-02
2.926284863943632089e-02
2.932942859145622194e-02
2.936625647931979943e-02
2.941551520634372655e-02
2.943502313166487111e-02
2.946576408811745623e-02
2.953115851040790871e-02
2.956755576905516908e-02
2.961640768634916931e-02
2.966553317070668577e-02
2.973359379038106876e-02
2.977208297384081534e-02
2.984422146622863967e-02
2.986520782123379403e-02
2.995509871052308426e-02
3.000174272048463861e-02
3.003845884944461239e-02
3.005552369739203367e-02
3.008516621411623515e-02
3.011979684618283984e-02
3.016246749443108471e-02
3.021863598085453712e-02
3.032026479760279933e-02
3.034405495836815791e-02
3.042252037620398614e-02
3.043066789739675912e-02
3.046724972906676362e-02
3.050944155790971321e-02
3.054322779198355431e-02
3.058543289959112302e-02
3.062526782289395899e-02
3.067377950009730903e-02
3.070008271377480669e-02
3.071307922715449390e-02
3.080895131309977636e-02
3.083165838597113836e-02
3.087272915405241472e-02
3.091460511341828990e-02
3.099439457371000461e-02
3.101080840359956778e-02
3.106400301575457448e-02
3.110984502209690125e-02
3.113284071748666920e-02
3.117921458347147970e-02
3.123692180438127769e-02
3.130131330401917517e-02
3.132878473249043477e-02
3.137273415089248535e-02
3.146404291675907600e-02
3.150782924684534386e-02
3.154791918570827580e-02
3.162061356572734572e-02
3.168890290344331118e-02
3.176726786835877558e-02
3.180966476182330721e-02
3.188221488052023905e-02
3.192400131766399279e-02
3.194475420411746480e-02
3.199793328528748731e-02
3.208273858646581295e-02
3.217230525426632848e-02
3.219313706384951956e-02
3.225624784830578157e-02
3.227973577237019942e-02
3.234848428302459361e-02
3.236095838847789785e-02
3.241151162886142523e-02
3.244530060387811748e-02
3.250459239688364976e-02
3.252544852198389208e-02
3.259364886044287257e-02
3.268209340078609415e-02
3.273124321551474508e-02
3.275053362990727052e-02
3.278569554770990185e-02
3.282608493625353840e-02
3.285972962589708141e-02
3.295945081060776966e-02
3.298626307356321286e-02
3.308235511816853824e-02
3.310380658836124118e-02
3.315857002299513884e-02
3.317762181102825586e-02
3.325873062817699677e-02
3.328223099532641449e-02
3.330509228387096288e-02
3.338576290938329721e-02
3.341695890208253028e-02
3.348846346649970301e-02
3.354645671364242521e-02
3.362035081213075177e-02
3.365830766383517969e-02
3.369485805452252652e-02
3.382185747084180683e-02
3.385130248144087306e-02
3.391840216068289088e-02
3.393660091228128256e-02
3.398315907957905058e-02
3.403569340629263723e-02
3.410572472838582780e-02
3.417327095348701715e-02
3.423429376746140590e-02
3.425496524319882746e-02
3.432907370762606353e-02
3.436486664556474835e-02
3.441462295455473275e-02
3.442481132043097303e-02
3.449862115709988186e-02
3.456563771234309745e-02
3.460391723762896998e-02
3.462603993447632006e-02
3.475045177458348927e-02
3.480079621719509020e-02
3.481808274779048251e-02
3.488492955917329996e-02
3.492806218693593479e-02
3.501517503010542764e-02
3.505633161662861930e-02
3.513219813928752239e-02
3.519817636334170857e-02
3.523982680788679406e-02
3.529193886089605769e-02
3.535472306383175695e-02
3.542266382903931643e-02
3.546922023124193107e-02
3.552531474566014702e-02
3.556851719656090732e-02
3.565296792468517634e-02
3.567937036366003456e-02
3.572829273441370523e-02
3.579695019372051978e-02
3.582076694914713283e-02
3.596144101126126646e-02
3.596986783888592165e-02
3.606921195312980111e-02
3.611171121098132736e-02
3.614722008872284231e-02
3.624118100055534475e-02
3.632926498439426055e-02
3.638714285999043035e-02
3.642965339707850830e-02
3.645951894856828968e-02
3.652544296349865410e-02
3.656002055636375231e-02
3.659089666187732848e-02
3.662694117742092831e-02
3.672042160511115871e-02
3.678419618105249755e-02
3.681846265143879499e-02
3.686964429797003062e-02
3.693499654688087164e-02
3.700865699235808548e-02
3.706912161718527859e-02
3.718302442712759226e-02
3.727641484743250688e-02
3.733182669206774190e-02
3.734121375051457220e-02
3.738175643389386738e-02
3.741606499681914694e-02
3.749321816935858448e-02
3.758848133548085141e-02
3.764164952981150641e-02
3.768480830428908718e-02
3.776191158473655995e-02
3.784899968200335085e-02
3.789758398439929676e-02
3.795919163625400411e-02
3.814108183108923245e-02
3.820438465016488816e-02
3.826119440502248614e-02
3.827721084488715231e-02
3.835422518142998088e-02
3.837842870016059532e-02
3.842029684390332184e-02
3.845718100283504470e-02
3.859568390034750357e-02
3.873030443736753120e-02
3.878156085114399521e-02
3.885504125769873029e-02
3.889602340954447651e-02
3.897868152799239400e-02
3.906995814950726953e-02
3.917894529974066259e-02
3.921409501125390495e-02
3.930739432638941100e-02
3.933760849669582643e-02
3.939823025287868263e-02
3.953373435707312894e-02
3.962638814743402876e-02
3.975399532049239681e-02
3.986319099684969974e-02
3.988031476319050389e-02
4.000742981329297870e-02
4.005573150986371789e-02
4.009761154829469959e-02
4.017653910443869103e-02
4.018221670455950773e-02
4.038064240100216334e-02
4.042886970212861142e-02
4.052614915541215973e-02
4.056973197967704559e-02
4.058341419078348444e-02
4.062412737420727227e-02
4.079139402313507190e-02
4.086960176936718647e-02
4.096382278035705371e-02
4.100616108407709182e-02
4.120023646070429535e-02
4.130429130532364823e-02
4.143025899122225464e-02
4.151403402291793665e-02
4.165962465961229461e-02
4.174758254585249351e-02
4.175034299049660419e-02
4.191080448173781225e-02
4.211996947303374428e-02
4.222056270701925879e-02
4.223645628380359035e-02
4.231726438929807321e-02
4.262098433900065458e-02
4.266995708934442216e-02
4.274976960250109065e-02
4.291308187865712498e-02
4.301830158582827662e-02
4.311386249759389944e-02
4.330376101423002305e-02
4.339565328199940925e-02
4.390910325680588699e-02
4.405576814171231759e-02
