-4.367670170353449288e-02
-4.359526377482548370e-02
-4.338606879494589369e-02
-4.323838060607589767e-02
-4.321429849409136326e-02
-4.298532849873558381e-02
-4.292393635768337184e-02
-4.267271204189411471e-02
-4.255490643917950178e-02
-4.243038301177421562e-02
-4.230036418954941785e-02
-4.220071350420170203e-02
-4.206699090720472656e-02
-4.195313536380263636e-02
-4.188612066079464014e-02
-4.171150513204361504e-02
-4.166070188857187023e-02
-4.161225796806326122e-02
-4.145189729175283860e-02
-4.142820115411804255e-02
-4.135195942905504907e-02
-4.113812928403071806e-02
-4.105259732058407635e-02
-4.095113008224986195e-02
-4.090807177461214250e-02
-4.084164140998670922e-02
-4.064854377577106770e-02
-4.056735340733584605e-02
-4.051752337655811775e-02
-4.049830175056238352e-02
-4.031925113162530133e-02
-4.024762488499254720e-02
-4.014866845932542339e-02
-4.003615809623415484e-02
-4.001120663579429970e-02
-3.990103134009689162e-02
-3.987205792557420997e-02
-3.972875413215003898e-02
-3.964071730244676101e-02
-3.956186166061614884e-02
-3.955427993725819935e-02
-3.951051134803894305e-02
-3.948116131491776620e-02
-3.942235181361673085e-02
-3.930328096670496207e-02
-3.923632934356201946e-02
-3.906839553338432164e-02
-3.902680460344504915e-02
-3.892350098895360627e-02
-3.889838918758966452e-02
-3.883133605495218271e-02
-3.877768547711519381e-02
-3.869776405593015889e-02
-3.860812246877893400e-02
-3.858735562488043586e-02
-3.844834752676468126e-02
-3.838711602362219338e-02
-3.835614260141599619e-02
-3.825836194141084279e-02
-3.824239522988699680e-02
-3.815393247682449807e-02
-3.809315878237855280e-02
-3.800132660110432797e-02
-3.794410147167551206e-02
-3.786535712690997785e-02
-3.786089441859489396e-02
-3.776766808302870621e-02
-3.771344822042661110e-02
-3.766388521232990477e-02
-3.762227631083909368e-02
-3.753183531909721343e-02
-3.743402272975169393e-02
-3.738375399428196105e-02
-3.735827239664466642e-02
-3.723387017105850294e-02
-3.717833678051375712e-02
-3.714616567562115806e-02
-3.712887775675867419e-02
-3.712730331703389952e-02
-3.705190475667957672e-02
-3.702162113495859747e-02
-3.686896997709483009e-02
-3.685349891132083666e-02
-3.671906167465773668e-02
-3.669491890561091957e-02
-3.658172023181596733e-02
-3.657522420410456998e-02
-3.655853769645544399e-02
-3.653750283836535578e-02
-3.637971780454119647e-02
-3.632391096319069479e-02
-3.628809331199580462e-02
-3.618675456708105032e-02
-3.615148776950832810e-02
-3.610390664824356111e-02
-3.600372610788528382e-02
-3.594380270557008539e-02
-3.590185621321888287e-02
-3.577523498290593323e-02
-3.576414208431789865e-02
-3.565673575596507716e-02
-3.563887626161992700e-02
-3.552708543053933327e-02
-3.548227096141386844e-02
-3.545347845550080035e-02
-3.541654637835783132e-02
-3.535190444820894562e-02
-3.530544947733749162e-02
-3.526231171931348135e-02
-3.520774330194418461e-02
-3.519208371128931118e-02
-3.509628730842075106e-02
-3.507628464437636401e-02
-3.502517964526918187e-02
-3.497090420870292010e-02
-3.491451472726844751e-02
-3.486811859967929583e-02
-3.477172771901581444e-02
-3.471837880753260441e-02
-3.468334465671345929e-02
-3.464722629103043211e-02
-3.462102583196027816e-02
-3.459853816555719108e-02
-3.451638100168986922e-02
-3.442949186492114816e-02
-3.434285385174182942e-02
-3.431250801770468345e-02
-3.421685048299820397e-02
-3.417733195929196360e-02
-3.411282400362010414e-02
-3.408794656799492284e-02
-3.401066882010236880e-02
-3.396609644141920792e-02
-3.390677099943868039e-02
-3.381989484190316142e-02
-3.380520492496757318e-02
-3.375583299129453901e-02
-3.373575454962067510e-02
-3.370778004335393124e-02
-3.368018587990796037e-02
-3.357071348864142102e-02
-3.352472577481831889e-02
-3.344374616946769324e-02
-3.335978575119400574e-02
-3.328019453260974703e-02
-3.322067508429762950e-02
-3.319301623702393400e-02
-3.314568631511741886e-02
-3.308202472297278735e-02
-3.306572433690908863e-02
-3.302812402297649469e-02
-3.298608525077979803e-02
-3.290956944227924758e-02
-3.280308236518002241e-02
-3.277671340503367919e-02
-3.274849679127352781e-02
-3.270894876540061946e-02
-3.266300107484200466e-02
-3.261154837744921486e-02
-3.252110952406599836e-02
-3.249041827925838039e-02
-3.244592410712640596e-02
-3.236308124638750255e-02
-3.233827618007454469e-02
-3.229989268846909789e-02
-3.225905277763153195e-02
-3.222975321828816520e-02
-3.213040427925220599e-02
-3.211484524750853053e-02
-3.208066831289633353e-02
-3.205008612510442528e-02
-3.197669489594601872e-02
-3.194224310010802120e-02
-3.180939023743515476e-02
-3.179234708469159260e-02
-3.173406706791288834e-02
-3.170942767890963521e-02
-3.164697016806640451e-02
-3.155181151756523278e-02
-3.149053776340191707e-02
-3.145294247281747724e-02
-3.141651507177567471e-02
-3.139639621526175983e-02
-3.136613091015073851e-02
-3.131770808815053514e-02
-3.129617690077961256e-02
-3.128471142068708216e-02
-3.122148736739092587e-02
-3.111655817159204168e-02
-3.107746880803670397e-02
-3.102722132183007020e-02
-3.095908408974058779e-02
-3.089175325897903709e-02
-3.084415319839432443e-02
-3.076359259051008807e-02
-3.075543617016495909e-02
-3.070271074132817010e-02
-3.067571620445717906e-02
-3.063372197435488067e-02
-3.058981133574680683e-02
-3.050243029230786940e-02
-3.042929019280962363e-02
-3.042039654405968852e-02
-3.037940449271323354e-02
-3.031963909997262632e-02
-3.025073372018077453e-02
-3.023443980016900581e-02
-3.017952405225537635e-02
-3.013938711793332642e-02
-3.011032656344957842e-02
-3.009009469348847624e-02
-3.002458695137234096e-02
-2.999587318800639446e-02
-2.994035514018845642e-02
-2.987890839683918567e-02
-2.987155307796473397e-02
-2.983724022095792308e-02
-2.977726202992531448e-02
-2.975031841498732357e-02
-2.968276863524777973e-02
-2.964699350027268088e-02
-2.956714980100055498e-02
-2.955484174016955942e-02
-2.951401645130747459e-02
-2.944856751842571049e-02
-2.940089812239570985e-02
-2.936077163446015881e-02
-2.934774660379001893e-02
-2.923801099311503296e-02
-2.922692285274837778e-02
-2.917975412939630836e-02
-2.913815996956493209e-02
-2.911600172641086448e-02
-2.904029627199174873e-02
-2.901528743258025358e-02
-2.893937603898303831e-02
-2.889223703312195773e-02
-2.886049410081919023e-02
-2.882329357237739878e-02
-2.878925316463095893e-02
-2.874831129718967426e-02
-2.869645211090223955e-02
-2.866907085342186232e-02
-2.865129291531887806e-02
-2.860940778214242017e-02
-2.856319583784800234e-02
-2.850453215961205183e-02
-2.844758064341822157e-02
-2.843120318263900326e-02
-2.835548809757867592e-02
-2.834505835164485843e-02
-2.828043431267869556e-02
-2.820214466912931289e-02
-2.819858315282849567e-02
-2.813162076458115141e-02
-2.809569241243488683e-02
-2.807287881907275309e-02
-2.797822927149176686e-02
-2.793023211088110566e-02
-2.790981596547939189e-02
-2.786161309708900732e-02
-2.782570738586967463e-02
-2.778114024478611777e-02
-2.775193870936396023e-02
-2.769780366355025295e-02
-2.766722127345577417e-02
-2.760899378596503445e-02
-2.757618095644349607e-02
-2.754717483916604287e-02
-2.749535243484903246e-02
-2.745872828653344797e-02
-2.741369760475812281e-02
-2.736972685678625006e-02
-2.730239023554590500e-02
-2.729782520552334960e-02
-2.724620057545418597e-02
-2.721388466030018674e-02
-2.713956844334644222e-02
-2.710186268512717114e-02
-2.705182881432660613e-02
-2.698319151794556503e-02
-2.695857644587639976e-02
-2.692501778554841005e-02
-2.686798872086340259e-02
-2.683212085724639984e-02
-2.678023987160053909e-02
-2.673015739375591074e-02
-2.670802967695981578e-02
-2.663941029398981392e-02
-2.659550081000344388e-02
-2.656020811636940551e-02
-2.651145067932678470e-02
-2.645596632986009153e-02
-2.644472177584170081e-02
-2.635886806819463454e-02
-2.634659620860329426e-02
-2.631992020978223684e-02
-2.626824024753659712e-02
-2.622203837217827391e-02
-2.620297160739222184e-02
-2.615229139142702733e-02
-2.607351033536651347e-02
-2.604826960853756992e-02
-2.602533552226112684e-02
-2.601161844191126477e-02
-2.591277211495754754e-02
-2.590168140428708923e-02
-2.579171058789464857e-02
-2.575473176579756024e-02
-2.571525669441409451e-02
-2.569164405238196641e-02
-2.567696320730750853e-02
-2.563900043281266625e-02
-2.560981168705261241e-02
-2.555337207316730336e-02
-2.552537253355561739e-02
-2.543846701579816419e-02
-2.540314060481364475e-02
-2.534676698550773766e-02
-2.530514185113782316e-02
-2.524721231160457005e-02
-2.522675905334557239e-02
-2.519426678290716259e-02
-2.514513073217587713e-02
-2.507739837324424875e-02
-2.504563696567090048e-02
-2.499980408362219297e-02
-2.497380852688382488e-02
-2.490629482554427773e-02
-2.488840262011089363e-02
-2.484873185212247912e-02
-2.483681126358638566e-02
-2.479912618725444579e-02
-2.474027189566006465e-02
-2.470654873108034735e-02
-2.468266495920808101e-02
-2.465204429547063550e-02
-2.461621407628320629e-02
-2.453656656681795639e-02
-2.447969931010406455e-02
-2.443532455071380921e-02
-2.442770597379077466e-02
-2.441364880722785360e-02
-2.434619783082316025e-02
-2.427006216392566321e-02
-2.424278859669849392e-02
-2.423140210502134143e-02
-2.420336904124589794e-02
-2.415248751243888325e-02
-2.413718079981614500e-02
-2.409042744109426981e-02
-2.404669507574438286e-02
-2.396895585575947729e-02
-2.394542897205517024e-02
-2.391998140953806307e-02
-2.386524437673690976e-02
-2.382957485860056832e-02
-2.379918579012474389e-02
-2.375482759317819673e-02
-2.369678230047671252e-02
-2.366566502428753271e-02
-2.364059575988267797e-02
-2.358054827174817930e-02
-2.348714452953485493e-02
-2.343932210334279120e-02
-2.339827471399082148e-02
-2.337769356466971524e-02
-2.334733279074468343e-02
-2.330725287264047429e-02
-2.327230441662991867e-02
-2.325835631436808451e-02
-2.322217598237607400e-02
-2.315303638744063697e-02
-2.311676259441074535e-02
-2.310700223567879047e-02
-2.306607530685242033e-02
-2.304445806955066067e-02
-2.298896386941425701e-02
-2.297029593929498029e-02
-2.291626514734913800e-02
-2.287047380112792322e-02
-2.285130393831599771e-02
-2.278830479833461251e-02
-2.276998552856214150e-02
-2.274351113182053463e-02
-2.269284060852459761e-02
-2.266443777676273655e-02
-2.260223375758322120e-02
-2.258155167840679781e-02
-2.255088642003243854e-02
-2.250121240786888410e-02
-2.244092598780349224e-02
-2.240124762332953989e-02
-2.237604179820819328e-02
-2.234376813609952397e-02
-2.227541364732775128e-02
-2.226023290117916387e-02
-2.219524219067611076e-02
-2.213196462749534091e-02
-2.210277936762698389e-02
-2.207988788692708676e-02
-2.204623172780739368e-02
-2.203071466363309971e-02
-2.195040304617539018e-02
-2.194177414864748391e-02
-2.189452320665472712e-02
-2.183887098219957149e-02
-2.182865520295297623e-02
-2.177511120314496590e-02
-2.175390596551135883e-02
-2.169055058866870001e-02
-2.166714485672841667e-02
-2.164289760866777018e-02
-2.159706146382230768e-02
-2.158235849189428165e-02
-2.156482661078492832e-02
-2.153349491478901909e-02
-2.146576682681643894e-02
-2.142230241859056222e-02
-2.134646177251232901e-02
-2.132712182466771356e-02
-2.126408887670596867e-02
-2.125034962989052340e-02
-2.121181944227610791e-02
-2.115168795805558166e-02
-2.106636307590007556e-02
-2.106111017675070182e-02
-2.102594103835745895e-02
-2.096027044918690255e-02
-2.095659313438174090e-02
-2.093817285952181279e-02
-2.091387526241236805e-02
-2.088253601397579637e-02
-2.084381768661012699e-02
-2.080660467449066409e-02
-2.073964519904300183e-02
-2.072895185337908508e-02
-2.064912433611633402e-02
-2.060946437691211705e-02
-2.056324006843295721e-02
-2.052120913660776189e-02
-2.047077602636852151e-02
-2.039070467161498493e-02
-2.038525307635770042e-02
-2.034800657145122843e-02
-2.031969748471711482e-02
-2.027934965437030307e-02
-2.027358883453027685e-02
-2.018663956506413365e-02
-2.016308374907554990e-02
-2.012732816088780644e-02
-2.011044837133500393e-02
-2.005801314917609116e-02
-2.005148892107158284e-02
-2.001637610434379294e-02
-1.996767399186288525e-02
-1.991092306107271684e-02
-1.989693456381881609e-02
-1.982981156549621857e-02
-1.974485691328929995e-02
-1.973294093452465300e-02
-1.972115155505171913e-02
-1.971567796292121241e-02
-1.967729405690448255e-02
-1.964757275018259169e-02
-1.954492021401259619e-02
-1.951126941768621323e-02
-1.949888260510415638e-02
-1.946934559040035262e-02
-1.943060798388632909e-02
-1.942689015812602837e-02
-1.939261791143754785e-02
-1.933467339861350692e-02
-1.929043151438346662e-02
-1.926291557107891531e-02
-1.924020287494737982e-02
-1.920120169391459700e-02
-1.918027515524795695e-02
-1.913390951492376785e-02
-1.910286604283710152e-02
-1.905490344334913322e-02
-1.902701374082995181e-02
-1.897528955030852726e-02
-1.895798849867125560e-02
-1.891718635430711046e-02
-1.887775708792884324e-02
-1.881822937481650998e-02
-1.876510452058638423e-02
-1.873870387480885275e-02
-1.873540904012986272e-02
-1.870747096256928158e-02
-1.861737891652868321e-02
-1.858472006391950412e-02
-1.855059627812908826e-02
-1.852719496601540686e-02
-1.849855433278905364e-02
-1.843411097903636248e-02
-1.836277395044005195e-02
-1.833340410688107103e-02
-1.832071463883689841e-02
-1.826350371026187747e-02
-1.824055210595817988e-02
-1.816455379567798872e-02
-1.816308227211445650e-02
-1.813699085954483328e-02
-1.807731607091112372e-02
-1.806196871457284997e-02
-1.804308224938020941e-02
-1.798400738067073429e-02
-1.793749754206617336e-02
-1.792684755595576676e-02
-1.789247535522358462e-02
-1.783115483718118732e-02
-1.777705272036047418e-02
-1.774745841540564806e-02
-1.773739258049619044e-02
-1.767337981736952224e-02
-1.760538644737958194e-02
-1.756027699465591285e-02
-1.754970637169361164e-02
-1.753182300230739926e-02
-1.747246929505947427e-02
-1.745989505003114547e-02
-1.743408781128442941e-02
-1.740437604468000540e-02
-1.735212221030373037e-02
-1.729838786394843897e-02
-1.724407039714965714e-02
-1.719801401503188651e-02
-1.718294664728714852e-02
-1.715584662126285256e-02
-1.713068152488643470e-02
-1.707065262127010000e-02
-1.702792120959327818e-02
-1.700801085115131658e-02
-1.698059104887412324e-02
-1.696134032834919342e-02
-1.688556436316906648e-02
-1.687185953222984994e-02
-1.683068439238141409e-02
-1.680717200022055491e-02
-1.677724468331199398e-02
-1.675641026761681002e-02
-1.670294731436626837e-02
-1.668974063532130750e-02
-1.661480228530783435e-02
-1.659826295058689991e-02
-1.653793903354892209e-02
-1.650618242628565380e-02
-1.647141926624350397e-02
-1.639495452102363374e-02
-1.637228479045815463e-02
-1.634978394684860267e-02
-1.631222860627299168e-02
-1.627837158746171103e-02
-1.623289652038430869e-02
-1.623130088325973330e-02
-1.622600522937560352e-02
-1.612231895089949810e-02
-1.608736484050583143e-02
-1.604475764437017851e-02
-1.600377926818893209e-02
-1.596999456453431984e-02
-1.592761547902450323e-02
-1.590954050437619338e-02
-1.586477481335954801e-02
-1.583480720109767953e-02
-1.580794101253284178e-02
-1.577882030174979425e-02
-1.573151568572754566e-02
-1.571627999955124352e-02
-1.569286748409206775e-02
-1.565165870744157639e-02
-1.559169625781601544e-02
-1.557069781535005450e-02
-1.554515584305402737e-02
-1.553750694288133505e-02
-1.550260537341745931e-02
-1.542285742190305578e-02
-1.536024819984354618e-02
-1.534618221736950595e-02
-1.529871448105900658e-02
-1.525696869763840981e-02
-1.523271825472967238e-02
-1.520851559179283406e-02
-1.512998080866839040e-02
-1.512207619270402453e-02
-1.509039752581368618e-02
-1.505096155182227870e-02
-1.502592818487685257e-02
-1.500132113458342402e-02
-1.494302758274584746e-02
-1.491086578544117969e-02
-1.487660179646182503e-02
-1.486036764782795033e-02
-1.483686131398535314e-02
-1.480780380527545008e-02
-1.474699742921448987e-02
-1.469709543396569354e-02
-1.465600687689685468e-02
-1.463338895645630716e-02
-1.459903026123662156e-02
-1.458186689215054156e-02
-1.454801511808933093e-02
-1.450054440116957215e-02
-1.447800654348161895e-02
-1.442048091389555413e-02
-1.440085037624706105e-02
-1.434610286213693249e-02
-1.432415654535458722e-02
-1.429632690581672527e-02
-1.423471378623150999e-02
-1.419687754315277980e-02
-1.418674370292952701e-02
-1.415940181066367536e-02
-1.412961569797031511e-02
-1.407498373212855147e-02
-1.404772279630373162e-02
-1.399332698796053841e-02
-1.395940178706779784e-02
-1.392318399895131273e-02
-1.389820737780454035e-02
-1.387168634063287893e-02
-1.384899340217165577e-02
-1.381911232600010683e-02
-1.380238663244874771e-02
-1.376610314530596520e-02
-1.369973677127844965e-02
-1.368295162835402208e-02
-1.362042192891122459e-02
-1.357967028542025022e-02
-1.352856955525312543e-02
-1.350124982220787459e-02
-1.342766197891901228e-02
-1.341305323957206128e-02
-1.339353560821440227e-02
-1.335222169826353299e-02
-1.331564631068529042e-02
-1.328911523560069585e-02
-1.324492978618715434e-02
-1.321009116019897581e-02
-1.317628415349703097e-02
-1.315349194757295913e-02
-1.312572321605002222e-02
-1.306529162460306343e-02
-1.302088972719855388e-02
-1.298781036119704517e-02
-1.295791921016588126e-02
-1.293448606136465839e-02
-1.289487996041982325e-02
-1.282563154583045775e-02
-1.275971521142847329e-02
-1.273251774747345862e-02
-1.271860971715152444e-02
-1.267913626143993104e-02
-1.266773896418512020e-02
-1.262290592441520608e-02
-1.261440055152232044e-02
-1.259038758897902156e-02
-1.255420815955136070e-02
-1.251047566208550281e-02
-1.244863475840913766e-02
-1.241794410144572182e-02
-1.238854410639296869e-02
-1.234946648938416679e-02
-1.234138202613088361e-02
-1.230252854742200710e-02
-1.226906174590952116e-02
-1.223374284368776259e-02
-1.220952808079526879e-02
-1.216733586625477932e-02
-1.215581528100603825e-02
-1.207158330693469325e-02
-1.203283528311305077e-02
-1.202474256008139418e-02
-1.199444730457025453e-02
-1.196528104850539884e-02
-1.190227632724187926e-02
-1.188263355704233075e-02
-1.184607057795150284e-02
-1.181975268423483480e-02
-1.175602460940923522e-02
-1.171654221550913824e-02
-1.167838522110131033e-02
-1.166691682705991995e-02
-1.161773586948173891e-02
-1.157659781209799225e-02
-1.152578312437778189e-02
-1.151107184518814636e-02
-1.149714214524556397e-02
-1.148613248113291088e-02
-1.140343772418007245e-02
-1.135165101954174575e-02
-1.132513178418659977e-02
-1.130167635141432134e-02
-1.127506753120719775e-02
-1.126359602180341396e-02
-1.123628619908262176e-02
-1.116959808362286317e-02
-1.112478430356239958e-02
-1.108669622304465224e-02
-1.106865531755240988e-02
-1.103872199087455389e-02
-1.101198521026157222e-02
-1.099944588089950964e-02
-1.094162632414871078e-02
-1.093694305403726703e-02
-1.085265212112380452e-02
-1.082723655635645793e-02
-1.077988447614681294e-02
-1.075997250749985944e-02
-1.073489263423824461e-02
-1.071014913604765792e-02
-1.067322278797878422e-02
-1.062142625367803322e-02
-1.059602087858615288e-02
-1.052050918909556119e-02
-1.051198730186445399e-02
-1.048868470737162641e-02
-1.044499312351653171e-02
-1.039944482957278100e-02
-1.038159763039388575e-02
-1.035233120431566269e-02
-1.033738090504394795e-02
-1.029159275543066639e-02
-1.026089351294096411e-02
-1.022372111919075434e-02
-1.018415027376801466e-02
-1.012640424847774563e-02
-1.011667102334136772e-02
-1.002942984145568581e-02
-1.001864324110825558e-02
-9.981304731797296242e-03
-9.968357773370916525e-03
-9.909957087682981156e-03
-9.891908864964901391e-03
-9.808914886193106919e-03
-9.785443003616240559e-03
-9.771720427269521211e-03
-9.727257957915399350e-03
-9.696794555536580179e-03
-9.666047284483435600e-03
-9.645491245700122535e-03
-9.621762524290936036e-03
-9.585308243740355005e-03
-9.547529140711422460e-03
-9.481604026462276194e-03
-9.448672712517945660e-03
-9.417651012024647744e-03
-9.387733294600473025e-03
-9.369756637819519340e-03
-9.323633701632997803e-03
-9.310213134265336171e-03
-9.250249870803027227e-03
-9.213293427837155464e-03
-9.181231324803248300e-03
-9.126575386978605028e-03
-9.093088035752707257e-03
-9.068667663515345839e-03
-9.035879371548774519e-03
-9.009299976191998890e-03
-8.988549832005490736e-03
-8.967337920181265090e-03
-8.931261462697299980e-03
-8.893617455468230334e-03
-8.889268377862110174e-03
-8.849442138469830119e-03
-8.803112880185315348e-03
-8.709307441526845800e-03
-8.685566963075744620e-03
-8.643361405270222342e-03
-8.576954550746406294e-03
-8.534696384421199336e-03
-8.509257864062902063e-03
-8.487049781948781749e-03
-8.423480818316887025e-03
-8.394608212897914160e-03
-8.374844486149612965e-03
-8.366909956380917668e-03
-8.321612933110154181e-03
-8.280329328888958937e-03
-8.250786655298695052e-03
-8.225660679021534402e-03
-8.194023559160840825e-03
-8.179877985263565507e-03
-8.137700954452884231e-03
-8.114159332694185697e-03
-8.073365194859774899e-03
-8.033998631710621841e-03
-7.996238032998479947e-03
-7.961301762328096970e-03
-7.926392369009929370e-03
-7.874065080603879010e-03
-7.861896478169696709e-03
-7.820572625571590650e-03
-7.807796087040969578e-03
-7.784266552276793497e-03
-7.746409015142407400e-03
-7.651793820434783094e-03
-7.628698355306895613e-03
-7.615134789635606867e-03
-7.579647915235419690e-03
-7.562042171990646273e-03
-7.557236688850566160e-03
-7.477117163122497419e-03
-7.451793121244354792e-03
-7.398029666604633015e-03
-7.386646269434623234e-03
-7.373290931782760550e-03
-7.345208595448732627e-03
-7.288057286746516851e-03
-7.284439066720099255e-03
-7.209568424781650359e-03
-7.198432185438267440e-03
-7.152700212221574198e-03
-7.130102426779648221e-03
-7.089096207237694479e-03
-7.053240401104138302e-03
-7.032061682625223749e-03
-7.001212237527412383e-03
-6.955562693022530191e-03
-6.924052454026031166e-03
-6.878269190349004143e-03
-6.823295883441986287e-03
-6.810360051693293421e-03
-6.765879142358039236e-03
-6.742306216369506507e-03
-6.692446924468349427e-03
-6.664474464589057422e-03
-6.659510531089494860e-03
-6.603853772946517361e-03
-6.580215634420820067e-03
-6.512315372557235353e-03
-6.500762098719446887e-03
-6.425046101841312522e-03
-6.404108062576911904e-03
-6.377729243441590187e-03
-6.327095539356474875e-03
-6.314309953439447773e-03
-6.280667218915647956e-03
-6.224172768393147759e-03
-6.201976816685929490e-03
-6.170329013317048424e-03
-6.151982510284339373e-03
-6.123295989437796405e-03
-6.092424918617478022e-03
-6.067607846687361750e-03
-6.037956742480547236e-03
-5.992100431818085833e-03
-5.954954611736592955e-03
-5.918579957831390792e-03
-5.880561945258667642e-03
-5.839444524177559923e-03
-5.830010757989584347e-03
-5.777160427767384816e-03
-5.742690042915832294e-03
-5.707608269696531900e-03
-5.652888226525750424e-03
-5.634173430250783050e-03
-5.601169503553949866e-03
-5.553600635311470649e-03
-5.503553386867764824e-03
-5.488181029079984043e-03
-5.470463470805148401e-03
-5.411750811720477186e-03
-5.384215053299163181e-03
-5.343746049310797545e-03
-5.318442991110942930e-03
-5.302189584741640212e-03
-5.271685429906633642e-03
-5.252716564426352167e-03
-5.223728333192227680e-03
-5.176875628272283210e-03
-5.152239551025919635e-03
-5.098978151263910789e-03
-5.068178200561177481e-03
-5.053783207904965873e-03
-4.987676606933303877e-03
-4.964253469141383796e-03
-4.946266925675356189e-03
-4.918993434673209729e-03
-4.840195246221770664e-03
-4.818304853305928337e-03
-4.796212976250346406e-03
-4.758584199450811500e-03
-4.746971753968217723e-03
-4.688384419884925741e-03
-4.668607518582835493e-03
-4.631774811382111633e-03
-4.584532889720694358e-03
-4.548144105976982890e-03
-4.536584404447416285e-03
-4.525548017189522272e-03
-4.483785806399348019e-03
-4.441469338928331553e-03
-4.409155063471253966e-03
-4.352065503481408054e-03
-4.326365689612440488e-03
-4.271876356993212741e-03
-4.245764919917453806e-03
-4.224044124456874209e-03
-4.169232753755019484e-03
-4.105864976200162240e-03
-4.093942472442629876e-03
-4.069852382694403616e-03
-4.034155283626931175e-03
-4.028387068738073853e-03
-3.971374638368579957e-03
-3.929982795557487342e-03
-3.897706316962207262e-03
-3.841960251028195793e-03
-3.805121748980701529e-03
-3.785158946191500857e-03
-3.781148078668168135e-03
-3.761864061219425542e-03
-3.699504329967526119e-03
-3.659088701280448219e-03
-3.629357799452166515e-03
-3.573450453731225919e-03
-3.560700615638882297e-03
-3.533878314332330843e-03
-3.491695580855960941e-03
-3.468333466660918768e-03
-3.398018227748100806e-03
-3.389207379474256689e-03
-3.351125120768026593e-03
-3.339478726763596243e-03
-3.320661951344679175e-03
-3.303395638095981638e-03
-3.270512383150884442e-03
-3.249668821214650796e-03
-3.182891195759709416e-03
-3.124557091156479529e-03
-3.099864542246529714e-03
-3.078295180608914532e-03
-3.070650046704297836e-03
-3.008796803104520599e-03
-2.958210968597597273e-03
-2.940583047983613262e-03
-2.905469136658620985e-03
-2.870569441518521728e-03
-2.835873982387653470e-03
-2.787495225197138358e-03
-2.754204372493440287e-03
-2.742380988059606780e-03
-2.717076879378559680e-03
-2.688901524332386155e-03
-2.651880407424288440e-03
-2.607965866226657093e-03
-2.537598921201882855e-03
-2.511737868657362618e-03
-2.491342118594594337e-03
-2.461718282580197849e-03
-2.420073127301913818e-03
-2.394974142871517369e-03
-2.391762732070431153e-03
-2.358307940582359419e-03
-2.341764069480787094e-03
-2.298430100819466668e-03
-2.282104050978621141e-03
-2.230392323259802485e-03
-2.167226246888274976e-03
-2.149005718475988612e-03
-2.094504422774938826e-03
-2.057820798653337176e-03
-2.022345596891514993e-03
-2.016063174257932099e-03
-1.967821311542470881e-03
-1.892624152963633599e-03
-1.888025172601229306e-03
-1.831768874841251853e-03
-1.799186320915750932e-03
-1.773816408756028699e-03
-1.743707164430122886e-03
-1.727038632966526599e-03
-1.685357342446985873e-03
-1.661424819906872534e-03
-1.616443343404623924e-03
-1.551356913981437454e-03
-1.515048248860141654e-03
-1.488084695905125170e-03
-1.456520400080560471e-03
-1.419051746997705829e-03
-1.367407725675865923e-03
-1.331158949588334651e-03
-1.317820780725208587e-03
-1.305479423962943543e-03
-1.273853648401540497e-03
-1.219139402071368547e-03
-1.187335134143992221e-03
-1.171578839987753124e-03
-1.132132979390604744e-03
-1.096490240013557084e-03
-1.065774459000571727e-03
-1.050838419811988243e-03
-1.016660641795590373e-03
-9.934083914927985606e-04
-9.301107896813041228e-04
-8.861114058970819777e-04
-8.427169257737513602e-04
-7.922581178486316810e-04
-7.620098857100853678e-04
-7.163077947241561780e-04
-6.959355689102867835e-04
-6.347103664705371030e-04
-6.032460268880234823e-04
-5.905784764694768521e-04
-5.497179552911479663e-04
-5.286346662589801095e-04
-4.901653395187350465e-04
-4.404510116725458119e-04
-3.738268901622884529e-04
-3.567371523855838978e-04
-3.209164361594197537e-04
-2.888748175011819825e-04
-2.743979526748309590e-04
-2.467570657269343754e-04
-2.106529005079894401e-04
-1.680168450874990017e-04
-1.389643355435820889e-04
-1.067936920668714540e-04
-4.497963949468765008e-05
-1.863877957452162235e-05
-1.242317059084873141e-05
2.146935717215430725e-05
5.557115756432137255e-05
1.179430344146242999e-04
1.379720992504214797e-04
1.558155100462606637e-04
1.758851720848032764e-04
1.950092705203506976e-04
2.369338232186126250e-04
2.870863617966230245e-04
3.168301451212990794e-04
3.400280642613698573e-04
3.585816157141248823e-04
4.472180365351772677e-04
4.683202728329320164e-04
5.029657548060296026e-04
5.403405804180245629e-04
5.604551477897138029e-04
6.000928144789804486e-04
6.035510111161930579e-04
6.562222049132811468e-04
6.967538114606405862e-04
7.429359626673064532e-04
7.775858797822862104e-04
7.986915829357524310e-04
8.525697577383926093e-04
8.671124123350700203e-04
9.146572249673144521e-04
9.488201417363495037e-04
9.890183736151654265e-04
1.011728168047512253e-03
1.055444599461566975e-03
1.080650936367294306e-03
1.120374176997177701e-03
1.123170112167275192e-03
1.157254714631614006e-03
1.177256990050243399e-03
1.244091875220473906e-03
1.298915454206063047e-03
1.326565969757575059e-03
1.346301778286849299e-03
1.359499486493299762e-03
1.406160546125673162e-03
1.443992173471081095e-03
1.447803114351642632e-03
1.477350204264057595e-03
1.497840003966243415e-03
1.530248467069568680e-03
1.594242714521579328e-03
1.630883027081997090e-03
1.637611177158441100e-03
1.669924324034929245e-03
1.719760377887622317e-03
1.727981002192605867e-03
1.783656213518605791e-03
1.806293293404150416e-03
1.868489830964983325e-03
1.897933413508132768e-03
1.928469994975046510e-03
1.971376039117557662e-03
2.013092989711019049e-03
2.049332859922972302e-03
2.084998763734580152e-03
2.118516480018095560e-03
2.125529331217983296e-03
2.188817177026434763e-03
2.226350561287657615e-03
2.270326152462656677e-03
2.296075452095649831e-03
2.309467960409739094e-03
2.338015819751047136e-03
2.388127412958009239e-03
2.400234936722844478e-03
2.438308879272794907e-03
2.456020716651014305e-03
2.522805230385156191e-03
2.542637571822212346e-03
2.556529086808540050e-03
2.606083019572678471e-03
2.654676761031953946e-03
2.680824940244612691e-03
2.707309347690083079e-03
2.715447830759169529e-03
2.753949440699259964e-03
2.815166025635132494e-03
2.886361292751077334e-03
2.911939424678350319e-03
2.950805071926243528e-03
2.969831659612969313e-03
2.992955344751448577e-03
3.051615212703284383e-03
3.106020143804113717e-03
3.128998873891041151e-03
3.169891671616619725e-03
3.204739940748513663e-03
3.260219164576886805e-03
3.278612828843902992e-03
3.322441113779878077e-03
3.351595382668161229e-03
3.375344867513564197e-03
3.421182728287634669e-03
3.450764381095986193e-03
3.494990395067510726e-03
3.520866988978271772e-03
3.545962262497449717e-03
3.588922352738269615e-03
3.603893904619535037e-03
3.641185972568082834e-03
3.655894430340230709e-03
3.692212745504246715e-03
3.730545035394154229e-03
3.776212231229804546e-03
3.782401847332714749e-03
3.822319667283558941e-03
3.848493011339343232e-03
3.882589332745529573e-03
3.923829794198927315e-03
3.969676740702551485e-03
4.005770785387666871e-03
4.062103674765966260e-03
4.103090602135955021e-03
4.118515673204429378e-03
4.131391796586686253e-03
4.175659159660605017e-03
4.200488805118138443e-03
4.242861580586947123e-03
4.301377727352965509e-03
4.321120631009540101e-03
4.347590485576772502e-03
4.382063427539496271e-03
4.391242982373591390e-03
4.416078693725565205e-03
4.438806153643459936e-03
4.496554438875223318e-03
4.510236970742721382e-03
4.581031773330818818e-03
4.583575395544384028e-03
4.620524332439024211e-03
4.679748216028239635e-03
4.693220244709677552e-03
4.735552557870757046e-03
4.770105009757656667e-03
4.832452570196012903e-03
4.851485403820540374e-03
4.892161873476986826e-03
4.911894364678354337e-03
4.943058704739635746e-03
4.981071946499618375e-03
5.014563098545666078e-03
5.069476343652645246e-03
5.096075651288820875e-03
5.127778802697299625e-03
5.155096946728324712e-03
5.181804113354396106e-03
5.223764954606254819e-03
5.271952594623432846e-03
5.300471045734594239e-03
5.314651628971581512e-03
5.388998326987745786e-03
5.402315128700063175e-03
5.407266885357977886e-03
5.454082386854743406e-03
5.519593999780855915e-03
5.575349375376128028e-03
5.585329276713246055e-03
5.592952789255387601e-03
5.647726832496898289e-03
5.664766487603878180e-03
5.729364862902278088e-03
5.755042423140825474e-03
5.793334947957461470e-03
5.850687706540526854e-03
5.869974657150422645e-03
5.937586898729699941e-03
5.940831819499241620e-03
5.974987852344581379e-03
5.991158528205495735e-03
6.046067934078753169e-03
6.064876360878697879e-03
6.091227232802296811e-03
6.096741890795372501e-03
6.127244302333394871e-03
6.182771336201439184e-03
6.239847427324888771e-03
6.255522714241307930e-03
6.266140370691712473e-03
6.300552527666162562e-03
6.356564018523251820e-03
6.397659273597476257e-03
6.439631769442791080e-03
6.485641583709134302e-03
6.519803153798054383e-03
6.564384284271991728e-03
6.583479444793051936e-03
6.602802058581764069e-03
6.609995871414542541e-03
6.664874049972497813e-03
6.675022607882063336e-03
6.717546534083501837e-03
6.832888339682288877e-03
6.849522244804999438e-03
6.855622791351429282e-03
6.876916987581523782e-03
6.889127240609558417e-03
6.924506685105915986e-03
6.944929703184028226e-03
6.981581629000034074e-03
7.036116331384383721e-03
7.090146542381988576e-03
7.109170703089305252e-03
7.154616543372439852e-03
7.163073654771053185e-03
7.177214689860191878e-03
7.216791812267157359e-03
7.245404887439734973e-03
7.269088695948639801e-03
7.312092784103018696e-03
7.356532185215191103e-03
7.377623883771443000e-03
7.424008024311622329e-03
7.470619167047330353e-03
7.523131526330019241e-03
7.551033202819621738e-03
7.572731453816463655e-03
7.630554999280567477e-03
7.686832457445386471e-03
7.708770164502842977e-03
7.739600124747398301e-03
7.769755245228963589e-03
7.809288338952483435e-03
7.812956642014635272e-03
7.866742177148715320e-03
7.904908978897676880e-03
7.922110784921443383e-03
7.954647968785828055e-03
8.001943487317026218e-03
8.074967472772608124e-03
8.099155240192459915e-03
8.115509462823048900e-03
8.147207900565608257e-03
8.202386085203242777e-03
8.220992793456841780e-03
8.249689974520763719e-03
8.254214130286246370e-03
8.305949389796963775e-03
8.323769715711191661e-03
8.402329901692481146e-03
8.408609119794492950e-03
8.456530091183678960e-03
8.482597388309729564e-03
8.510865254565581559e-03
8.545176940565194987e-03
8.590833779754296698e-03
8.619417949500158063e-03
8.670897569186425749e-03
8.700832495990452192e-03
8.769383473729117084e-03
8.772027012492021256e-03
8.808726264834079375e-03
8.855394690604220451e-03
8.891451841350411084e-03
8.902853751440783364e-03
8.923009568892567578e-03
8.993870561837485553e-03
9.037544908192878326e-03
9.073123759923754778e-03
9.084519450120391582e-03
9.116423255404506806e-03
9.146959061049312820e-03
9.159116361061120370e-03
9.214845576718226280e-03
9.247622243946195322e-03
9.265937272968594041e-03
9.293692682604711569e-03
9.321976872950383033e-03
9.360660197831804571e-03
9.411505977556876290e-03
9.481260957103249121e-03
9.493273815805957500e-03
9.549968943732460927e-03
9.606097377751409219e-03
9.633377122335667897e-03
9.652027598111529577e-03
9.689984195430078814e-03
9.722871822756596477e-03
9.749867545531872015e-03
9.773725994905016479e-03
9.805233651163125161e-03
9.833798652355904904e-03
9.879852874502237717e-03
9.885496035196898040e-03
9.936347318999939199e-03
9.961237519064089843e-03
9.997809368016741943e-03
1.004084660409021619e-02
1.004969505363812604e-02
1.010866005412320787e-02
1.011378238891103010e-02
1.015447642131722499e-02
1.017167300961137853e-02
1.019589886273833401e-02
1.023195146199634351e-02
1.030528135115391965e-02
1.031777091666529964e-02
1.039443883998637623e-02
1.044528335058987796e-02
1.046150860928592684e-02
1.051492504429609939e-02
1.052161675476861319e-02
1.053285105651876816e-02
1.055332692038698193e-02
1.063312671944158065e-02
1.065207774684612772e-02
1.067847058551012196e-02
1.072880573900987511e-02
1.075555348818522591e-02
1.078852883302628546e-02
1.081493875271936217e-02
1.084561919445061612e-02
1.087025266637751258e-02
1.090614505322267183e-02
1.093534230924959015e-02
1.101153750293792227e-02
1.102141172815471019e-02
1.105315564444304260e-02
1.108790393671067569e-02
1.111727416960330006e-02
1.115794657750730952e-02
1.120413539212135323e-02
1.123796846870225678e-02
1.126833077661562772e-02
1.130599249626843515e-02
1.136965750489693679e-02
1.140617758149135332e-02
1.144032159475544264e-02
1.147565077373486134e-02
1.149172998052801556e-02
1.152953367707050883e-02
1.156534956693834430e-02
1.161822637599641168e-02
1.163492886537630631e-02
1.167865782337845770e-02
1.168534818697113987e-02
1.172475937657922393e-02
1.174664407321708050e-02
1.185107940970393445e-02
1.186017493188773649e-02
1.187409397731954350e-02
1.190983099711364832e-02
1.193075806752694028e-02
1.196861548945945576e-02
1.199704190372223415e-02
1.202876735832074037e-02
1.211081751479946983e-02
1.216422102018349487e-02
1.218943217879227790e-02
1.221333601072556972e-02
1.224940058777418232e-02
1.225807876501636660e-02
1.230777745793652095e-02
1.236516744203548963e-02
1.239644941575005280e-02
1.242943714097519310e-02
1.245825430999704907e-02
1.247686561889417567e-02
1.252068088207613714e-02
1.254561114544374724e-02
1.256001508271351562e-02
1.258985134735097003e-02
1.265433336263815413e-02
1.268250053618130008e-02
1.273751443866602551e-02
1.274575235975360099e-02
1.278668609238802455e-02
1.281699750037704547e-02
1.283779409837586087e-02
1.292303772491505687e-02
1.294977386200698785e-02
1.297277385050082249e-02
1.302205604083744861e-02
1.305672422534147163e-02
1.310126879673982614e-02
1.311804711949211312e-02
1.317143800683655275e-02
1.318647135925790984e-02
1.322325354057440547e-02
1.328167432004838042e-02
1.333069811198748372e-02
1.335197084557829088e-02
1.336539008615843065e-02
1.339284817531080293e-02
1.345916697752535217e-02
1.349399545781871518e-02
1.351438815332386273e-02
1.354189459424199465e-02
1.355606144689271847e-02
1.360155182598145676e-02
1.363796185182685090e-02
1.369526139360037302e-02
1.373618917810310106e-02
1.375385917829806751e-02
1.380092295466580840e-02
1.382786903049885649e-02
1.383037980621243911e-02
1.391039480742946831e-02
1.394173098164319669e-02
1.398971399124879743e-02
1.400919373887138039e-02
1.402559736386395535e-02
1.407076549659050727e-02
1.411166349712909482e-02
1.414968931850332096e-02
1.425857987594628638e-02
1.428962720410849145e-02
1.431302544614983241e-02
1.433625935007219049e-02
1.435940642783145593e-02
1.440394394888128149e-02
1.442598737489198500e-02
1.449314085840872762e-02
1.450654397742449572e-02
1.452098187508824717e-02
1.459864495876261534e-02
1.465265647863455388e-02
1.468298062500677896e-02
1.469911585010329029e-02
1.471022444483971806e-02
1.480693708192594611e-02
1.484001971222577085e-02
1.486015751055067176e-02
1.488907275448414676e-02
1.492369585901647672e-02
1.494851080428222234e-02
1.497000381767300652e-02
1.502333228127867258e-02
1.507891394136252720e-02
1.510652264037352401e-02
1.515201534375335522e-02
1.515814738649346426e-02
1.517902828190212557e-02
1.520369618398809131e-02
1.524773279981925245e-02
1.530679722658703779e-02
1.532664151463090062e-02
1.535909760057820039e-02
1.540864497931782387e-02
1.544100897994537050e-02
1.545163399346392505e-02
1.551807257937423343e-02
1.554535246951576667e-02
1.556928446920852888e-02
1.560831326554797116e-02
1.562933792505949437e-02
1.567744176768305631e-02
1.570101378812838872e-02
1.578042953745687968e-02
1.581097441404264586e-02
1.583833848442305417e-02
1.587147077727504504e-02
1.590464791239707548e-02
1.591825751565029146e-02
1.597718974133733108e-02
1.600289183423008951e-02
1.604866110360273629e-02
1.606840070407986043e-02
1.612125239241099517e-02
1.618611020738735390e-02
1.620382290025884978e-02
1.623445306452351786e-02
1.626333703387576601e-02
1.632247124492999801e-02
1.634178074023691016e-02
1.637793293901844416e-02
1.638500992243807977e-02
1.641193115014505030e-02
1.647226951643951734e-02
1.655657618852139287e-02
1.657472161123342905e-02
1.660968173913061202e-02
1.665051781304080145e-02
1.668994251000779222e-02
1.671809513996747043e-02
1.673294396901748096e-02
1.677940765665564965e-02
1.685654981017163309e-02
1.689563484087046666e-02
1.691869003687898609e-02
1.693784861908535083e-02
1.702334489279104177e-02
1.703732755762394149e-02
1.707417025598149604e-02
1.708823251146281835e-02
1.712719041361851838e-02
1.718138407064911249e-02
1.720662660821761086e-02
1.721405801345720840e-02
1.725321492657769240e-02
1.732582078214643315e-02
1.734631516893497122e-02
1.737202340120276231e-02
1.742909625241500365e-02
1.744968922577699172e-02
1.745325903918608368e-02
1.748470123861637845e-02
1.754685037590119137e-02
1.758273917179368345e-02
1.759536349535925637e-02
1.766502178609920606e-02
1.769449597532249743e-02
1.772774550701955790e-02
1.779930163191533604e-02
1.782629407234812349e-02
1.784506946386222453e-02
1.789138589363419365e-02
1.793714665203033007e-02
1.796420277504659838e-02
1.802649666100026790e-02
1.804236721623019707e-02
1.807278110153635528e-02
1.813198239906739853e-02
1.814055998710229281e-02
1.821252572978877479e-02
1.824088894384847531e-02
1.824335065827014171e-02
1.830677177721651977e-02
1.832952490716693167e-02
1.835137048141346344e-02
1.843747057812480938e-02
1.848851800311423696e-02
1.850800515042642230e-02
1.851782793597302190e-02
1.856660964369132027e-02
1.861984434406351377e-02
1.865500538608063502e-02
1.868771611060989629e-02
1.873472908990405153e-02
1.875820038153760624e-02
1.879019685497322970e-02
1.881445477857860565e-02
1.890143433504740123e-02
1.895917356626561009e-02
1.896809342828652267e-02
1.899039004519228677e-02
1.903009499618516648e-02
1.905596778093496951e-02
1.910513704820906988e-02
1.914417374180977377e-02
1.917752619588982549e-02
1.921190753823920003e-02
1.923665738559391172e-02
1.928752992611755188e-02
1.936059504131796075e-02
1.940807336572899014e-02
1.941182459543328367e-02
1.942898138294257837e-02
1.948863630996173699e-02
1.952785067936571584e-02
1.957385065056155282e-02
1.962339982926917040e-02
1.965018313415245813e-02
1.966247486959605759e-02
1.967948361027289927e-02
1.974301290944283430e-02
1.976098672196881234e-02
1.979972614423134922e-02
1.986088570278561616e-02
1.987686572512692082e-02
1.990397346225664457e-02
1.996218911726404047e-02
1.999115513156761795e-02
2.003621172723249119e-02
2.006090596316032273e-02
2.006663372498100617e-02
2.011427281741406600e-02
2.017681609717159735e-02
2.020150172977150035e-02
2.026952400335721091e-02
2.030248684705324505e-02
2.031486333954259788e-02
2.032352898617891673e-02
2.038817069027932041e-02
2.042593869685569580e-02
2.050061124501480897e-02
2.050725475929965347e-02
2.055108203358793975e-02
2.057432076876428498e-02
2.062845038841041104e-02
2.070517682441697094e-02
2.076249027306566880e-02
2.079813790138404159e-02
2.081234570236040887e-02
2.083698422469421746e-02
2.085533565900027711e-02
2.090422675849912260e-02
2.092955466723184221e-02
2.094676335540547607e-02
2.099700160229430596e-02
2.104860162563550879e-02
2.110674788714027653e-02
2.111743041005544400e-02
2.118328809060246107e-02
2.126345498087065314e-02
2.127634294950089475e-02
2.130544445436333839e-02
2.136183218060377920e-02
2.138022680235297443e-02
2.142397304932587565e-02
2.146669905509392476e-02
2.150064363004824258e-02
2.151537333676037042e-02
2.156306085155637250e-02
2.158549801513221997e-02
2.165134785365767020e-02
2.169260638355587079e-02
2.170243797645983116e-02
2.172485839488736900e-02
2.179789101527108974e-02
2.184490629629655400e-02
2.190982560164199747e-02
2.193457350237343687e-02
2.197048436481943354e-02
2.201286540506683029e-02
2.203147000916193601e-02
2.208174465626816865e-02
2.211223430522731015e-02
2.215861601944382753e-02
2.216990846730211573e-02
2.220451476141373573e-02
2.226629141193479933e-02
2.232998780187560317e-02
2.234835375823144427e-02
2.239059987235114679e-02
2.243133348139545943e-02
2.244565002357373426e-02
2.249209438463585856e-02
2.251442908977286175e-02
2.253799860116973211e-02
2.257407344778754668e-02
2.266267622562239542e-02
2.272170883664107605e-02
2.274584989136625365e-02
2.276307824576246502e-02
2.281421292045345689e-02
2.284160433626742509e-02
2.285802277284495337e-02
2.291097217931235483e-02
2.296044417259596876e-02
2.298094645234523975e-02
2.303329067136001412e-02
2.308709756155047713e-02
2.311123167498999390e-02
2.315655151335090783e-02
2.317555635456362145e-02
2.321988447832484120e-02
2.325780226770548034e-02
2.327807261159175328e-02
2.338396785435595607e-02
2.339132375911026629e-02
2.345385124742934910e-02
2.350002918240653993e-02
2.353560392126588519e-02
2.354130153322660582e-02
2.357449287029188961e-02
2.362919469180598669e-02
2.368704516797796172e-02
2.372762477814639379e-02
2.375787713475891946e-02
2.378137148777355672e-02
2.385883358377779290e-02
2.388351965368180549e-02
2.391243997570317512e-02
2.399151837624056288e-02
2.402575867443636909e-02
2.403638682471892496e-02
2.414027221251100266e-02
2.416637852559536462e-02
2.420843669349396696e-02
2.421855377815587684e-02
2.427742367247968935e-02
2.430646644486568822e-02
2.434094340797361700e-02
2.437051919732827893e-02
2.439921310085637479e-02
2.441757667631766840e-02
2.448307820417675723e-02
2.452971622561094314e-02
2.455278535241069496e-02
2.458657500975342663e-02
2.462298247785691882e-02
2.468217750016129391e-02
2.473282320609902080e-02
2.475223598961561605e-02
2.482636928564183054e-02
2.485491024899352808e-02
2.488173102674526641e-02
2.492022684976147318e-02
2.492741634157179947e-02
2.500266119007745966e-02
2.502984822412769247e-02
2.506661567174466726e-02
2.510736615026632271e-02
2.516752250071351005e-02
2.522676004187167711e-02
2.525545149865498010e-02
2.530661380005857011e-02
2.536346036941704990e-02
2.540820009044815822e-02
2.543561495020384491e-02
2.549467797026848739e-02
2.554082919900837675e-02
2.558385857276152670e-02
2.565072019703630579e-02
2.568825582535052762e-02
2.574068063134413858e-02
2.578140924825286090e-02
2.584444867395553971e-02
2.587131592455938281e-02
2.591120904236533101e-02
2.596122710867353883e-02
2.597294888557301340e-02
2.601817209438759410e-02
2.606486751298572532e-02
2.609477309785032673e-02
2.613302029486461175e-02
2.621710791524616349e-02
2.624971431378254547e-02
2.626837882570431937e-02
2.629017004509221628e-02
2.635185560755118339e-02
2.641986394649301767e-02
2.644723085856347938e-02
2.649947617222183846e-02
2.652357920066465008e-02
2.656834221226027359e-02
2.661829885449337740e-02
2.664771547748043257e-02
2.670175710089112836e-02
2.673023382493557726e-02
2.675935129720757519e-02
2.679135741372173918e-02
2.684911307609708780e-02
2.688010944804730337e-02
2.691702419166054974e-02
2.697067994940743896e-02
2.700063169657974937e-02
2.702602302106646079e-02
2.706562261035570446e-02
2.709954159800789103e-02
2.718336970252956120e-02
2.721041109199173053e-02
2.723482279970848227e-02
2.730538669244770775e-02
2.733338657058435525e-02
2.735915598590882986e-02
2.742426485750698931e-02
2.745044307976864453e-02
2.752903031481252275e-02
2.758466033763241898e-02
2.764811409675160467e-02
2.765600177529001918e-02
2.767840060962840562e-02
2.770477212066935549e-02
2.775357571278450411e-02
2.776936281805940376e-02
2.781876069561528900e-02
2.789309822377770282e-02
2.795068887964615931e-02
2.798102565926338312e-02
2.801235728415231441e-02
2.806184899604879240e-02
2.811267026624732560e-02
2.815178540110164357e-02
2.818805796337612787e-02
2.820805572547832943e-02
2.826604074913521142e-02
2.832886842146847828e-02
2.836216534962444219e-02
2.841680223772973315e-02
2.848225025348001191e-02
2.848663868064512869e-02
2.853666050164230944e-02
2.857334945842716911e-02
2.864967869977343845e-02
2.872312555934303235e-02
2.876126523060703807e-02
2.881412149640479731e-02
2.883456720951451183e-02
2.888504071309825824e-02
2.890864268650728333e-02
2.895554044171686978e-02
2.897898795440094835e-02
2.906876224974897643e-02
2.909128974727941477e-02
2.915051386767739117e-02
2.918053247285874383e-02
2.923921020196678863e-02
2.927675754286636345e-02
2.932319689357733988e-02
2.933417715905984116e-02
2.942065965631147223e-02
2.946351352756111305e-02
2.951283992745534074e-02
2.952211963786544741e-02
2.958094368728986234e-02
2.963322855398836317e-02
2.967295772338223586e-02
2.968143157079743133e-02
2.972875062053063205e-02
2.981253935190513599e-02
2.981905031060834432e-02
2.986992516452977725e-02
2.999103713326876225e-02
3.000312600156399348e-02
3.004498725237480378e-02
3.008104918074119838e-02
3.013130603873670141e-02
3.016947820013949830e-02
3.018712944500930723e-02
3.026211322612302329e-02
3.031221191412099628e-02
3.033747459814317704e-02
3.036515454728319977e-02
3.043870872208065403e-02
3.052020687384354031e-02
3.054289692222253785e-02
3.056661259680521284e-02
3.061940851313356762e-02
3.062690185006409702e-02
3.072516074441669284e-02
3.072872172285874559e-02
3.079737911489349375e-02
3.084807501626697646e-02
3.092980349890216488e-02
3.095893880752802196e-02
3.104901547945576601e-02
3.106659098134315414e-02
3.114507557709568150e-02
3.116168242061083046e-02
3.120189852707693293e-02
3.123940332566895253e-02
3.132914591862182019e-02
3.134849255446547217e-02
3.142727136055831899e-02
3.145791686891642736e-02
3.153648809015912463e-02
3.158494699700301750e-02
3.160903636219567631e-02
3.167079488148748928e-02
3.170376485203744987e-02
3.173394244327884528e-02
3.177780772058610981e-02
3.181423577302232297e-02
3.188419883706005570e-02
3.190487750974016490e-02
3.193259542318498123e-02
3.205908962319593825e-02
3.211823463809380247e-02
3.217353408859376096e-02
3.219377278347025639e-02
3.220743515440958188e-02
3.226136981596897796e-02
3.235682187830704604e-02
3.238444559001951023e-02
3.243739828969662009e-02
3.247330739691864365e-02
3.258910930454215343e-02
3.259657375062112450e-02
3.266445475155789480e-02
3.271244542713144104e-02
3.278070815154955631e-02
3.282161084452247385e-02
3.285695679866176139e-02
3.289443498560492424e-02
3.291736019832909588e-02
3.296459977339202124e-02
3.304820268377298836e-02
3.308224423941649728e-02
3.311203062655408702e-02
3.319063177879802429e-02
3.320029800497723699e-02
3.322424654384828480e-02
3.331616645272942462e-02
3.336952902205443661e-02
3.340472614439504717e-02
3.348507095290937513e-02
3.353657520865474528e-02
3.358152567113626558e-02
3.362870699710814038e-02
3.363646896211225368e-02
3.369590795710493414e-02
3.376951872778740510e-02
3.385736080079566196e-02
3.390940938987556386e-02
3.398377734907281206e-02
3.399854118234477834e-02
3.406288277497535738e-02
3.408650253587341972e-02
3.418317673876983959e-02
3.422925453150559710e-02
3.426067258836350271e-02
3.436007111147250381e-02
3.440152128527204645e-02
3.445316071138308095e-02
3.448167442245313186e-02
3.456377991336128525e-02
3.458746876308459867e-02
3.466537666886231051e-02
3.472909461906657780e-02
3.477979126226255630e-02
3.484581267519505643e-02
3.491752769432187459e-02
3.495213293400376703e-02
3.499436499821833441e-02
3.503641156332698570e-02
3.506455104826769476e-02
3.515518010756162048e-02
3.524231051459646852e-02
3.529315132467457372e-02
3.534221624164961967e-02
3.539205155154518528e-02
3.545454790273952494e-02
3.547928232307332591e-02
3.554272746581248893e-02
3.561290862342125774e-02
3.565249244987206412e-02
3.568891986580978448e-02
3.574929920515503012e-02
3.585587351404043860e-02
3.591985232170299275e-02
3.596483730376835719e-02
3.600530044442130928e-02
3.604601318119905057e-02
3.612637653389991210e-02
3.623931815658895661e-02
3.627312977752734924e-02
3.628514965323895169e-02
3.633440587343979983e-02
3.644561590914946470e-02
3.648663448696658901e-02
3.654635390073445594e-02
3.663990004901324787e-02
3.668971447096498056e-02
3.676546955437585279e-02
3.678869320830651518e-02
3.684230264292487345e-02
3.689842178376290249e-02
3.695157656589417861e-02
3.705476963712321659e-02
3.711405252522711334e-02
3.719645937370707339e-02
3.723878670749255354e-02
3.729836933311825309e-02
3.733381892258990503e-02
3.741294296210936898e-02
3.749063830833068017e-02
3.756198275920180629e-02
3.764260084958152147e-02
3.768611950812593425e-02
3.774131596385543047e-02
3.775966391281919410e-02
3.786926071034835833e-02
3.789774045867673469e-02
3.796770989484727493e-02
3.809369501790082352e-02
3.812016324738013578e-02
3.823586467418269713e-02
3.826735907441839585e-02
3.841017176485366641e-02
3.845659131820005489e-02
3.851504661563493609e-02
3.865335733158767328e-02
3.871225128292956480e-02
3.872523160282487220e-02
3.877361623796562323e-02
3.886614713603264715e-02
3.890872173322178912e-02
3.904164023811224765e-02
3.912118200008705277e-02
3.917989834629571205e-02
3.928259731163816909e-02
3.936572749413932981e-02
3.940810650550388705e-02
3.951457403054861595e-02
3.956486226243401821e-02
3.965397004386574803e-02
3.968672789969659997e-02
3.974550244854587605e-02
3.992090257393924452e-02
3.999233562319969709e-02
4.003234944031894282e-02
4.008227615396651317e-02
4.016286491621452043e-02
4.028271634571312793e-02
4.031977882909098393e-02
4.040291243121894166e-02
4.047285214594700115e-02
4.057318151813207874e-02
4.070886333157074793e-02
4.075478229602731012e-02
4.091466713631435048e-02
4.102612495947876442e-02
4.111228225749087584e-02
4.123526176154057588e-02
4.126136985124772422e-02
4.135656018436911080e-02
4.146925353981274071e-02
4.153256218481963385e-02
4.161678220379792792e-02
4.170033926135017360e-02
4.181392863643031144e-02
4.188932027151590770e-02
4.195844954087383366e-02
4.209737257694530499e-02
4.222838240446440128e-02
4.232218367828310956e-02
4.254204698254283878e-02
4.259719643407314238e-02
4.271704877282881535e-02
4.283791041812364669e-02
4.305772722997337765e-02
4.307851692369307761e-02
4.321668133033616105e-02
4.325699647385062435e-02
4.359062459016810331e-02
4.406183814748643873e-02
