-4.368695791616659246e-02
-4.360354274468061786e-02
-4.344901985076172340e-02
-4.334180338126088217e-02
-4.327125405226490973e-02
-4.295118743409258311e-02
-4.284702246158836325e-02
-4.261389910396174568e-02
-4.249276163938323081e-02
-4.239513755996555944e-02
-4.224262579214056734e-02
-4.214786494367252223e-02
-4.203125037156841409e-02
-4.195452797274235035e-02
-4.184523728514483176e-02
-4.174801884948819292e-02
-4.170963436336666552e-02
-4.162089580576938674e-02
-4.143312273697521281e-02
-4.134005429207092408e-02
-4.131423630796451918e-02
-4.112864479145893898e-02
-4.110674964602278880e-02
-4.091941573160040591e-02
-4.087396035985244036e-02
-4.082902688463119906e-02
-4.073984416782619467e-02
-4.068588376511276389e-02
-4.057074324099500806e-02
-4.048009373847717696e-02
-4.040650959455365648e-02
-4.037351346999350221e-02
-4.025788979368649656e-02
-4.016784477786163043e-02
-4.007464495858501646e-02
-4.006156176845954153e-02
-3.994873727616581049e-02
-3.983131830517245425e-02
-3.975365427870952706e-02
-3.970786709560986116e-02
-3.967581163781811610e-02
-3.958241253036047513e-02
-3.952293282859079687e-02
-3.940788687958710762e-02
-3.935669227349754273e-02
-3.930564304589471286e-02
-3.918031844655800455e-02
-3.907590919385869194e-02
-3.901284432650647949e-02
-3.890421053914112220e-02
-3.888747549250137076e-02
-3.879190518198547682e-02
-3.870969047568224158e-02
-3.860660891002570122e-02
-3.853780425021877121e-02
-3.846793359579310512e-02
-3.842977747120993048e-02
-3.840747059695814175e-02
-3.833684570104567424e-02
-3.819665227572185962e-02
-3.813981357232415492e-02
-3.804458950390030014e-02
-3.796515193314440456e-02
-3.794039886874851775e-02
-3.789941653787963494e-02
-3.779770658780878811e-02
-3.772757327297837637e-02
-3.768544299241692597e-02
-3.763619090586608346e-02
-3.753675462895633697e-02
-3.750359325977393327e-02
-3.745793937836038034e-02
-3.738465012517917102e-02
-3.733560187800984143e-02
-3.727563543327793577e-02
-3.713489345182062473e-02
-3.711596965655100666e-02
-3.708847051737362149e-02
-3.704870048733892307e-02
-3.694815630588232924e-02
-3.690216606296622959e-02
-3.684467354688703705e-02
-3.678598978531338187e-02
-3.672093384632971885e-02
-3.668911730552434913e-02
-3.663460698080154426e-02
-3.655524233550627028e-02
-3.648208034204045158e-02
-3.643102137441007332e-02
-3.637832776388582462e-02
-3.630065285658708174e-02
-3.624244859017283077e-02
-3.618978348791051375e-02
-3.614790337959523925e-02
-3.607281545851433874e-02
-3.606491611152864291e-02
-3.595647428275545315e-02
-3.591843948577987111e-02
-3.585242455654782945e-02
-3.576740762147692654e-02
-3.574759334420941209e-02
-3.569842599282699314e-02
-3.558809309468393550e-02
-3.557517279750536249e-02
-3.554990664571622272e-02
-3.544630139950760706e-02
-3.532969786342785717e-02
-3.531762182769268565e-02
-3.524509438454071636e-02
-3.519855724731707491e-02
-3.513598942483993348e-02
-3.506706165127580765e-02
-3.497755513051915843e-02
-3.489090266323578021e-02
-3.486525197349734512e-02
-3.479822963192193142e-02
-3.476813256859559442e-02
-3.466580835648063602e-02
-3.461900662380888033e-02
-3.456637646883077564e-02
-3.452947666030099783e-02
-3.445331575370145366e-02
-3.444588014967896183e-02
-3.439886163910402944e-02
-3.435119197670950114e-02
-3.430492793297698628e-02
-3.426938583796582116e-02
-3.416448785036203806e-02
-3.412919899085611192e-02
-3.410290244095041945e-02
-3.404598020825097549e-02
-3.402719656404524368e-02
-3.399534775468763398e-02
-3.391273902720601252e-02
-3.386865435777633437e-02
-3.383301740677602254e-02
-3.374016210650309516e-02
-3.371988241989198887e-02
-3.365679410239341002e-02
-3.356817537783948757e-02
-3.356018962811429390e-02
-3.345197201724137148e-02
-3.342270719002360391e-02
-3.339218918064432856e-02
-3.329032060662620585e-02
-3.325791093094072198e-02
-3.322436212853294851e-02
-3.314046234070379404e-02
-3.311847177427757610e-02
-3.307736378724186743e-02
-3.300219354274056688e-02
-3.298286863632284710e-02
-3.291822345661095384e-02
-3.285940328528944021e-02
-3.278266475798771035e-02
-3.275419257325783151e-02
-3.271654999181460716e-02
-3.263140369677811070e-02
-3.258413259175518134e-02
-3.255700681428735227e-02
-3.252638578402090169e-02
-3.248880872725432023e-02
-3.242816341594298435e-02
-3.236125466161352687e-02
-3.232909427187463658e-02
-3.224310864375147523e-02
-3.219020035299024335e-02
-3.215556432250795543e-02
-3.210322849850195948e-02
-3.200767326049153844e-02
-3.196815618331828868e-02
-3.195206842752804782e-02
-3.193197322545258954e-02
-3.182573589181404705e-02
-3.179932898587244788e-02
-3.177013748508918101e-02
-3.173823062007705836e-02
-3.165376269066629000e-02
-3.161464598538857307e-02
-3.158314418484180902e-02
-3.154778159515957137e-02
-3.147021237488328849e-02
-3.142300400501103763e-02
-3.134104141066603594e-02
-3.130000452216098739e-02
-3.123405643712430166e-02
-3.118943029693319394e-02
-3.110032725151937183e-02
-3.106408441426442707e-02
-3.100414023607018024e-02
-3.094850924485919447e-02
-3.088075983074897723e-02
-3.086897649767504984e-02
-3.083456992965236468e-02
-3.079876681455469972e-02
-3.075684821703486907e-02
-3.070018497862119985e-02
-3.066114320714786318e-02
-3.059841164312204070e-02
-3.056257075857564745e-02
-3.050005592166275120e-02
-3.043438105081829395e-02
-3.042466905684471437e-02
-3.034686908704870706e-02
-3.032288249269923103e-02
-3.027762444949065948e-02
-3.025850725387303070e-02
-3.022318178574842640e-02
-3.016823126706957847e-02
-3.014924220779779951e-02
-3.007061612729666072e-02
-3.005002591277310120e-02
-2.994953711715267475e-02
-2.992936049627667808e-02
-2.988697541743155078e-02
-2.985958923109592253e-02
-2.981679325445857343e-02
-2.977051798858691700e-02
-2.974869920706022311e-02
-2.969570648403968907e-02
-2.967160863318572123e-02
-2.962035151516850123e-02
-2.954498169615767805e-02
-2.948998981395046723e-02
-2.946813454658180759e-02
-2.944737197640636198e-02
-2.936052493013499923e-02
-2.932768245522120176e-02
-2.931069799610870955e-02
-2.921234395250616248e-02
-2.918162722207012089e-02
-2.915021894018760343e-02
-2.911489730482360455e-02
-2.897856175211202534e-02
-2.896244292126296666e-02
-2.892852955132672529e-02
-2.888628417180333363e-02
-2.884972311062621378e-02
-2.884452514932824355e-02
-2.876718780125678970e-02
-2.871959417734205877e-02
-2.866862951129871273e-02
-2.862486888357083231e-02
-2.857179534154072678e-02
-2.854089789272005323e-02
-2.851311218593046218e-02
-2.845795508836468368e-02
-2.844123115789215853e-02
-2.839760490357373657e-02
-2.836358684712416214e-02
-2.827572433156207848e-02
-2.822390168759801587e-02
-2.821686528489566678e-02
-2.818508429373854651e-02
-2.813015194384859557e-02
-2.803995840339806173e-02
-2.801378526751174131e-02
-2.797764549725894820e-02
-2.793319235961096159e-02
-2.787149451373880857e-02
-2.786154923363210259e-02
-2.778348630642333422e-02
-2.769742537447093811e-02
-2.766591520169296367e-02
-2.763930117580165602e-02
-2.758910054079784582e-02
-2.757159187871613057e-02
-2.752642615150970723e-02
-2.751912957550912628e-02
-2.747489886505167719e-02
-2.743086893577375077e-02
-2.735937923542570288e-02
-2.729665096965077850e-02
-2.728073621582122535e-02
-2.727116536608598443e-02
-2.720260919238772293e-02
-2.716606902955793004e-02
-2.708436959566994442e-02
-2.706386428873407135e-02
-2.702937548722769701e-02
-2.693603231822704405e-02
-2.690102101241530555e-02
-2.687330720122226707e-02
-2.685100921235434104e-02
-2.678794487443928590e-02
-2.675980659960318711e-02
-2.665108879800806921e-02
-2.664126865438364716e-02
-2.656440293695669710e-02
-2.651699757783197373e-02
-2.650723457016330650e-02
-2.647710866577636726e-02
-2.644196873839670114e-02
-2.639282413141153666e-02
-2.637168875180987554e-02
-2.630856665128366093e-02
-2.628353905220096737e-02
-2.620523929413574871e-02
-2.616142881602296841e-02
-2.613032417956825254e-02
-2.609086235040807694e-02
-2.603952444409855446e-02
-2.602375899847156684e-02
-2.599883811295345543e-02
-2.593721923054886913e-02
-2.590709993253189486e-02
-2.584502836885046659e-02
-2.578882706537299549e-02
-2.575637200682258030e-02
-2.572789336378953837e-02
-2.569922522588951111e-02
-2.564175272421789081e-02
-2.560581745642503959e-02
-2.553566580732041444e-02
-2.550837050962079938e-02
-2.548235084659079136e-02
-2.546277296099958010e-02
-2.542323549357879131e-02
-2.535437638806907826e-02
-2.533003100496162077e-02
-2.529007094943120162e-02
-2.523498523713963923e-02
-2.519696536781744836e-02
-2.517523917217553975e-02
-2.511453862595514758e-02
-2.508146494609803795e-02
-2.500853830079986101e-02
-2.499538549878924792e-02
-2.497585130404940748e-02
-2.491286047533482553e-02
-2.484599852189887936e-02
-2.483803672300201673e-02
-2.482082640179087210e-02
-2.478797808847163150e-02
-2.475860444130328561e-02
-2.471105774139328512e-02
-2.462913632673195685e-02
-2.458009546451636954e-02
-2.454952923714365937e-02
-2.450214409283667932e-02
-2.445432304475760391e-02
-2.442022241131778723e-02
-2.434755297872743043e-02
-2.432864765457266876e-02
-2.428049538035759181e-02
-2.426085063202001665e-02
-2.425262391765187903e-02
-2.424589231500018371e-02
-2.420211429520578716e-02
-2.416346803014823158e-02
-2.412806692952712204e-02
-2.408397606069882096e-02
-2.401963815074097466e-02
-2.393299837900662863e-02
-2.391273842749680467e-02
-2.381433537442432385e-02
-2.378202726572273967e-02
-2.376912550366151733e-02
-2.372307053738914248e-02
-2.369609129298968012e-02
-2.368592885340514709e-02
-2.362972839926342702e-02
-2.356680073916763221e-02
-2.351520122013558978e-02
-2.349054710645469626e-02
-2.341801389812959988e-02
-2.341452887597626764e-02
-2.339320430316857782e-02
-2.338315523458400422e-02
-2.333248325508228277e-02
-2.326793184023916508e-02
-2.323135280605136133e-02
-2.322731902287355002e-02
-2.319878847424122412e-02
-2.317003211661553680e-02
-2.307690170677494795e-02
-2.306453477083334619e-02
-2.302424806501486218e-02
-2.295652925231708025e-02
-2.294548303221254776e-02
-2.291995099801555358e-02
-2.287312769650842736e-02
-2.282280377526663476e-02
-2.279140386443979927e-02
-2.276897002141303403e-02
-2.269930565633159966e-02
-2.268728723952870285e-02
-2.263789010860045928e-02
-2.257516321873869608e-02
-2.254343669648056422e-02
-2.252548273657815903e-02
-2.248410300128605294e-02
-2.245535467116048164e-02
-2.242553426795020413e-02
-2.237165493066285704e-02
-2.234978582636954966e-02
-2.230002289363073806e-02
-2.222576900069803477e-02
-2.219494671746563563e-02
-2.216701938368498270e-02
-2.206962649770585760e-02
-2.206012272345286851e-02
-2.203549704338509524e-02
-2.199543879691065809e-02
-2.196684104017410794e-02
-2.190507596762510806e-02
-2.187650994220255787e-02
-2.185926025876852238e-02
-2.183767383505712256e-02
-2.175623522518960531e-02
-2.172924335608242274e-02
-2.169843388675180701e-02
-2.167315999339533908e-02
-2.161845430590466147e-02
-2.156575313030529781e-02
-2.150737662015196963e-02
-2.148897693120736113e-02
-2.143539335681454369e-02
-2.142199589786428215e-02
-2.137756846984833342e-02
-2.132521535297561208e-02
-2.127564218146926756e-02
-2.121257567537199878e-02
-2.116967841349096449e-02
-2.114193008318577746e-02
-2.110907297883411748e-02
-2.106529813827691042e-02
-2.102105893841693315e-02
-2.098433290476763718e-02
-2.097099460386258815e-02
-2.093088177782909468e-02
-2.089874165013760540e-02
-2.085673071413548380e-02
-2.083236391174177193e-02
-2.076343857335033460e-02
-2.075340506841124796e-02
-2.074462836584641673e-02
-2.064410521478909563e-02
-2.059676368388357534e-02
-2.055380268406920355e-02
-2.052788030559317065e-02
-2.048117171077594098e-02
-2.045635257879592148e-02
-2.044410404693798936e-02
-2.042629886203651407e-02
-2.037115450927400734e-02
-2.031336120707076184e-02
-2.024092071770594234e-02
-2.022776773499314687e-02
-2.013334481784944882e-02
-2.010640949650253223e-02
-2.009189270419097992e-02
-2.007106987903384265e-02
-2.005752720650861437e-02
-1.999299296297271655e-02
-1.996161890591268209e-02
-1.991130774557850480e-02
-1.989694874531908186e-02
-1.985049095183480036e-02
-1.981066079016349443e-02
-1.978303592778344819e-02
-1.975384388762252419e-02
-1.972540391583562161e-02
-1.968255368775049738e-02
-1.962557757867951225e-02
-1.961409308883634364e-02
-1.954454594754307523e-02
-1.952989025731511480e-02
-1.947905735876023087e-02
-1.943530957694393144e-02
-1.942904926820063216e-02
-1.935025214756260978e-02
-1.933282254654127702e-02
-1.931955620795609840e-02
-1.930099199076174346e-02
-1.921193369213916244e-02
-1.919564271683704346e-02
-1.915234504889047271e-02
-1.913852244339610265e-02
-1.909761636513910427e-02
-1.905968973831870250e-02
-1.901707897049208923e-02
-1.894819361949470760e-02
-1.894178038619223972e-02
-1.887730602122836623e-02
-1.886049110980544605e-02
-1.882863941298733995e-02
-1.878078103906749910e-02
-1.873126998876186236e-02
-1.870129184570596889e-02
-1.868284224700107396e-02
-1.862251312596416297e-02
-1.861082106522719826e-02
-1.855282375753947860e-02
-1.851632005459587921e-02
-1.848419146381128503e-02
-1.846634376846103057e-02
-1.842929239212379861e-02
-1.832585578047416300e-02
-1.829012631194290583e-02
-1.825631211139566029e-02
-1.822642190050527758e-02
-1.818848203386989187e-02
-1.815632292869624395e-02
-1.812964972493508187e-02
-1.808439584117515000e-02
-1.805676693971583133e-02
-1.800990594002531420e-02
-1.798430675697144585e-02
-1.793532485868419221e-02
-1.787689481214783938e-02
-1.786364010551420856e-02
-1.784465776617705571e-02
-1.782183612756371716e-02
-1.775049560043308328e-02
-1.771841432656562701e-02
-1.766733480511037749e-02
-1.764913457686042436e-02
-1.759719790744493015e-02
-1.758099065253707419e-02
-1.755229669584611185e-02
-1.749206734513588518e-02
-1.747448393511711814e-02
-1.743307206590973338e-02
-1.737907391098054630e-02
-1.736776932627175085e-02
-1.732528384636746951e-02
-1.725018171433972611e-02
-1.721059932147369839e-02
-1.716659335230747568e-02
-1.716186178285886155e-02
-1.712566804797296949e-02
-1.710454240920412233e-02
-1.705233102245242924e-02
-1.699732988513812798e-02
-1.698285416642899767e-02
-1.691334485717231606e-02
-1.688952827575503773e-02
-1.685720932530105493e-02
-1.682948828418105031e-02
-1.676822870247032457e-02
-1.672233119884002431e-02
-1.669781586247911717e-02
-1.663086370549063386e-02
-1.661285382421167495e-02
-1.658863402032073608e-02
-1.657380664060207134e-02
-1.649797191627488599e-02
-1.648295495150493492e-02
-1.643219690689113818e-02
-1.639508371613464244e-02
-1.637859156107306438e-02
-1.633161035133106134e-02
-1.630793531073868388e-02
-1.627255903261809467e-02
-1.624351513649397241e-02
-1.615773879352634668e-02
-1.614530562625346791e-02
-1.613789958712154304e-02
-1.610211544423894442e-02
-1.606341520878150006e-02
-1.604918032047914292e-02
-1.602244991240884403e-02
-1.595866438125834522e-02
-1.593214946483373362e-02
-1.586027103084718809e-02
-1.581924937355890307e-02
-1.580411249481762301e-02
-1.573514936160856983e-02
-1.571147280334795823e-02
-1.567261259968434975e-02
-1.563226927541657221e-02
-1.559454879178178398e-02
-1.556671079954099340e-02
-1.550065424716825201e-02
-1.544836449836187869e-02
-1.542386909594646409e-02
-1.539762510957486293e-02
-1.535988876728115217e-02
-1.533929739575183235e-02
-1.531242240935052137e-02
-1.527268537174664501e-02
-1.526056194215119968e-02
-1.518184920819575130e-02
-1.516248348173443103e-02
-1.514051249413931113e-02
-1.509396763112677217e-02
-1.505470800807057717e-02
-1.503961230131578043e-02
-1.498686052060485378e-02
-1.495262003450897534e-02
-1.493523263696672210e-02
-1.489699263954805640e-02
-1.488423638989067738e-02
-1.482865805061342294e-02
-1.479429033845734362e-02
-1.477773149437069250e-02
-1.477163211251562858e-02
-1.474095062944645596e-02
-1.467344763369141970e-02
-1.461856947185561847e-02
-1.456909062209683740e-02
-1.455084037798999586e-02
-1.453830293481027727e-02
-1.449909296873171452e-02
-1.445404862573548312e-02
-1.439277825719378900e-02
-1.437191923896506164e-02
-1.433421610015512236e-02
-1.430883939194329234e-02
-1.427780047878199864e-02
-1.422585615658556596e-02
-1.418378660160981609e-02
-1.417167691429100165e-02
-1.412179867776365214e-02
-1.407889663620895404e-02
-1.405082021855040206e-02
-1.402458876581551099e-02
-1.399275514246674755e-02
-1.397442696706399645e-02
-1.395092195134082363e-02
-1.391319628107670972e-02
-1.387253754906406927e-02
-1.382920350603738559e-02
-1.378484222515187312e-02
-1.374286890752268904e-02
-1.370583558385391962e-02
-1.365533339719665097e-02
-1.360594359407394510e-02
-1.356357571927637069e-02
-1.352731772519376492e-02
-1.351649784450079626e-02
-1.345524188729731868e-02
-1.344216202509359616e-02
-1.341070189364000804e-02
-1.338273739609069542e-02
-1.336104963090174215e-02
-1.333850810126369600e-02
-1.330330117527477041e-02
-1.328069530570819001e-02
-1.323363635283444049e-02
-1.317106243994851933e-02
-1.315499020832579247e-02
-1.311578512614840555e-02
-1.308370437523311176e-02
-1.305797860537197784e-02
-1.301878790686586927e-02
-1.296445456575659287e-02
-1.291283968511267727e-02
-1.289029036831479749e-02
-1.284166054651662663e-02
-1.283317488844475801e-02
-1.277325175793088581e-02
-1.274839359617255079e-02
-1.269539693783800806e-02
-1.268124593895483647e-02
-1.266074591922684324e-02
-1.259053539898068001e-02
-1.258779614137008236e-02
-1.251836720025447346e-02
-1.248317428989404940e-02
-1.243065269439540266e-02
-1.240201195879515363e-02
-1.238549490950436281e-02
-1.234116423658401622e-02
-1.229757935762593353e-02
-1.225653202326970961e-02
-1.221214021700462934e-02
-1.218380602640110541e-02
-1.216749385418967530e-02
-1.212468689674438618e-02
-1.208757594640477370e-02
-1.207340468483736849e-02
-1.204570578733867720e-02
-1.199351799009416679e-02
-1.196572836841756395e-02
-1.192737356361451423e-02
-1.188832124420872299e-02
-1.185390352229693557e-02
-1.183410347638166708e-02
-1.182015044562423518e-02
-1.176576372064807446e-02
-1.173032048200958570e-02
-1.170661252062596587e-02
-1.167466381930958204e-02
-1.164607546336122318e-02
-1.161965764999895075e-02
-1.156271995347461605e-02
-1.153973450439566353e-02
-1.152747114912986738e-02
-1.147084699175862296e-02
-1.141180072849597160e-02
-1.135153378310096821e-02
-1.132281734390054931e-02
-1.128643098258464393e-02
-1.126853169037341298e-02
-1.124435509712948429e-02
-1.119624154794469570e-02
-1.118347939079424036e-02
-1.114506074225190928e-02
-1.109279853210156166e-02
-1.105572806770285452e-02
-1.103376089857508423e-02
-1.101224435817562027e-02
-1.098810732466622662e-02
-1.092796813867727423e-02
-1.085546668589860292e-02
-1.085238985958665928e-02
-1.080124657742255467e-02
-1.079707133779066706e-02
-1.076621856540737818e-02
-1.070384638920090017e-02
-1.066277665222106763e-02
-1.061949375248109548e-02
-1.060626503121648266e-02
-1.058564641087960008e-02
-1.053928997279412680e-02
-1.052091437118988886e-02
-1.048552422942818606e-02
-1.044197001662351514e-02
-1.042927043265632486e-02
-1.037199811341597659e-02
-1.033001212200111707e-02
-1.026866323273313911e-02
-1.023917527749439171e-02
-1.021652226926696508e-02
-1.016772507636515277e-02
-1.015955168294064084e-02
-1.011133249564435087e-02
-1.008883041127915138e-02
-1.003487095178653456e-02
-1.000674273393477483e-02
-9.975681210690815620e-03
-9.930373881851849507e-03
-9.915649915653333007e-03
-9.898875801666361454e-03
-9.857583773604575855e-03
-9.807186756523322141e-03
-9.760976004241908241e-03
-9.712811521280062532e-03
-9.697994429119992724e-03
-9.682461137806517779e-03
-9.655933296766906412e-03
-9.641753909085289120e-03
-9.556625915431101598e-03
-9.529565173350889457e-03
-9.509711220573945079e-03
-9.469138626524514768e-03
-9.431352493012183646e-03
-9.426237250874273249e-03
-9.387324260690468186e-03
-9.325667925319743728e-03
-9.316960637969089881e-03
-9.279759233582551142e-03
-9.247071460181313998e-03
-9.191462764383919945e-03
-9.172856719664126968e-03
-9.141031220244608124e-03
-9.122069876522833493e-03
-9.066680107866329288e-03
-9.011330884135233463e-03
-8.982818840674275038e-03
-8.957380223205873085e-03
-8.940595607705015616e-03
-8.896012558168993681e-03
-8.856961855494517241e-03
-8.803551176605861617e-03
-8.788123622937574903e-03
-8.747382927210665612e-03
-8.735094388218957520e-03
-8.698530807814658372e-03
-8.688656864134114421e-03
-8.629501333681843800e-03
-8.614868032662014938e-03
-8.545894716341422004e-03
-8.512103469581365142e-03
-8.470589468500631242e-03
-8.444041133379777062e-03
-8.433039896825015105e-03
-8.401273636802221098e-03
-8.376978132202112307e-03
-8.322624321485552409e-03
-8.243833051193876285e-03
-8.226777873981145489e-03
-8.174136270022043169e-03
-8.114785654644187177e-03
-8.101136060647681422e-03
-8.054608170882443172e-03
-8.042325659487101555e-03
-7.962510916128607771e-03
-7.958380727724602074e-03
-7.907661788704917205e-03
-7.888946031608079848e-03
-7.875485676504668034e-03
-7.841062838000650848e-03
-7.780003767585750782e-03
-7.754554304804937674e-03
-7.715307893524571414e-03
-7.704625010034648128e-03
-7.669080897858357969e-03
-7.599257347545265023e-03
-7.572593893963233160e-03
-7.561561292788551714e-03
-7.533801814229640868e-03
-7.511558413758782221e-03
-7.475864566491807056e-03
-7.433421046657172869e-03
-7.403917030794012616e-03
-7.392128277669601268e-03
-7.344647389274365501e-03
-7.316183326141194321e-03
-7.287072801350007525e-03
-7.256155158127960622e-03
-7.230955998204036637e-03
-7.189005246923933605e-03
-7.127473332480474197e-03
-7.094757420529763936e-03
-7.074566052614313094e-03
-7.019020390194862478e-03
-6.984203445471465731e-03
-6.964925263810029660e-03
-6.921925231227086736e-03
-6.895039817572837931e-03
-6.835787971504163861e-03
-6.776319584127933789e-03
-6.734717132797884108e-03
-6.720448722964643407e-03
-6.680070538256810408e-03
-6.631383138264741045e-03
-6.593363525615255835e-03
-6.568977085170747340e-03
-6.558180329954284640e-03
-6.510444487343556783e-03
-6.499460412772618476e-03
-6.449125175535240853e-03
-6.398869923208551878e-03
-6.351336708890249413e-03
-6.337852974187293924e-03
-6.296881054201538923e-03
-6.250282798573837499e-03
-6.239548980580353170e-03
-6.211706077719749905e-03
-6.196779387053102592e-03
-6.165997651884193645e-03
-6.094426597477509318e-03
-6.080177505477692666e-03
-6.050613275071047362e-03
-6.019537336656198730e-03
-5.971505122750639730e-03
-5.924555309189714382e-03
-5.903416168344275024e-03
-5.888837644668665737e-03
-5.840734434966620217e-03
-5.781985695511822516e-03
-5.765394226250893095e-03
-5.740582269743089126e-03
-5.707362964599954278e-03
-5.672192118604699358e-03
-5.627940819861904607e-03
-5.577669006212602858e-03
-5.546035384693552561e-03
-5.494485820028580970e-03
-5.485975123594838930e-03
-5.435511619695920088e-03
-5.387659734840929797e-03
-5.364873570151740961e-03
-5.351390905401854324e-03
-5.315882327719092387e-03
-5.279378130226098503e-03
-5.220113330844246280e-03
-5.182287070454748637e-03
-5.163153261758642726e-03
-5.150670898961178489e-03
-5.134203468387892218e-03
-5.102657705187791867e-03
-5.094579815851264272e-03
-5.027643321438042025e-03
-5.004840599418724709e-03
-4.954333241781781229e-03
-4.921179817435835518e-03
-4.892249944059015414e-03
-4.857501680391914864e-03
-4.854843811701646181e-03
-4.765503590168275287e-03
-4.736708994275688756e-03
-4.715015525539136866e-03
-4.702567921096086068e-03
-4.664170433055687265e-03
-4.643131173179726630e-03
-4.614944747222734373e-03
-4.578809010598811416e-03
-4.520336024417385447e-03
-4.480313723199937093e-03
-4.457206262295100585e-03
-4.440524008531287169e-03
-4.354667742390006674e-03
-4.337636120564258846e-03
-4.297999625414977883e-03
-4.249809128625529724e-03
-4.242791502456031739e-03
-4.229056705769602617e-03
-4.189377229881636501e-03
-4.170646518938777442e-03
-4.127106196961972950e-03
-4.109733748825525855e-03
-4.041035772063875618e-03
-4.003929405385542664e-03
-3.992529681347794894e-03
-3.940122298661364632e-03
-3.904412501049465273e-03
-3.890905042168947212e-03
-3.882966686312168403e-03
-3.801181283787483361e-03
-3.756184778618673961e-03
-3.701244718619618474e-03
-3.689847042041219469e-03
-3.664675783511801496e-03
-3.600166463722284660e-03
-3.589372446977127148e-03
-3.536839565467600217e-03
-3.519541667165784586e-03
-3.479517837557828761e-03
-3.441272228713805267e-03
-3.395832322190922483e-03
-3.369752439796988921e-03
-3.362215827828121586e-03
-3.322414350882121198e-03
-3.270590230262093116e-03
-3.255744753103707520e-03
-3.224264242040006216e-03
-3.175107235617018880e-03
-3.134181595149547906e-03
-3.112659767083948703e-03
-3.062566702633226848e-03
-3.002534870125220853e-03
-2.982713136249209081e-03
-2.966892919347612848e-03
-2.900676376033177288e-03
-2.881469559553203469e-03
-2.861730074885227623e-03
-2.848386627800363839e-03
-2.823897602683778010e-03
-2.750111689868609249e-03
-2.721491055135463830e-03
-2.711763593848881375e-03
-2.645074302390418124e-03
-2.630882343341618343e-03
-2.590924331595228364e-03
-2.563223583105793141e-03
-2.518846245058021117e-03
-2.488840974640496757e-03
-2.454862687465465994e-03
-2.412795960702574048e-03
-2.381488569737645264e-03
-2.336396679541623625e-03
-2.317615993413320221e-03
-2.282181590967611532e-03
-2.261125828944352944e-03
-2.230531269588170371e-03
-2.194677358850516923e-03
-2.162760579606853081e-03
-2.151800171977711739e-03
-2.107108578779345962e-03
-2.085533666304442701e-03
-2.052628927897685255e-03
-2.022477473959209508e-03
-1.998431780673091442e-03
-1.960978472277205131e-03
-1.896017218656257221e-03
-1.856619014056347773e-03
-1.840797565415664295e-03
-1.825691659950144392e-03
-1.743520660692381369e-03
-1.719544300287930740e-03
-1.702178142292241078e-03
-1.657291997943279634e-03
-1.633233074911749757e-03
-1.601228967835308537e-03
-1.538516644600281544e-03
-1.516953229285656572e-03
-1.469936087872791538e-03
-1.457043051815400158e-03
-1.417812499197624925e-03
-1.392049412092063836e-03
-1.357302596008982520e-03
-1.330595373332104552e-03
-1.300771664992852062e-03
-1.264823040524486100e-03
-1.250122293104859823e-03
-1.192378360190052495e-03
-1.169776168132604169e-03
-1.121514893422930360e-03
-1.093081078535123804e-03
-1.031673570293810752e-03
-9.970106427469058261e-04
-9.819736220382710695e-04
-9.740077246763715777e-04
-9.148724974619348773e-04
-8.959077254275933612e-04
-8.152377861829078519e-04
-7.992036556288752581e-04
-7.479276195099673159e-04
-7.380204993908515186e-04
-6.591483920410633754e-04
-6.249893761010744944e-04
-5.767066767221617780e-04
-5.738811765444637707e-04
-5.311250488051490713e-04
-5.032512031967455862e-04
-4.874073109943788265e-04
-4.007123736773518735e-04
-3.969596661511228756e-04
-3.745691455599889190e-04
-3.381941923332912694e-04
-2.802809238210492203e-04
-2.481137321024446947e-04
-2.167102796119203183e-04
-1.938951959304656446e-04
-1.664102042061411197e-04
-1.209262796783366699e-04
-9.916751775615069149e-05
-5.698816887091898847e-05
-4.292113580149129978e-05
-2.331596168308290850e-05
6.255533917823290376e-06
5.923872901552443867e-05
6.486558185132936178e-05
1.434400084906736815e-04
1.545656484634021785e-04
1.805259051351138975e-04
2.080448489721416401e-04
2.541660715106835566e-04
2.926335560324002869e-04
3.511789437885658042e-04
3.781369878527646492e-04
4.020201846855504932e-04
4.418468652564241515e-04
4.897313655884498983e-04
5.259242380729376538e-04
5.541597308810780219e-04
5.600118355213230424e-04
5.967845571588077484e-04
6.462569876511852288e-04
6.786911246279120867e-04
6.969113241058574231e-04
7.143422596945336444e-04
7.673651707092017616e-04
7.874530763961469200e-04
8.318128384473364324e-04
8.524915556564259620e-04
9.066590283642857271e-04
9.312403699304606756e-04
9.952445699666213723e-04
1.023907501899399761e-03
1.045446707903094439e-03
1.059257716245738798e-03
1.112773496820196372e-03
1.144538296141035588e-03
1.175893052831347490e-03
1.195558485922615290e-03
1.244135522618622369e-03
1.272480399858243400e-03
1.278272524347478633e-03
1.327829951678353949e-03
1.374097714866662949e-03
1.383809371941734090e-03
1.423140563114810029e-03
1.451093594737776910e-03
1.467893338667596416e-03
1.532121735378347629e-03
1.560685352028925998e-03
1.575326900526229047e-03
1.644786798256331990e-03
1.685450084204638717e-03
1.689043054708086683e-03
1.709786196584991806e-03
1.770160930902935255e-03
1.813380791101268548e-03
1.867815964410626762e-03
1.872028687241757399e-03
1.910084346998527829e-03
1.945843610500258905e-03
2.010267104440999729e-03
2.029341014246171995e-03
2.058130399239539027e-03
2.113095520288393262e-03
2.135866787052227364e-03
2.186735525286928519e-03
2.200858921360841769e-03
2.215817894643604125e-03
2.243757277055172944e-03
2.282507822719269906e-03
2.306526233902588419e-03
2.342720779607264121e-03
2.382335953001780970e-03
2.411542127587209920e-03
2.424734035551092889e-03
2.455713208012588050e-03
2.514595780247692522e-03
2.524877341068257862e-03
2.551497217838363894e-03
2.582223067125400534e-03
2.587479112250322920e-03
2.658465518187277856e-03
2.698470464215563681e-03
2.726889121259538570e-03
2.755216450061201416e-03
2.796114685484346087e-03
2.846474488202073265e-03
2.848453882898025445e-03
2.914689653420420457e-03
2.926498079722682482e-03
2.939787185013905367e-03
3.037836819423397113e-03
3.076240996848700424e-03
3.091830967823322191e-03
3.160702889805916491e-03
3.174187643951947510e-03
3.198638187373945528e-03
3.216785053280353437e-03
3.270897200217713109e-03
3.307157360880111190e-03
3.347543394340363014e-03
3.376990556901688680e-03
3.410976968151385475e-03
3.464915638145420456e-03
3.466975849463723065e-03
3.507861834705363127e-03
3.550517087461839416e-03
3.576880649492672048e-03
3.616865356546596424e-03
3.641079674554091161e-03
3.690327131820522136e-03
3.753530592807136860e-03
3.780260656728305548e-03
3.812497175000129600e-03
3.875216184708255539e-03
3.905464908116336020e-03
3.911231655056306329e-03
3.941661753063670399e-03
3.961098028101501731e-03
4.010398756198936890e-03
4.029152330470189662e-03
4.095578122957973556e-03
4.135952256864318909e-03
4.157700183219066072e-03
4.187162246852938613e-03
4.199225292574552265e-03
4.226277004117063099e-03
4.278295134306444106e-03
4.307892554104651717e-03
4.317260669163945457e-03
4.369923078301464654e-03
4.402370883759229060e-03
4.431796412532141259e-03
4.490340829284442982e-03
4.512473015993706711e-03
4.546512472165713595e-03
4.570670429936646816e-03
4.619989910991289910e-03
4.635595799526477309e-03
4.685486761131059212e-03
4.719954260798159273e-03
4.745152741721592009e-03
4.770291231492911933e-03
4.792507883796937214e-03
4.848552502729344162e-03
4.881553293606333103e-03
4.919679451065753044e-03
4.946860910479163390e-03
4.961125320953345755e-03
5.004577029519143710e-03
5.006527103269854673e-03
5.052366251993446918e-03
5.091039737929206783e-03
5.138323330670438276e-03
5.150403728344743470e-03
5.173145672161564776e-03
5.211789931907480529e-03
5.235384607730199542e-03
5.302435343638198066e-03
5.352731718171245025e-03
5.364134502807520882e-03
5.428179545030925764e-03
5.471531238000188965e-03
5.496845356087761911e-03
5.532782093434768581e-03
5.597500831076748264e-03
5.636175677223082513e-03
5.641143641868816283e-03
5.676287100847138278e-03
5.697947001504708765e-03
5.742775425086200057e-03
5.785457875733495195e-03
5.821762848956177350e-03
5.862445489256475593e-03
5.893989804257016539e-03
5.906726308862263186e-03
5.944087772952381596e-03
5.976820653742021330e-03
6.001840698382356759e-03
6.042824525694102424e-03
6.074016905359533661e-03
6.077746530626447485e-03
6.105486480671910507e-03
6.145887105524991574e-03
6.170826545506108950e-03
6.209814442348433189e-03
6.253659776006784826e-03
6.280425945196612021e-03
6.350523871832360924e-03
6.371900237157289253e-03
6.374319265236123681e-03
6.412725325877446751e-03
6.420690659740988133e-03
6.485838853044111757e-03
6.513242647724864012e-03
6.563267777247588572e-03
6.591375292951560591e-03
6.639301461427832805e-03
6.694817771310527209e-03
6.703901693684729407e-03
6.721306135922285388e-03
6.749353360875212995e-03
6.811112161964481132e-03
6.835528633996660296e-03
6.846676709663005768e-03
6.888521303756792169e-03
6.937019730139706505e-03
6.966024562753700758e-03
7.025171992934605390e-03
7.040782142278331247e-03
7.060797493182169315e-03
7.095862760313586919e-03
7.131371620686127559e-03
7.173893144364320608e-03
7.203905271735580249e-03
7.229931436277235897e-03
7.269949241608727325e-03
7.310329622722795163e-03
7.331564436640112571e-03
7.400626023521016290e-03
7.429364298175544952e-03
7.449034614002101977e-03
7.514609506763474285e-03
7.533395515856141679e-03
7.548311348349469319e-03
7.599281714792846705e-03
7.618619848550231902e-03
7.664809297033696109e-03
7.713913959428650435e-03
7.764576107791852297e-03
7.780548843733355729e-03
7.821589841085859265e-03
7.836677701633373155e-03
7.867659161175119195e-03
7.909378162436274395e-03
7.930470721651884311e-03
7.952263039975322745e-03
8.002292052162547978e-03
8.053515858464945637e-03
8.070342251594314273e-03
8.101858995245764250e-03
8.134629474774219063e-03
8.185237564738512619e-03
8.203320581190642544e-03
8.234804438640616966e-03
8.281223711772152385e-03
8.354648039556536107e-03
8.387026480459457492e-03
8.425031488511499841e-03
8.446289693944212043e-03
8.475716064349561596e-03
8.506804343362914245e-03
8.539050772821859744e-03
8.561051003598298820e-03
8.589045939350324968e-03
8.613129461957250849e-03
8.631400759479275486e-03
8.661511976968110788e-03
8.682009277550207724e-03
8.729658920163413729e-03
8.762416658659420710e-03
8.828069159230416199e-03
8.861023308302481624e-03
8.879434385085495027e-03
8.908822855419424799e-03
8.941555826267419405e-03
8.970052640114897780e-03
9.001901308481293981e-03
9.044334588575175804e-03
9.059942235066271651e-03
9.121367010634755246e-03
9.153993126786030485e-03
9.197871670330527022e-03
9.234787467966999730e-03
9.243040552207270472e-03
9.300928395903315313e-03
9.361842201580632822e-03
9.394322839469920750e-03
9.417995303180696012e-03
9.452527971903330883e-03
9.496687534667454592e-03
9.510109070072369011e-03
9.581147041496013150e-03
9.600987536249825857e-03
9.630524189189105036e-03
9.635202699789489206e-03
9.680112013767951454e-03
9.704949162407825944e-03
9.769191280037526140e-03
9.804601482210286920e-03
9.870207513469207022e-03
9.925574649974296115e-03
9.935726146752742530e-03
9.988444543097529590e-03
1.002711902864883604e-02
1.003915770263451995e-02
1.006334910637924490e-02
1.011521124475227990e-02
1.012971247277201850e-02
1.015597491643945201e-02
1.017308122264403390e-02
1.022936086725593531e-02
1.023555019740489576e-02
1.026496743466790741e-02
1.028358810667628735e-02
1.036648463974840749e-02
1.037911420466200267e-02
1.041185613814265415e-02
1.044678463312929961e-02
1.052786862830733944e-02
1.056934210476336705e-02
1.057742727413510386e-02
1.060067127010944771e-02
1.061925098163375714e-02
1.066770177562082443e-02
1.073737714552877066e-02
1.075724892502567115e-02
1.079013754771831167e-02
1.086055380261389570e-02
1.086849090493239613e-02
1.088834144570254708e-02
1.095202798092042608e-02
1.097877354107255551e-02
1.102952194826208217e-02
1.105396573034507501e-02
1.109037808160180313e-02
1.111113176039736118e-02
1.117424983813584613e-02
1.118085663966468350e-02
1.125273164108264029e-02
1.127161011849105859e-02
1.129570479386200581e-02
1.133648584357482489e-02
1.136481910382914663e-02
1.138735997475625802e-02
1.141972364426638818e-02
1.150535858899316526e-02
1.155558200287626520e-02
1.157724195539731708e-02
1.160826338680140749e-02
1.164324231571276652e-02
1.167702811165498115e-02
1.169284950370723039e-02
1.176714608390178572e-02
1.179574391130151778e-02
1.181255103304866723e-02
1.186492476486116117e-02
1.192368099004536761e-02
1.193839025583294869e-02
1.196017683896627957e-02
1.199828530620714560e-02
1.200937789586179090e-02
1.203840068079573000e-02
1.209026676396676193e-02
1.210730744968470558e-02
1.212463132382324629e-02
1.215894155752463186e-02
1.217246803860119395e-02
1.223547516792081527e-02
1.226053750106912733e-02
1.233078518320446931e-02
1.238385286262478138e-02
1.239737732216315315e-02
1.242650540074923503e-02
1.250357966269220918e-02
1.253359737312488564e-02
1.254508072290406485e-02
1.256837939042981973e-02
1.263248257657184799e-02
1.269077740174556594e-02
1.271299755070245778e-02
1.272055383750309195e-02
1.275371606451428975e-02
1.276934415729756578e-02
1.281069022120267208e-02
1.285823828647193745e-02
1.287924255565743407e-02
1.289159372133404959e-02
1.294492563343593167e-02
1.298128440885287956e-02
1.300409414002759619e-02
1.303571272124814592e-02
1.306589933085205470e-02
1.311614882221684257e-02
1.314228829637028272e-02
1.317996263946361046e-02
1.321658328317396394e-02
1.325721796347275119e-02
1.328019978527700609e-02
1.329309540439486265e-02
1.332628071660804832e-02
1.337118642961900201e-02
1.341182073194546222e-02
1.343823589395710776e-02
1.351885328064143972e-02
1.355250446414248480e-02
1.360210224736486256e-02
1.363244839994426534e-02
1.364290096091006106e-02
1.366422102885057888e-02
1.370995965533460849e-02
1.377353206792117715e-02
1.379019010242230579e-02
1.381458833351283805e-02
1.386805342566535190e-02
1.389154200249779515e-02
1.392525813005675121e-02
1.398475383852196795e-02
1.402769922332238600e-02
1.407110265550554247e-02
1.410913733549378976e-02
1.416733396561782772e-02
1.418814148010865556e-02
1.424092437160292580e-02
1.424664157881590579e-02
1.426882873927946827e-02
1.428368655141337706e-02
1.435753764422466328e-02
1.437272747237109197e-02
1.438136586031348377e-02
1.443898873976371018e-02
1.446331688502696181e-02
1.452506339277220837e-02
1.456499326328974074e-02
1.462372803514496930e-02
1.464622156185714681e-02
1.468870784752714792e-02
1.471613890476311873e-02
1.472821496731057181e-02
1.476986284782310331e-02
1.478544716795820307e-02
1.485261043445202170e-02
1.486402204240023020e-02
1.494788673946031467e-02
1.497552351514063601e-02
1.501304170074451577e-02
1.504373363760534710e-02
1.506692567719610312e-02
1.512236040547036177e-02
1.513653692849951764e-02
1.519653334297800182e-02
1.521758839046911775e-02
1.524600326850842659e-02
1.527611804223198005e-02
1.530482370618809970e-02
1.534218769717083514e-02
1.537498145012816328e-02
1.546070359307770772e-02
1.549318745299548168e-02
1.552608949842715184e-02
1.553249120592987281e-02
1.557393883583628805e-02
1.559866258396973640e-02
1.563227414510021812e-02
1.566531166419983870e-02
1.570234020902269712e-02
1.572836381120912980e-02
1.578703640763780974e-02
1.582976821338620207e-02
1.586017412034259125e-02
1.589087581190886181e-02
1.593188350320613039e-02
1.594359883816262591e-02
1.596959974945230676e-02
1.607636253362230289e-02
1.612676566236095205e-02
1.613717224052197557e-02
1.615392391873954336e-02
1.616519710742232371e-02
1.621919438379085948e-02
1.624485037688061170e-02
1.631094843262348784e-02
1.632843103071796378e-02
1.635137492122577460e-02
1.640209554868125516e-02
1.646272084180755435e-02
1.648005834693350852e-02
1.649427233027993267e-02
1.655016507569647549e-02
1.656618020083441833e-02
1.662599637658246712e-02
1.667314838155288179e-02
1.670994207438054532e-02
1.674444487926982431e-02
1.678065675053192624e-02
1.681714018734986604e-02
1.686337663946939694e-02
1.688636741854098247e-02
1.691686763325423587e-02
1.694964162475342401e-02
1.702276947648904623e-02
1.705727356311679752e-02
1.709449339611853261e-02
1.713480912996324587e-02
1.715760924952190736e-02
1.718470907735459435e-02
1.721611437221229335e-02
1.724524808680637233e-02
1.728004909003441614e-02
1.733281769396908048e-02
1.735778805570737174e-02
1.737239541456174832e-02
1.739670467620080610e-02
1.745386073190577370e-02
1.750280680891761614e-02
1.756072758179275800e-02
1.758787429874779720e-02
1.760281005799091761e-02
1.761818444664425137e-02
1.767406536259039096e-02
1.769497409114731412e-02
1.772798096972149490e-02
1.777894160240232543e-02
1.780271732698326947e-02
1.787077627369821828e-02
1.790924800213213736e-02
1.792761143959829134e-02
1.797420032842403023e-02
1.799636757386097879e-02
1.802886825298033110e-02
1.807608226411945573e-02
1.812719583817827551e-02
1.815991409550340649e-02
1.820178997272987528e-02
1.822739960285833100e-02
1.823624284380518518e-02
1.829995214945164331e-02
1.834228556611773239e-02
1.836537823550503726e-02
1.840346625015280499e-02
1.846076505436987023e-02
1.850431193789461512e-02
1.853736889756772005e-02
1.853962516467724114e-02
1.858454714027111057e-02
1.861548522374317782e-02
1.865640322642411406e-02
1.868317396946456155e-02
1.875465449848984917e-02
1.879292943197530610e-02
1.882088456679509650e-02
1.885404243083485532e-02
1.888149270648820099e-02
1.893485240738680339e-02
1.895248179469962574e-02
1.900327282893515823e-02
1.904967642530124017e-02
1.908234190609689115e-02
1.912808156106992827e-02
1.914223617216737408e-02
1.915375406367576458e-02
1.918832429171965850e-02
1.929061658946817220e-02
1.930046601657645425e-02
1.934100855529523322e-02
1.938379521096442876e-02
1.942403942906420142e-02
1.947086461156600362e-02
1.950491669138722239e-02
1.954923925878046531e-02
1.960363471224094850e-02
1.964920422325619476e-02
1.966161569621656391e-02
1.968722716567001749e-02
1.969525448796753328e-02
1.975876313695560868e-02
1.982136941614716374e-02
1.987851279644517813e-02
1.990762835113985690e-02
1.995702362965446827e-02
1.998128110464924764e-02
2.002054428308235046e-02
2.005261447995506513e-02
2.005736626943136966e-02
2.014786433786525804e-02
2.015980809409506636e-02
2.018683324172982144e-02
2.021793161857978610e-02
2.025762590209055636e-02
2.026811286517950228e-02
2.031386146660722064e-02
2.034860531617831494e-02
2.041057999521842664e-02
2.043591921488983887e-02
2.045969174200766572e-02
2.051224086694206430e-02
2.057448428067740198e-02
2.058198949607500591e-02
2.059776338326840470e-02
2.065958718015581744e-02
2.066902296833344685e-02
2.068485156285622753e-02
2.075646865006522054e-02
2.082673646770012710e-02
2.086587573455604694e-02
2.087530718260959331e-02
2.091984872642369681e-02
2.096057097593497301e-02
2.103891771127122667e-02
2.107351975893089271e-02
2.111564070350852376e-02
2.115924291881440475e-02
2.118165708403133354e-02
2.122170021595015318e-02
2.129019416413738264e-02
2.130876156965855542e-02
2.134023583807746066e-02
2.137669260273263039e-02
2.143645611538121803e-02
2.146067045950676364e-02
2.149536357776543963e-02
2.151108066561245938e-02
2.157507839335382274e-02
2.159416553510189879e-02
2.161311288332170080e-02
2.167668306666735087e-02
2.173682938793483968e-02
2.174659397302214012e-02
2.179575423073421003e-02
2.180326492921845841e-02
2.184910288934851022e-02
2.186518152993108255e-02
2.191325060784024906e-02
2.195091240005315678e-02
2.198424726172830065e-02
2.202789599804067661e-02
2.210156783346568440e-02
2.214011784995022214e-02
2.215648736240187489e-02
2.222453256634301932e-02
2.225957281132216747e-02
2.232223267157798854e-02
2.233729001045573967e-02
2.237421733547209635e-02
2.240914434301229455e-02
2.243624641462143438e-02
2.248035109851019564e-02
2.250258221277037785e-02
2.261014591723418954e-02
2.265227980803595151e-02
2.266204741517703972e-02
2.268304650637572445e-02
2.276025979892839016e-02
2.276929462745855628e-02
2.279715828808658029e-02
2.284718144134297024e-02
2.291627789056940173e-02
2.295240320989122562e-02
2.295791786619711533e-02
2.299468315739476229e-02
2.309154010335772930e-02
2.309755365126122534e-02
2.310708747903645471e-02
2.317090570617279244e-02
2.322337819608073436e-02
2.326531764928115725e-02
2.330876986140525964e-02
2.332449840455945791e-02
2.336824369264203435e-02
2.342106562621446703e-02
2.344307449320317746e-02
2.347562901436375110e-02
2.350405396880726402e-02
2.355711090552137579e-02
2.357217777693328131e-02
2.363860932552258598e-02
2.367487427077850232e-02
2.370835153237071599e-02
2.374152006780556531e-02
2.376733385636891835e-02
2.383496267909664817e-02
2.385966375718974811e-02
2.393305899758259650e-02
2.396705677073125360e-02
2.399074855330356540e-02
2.403289459552243948e-02
2.405471846240547079e-02
2.410482661827673470e-02
2.414588867781832307e-02
2.419600262135941995e-02
2.422478901677895674e-02
2.428015333161492872e-02
2.435493446679214483e-02
2.439596382475529845e-02
2.445019538258497160e-02
2.447552480964776053e-02
2.454308770213304083e-02
2.459089031767503625e-02
2.462817776405945222e-02
2.464677945194313977e-02
2.467113705203414706e-02
2.469393466021372122e-02
2.476028753550175987e-02
2.481163396475759286e-02
2.484211398913913765e-02
2.487130204142457696e-02
2.490681803510411477e-02
2.495437977030016963e-02
2.499507509318668608e-02
2.508883366376403815e-02
2.510573507556353862e-02
2.514830237867544602e-02
2.521332942168919705e-02
2.523111089183827441e-02
2.528596119584232069e-02
2.531004558966218343e-02
2.533494964610194522e-02
2.540367262862563980e-02
2.542452073196467544e-02
2.545920952740705206e-02
2.551757368220515174e-02
2.557386444422671268e-02
2.560379987886527917e-02
2.561529035736589618e-02
2.563803214260827051e-02
2.572264345535608954e-02
2.577428152890132509e-02
2.578185526026708849e-02
2.586158572378311274e-02
2.590998278120358600e-02
2.593370325587226674e-02
2.597969241076960450e-02
2.602334396254757723e-02
2.606023927565389794e-02
2.609622252153357899e-02
2.617903546959331890e-02
2.622430384630346917e-02
2.625145219640226402e-02
2.629051278185898233e-02
2.633469714937550221e-02
2.636237954597482266e-02
2.642705183689383550e-02
2.643565076441972000e-02
2.648126503421429148e-02
2.651583469441034721e-02
2.654833906483492975e-02
2.660279234434161436e-02
2.662984715838154562e-02
2.666363753303173031e-02
2.671871475884140049e-02
2.678660794843251702e-02
2.682613006664533173e-02
2.688536465364725625e-02
2.692131687051398103e-02
2.700385399718845808e-02
2.703707985876891567e-02
2.706301092225883720e-02
2.708707542189782783e-02
2.710176878741241829e-02
2.714834797238864159e-02
2.717740779258786057e-02
2.724665007291642016e-02
2.728754079268510407e-02
2.731294351083649735e-02
2.734511958765441231e-02
2.744550555745782494e-02
2.746825066151923830e-02
2.752408593376603693e-02
2.757664699576917872e-02
2.758537557890716405e-02
2.763272542774712626e-02
2.769414350007592951e-02
2.772291430378250043e-02
2.775396447542486170e-02
2.779562507373550470e-02
2.780578984493975794e-02
2.782359554978932822e-02
2.788018413267590381e-02
2.795323897931600160e-02
2.804586551163219810e-02
2.806926566783399246e-02
2.811379619610261671e-02
2.813616243551858576e-02
2.819959081856929575e-02
2.823052805034255083e-02
2.827079359117511473e-02
2.831166882991557193e-02
2.839071179929604158e-02
2.841575209522236717e-02
2.845379859884874379e-02
2.853773347282194395e-02
2.860435435255907072e-02
2.862011446787380078e-02
2.864445327258447957e-02
2.873018327655775181e-02
2.878771865115951553e-02
2.883134426697014571e-02
2.885690355643628219e-02
2.888641155583543396e-02
2.891755255059170679e-02
2.893659973836926885e-02
2.899458603651413474e-02
2.904290509384909250e-02
2.905851618856969409e-02
2.910392628904939077e-02
2.916339599355369239e-02
2.925060249077476859e-02
2.927592758395380565e-02
2.934848315036173508e-02
2.941976109123631972e-02
2.944303425609631764e-02
2.951426415323393435e-02
2.955027684361730481e-02
2.959676763950896614e-02
2.961326007745155794e-02
2.963789169699659540e-02
2.966489560418509794e-02
2.972819439505093239e-02
2.978767805019598078e-02
2.980533077096000211e-02
2.988249830622865394e-02
2.992073935774627186e-02
2.996669662912212345e-02
2.999079838374539911e-02
3.006999177287407454e-02
3.012583397436310526e-02
3.014695509306297705e-02
3.021959961817350174e-02
3.022235136209470985e-02
3.024978848723424915e-02
3.031539156102415131e-02
3.036725146936142261e-02
3.039713879008220168e-02
3.049648884446412578e-02
3.051148548427135704e-02
3.053345345303559721e-02
3.062466171106584950e-02
3.067138182599911736e-02
3.071889889161525528e-02
3.075500765411075602e-02
3.077497494972360539e-02
3.080158760501458190e-02
3.092524770064199527e-02
3.094843947688197955e-02
3.098893173453255018e-02
3.104558060297409397e-02
3.106799348305038649e-02
3.110571041873621406e-02
3.118081798160940443e-02
3.122047607586745516e-02
3.126692711179477474e-02
3.132187385644199379e-02
3.133499733469456011e-02
3.136934758423862851e-02
3.145753419895261360e-02
3.149016068799782853e-02
3.152009143378767253e-02
3.156685280289891343e-02
3.161534708367499946e-02
3.173839999760693503e-02
3.175022593275141081e-02
3.182998715528611439e-02
3.186295857913879620e-02
3.190892608142172071e-02
3.194635869568595438e-02
3.196178996731137423e-02
3.205297523079485289e-02
3.209945013985025103e-02
3.214591386184444122e-02
3.221396474864564319e-02
3.226698157793695537e-02
3.236766866035413470e-02
3.240119281233329318e-02
3.249085077490299761e-02
3.253606462850202469e-02
3.256935988072992560e-02
3.257878293080736926e-02
3.263163626899305558e-02
3.266707795881494680e-02
3.276852483900107027e-02
3.278355675595477636e-02
3.280937674763630130e-02
3.285304105464632168e-02
3.300465506036166091e-02
3.300647475503114270e-02
3.311834526247601357e-02
3.314918563168266219e-02
3.318378383098508771e-02
3.325577820521034844e-02
3.329652760303514897e-02
3.331156516657005073e-02
3.336629845692850455e-02
3.342244095783226954e-02
3.345339994449472026e-02
3.349405382208198168e-02
3.355818389517407213e-02
3.360161838882029517e-02
3.366037933721496150e-02
3.371973452482986133e-02
3.376007231612085380e-02
3.381788364729042956e-02
3.385579248463454344e-02
3.395219635583744677e-02
3.397997180526138306e-02
3.399808463990256630e-02
3.404060548127636060e-02
3.410730271563566784e-02
3.411420247177744669e-02
3.416430366613995573e-02
3.423914499917352777e-02
3.428848615866122995e-02
3.441294422843124701e-02
3.444798610308205666e-02
3.451122025868503390e-02
3.454542703608268900e-02
3.456869227210075668e-02
3.462637657933421986e-02
3.468279927492810139e-02
3.474764889568352638e-02
3.482118465631920540e-02
3.489479948401972426e-02
3.490837926406265695e-02
3.500259451838949598e-02
3.507147732892426650e-02
3.510016522699468955e-02
3.516769893911424194e-02
3.519223295124238038e-02
3.524742606738293788e-02
3.534969905384164474e-02
3.541646629210086494e-02
3.545904915992796613e-02
3.548864107139468316e-02
3.555477901671334068e-02
3.558812131803742312e-02
3.566690100227296045e-02
3.571446337579915753e-02
3.579319436390263759e-02
3.579795793912054352e-02
3.586600732911038314e-02
3.595463435836775828e-02
3.602005879200427529e-02
3.606077001431940571e-02
3.608688937250695977e-02
3.620220356047321175e-02
3.628650197093231944e-02
3.636646383448358805e-02
3.638672563004077820e-02
3.648659424184141908e-02
3.650697308398145186e-02
3.656705490525080648e-02
3.662277332903681598e-02
3.666961523185185284e-02
3.668085390380561306e-02
3.678527687084146708e-02
3.686774544790771130e-02
3.691723987870615398e-02
3.698195387132399703e-02
3.704567193887810944e-02
3.714624423918688745e-02
3.719844601675714041e-02
3.726043604617198385e-02
3.729289032440580992e-02
3.740345104361898071e-02
3.745463383676880115e-02
3.746758136843924419e-02
3.762510766140917534e-02
3.768039589252376864e-02
3.768877603646201419e-02
3.774474195830620354e-02
3.785056149917125773e-02
3.786812369168779391e-02
3.794956453072347718e-02
3.803959626812479511e-02
3.811676707563694394e-02
3.817774138556068175e-02
3.822964458900382501e-02
3.827508268403708586e-02
3.832971590807066065e-02
3.840676067430896790e-02
3.851090975781459175e-02
3.853219842131955925e-02
3.862754640489426267e-02
3.869233870476152665e-02
3.874636789611957816e-02
3.888281266852251089e-02
3.891761045546004300e-02
3.901545383049059151e-02
3.910060920160062653e-02
3.911165338359002402e-02
3.923182625923415240e-02
3.926093213576875574e-02
3.934188292130379877e-02
3.942898397023441442e-02
3.951155552696214435e-02
3.958491883616158113e-02
3.962898548965708423e-02
3.971716190142519920e-02
3.974377770503711299e-02
3.977202584313203199e-02
3.992527829746723295e-02
3.998230181871102046e-02
4.004679310515417423e-02
4.019177462324636380e-02
4.022488281670121013e-02
4.031866912635492101e-02
4.039879708493456650e-02
4.054358127868998990e-02
4.062426634161604710e-02
4.071097368390379223e-02
4.073351507439022801e-02
4.091198740688330171e-02
4.097715074851022987e-02
4.107638836210168731e-02
4.111917536936639250e-02
4.120987992398451177e-02
4.125296166158767125e-02
4.146906498216922088e-02
4.154717213596932635e-02
4.174567547408455925e-02
4.178304082004122982e-02
4.188897475014669719e-02
4.195356822626302579e-02
4.212771621592072135e-02
4.219016607735259078e-02
4.235414306900861514e-02
4.239440548365663169e-02
4.241579201418313461e-02
4.265045492164753344e-02
4.283968408169143427e-02
4.289669753826190479e-02
4.310803202963068431e-02
4.321178025465200606e-02
4.328724209141449064e-02
4.338623208908957279e-02
4.354842032025482007e-02
4.387199650630969894e-02
