-4.394804437979857314e-02
-4.388438215180034963e-02
-4.344834643542089259e-02
-4.333488125091389254e-02
-4.314410212734913486e-02
-4.296879835191503433e-02
-4.274485103031210737e-02
-4.263835960631165434e-02
-4.250509301888588665e-02
-4.249465645133582159e-02
-4.223239731723905238e-02
-4.214285069630994973e-02
-4.208763538875717053e-02
-4.198705181668659081e-02
-4.189008288241874434e-02
-4.176861905215044357e-02
-4.154295983550154725e-02
-4.144742299234592531e-02
-4.136390150686018730e-02
-4.127267913659813520e-02
-4.120930535089589730e-02
-4.117463050572053168e-02
-4.102373386724565696e-02
-4.098802336616012842e-02
-4.092145085994759734e-02
-4.088070913648697569e-02
-4.069899957802359386e-02
-4.059228875909337564e-02
-4.047588901655219812e-02
-4.042595139182107028e-02
-4.040928664297648021e-02
-4.036437513247846665e-02
-4.024563685599556739e-02
-4.021537199517309646e-02
-4.012526659978577631e-02
-4.008834261420290979e-02
-3.995362284081595966e-02
-3.993855246535144010e-02
-3.978629144641216558e-02
-3.969470315917116021e-02
-3.968144658541365027e-02
-3.964306493933305447e-02
-3.956390099159396573e-02
-3.940692324880896991e-02
-3.934299501103680902e-02
-3.926984026924656285e-02
-3.916591820075093072e-02
-3.904947160394874744e-02
-3.898167527706346280e-02
-3.886595517799656258e-02
-3.884995520894950899e-02
-3.880187251787354380e-02
-3.872837731929198307e-02
-3.864929558586499558e-02
-3.856789600288421799e-02
-3.854501125804259826e-02
-3.850178680656667074e-02
-3.842493032581005552e-02
-3.838532767711844151e-02
-3.829101324381320448e-02
-3.827030478374452566e-02
-3.816223305874091865e-02
-3.808322633207093799e-02
-3.795588431643871774e-02
-3.792265534866048893e-02
-3.787701050291667620e-02
-3.777886261754461600e-02
-3.771792459441289380e-02
-3.763458213730869889e-02
-3.758998626613391236e-02
-3.757752133498439007e-02
-3.748114991371519211e-02
-3.743907935963153299e-02
-3.731766628472819869e-02
-3.728558130756122468e-02
-3.721554813296040765e-02
-3.718184090244037315e-02
-3.712030074269521279e-02
-3.702535670508645682e-02
-3.693780266770137211e-02
-3.690306615866934675e-02
-3.686106497062655724e-02
-3.681036948042222534e-02
-3.670026143513256678e-02
-3.660613892238490097e-02
-3.653579069142811470e-02
-3.649288437553090819e-02
-3.647061331977040355e-02
-3.640885440880965718e-02
-3.636609190570846278e-02
-3.629039102312281440e-02
-3.623694258610053731e-02
-3.615406362587319372e-02
-3.608126126236854692e-02
-3.603879861539934643e-02
-3.601727895998696471e-02
-3.592962018688208858e-02
-3.590300563597600969e-02
-3.584034446886779496e-02
-3.580101249474345465e-02
-3.574154844997490948e-02
-3.566875120481138861e-02
-3.562233563322104307e-02
-3.558616581032199300e-02
-3.549451136056751277e-02
-3.542687378977790041e-02
-3.541113663113846372e-02
-3.534101812184978209e-02
-3.529076767605466430e-02
-3.520602618020676061e-02
-3.515174653267006538e-02
-3.510803990781462269e-02
-3.507694129316966253e-02
-3.505596649083541488e-02
-3.489061747099492933e-02
-3.484806990694418877e-02
-3.478293798408245430e-02
-3.476038912861429547e-02
-3.471200989609229959e-02
-3.470168697255174295e-02
-3.456815045265596020e-02
-3.455045425001235931e-02
-3.451427154094193622e-02
-3.450243132958306230e-02
-3.443697891773122438e-02
-3.433882580807617879e-02
-3.429973985029866751e-02
-3.420006838529354026e-02
-3.417476501690933782e-02
-3.411330019475403846e-02
-3.405654962313631184e-02
-3.404323198125378674e-02
-3.397767843246846803e-02
-3.391188557841769841e-02
-3.389813038525774785e-02
-3.383490181109209682e-02
-3.379013646648938024e-02
-3.374358765144819250e-02
-3.367235715137993635e-02
-3.360017264974569234e-02
-3.356703606429160824e-02
-3.351266640697456167e-02
-3.346045406577013992e-02
-3.337700128724704202e-02
-3.329230832358673342e-02
-3.326115809726001848e-02
-3.321441534765209175e-02
-3.316989778122847454e-02
-3.309788911405514567e-02
-3.307071599401029127e-02
-3.304294132981763776e-02
-3.300592233570610184e-02
-3.298740965282610793e-02
-3.293921236778419442e-02
-3.287976160349385946e-02
-3.278440720797463209e-02
-3.271651336144371786e-02
-3.269719550706095407e-02
-3.265597911812098686e-02
-3.265277194075435346e-02
-3.261812213891114587e-02
-3.252562635814778419e-02
-3.248731042143904180e-02
-3.236010295963052258e-02
-3.231482493155513058e-02
-3.230489982797547094e-02
-3.223605589174990960e-02
-3.218832966464266199e-02
-3.214164947842229614e-02
-3.210897701617713290e-02
-3.207570304479862716e-02
-3.198173434977467228e-02
-3.195998824472678218e-02
-3.192538283170610891e-02
-3.183571837561402496e-02
-3.180757830038112577e-02
-3.175293684490860385e-02
-3.170819278180123102e-02
-3.163571629532369034e-02
-3.158018618829085133e-02
-3.151776467658507636e-02
-3.148202962874913774e-02
-3.143553389149339461e-02
-3.141350571710141426e-02
-3.133518367075536354e-02
-3.128529743775636945e-02
-3.124201324993494677e-02
-3.122963651003638277e-02
-3.116267383287823003e-02
-3.111215459514097420e-02
-3.103150579590063102e-02
-3.101340620035586762e-02
-3.094237187115749660e-02
-3.091881133021229244e-02
-3.084361486365709559e-02
-3.082040940262013862e-02
-3.080953064075208497e-02
-3.074513664641053551e-02
-3.068775528734598440e-02
-3.065099398650941373e-02
-3.053027337709375913e-02
-3.049318783395803603e-02
-3.045599806710995103e-02
-3.039443351195849838e-02
-3.036355017766918102e-02
-3.033994060322348779e-02
-3.029670770946115907e-02
-3.024435739288684408e-02
-3.021014354179094724e-02
-3.017881675348648568e-02
-3.015910030570054939e-02
-3.015631515635530321e-02
-3.000430855552536913e-02
-2.997977509349505562e-02
-2.993897430126385428e-02
-2.987384167922561146e-02
-2.984485711313280415e-02
-2.979831803565009818e-02
-2.976439919288103100e-02
-2.969203451786858045e-02
-2.966072636290616876e-02
-2.965544536162929498e-02
-2.959181435240302097e-02
-2.958373131709914061e-02
-2.953118225963300564e-02
-2.942552881241271984e-02
-2.941926146134973136e-02
-2.935049717973004652e-02
-2.928787793595457462e-02
-2.921794059484055309e-02
-2.917685508699531874e-02
-2.911639827813409034e-02
-2.909478228646749515e-02
-2.907709787522286607e-02
-2.902736757879317842e-02
-2.896751352881582475e-02
-2.893719231209646373e-02
-2.888049995936798134e-02
-2.886451092791298897e-02
-2.881158205080313131e-02
-2.878730487596296156e-02
-2.870719389456543452e-02
-2.866264417499236536e-02
-2.862458322330946325e-02
-2.856019358968485064e-02
-2.854691529762811222e-02
-2.851667733774078048e-02
-2.846098194030394560e-02
-2.842696169494766945e-02
-2.837891524831720469e-02
-2.836208412708090057e-02
-2.831752065649361175e-02
-2.829536867552042909e-02
-2.821506738684679411e-02
-2.815364330947309549e-02
-2.808070250734242407e-02
-2.807378891308766680e-02
-2.804429457346872476e-02
-2.801357907933822375e-02
-2.795721887064276864e-02
-2.791081729820488189e-02
-2.783784075517103940e-02
-2.777959334802397942e-02
-2.776605213128624863e-02
-2.771229846417610707e-02
-2.766550681432561332e-02
-2.758915470613901300e-02
-2.756482221712332897e-02
-2.751023520171507614e-02
-2.745796517126767797e-02
-2.741515026962658419e-02
-2.735705090703323059e-02
-2.732475842958330056e-02
-2.726790317863848900e-02
-2.723311521734322546e-02
-2.718597779665914149e-02
-2.716151517029259319e-02
-2.713711921744267966e-02
-2.708333588004179643e-02
-2.702920722535552545e-02
-2.701715557175817656e-02
-2.695741534485700946e-02
-2.692827994235004463e-02
-2.689800884694172264e-02
-2.681336194320982358e-02
-2.677949609028053637e-02
-2.676543439207159508e-02
-2.674755887697593745e-02
-2.667463187163859883e-02
-2.665807402688838423e-02
-2.658178513530016357e-02
-2.654278039538526465e-02
-2.644546245618917268e-02
-2.643325915017783953e-02
-2.640481881412726217e-02
-2.637931273910506039e-02
-2.636772623231361384e-02
-2.627509033992241755e-02
-2.622437134701385494e-02
-2.618839407561318264e-02
-2.616393235205789758e-02
-2.612691428634879645e-02
-2.603641902894964291e-02
-2.599047962475550810e-02
-2.596427071786780102e-02
-2.593802584482394688e-02
-2.586219363079222608e-02
-2.585337906923772244e-02
-2.580745402144394088e-02
-2.577402915710106865e-02
-2.575412365811011878e-02
-2.571725885970473080e-02
-2.568857355190461156e-02
-2.562979829957982500e-02
-2.558614767120240968e-02
-2.552580593017448815e-02
-2.545618064994924212e-02
-2.542855287533316716e-02
-2.538000083909419669e-02
-2.536036355436206008e-02
-2.533855562917681006e-02
-2.529986772271403811e-02
-2.524136094353968823e-02
-2.521008971909633259e-02
-2.514109558450675075e-02
-2.507926352044133680e-02
-2.505891422609211536e-02
-2.501288606149159113e-02
-2.495358984581205058e-02
-2.493687756515822543e-02
-2.488298013023741012e-02
-2.486067753242946973e-02
-2.478093243459754402e-02
-2.476847645284319457e-02
-2.473229032565553084e-02
-2.469475608361858601e-02
-2.463628073276137934e-02
-2.461703535081243011e-02
-2.459093014885907827e-02
-2.455876021550918581e-02
-2.451325119333915351e-02
-2.449424453640152571e-02
-2.444525559653116381e-02
-2.441646970588681395e-02
-2.438710787751715431e-02
-2.430563200330970730e-02
-2.428885397196946239e-02
-2.424146422530077880e-02
-2.422526092755225222e-02
-2.420707938282752256e-02
-2.416431322847889529e-02
-2.409103516906653530e-02
-2.407826746871268367e-02
-2.401814013173262860e-02
-2.399007502924824578e-02
-2.393897922333829142e-02
-2.391424806454029578e-02
-2.384327129097016038e-02
-2.379808678924965823e-02
-2.375955639619464071e-02
-2.373474050667392227e-02
-2.366185590612544451e-02
-2.361405139170108872e-02
-2.357076719426720590e-02
-2.356010118555416574e-02
-2.353625162814854122e-02
-2.346526262036647409e-02
-2.342877160759073915e-02
-2.339531253744579764e-02
-2.334722504383624636e-02
-2.331214727787595323e-02
-2.327310004701445625e-02
-2.323103838533801743e-02
-2.320031123544846405e-02
-2.316590993786085337e-02
-2.314181548395757154e-02
-2.310974138574791586e-02
-2.304477266273532998e-02
-2.302738647076017428e-02
-2.297691261301207030e-02
-2.292631368719728890e-02
-2.285725519857911836e-02
-2.282141106824201252e-02
-2.276738229276698694e-02
-2.273497342524230524e-02
-2.272260246237678416e-02
-2.266998998745289873e-02
-2.266265660622836589e-02
-2.265935049559275605e-02
-2.259066663421458940e-02
-2.255006210762952601e-02
-2.246249940967301115e-02
-2.243158487992811048e-02
-2.238801685643165146e-02
-2.235314725935311567e-02
-2.232012280163651191e-02
-2.226338963520147277e-02
-2.224207935207036385e-02
-2.221097067742074799e-02
-2.214664665729637952e-02
-2.212387451418056789e-02
-2.209948516273466460e-02
-2.201670755251254954e-02
-2.194585252418224802e-02
-2.192486627655765644e-02
-2.188430302266100927e-02
-2.186044350895591931e-02
-2.182636224312439754e-02
-2.181658150340036462e-02
-2.173197275237100448e-02
-2.170123990413348747e-02
-2.163418790761209229e-02
-2.161485798456096522e-02
-2.155841382115061128e-02
-2.155027448436747442e-02
-2.148259180365389223e-02
-2.145896635512851980e-02
-2.141782872497109691e-02
-2.137082212897873160e-02
-2.133318749246023924e-02
-2.131588249572450092e-02
-2.129031935235332906e-02
-2.118763085260539150e-02
-2.118224733120531098e-02
-2.115497312767069746e-02
-2.107510281623084861e-02
-2.102584361605794663e-02
-2.100346598377628160e-02
-2.099927032853051920e-02
-2.097015497813118842e-02
-2.093917056483327391e-02
-2.090407398723295729e-02
-2.084948072661201718e-02
-2.080579062109634211e-02
-2.078987473731827226e-02
-2.076823041708410894e-02
-2.067136542025457130e-02
-2.065824429819954067e-02
-2.063046375741017791e-02
-2.059265711041817840e-02
-2.054637412443887159e-02
-2.049965270632075898e-02
-2.041653907198573772e-02
-2.039083272515752540e-02
-2.035347748009726926e-02
-2.032593194873909617e-02
-2.030756297128672241e-02
-2.023605292543994433e-02
-2.021539340014355535e-02
-2.017872247758783696e-02
-2.015122300152286453e-02
-2.011935026381551916e-02
-2.007714225203299091e-02
-2.005478896387945936e-02
-1.998233655162728190e-02
-1.994986470432363185e-02
-1.990486036330863656e-02
-1.987483195030104871e-02
-1.983626510069437174e-02
-1.981517343849284116e-02
-1.978397755232426392e-02
-1.976157794956935609e-02
-1.972880881975670395e-02
-1.967271265384681889e-02
-1.963377187860556802e-02
-1.957885965969363706e-02
-1.952863592851891011e-02
-1.950627757432785506e-02
-1.944558059810615538e-02
-1.943613701647164960e-02
-1.934422162404555653e-02
-1.932439027093757478e-02
-1.931518198314675222e-02
-1.926786127627027126e-02
-1.925385278017052379e-02
-1.919653145559746879e-02
-1.916545766543855528e-02
-1.913700155581000290e-02
-1.908824172529812943e-02
-1.907562729885384917e-02
-1.901569858052710310e-02
-1.897806623366497109e-02
-1.890056698473771904e-02
-1.888296533776969918e-02
-1.886168649288163732e-02
-1.882926634254041692e-02
-1.878648259890922448e-02
-1.875452511287403062e-02
-1.872442809066474437e-02
-1.866120287081970280e-02
-1.865226352006217614e-02
-1.857572843804876014e-02
-1.854480405780601845e-02
-1.847128554431952743e-02
-1.844599280270598288e-02
-1.839409509444698762e-02
-1.837782384715383813e-02
-1.833710859464998677e-02
-1.831577381749354555e-02
-1.828321035978315232e-02
-1.824807990059407539e-02
-1.821051782124915447e-02
-1.817202396373604478e-02
-1.811771326455951028e-02
-1.806933361009108174e-02
-1.803329430110390749e-02
-1.796296833136676319e-02
-1.794150984921679889e-02
-1.791470308818012350e-02
-1.790343182154910048e-02
-1.786984869932104272e-02
-1.782132000863102805e-02
-1.779308912593651620e-02
-1.775967925185441970e-02
-1.770083606217259103e-02
-1.766363552770330511e-02
-1.765115702898859343e-02
-1.762040916214533195e-02
-1.755527073140798061e-02
-1.750392797327353714e-02
-1.749146931934334251e-02
-1.747616867407606953e-02
-1.740500441176096383e-02
-1.738017948034390955e-02
-1.733353177014205354e-02
-1.731484617397224812e-02
-1.728531003727497295e-02
-1.722148429785209239e-02
-1.720286434416432031e-02
-1.718353035025759618e-02
-1.714282823993387717e-02
-1.709540641964013910e-02
-1.704052105972240702e-02
-1.702553371950204369e-02
-1.699667625269331989e-02
-1.694611345686677581e-02
-1.692394883936253203e-02
-1.687402540085167213e-02
-1.684253570023172900e-02
-1.681938339034770927e-02
-1.676516806818253297e-02
-1.672986198486372048e-02
-1.667347837209553346e-02
-1.664017544223218154e-02
-1.660924619467020122e-02
-1.657569855988440255e-02
-1.652728087563715489e-02
-1.649971026972558985e-02
-1.647702729824515253e-02
-1.646182742600723128e-02
-1.638737783618022040e-02
-1.637689131207447496e-02
-1.634091759974798039e-02
-1.631711968448302033e-02
-1.622619299159093476e-02
-1.620375510338614711e-02
-1.617619624488198654e-02
-1.614569641154202026e-02
-1.609756569057952877e-02
-1.609098301079209606e-02
-1.603216255905774365e-02
-1.599784085585115312e-02
-1.597107075773836551e-02
-1.590903687625772750e-02
-1.586250632019400864e-02
-1.581690635615215848e-02
-1.580341018673025316e-02
-1.575054525317204704e-02
-1.570607590937835377e-02
-1.567691074885127489e-02
-1.563549623560367072e-02
-1.559458971505466029e-02
-1.556310135165721829e-02
-1.550516080681517764e-02
-1.546320721186621346e-02
-1.544772590691424058e-02
-1.542222245025884689e-02
-1.539758675374404938e-02
-1.539513992468006034e-02
-1.536307037848817954e-02
-1.530363362069692493e-02
-1.526751582107223858e-02
-1.523768418583945107e-02
-1.516412527545915948e-02
-1.515516918216273066e-02
-1.508340229213602987e-02
-1.508022156576540804e-02
-1.500790856861290018e-02
-1.499583020007357569e-02
-1.496637086206784387e-02
-1.491876977998605504e-02
-1.489323457099316073e-02
-1.482903549363430440e-02
-1.478510001309937816e-02
-1.477889066507569876e-02
-1.470749059529517788e-02
-1.470622706708475322e-02
-1.466948140206883640e-02
-1.465289115042637570e-02
-1.463824249031068538e-02
-1.462280723954618999e-02
-1.457030048182880386e-02
-1.453661933334334834e-02
-1.448575697722923918e-02
-1.445416009371926040e-02
-1.442025905129182446e-02
-1.438538706745706545e-02
-1.435372148798402109e-02
-1.432289939129251580e-02
-1.427277053412578413e-02
-1.424767540212676029e-02
-1.421850176109022527e-02
-1.416428614286119325e-02
-1.409402532711341062e-02
-1.407944120934941437e-02
-1.406916155567452566e-02
-1.403798166771042487e-02
-1.397008340747779576e-02
-1.391728325237136590e-02
-1.386891389633317442e-02
-1.383130655393320987e-02
-1.380169789386421694e-02
-1.379145422475463838e-02
-1.374996782347107614e-02
-1.367911389119044578e-02
-1.365962385804165603e-02
-1.361796383993575318e-02
-1.357723968761563073e-02
-1.356740282109899012e-02
-1.352039020988361068e-02
-1.351209612948954183e-02
-1.346947442773652887e-02
-1.346149745511623225e-02
-1.342926533893403114e-02
-1.341124145749147956e-02
-1.334880340664012024e-02
-1.329509510382096728e-02
-1.325026406948190925e-02
-1.321558125882647816e-02
-1.321076110527928324e-02
-1.317989932246489866e-02
-1.312971221555866291e-02
-1.310093506764956582e-02
-1.306781669018865222e-02
-1.303435416456662221e-02
-1.299932932264491990e-02
-1.298477956410567201e-02
-1.293019206780894777e-02
-1.291413113438608616e-02
-1.289628086644028886e-02
-1.286259481317553882e-02
-1.284559039880900713e-02
-1.278584181213130930e-02
-1.273800854025109591e-02
-1.271435215844958326e-02
-1.267379702667651570e-02
-1.263680344049988510e-02
-1.252682285826492437e-02
-1.251699144431551135e-02
-1.249665650963970899e-02
-1.244659404486191112e-02
-1.239949511832393915e-02
-1.237663859776602475e-02
-1.235772457654999400e-02
-1.230980983444617330e-02
-1.230099889741129160e-02
-1.226953941831675568e-02
-1.224801058778549057e-02
-1.220448099619392789e-02
-1.215039288625639063e-02
-1.209271807729653779e-02
-1.207945269187401215e-02
-1.205533484856549306e-02
-1.200335577936172127e-02
-1.198848822533752495e-02
-1.195481706130413144e-02
-1.190938752371148608e-02
-1.186745253129453670e-02
-1.184007546318251516e-02
-1.181402721479316367e-02
-1.176540757892215010e-02
-1.174547902814259207e-02
-1.169223915652147644e-02
-1.166149088177887393e-02
-1.163073846909243141e-02
-1.156286619478719482e-02
-1.154083434595708051e-02
-1.149067292377870843e-02
-1.147466181826323380e-02
-1.142697126135181276e-02
-1.137971996371121321e-02
-1.137457001660491587e-02
-1.132468218967458591e-02
-1.128801212228335189e-02
-1.125138166682147431e-02
-1.119531993414191705e-02
-1.117702873040202910e-02
-1.116145370353164960e-02
-1.113864364325346107e-02
-1.110009972406795532e-02
-1.104152120740976330e-02
-1.101802669227596419e-02
-1.098753165662420123e-02
-1.094961274994835261e-02
-1.094080389510330986e-02
-1.090361056084097023e-02
-1.086381780149645558e-02
-1.083291576439379331e-02
-1.078121978189874354e-02
-1.076431198176137569e-02
-1.071140243925462407e-02
-1.067592547987245531e-02
-1.062336321667919914e-02
-1.061461742106258911e-02
-1.060242676106067788e-02
-1.059832330330969311e-02
-1.053110823929628327e-02
-1.048520043679620865e-02
-1.047212024786971576e-02
-1.042850743852444945e-02
-1.037779710337737894e-02
-1.036616171997153425e-02
-1.030421519601414787e-02
-1.027978006847788013e-02
-1.023012178519470960e-02
-1.022056899203922613e-02
-1.016025943809797417e-02
-1.012820492217340364e-02
-1.010724555088873822e-02
-1.010494216437082295e-02
-1.003678795778062058e-02
-1.000000334922482997e-02
-9.965771649491512660e-03
-9.933955175995625581e-03
-9.912373071799856356e-03
-9.888787886956537307e-03
-9.868458133090139694e-03
-9.816717678341380440e-03
-9.789670342742721673e-03
-9.727178091518158889e-03
-9.697072791089229871e-03
-9.685516761952683157e-03
-9.669399246382943958e-03
-9.616147001474369474e-03
-9.552431095488060284e-03
-9.524868378291886234e-03
-9.505088743811939203e-03
-9.450086271271241484e-03
-9.422850418594560032e-03
-9.360428346285804349e-03
-9.354644356291328539e-03
-9.337740109669187549e-03
-9.301452274897131084e-03
-9.258330954811893124e-03
-9.256087781079599952e-03
-9.175705798356486101e-03
-9.147023798940881120e-03
-9.096485916846908798e-03
-9.061141666338071513e-03
-9.003852047137699682e-03
-8.959199904584224522e-03
-8.953550173253171582e-03
-8.877767956343140046e-03
-8.844137621299420077e-03
-8.829103262627690032e-03
-8.816974801485235810e-03
-8.772876208174799212e-03
-8.745126823420972667e-03
-8.719314583856205281e-03
-8.693181019840765661e-03
-8.592161405855223630e-03
-8.576868187909566024e-03
-8.537554724419473343e-03
-8.518688334008506571e-03
-8.492042754272571478e-03
-8.480435583416205680e-03
-8.432381937840904840e-03
-8.362521675837782803e-03
-8.347719915743139277e-03
-8.335110958693440347e-03
-8.300420095822906227e-03
-8.250476842988824222e-03
-8.233938994157571911e-03
-8.182733650097796102e-03
-8.126868825210348604e-03
-8.085164517722828736e-03
-8.067321708171443922e-03
-8.044860143024020610e-03
-7.996082254674045584e-03
-7.952712897225495958e-03
-7.920373374154432780e-03
-7.885716432821708241e-03
-7.867852443038583082e-03
-7.850849885366252556e-03
-7.848383913279346688e-03
-7.819973977793777398e-03
-7.761968562323156087e-03
-7.705388352526593501e-03
-7.671005609587866134e-03
-7.633201212226646028e-03
-7.610996482238197372e-03
-7.591637652358128492e-03
-7.551819272573491101e-03
-7.541752503366982302e-03
-7.479107411236977226e-03
-7.434352229053530457e-03
-7.398016180771425053e-03
-7.378649892090782467e-03
-7.343453915566094080e-03
-7.305300329355631991e-03
-7.264803686022136900e-03
-7.253680644818418476e-03
-7.187152042958366502e-03
-7.158110614555721063e-03
-7.134413063373778487e-03
-7.119551364107476812e-03
-7.045037996670126292e-03
-7.039550818956758632e-03
-7.002572313992008919e-03
-6.986360857922094963e-03
-6.923450247176726399e-03
-6.882669600639339594e-03
-6.861791936432531241e-03
-6.830908166036214410e-03
-6.806080735735508050e-03
-6.791418556080485065e-03
-6.720646658870355235e-03
-6.706814704686745766e-03
-6.665410034799750839e-03
-6.576174415217335943e-03
-6.555705902839483075e-03
-6.493389895731484229e-03
-6.475108191196999458e-03
-6.417683848965460847e-03
-6.384649302020890989e-03
-6.356351861385245786e-03
-6.337717964788802325e-03
-6.318585128890450223e-03
-6.256603183136702322e-03
-6.240566521352762519e-03
-6.201417753125832398e-03
-6.138664499984111678e-03
-6.130585004256094636e-03
-6.111470521485791105e-03
-6.082007952624150955e-03
-6.054616058184034491e-03
-6.031896520871157102e-03
-5.998315331056889958e-03
-5.936014973276163530e-03
-5.910190900023815086e-03
-5.888082813145374163e-03
-5.860639023297299806e-03
-5.826300904397107086e-03
-5.753821075125824941e-03
-5.737763663500411622e-03
-5.702868454671100942e-03
-5.635995438403051255e-03
-5.614405808741580912e-03
-5.602142169767820520e-03
-5.578268056870651359e-03
-5.544721816302199298e-03
-5.512840796615384523e-03
-5.468468895081592812e-03
-5.457799291262463090e-03
-5.439208573891133464e-03
-5.403012096361717656e-03
-5.361796228877122386e-03
-5.331733348247295542e-03
-5.282938872752192608e-03
-5.243724403183653952e-03
-5.194351185054313716e-03
-5.187288494309647002e-03
-5.146995234969087285e-03
-5.093199325689784680e-03
-5.073374697267611123e-03
-5.021274192219703746e-03
-4.998539104890700920e-03
-4.957841806739325674e-03
-4.920509854171586754e-03
-4.910355453996209478e-03
-4.873940049505278566e-03
-4.862269993894293048e-03
-4.815572203801562166e-03
-4.781122089370569601e-03
-4.720465034422506589e-03
-4.667509224336391718e-03
-4.648851620806980327e-03
-4.625372649583940447e-03
-4.593843120122202348e-03
-4.572020700115099999e-03
-4.515481551844533620e-03
-4.495246397889755482e-03
-4.439836270377823385e-03
-4.406450969901631355e-03
-4.370721102409386681e-03
-4.348536684452371584e-03
-4.305464166508982116e-03
-4.291468067492497374e-03
-4.235793496936291445e-03
-4.227542713804549254e-03
-4.192044013688295094e-03
-4.164068855997743977e-03
-4.094801620783672207e-03
-4.085826627647127715e-03
-4.043985133580832968e-03
-4.002180086921687877e-03
-3.976222711186202553e-03
-3.904307385371081490e-03
-3.882839609104356271e-03
-3.876233278556832744e-03
-3.852696876743739746e-03
-3.795992354469171232e-03
-3.764911495332046772e-03
-3.719776065253072635e-03
-3.701653219021493711e-03
-3.678542266192322014e-03
-3.606915872891509976e-03
-3.592241613344164444e-03
-3.573607935973254542e-03
-3.516743906206615949e-03
-3.502197734620642391e-03
-3.489989880596799671e-03
-3.442374055135517027e-03
-3.398777496617030013e-03
-3.344469367600596318e-03
-3.329145153600086577e-03
-3.281928732771994487e-03
-3.268311506222155646e-03
-3.239463074192790951e-03
-3.181305215361444980e-03
-3.172978530107216279e-03
-3.131351005523237349e-03
-3.059320676018818103e-03
-3.035459566544161311e-03
-3.019420898616472122e-03
-2.983194515204923205e-03
-2.962911388965073188e-03
-2.937936311667387144e-03
-2.902421918796473013e-03
-2.892830270800158653e-03
-2.852031347197812698e-03
-2.816063415011791152e-03
-2.756080553164088481e-03
-2.752734870414765174e-03
-2.686029601799538088e-03
-2.666247260437945143e-03
-2.660986520687959062e-03
-2.596975895435291951e-03
-2.566046212821817239e-03
-2.528705818595724207e-03
-2.479981691877828492e-03
-2.467337861928937514e-03
-2.451277948328211935e-03
-2.412908895912571627e-03
-2.353850420224370271e-03
-2.294904002887341796e-03
-2.284807161967089724e-03
-2.274510347835469615e-03
-2.243640257263493799e-03
-2.200843116909938398e-03
-2.127992177447515006e-03
-2.110700673357553819e-03
-2.093211576832024190e-03
-2.044895917539599553e-03
-2.006551462203937965e-03
-1.989023948259667756e-03
-1.931762443401883198e-03
-1.902318395492439427e-03
-1.880841527077349064e-03
-1.845120589764265642e-03
-1.804900740575531145e-03
-1.790578444704125005e-03
-1.744300941838092820e-03
-1.727187590558255763e-03
-1.685885845134097285e-03
-1.657526631200304575e-03
-1.619559551914110784e-03
-1.573169482068717540e-03
-1.559142989680771269e-03
-1.529002083686142226e-03
-1.491191663653114669e-03
-1.409507390861743092e-03
-1.396576494782983749e-03
-1.382129257815697346e-03
-1.313226512254341179e-03
-1.302052887493045791e-03
-1.279370704927836966e-03
-1.233473000523450762e-03
-1.208213556589850246e-03
-1.190716981411578173e-03
-1.132014464384678912e-03
-1.110131373809094884e-03
-1.087247973568830758e-03
-1.074845118280857818e-03
-1.032822253858319862e-03
-9.685193344528120587e-04
-9.620470277965804127e-04
-9.056370056888975303e-04
-8.876749333588957857e-04
-8.783850324483780505e-04
-8.340172205769522595e-04
-8.206360390029304643e-04
-7.287683490986485071e-04
-7.050719000128020638e-04
-6.721657040985526410e-04
-6.521537227414469194e-04
-5.930850979778648936e-04
-5.787244057412764845e-04
-5.539596067966858417e-04
-5.203356529748549841e-04
-4.264267871124533807e-04
-4.106240120763183566e-04
-3.883506104798145750e-04
-3.243879878624855348e-04
-3.030676906256352565e-04
-2.694061995951768955e-04
-2.326855149841240830e-04
-2.144348131601844787e-04
-1.781119418701803216e-04
-1.390925993189744960e-04
-1.180833610641574824e-04
-4.062435943016877026e-05
-2.776955677853817908e-05
1.054763293213890076e-05
4.201106504882053209e-05
7.680723991736058054e-05
1.007094989891952334e-04
1.107364832887561062e-04
1.467538418559261254e-04
1.781002133724937653e-04
2.291428478459393392e-04
2.453735577640136427e-04
2.809146014596248359e-04
3.078975266270061735e-04
3.662905353509863246e-04
3.841074771492705210e-04
4.049744669462002956e-04
4.256592002009204016e-04
4.490155649249221999e-04
5.042241429154385463e-04
5.159703764923098028e-04
5.661589963737857605e-04
6.081574875309718768e-04
6.244925344207296041e-04
6.711211245329879805e-04
7.130565225946848638e-04
7.485759656937503561e-04
7.983939835740158511e-04
8.547048579668020630e-04
8.928496798614972071e-04
9.293348928063716692e-04
9.851701753910294471e-04
9.981693305261391501e-04
1.004605303811886884e-03
1.036043834252735633e-03
1.074933889374647851e-03
1.116991568218443556e-03
1.134664028710680823e-03
1.161754068350018439e-03
1.195730534496042144e-03
1.236185101130629800e-03
1.294877063751864298e-03
1.343931658410825892e-03
1.383416925799271823e-03
1.396268053942665861e-03
1.435819624784489407e-03
1.473504301109248259e-03
1.509779958265839881e-03
1.517425134981992361e-03
1.585045482159803823e-03
1.594846830545410031e-03
1.626941020783712012e-03
1.643628131069860103e-03
1.676149527697838159e-03
1.706234839524358934e-03
1.726677909594722705e-03
1.776246398764296094e-03
1.817161279143677003e-03
1.825059268913513172e-03
1.879947779762875882e-03
1.911006095064315393e-03
1.972937058558542692e-03
1.988276724993865048e-03
1.994191358451050285e-03
2.029895967481229555e-03
2.051330577637116171e-03
2.092168405735884279e-03
2.096519578147784234e-03
2.137601730554169500e-03
2.158586901454004857e-03
2.229056747520113176e-03
2.256318583961195584e-03
2.328773908008948540e-03
2.351548227760661205e-03
2.383231098626487163e-03
2.416921417553578779e-03
2.437203923717311607e-03
2.453365728068760115e-03
2.504538891703190617e-03
2.526148816932711344e-03
2.581981208186557523e-03
2.615626911807615758e-03
2.638219757181610187e-03
2.732299687578208010e-03
2.739454061090624420e-03
2.754963334903169463e-03
2.786258451266773305e-03
2.861738490322643987e-03
2.883880401080252034e-03
2.955245107763989579e-03
2.962808839562942973e-03
3.000260549209553523e-03
3.042058350345632108e-03
3.068196112101236311e-03
3.083591583787653311e-03
3.122953546966602580e-03
3.176748475612120072e-03
3.194993199483916503e-03
3.237576804044435454e-03
3.266405744871069775e-03
3.288585380264791996e-03
3.300210498656146359e-03
3.341083576734556713e-03
3.357602397712162578e-03
3.417208456150506828e-03
3.454038821854053982e-03
3.473416966160126299e-03
3.492801000349009255e-03
3.513557935072185966e-03
3.549009972412561602e-03
3.580834450606818539e-03
3.627348220718652413e-03
3.657833111700058582e-03
3.684494337941471211e-03
3.723527042457441122e-03
3.775246837968872574e-03
3.808394123299435000e-03
3.840453415394388774e-03
3.859164543569108992e-03
3.909026906895657003e-03
3.939139808251646523e-03
3.998820343667827855e-03
4.005799381872280317e-03
4.070760446688729065e-03
4.118085709717085076e-03
4.148389714259831558e-03
4.173580006705899376e-03
4.211816249615806494e-03
4.231624943334792027e-03
4.285846577582484718e-03
4.334966648314769050e-03
4.338261876570484107e-03
4.379814766488444866e-03
4.405029860208764005e-03
4.474369524391549890e-03
4.480426850044686576e-03
4.517173679643122358e-03
4.552595927573339744e-03
4.584014067048887246e-03
4.631628465817742499e-03
4.649464386125100497e-03
4.667093383518259447e-03
4.701028054566440233e-03
4.752962364574025815e-03
4.790857955041070461e-03
4.865399748285329819e-03
4.892855997809342737e-03
4.927014446407033260e-03
4.961411733491283976e-03
4.972542473873330267e-03
4.995136399535225931e-03
5.021062734364527269e-03
5.030285143790592071e-03
5.087433777259104881e-03
5.122411558751879292e-03
5.153526011410378138e-03
5.172339646180799597e-03
5.201436168869013645e-03
5.226914812321379472e-03
5.294150822648518821e-03
5.304833507332617874e-03
5.345833062804865830e-03
5.402966028542607012e-03
5.454380768102840872e-03
5.470408026947161904e-03
5.490135779030439270e-03
5.524601072633289651e-03
5.530970560340861021e-03
5.580614756365025533e-03
5.610545458792410081e-03
5.643574756851917236e-03
5.669162563971185016e-03
5.716351939161754166e-03
5.740572727981275297e-03
5.762968488494930527e-03
5.815099397225726059e-03
5.866320856909473455e-03
5.889293798964486890e-03
5.937370896033926718e-03
5.955376420507963592e-03
6.039144303813072552e-03
6.072451598322685211e-03
6.091396494255329162e-03
6.115974797385207058e-03
6.128216801607445051e-03
6.179215332526641694e-03
6.208049114201705590e-03
6.221223319818990419e-03
6.237423288544730396e-03
6.276874035302469276e-03
6.311940479297997383e-03
6.326031227605954238e-03
6.376960017954747158e-03
6.413941424354053893e-03
6.465283563268783666e-03
6.510226143314635366e-03
6.526370205178926021e-03
6.563388088226766899e-03
6.584857131809756202e-03
6.641537577578905151e-03
6.642410014197921986e-03
6.693254667203017705e-03
6.760646137322755093e-03
6.799464886478370600e-03
6.825505635163619557e-03
6.879525451302793797e-03
6.898989893198272626e-03
6.926244472760532782e-03
6.964585010345435145e-03
7.000236132757380568e-03
7.060027195389627190e-03
7.083032536684077778e-03
7.111088910432757614e-03
7.131155478994921117e-03
7.148767921320286003e-03
7.183067083729923613e-03
7.235037983250052276e-03
7.301567938054682669e-03
7.340846633349037975e-03
7.371672411609003078e-03
7.384913409835616727e-03
7.412121197848707717e-03
7.456003889177742830e-03
7.507306924860044500e-03
7.556642985637731721e-03
7.562358118069851566e-03
7.617118266568329889e-03
7.628451584223074067e-03
7.677511852444265060e-03
7.717367082350874534e-03
7.754874975501193854e-03
7.779444808579533133e-03
7.816636101765297648e-03
7.866413364180892959e-03
7.899753964974868051e-03
7.909521531746867978e-03
7.929209089036796596e-03
7.955655109334729483e-03
7.984832681324063874e-03
8.009893673261086339e-03
8.069532381061087986e-03
8.108891674235278735e-03
8.123164882502595732e-03
8.151035491275751901e-03
8.195068518789455636e-03
8.237402325098706207e-03
8.248290934593425355e-03
8.319514353435069481e-03
8.349611107041127536e-03
8.377548461210873598e-03
8.399084421889446359e-03
8.419368615278201642e-03
8.466420165038488627e-03
8.503939591828010500e-03
8.570223303754839067e-03
8.585963358129113446e-03
8.609878607346637888e-03
8.656885127638257182e-03
8.694444269971264919e-03
8.722890441333924771e-03
8.766852109700155535e-03
8.805780409024379501e-03
8.871005207426216344e-03
8.887304792566186676e-03
8.915546291882566615e-03
8.942101222886172235e-03
8.978249336311269410e-03
8.989140951155896730e-03
9.039553600675272194e-03
9.059486132303574621e-03
9.080379569288693845e-03
9.146240365305837589e-03
9.157614461737743211e-03
9.211822155859602720e-03
9.262305425681474635e-03
9.280616492936802700e-03
9.329842146911765388e-03
9.348698082666010226e-03
9.390188752212418055e-03
9.436000313771059425e-03
9.486234372264945938e-03
9.493817028547457681e-03
9.547532911099870095e-03
9.555460589428061910e-03
9.616817567515258472e-03
9.646226125856591574e-03
9.664919954568057525e-03
9.676795499754814109e-03
9.717146898226629650e-03
9.758846280557877118e-03
9.779225450146738358e-03
9.836834349704710531e-03
9.856390369011012315e-03
9.908749419527879132e-03
9.942490883979191937e-03
9.993451404006316666e-03
1.000154088178388349e-02
1.003589752981485367e-02
1.006692672301232570e-02
1.009830656436181556e-02
1.013979070568038487e-02
1.018131971565006816e-02
1.021331322387977227e-02
1.022627111702032257e-02
1.025854305702413385e-02
1.031920237899641365e-02
1.032304976335297192e-02
1.036808163871714636e-02
1.038615663042373287e-02
1.046927520580765922e-02
1.048223291446547835e-02
1.050559851763578807e-02
1.052422808449094034e-02
1.054570707738820140e-02
1.063721147643443589e-02
1.065965083389030024e-02
1.067984981270906665e-02
1.071220170619682256e-02
1.074109248709001485e-02
1.082122017779296036e-02
1.084566658364982845e-02
1.088200912430149596e-02
1.090156410435759969e-02
1.094156406530665676e-02
1.097982265380592105e-02
1.102384822082328603e-02
1.105727911421013586e-02
1.107294461877148146e-02
1.108784817390255466e-02
1.112092134027732430e-02
1.115352390500533655e-02
1.122015649421128497e-02
1.123082919426753555e-02
1.126855835699834205e-02
1.129886805960414811e-02
1.131014243106413970e-02
1.137111077490222943e-02
1.138679088358202779e-02
1.144450352486927128e-02
1.148729029494559989e-02
1.157088483862309634e-02
1.159688874455315141e-02
1.165582700479174047e-02
1.167054754651346629e-02
1.172002518383547486e-02
1.175034728800736054e-02
1.178628952503754483e-02
1.180604282703811951e-02
1.182382803218091569e-02
1.184990480800587019e-02
1.187576488641521599e-02
1.191884301202880171e-02
1.192882828573378629e-02
1.197919617858647819e-02
1.202471398109129265e-02
1.205049660065207057e-02
1.209305868923867683e-02
1.210810658075259227e-02
1.213840440797299240e-02
1.218720795417917689e-02
1.221645356161548887e-02
1.225365559201463395e-02
1.229855006657445612e-02
1.233691748223516606e-02
1.236946491664300124e-02
1.241605202062333151e-02
1.242572437429586944e-02
1.250386654111301961e-02
1.251492926203955948e-02
1.257023113304356517e-02
1.264101886543881822e-02
1.267446691044777675e-02
1.270581809266561543e-02
1.274446604295881476e-02
1.278498563597216427e-02
1.278961683842439953e-02
1.282380359525361023e-02
1.286259032429497469e-02
1.292169010549633346e-02
1.293494162185284714e-02
1.297871312551571003e-02
1.304221200386035048e-02
1.306971703822200348e-02
1.307799641006425657e-02
1.308877304056217487e-02
1.314082702621563112e-02
1.317630124730337360e-02
1.319517674911405321e-02
1.321398005336997528e-02
1.325866186659963898e-02
1.332051498214616679e-02
1.334598394970181248e-02
1.337916362424181223e-02
1.339750499682810202e-02
1.341693461655391398e-02
1.349927683677947313e-02
1.353255942777305265e-02
1.356366419728703525e-02
1.358851895201967745e-02
1.362561728516592519e-02
1.367725443801946598e-02
1.371915637786187171e-02
1.374703893172731645e-02
1.377108429025594022e-02
1.380420384412925534e-02
1.385163644886794158e-02
1.389264553127334510e-02
1.395179132897706592e-02
1.397273096846338158e-02
1.401155707522918487e-02
1.402505790823484547e-02
1.409940852406394059e-02
1.413386579946897606e-02
1.414382559858855075e-02
1.419182737831101333e-02
1.422035838628368971e-02
1.425508780780193087e-02
1.427112918353922767e-02
1.431852887154496691e-02
1.433668739401018979e-02
1.437154060846589088e-02
1.445443341127146571e-02
1.446982004141190298e-02
1.450017901691842692e-02
1.452001618371392272e-02
1.453760467106717143e-02
1.458238880534677359e-02
1.463501389223851104e-02
1.468151592232361420e-02
1.472481368034835036e-02
1.473811734900841268e-02
1.479848666134395661e-02
1.484337345609549816e-02
1.486074804140464535e-02
1.489244664453852167e-02
1.491978236928783938e-02
1.495939939521741778e-02
1.498537215281744127e-02
1.502674641113155123e-02
1.509530554434045276e-02
1.510338727789785861e-02
1.513237876549126601e-02
1.519164672465209490e-02
1.522996000068765031e-02
1.526262354978889790e-02
1.526449709671758893e-02
1.533795230670823191e-02
1.535039154501134130e-02
1.538209697108675229e-02
1.542590670683516123e-02
1.547106437202853436e-02
1.551368706122426000e-02
1.556163282378002395e-02
1.557555997355006966e-02
1.560411240574482300e-02
1.564331487372739443e-02
1.568620209243811597e-02
1.571635146588846663e-02
1.575155420326659547e-02
1.575447971142878226e-02
1.582064267654597137e-02
1.583867253456160487e-02
1.587104129489319213e-02
1.592859738983237045e-02
1.594260202605316673e-02
1.598677847616994732e-02
1.603546114265276892e-02
1.605599037156662037e-02
1.612130142775291056e-02
1.616264657858181020e-02
1.617797681128535503e-02
1.623276586153953038e-02
1.626160272081031422e-02
1.629726686486515988e-02
1.634238306320937723e-02
1.638598965253506082e-02
1.639805447916026573e-02
1.642331113454510369e-02
1.646728518318965606e-02
1.649988252290146215e-02
1.651185288213433133e-02
1.651646926455124093e-02
1.657907792323335891e-02
1.661552438949881125e-02
1.671582406452585060e-02
1.672816709955286460e-02
1.675507117266779311e-02
1.679957336499842552e-02
1.684716416135077430e-02
1.688727356160229370e-02
1.689900725008516152e-02
1.694663681449746356e-02
1.697743792571836455e-02
1.699969106836602545e-02
1.703556665245645890e-02
1.704407998880386188e-02
1.710495948415327247e-02
1.716037573987571480e-02
1.719391422761502169e-02
1.724122387180574562e-02
1.726852771657694241e-02
1.726911071554488100e-02
1.729243104166358277e-02
1.736697145343179746e-02
1.741558216404151538e-02
1.743971614982659651e-02
1.745080999408054473e-02
1.750014868221565212e-02
1.754034665950562899e-02
1.758394808801883730e-02
1.759043259146326685e-02
1.766941815333618673e-02
1.768579213559646340e-02
1.771505884394280333e-02
1.776094578167712948e-02
1.779940985065896208e-02
1.782737154512238284e-02
1.784624335474336090e-02
1.791860322467828809e-02
1.796125694848444213e-02
1.800715595905966540e-02
1.804300390176553220e-02
1.807641574058505007e-02
1.809908196874399772e-02
1.815418203700396374e-02
1.820421701055376790e-02
1.822625000426588565e-02
1.826543693867256971e-02
1.827143278339722621e-02
1.830579033280558404e-02
1.832149917380997833e-02
1.837114135597678333e-02
1.841866110328328754e-02
1.846019042908772154e-02
1.849540573037149541e-02
1.854981001350288622e-02
1.862499009257136823e-02
1.865978749448328478e-02
1.872088192530901515e-02
1.873173312346049918e-02
1.878740636935952169e-02
1.880310397551399060e-02
1.887293335806171715e-02
1.890858079605783199e-02
1.895128594260764299e-02
1.896913993419783659e-02
1.898677454229245193e-02
1.899403343506933170e-02
1.905672966311094257e-02
1.910651267630355740e-02
1.913972500741685859e-02
1.914591378450331699e-02
1.919939119361629282e-02
1.929072624701259897e-02
1.929893530319444495e-02
1.933667481093503254e-02
1.936838840835778189e-02
1.942014178395934029e-02
1.946656434600814792e-02
1.948991260822473953e-02
1.954060720999458226e-02
1.955659832025472000e-02
1.961341024051976162e-02
1.963646573983336696e-02
1.964769700790890486e-02
1.969039809810335315e-02
1.971851243231807771e-02
1.976571878968265070e-02
1.978279430976549388e-02
1.983216870916386376e-02
1.985928602268931253e-02
1.993163710019300178e-02
1.994782316561108035e-02
1.997016450495360876e-02
2.001396443747315360e-02
2.005223361926299769e-02
2.009696976153642345e-02
2.013866625292653686e-02
2.017722712728408155e-02
2.023170885786515494e-02
2.027563811283152051e-02
2.031096904649154142e-02
2.035995007416021435e-02
2.039306942946948753e-02
2.044018738172366859e-02
2.046948116125635667e-02
2.052501019526183773e-02
2.052750918809916406e-02
2.059084751339470068e-02
2.067232491919509391e-02
2.069915685447000497e-02
2.071090964247389657e-02
2.076276566375961571e-02
2.080005134770607916e-02
2.086082859423926683e-02
2.089809545480937961e-02
2.092258934582960639e-02
2.094575267889783182e-02
2.101054734798015952e-02
2.103796092332404707e-02
2.104660504737249430e-02
2.109259413685784720e-02
2.113638728648880444e-02
2.116526654678285713e-02
2.120193217990586423e-02
2.127132717093047076e-02
2.129011045574443275e-02
2.133785157219745751e-02
2.140238690205778505e-02
2.141865194548132553e-02
2.149513501725735035e-02
2.151652236389383840e-02
2.153764129164877431e-02
2.157235920337555179e-02
2.160698017695321729e-02
2.164808879235174260e-02
2.167826181607322711e-02
2.170674708541926040e-02
2.175548019150802537e-02
2.179434470081031625e-02
2.185994223650392781e-02
2.190208275632040888e-02
2.192055453310677582e-02
2.193456512450780646e-02
2.200587030656718165e-02
2.205400069747341305e-02
2.208260192371774844e-02
2.211708601051191186e-02
2.216028930488478377e-02
2.217751680826331173e-02
2.223484803331369011e-02
2.225644066358541812e-02
2.228797005551389973e-02
2.232897447717746911e-02
2.238605936370148194e-02
2.239451528856828758e-02
2.244029605770775371e-02
2.245944896300278160e-02
2.250600820382090556e-02
2.256597438744510284e-02
2.260960414326304915e-02
2.268581650877651845e-02
2.274615625773117322e-02
2.277365632755171815e-02
2.278715102776288082e-02
2.281652221262989513e-02
2.284874580649404879e-02
2.289188839960644081e-02
2.291442130818338932e-02
2.296152495890593781e-02
2.302463326454201598e-02
2.303207351695667551e-02
2.308066399406223657e-02
2.309741297555196332e-02
2.318494677377999982e-02
2.321080308385726695e-02
2.323783756198250644e-02
2.326210919390453435e-02
2.334827019294901870e-02
2.337161606828134022e-02
2.340539299155242753e-02
2.343923038382960192e-02
2.345615387052131171e-02
2.354568198190518449e-02
2.357931231906008548e-02
2.361221867360401364e-02
2.363463176770792470e-02
2.366723921490190147e-02
2.369476550290744443e-02
2.371463710871475963e-02
2.377311390824712878e-02
2.383362921782528412e-02
2.383919516502144842e-02
2.386399166424978124e-02
2.391194530614478703e-02
2.397590165920057692e-02
2.400043436702099103e-02
2.408760630856417867e-02
2.409099460324311270e-02
2.412653932525424955e-02
2.415030249737930637e-02
2.419681039985933577e-02
2.426139640068241538e-02
2.428448570660660805e-02
2.433205937597563567e-02
2.438464075373079562e-02
2.441273961953773636e-02
2.447860968106068541e-02
2.452181901442481576e-02
2.458419130747107120e-02
2.462719530402862275e-02
2.467428849558950948e-02
2.468986934173475825e-02
2.471918487445847606e-02
2.476374209201770774e-02
2.481088315617356946e-02
2.482512309941388787e-02
2.488850719575627299e-02
2.490432609155545512e-02
2.494313865528348731e-02
2.498104088590810332e-02
2.505061506174878494e-02
2.506441278965117550e-02
2.509281967252878845e-02
2.512926955509829294e-02
2.514729051704822291e-02
2.525167587589931956e-02
2.526985654689564709e-02
2.532526563101064263e-02
2.537353668197362896e-02
2.542421368162467443e-02
2.544304250631950273e-02
2.547970317853528663e-02
2.549735259391534142e-02
2.557631937963868521e-02
2.558499759678877633e-02
2.562334053557644570e-02
2.568257466645455095e-02
2.573216555679648521e-02
2.575491290296596028e-02
2.577985522582797520e-02
2.580073764665389430e-02
2.583606726043021287e-02
2.589471563069982787e-02
2.597836182894460930e-02
2.599854235793899737e-02
2.602489307892606393e-02
2.609922251542027768e-02
2.611703963636878914e-02
2.615919839744534209e-02
2.620712785566311001e-02
2.628611064669328021e-02
2.631150879637948747e-02
2.639287903492225362e-02
2.644233583891199627e-02
2.647529013832702546e-02
2.650453847171766256e-02
2.655228121907506761e-02
2.657844542636645171e-02
2.664034637875913394e-02
2.665564918694205213e-02
2.667810386657624641e-02
2.672360179055898941e-02
2.679777374794065081e-02
2.684232926914870490e-02
2.688166798212845640e-02
2.690732328699615636e-02
2.695714510369119979e-02
2.700303551488815804e-02
2.702652815191161975e-02
2.709044660900200227e-02
2.713370326011307551e-02
2.721731212425964469e-02
2.722817713550258062e-02
2.727701891129612546e-02
2.732737004241404810e-02
2.735143351553031080e-02
2.739861305464313598e-02
2.744529752673340386e-02
2.751035545000198729e-02
2.756407404045467177e-02
2.761659572810326591e-02
2.768763238395064580e-02
2.774586106794438983e-02
2.777615666085129359e-02
2.781112419470756908e-02
2.782795463443487466e-02
2.784781681167972783e-02
2.790523654252892102e-02
2.795326812716312018e-02
2.797014422759219049e-02
2.798441234455962753e-02
2.807095407792331229e-02
2.810783880161477760e-02
2.818831689565932941e-02
2.822714963085298095e-02
2.828496409295961841e-02
2.829702274585037952e-02
2.830022662272552170e-02
2.834683899426375733e-02
2.835272882505822725e-02
2.839566310358166215e-02
2.845134688766604025e-02
2.845684325520192806e-02
2.852876055411485839e-02
2.856781333459652156e-02
2.864963347313630171e-02
2.872985364025340202e-02
2.873517582526904576e-02
2.878571043600088031e-02
2.884216925368442500e-02
2.895331426252330601e-02
2.896532769211120420e-02
2.899411503100772156e-02
2.901617556752830035e-02
2.907266554806030648e-02
2.910987007036281576e-02
2.912368382813579348e-02
2.919385633982845077e-02
2.920912140371953458e-02
2.926990320937506926e-02
2.928805355526740983e-02
2.931093125951570247e-02
2.936703604053531730e-02
2.940708021196552710e-02
2.944764587449935286e-02
2.954414627059952225e-02
2.959313271152388264e-02
2.965820407146125409e-02
2.971218165130093750e-02
2.973118400204581221e-02
2.983745801123473609e-02
2.984562862861199137e-02
2.990440624119046140e-02
2.992500701004875349e-02
2.996972187300869783e-02
3.000908483421398446e-02
3.005379790482896191e-02
3.006452556173271062e-02
3.015537614768396338e-02
3.023010748114119198e-02
3.026265346965616512e-02
3.032838094910941806e-02
3.035845680627585405e-02
3.039908277989932309e-02
3.046054871060011396e-02
3.050853486939279074e-02
3.055912700358653228e-02
3.058148889010584015e-02
3.063792060398345604e-02
3.067058927350782907e-02
3.070546746697094820e-02
3.076996599703669261e-02
3.079592057716143416e-02
3.084070849576086432e-02
3.090587753402862514e-02
3.093670694401591884e-02
3.099260805079035591e-02
3.103083835802327925e-02
3.108432630684779263e-02
3.114788358952794503e-02
3.119067986430567110e-02
3.123155296163556208e-02
3.127342567728379902e-02
3.134918865965100748e-02
3.137745056369756202e-02
3.140662322598505862e-02
3.145170374866123469e-02
3.149398931433426696e-02
3.156616402464076931e-02
3.159424305881518985e-02
3.166305209673109938e-02
3.169250766171777256e-02
3.176596576737582278e-02
3.183376218071178737e-02
3.193840331076654160e-02
3.200044392384817499e-02
3.204546839020381427e-02
3.208877716290128856e-02
3.213430781557320010e-02
3.214606579857776092e-02
3.221583269438953179e-02
3.225699613828656581e-02
3.229573247292713556e-02
3.237911082032847443e-02
3.241950734083033636e-02
3.247384260770200953e-02
3.250553484278738414e-02
3.255764940658051332e-02
3.258062760717114065e-02
3.262680615370860265e-02
3.267124836808867061e-02
3.271251332488740032e-02
3.277796904819100382e-02
3.283452829982871218e-02
3.286092761970283577e-02
3.294172284698831943e-02
3.297135264032042407e-02
3.303597290658572688e-02
3.308252731386197160e-02
3.318355154220925529e-02
3.321049019430027949e-02
3.324695611419125479e-02
3.331929824189672207e-02
3.338729684311255580e-02
3.342908731064297284e-02
3.352789302740439431e-02
3.355075335080346527e-02
3.356755595176799667e-02
3.364326846439816276e-02
3.370612890696143144e-02
3.373009995576797121e-02
3.377485847689095516e-02
3.384507777243533910e-02
3.387549270944896496e-02
3.390632728056532097e-02
3.393350508476291466e-02
3.404621160577590844e-02
3.408650015288843677e-02
3.417419991595178203e-02
3.420250157753326054e-02
3.430526532524633826e-02
3.438627121362851369e-02
3.441286734055021279e-02
3.443463763798549487e-02
3.445827083529075935e-02
3.451248489813910775e-02
3.459633264767733585e-02
3.461936730126327633e-02
3.464502599376438619e-02
3.471164237515002304e-02
3.483326628759612215e-02
3.484718190712721847e-02
3.487216171978017171e-02
3.497406965092170888e-02
3.502496496340685300e-02
3.505995395219742294e-02
3.512767434140818407e-02
3.517167461334108625e-02
3.520955360036201465e-02
3.530051268672097092e-02
3.541441673271141649e-02
3.543286558860084257e-02
3.551728035355841695e-02
3.557318079034670760e-02
3.561792360737914970e-02
3.566993984249872823e-02
3.576093269149345499e-02
3.581031953048202654e-02
3.586464333568043644e-02
3.590202454718063874e-02
3.596762319355736870e-02
3.597455811399602466e-02
3.608190613525207729e-02
3.618049574406834168e-02
3.621214006443613381e-02
3.624405757119093102e-02
3.629314179650688921e-02
3.636690512648652757e-02
3.645039321488581507e-02
3.650370583639930833e-02
3.658227183292594303e-02
3.663638558851202431e-02
3.666844039387703869e-02
3.670586471646366394e-02
3.679576935003036481e-02
3.680931180262837776e-02
3.684232323915850871e-02
3.691840784485101584e-02
3.703165370803330331e-02
3.711678488453420272e-02
3.713845884218355126e-02
3.720950338431731202e-02
3.727670489585854091e-02
3.729541332061660219e-02
3.735414598742479997e-02
3.743229078142534111e-02
3.745326925704240556e-02
3.765357869129221796e-02
3.771208511355923776e-02
3.776867301589434400e-02
3.779154993411124736e-02
3.788029066375043358e-02
3.794205917057138361e-02
3.800569032734955888e-02
3.805875926054572839e-02
3.812054972066534347e-02
3.819056335488995452e-02
3.832766669443186253e-02
3.841068042837427615e-02
3.845964263379994530e-02
3.851802715322845405e-02
3.853461584373549936e-02
3.859181050947604191e-02
3.861476937184200181e-02
3.865754966242156143e-02
3.875751742397662292e-02
3.880227566540558198e-02
3.889882756066685016e-02
3.899190062857173927e-02
3.913442217052102295e-02
3.920933167070653202e-02
3.932131421077478955e-02
3.938200638671833509e-02
3.943507093173757860e-02
3.950223795370175900e-02
3.954345339723779745e-02
3.960243177633897271e-02
3.967366266068459574e-02
3.977459462483227265e-02
3.983843574173689256e-02
3.988833793952176882e-02
3.999191779969831634e-02
4.012593468108929806e-02
4.021232589671765167e-02
4.024646914748786219e-02
4.032685339074337100e-02
4.040676900425764495e-02
4.041421240839677964e-02
4.049248636312873656e-02
4.062970946089088098e-02
4.074207113430916571e-02
4.090201481760644825e-02
4.094932004965431971e-02
4.098090257826257632e-02
4.111457339773403469e-02
4.113268130402276956e-02
4.130010553635144605e-02
4.135210951252887845e-02
4.140535489277583775e-02
4.163831832617315154e-02
4.177567553791523836e-02
4.186003266389642929e-02
4.195149627917329344e-02
4.204062745372034310e-02
4.207574390496621880e-02
4.223390611109315018e-02
4.233258442893814144e-02
4.234947406582303953e-02
4.254471130671354934e-02
4.262907805895210095e-02
4.286650444171194452e-02
4.298674057171695401e-02
4.308001336124556852e-02
4.325122996774653089e-02
4.351330456712348971e-02
4.371960028077124388e-02
4.401721649602377551e-02
