-4.393850089406893533e-02
-4.375261331911195484e-02
-4.348292773357079893e-02
-4.338093584155303106e-02
-4.314619210777412978e-02
-4.293312929500180813e-02
-4.281490363765221019e-02
-4.274369728940464325e-02
-4.258336888696634404e-02
-4.232007989887182769e-02
-4.224415136929767639e-02
-4.215255282414484550e-02
-4.213498276849011320e-02
-4.201498857307083001e-02
-4.190325177750223173e-02
-4.180047059813316729e-02
-4.163209895902504620e-02
-4.156235491414452671e-02
-4.141494303554398015e-02
-4.123625102072760173e-02
-4.122984762498031058e-02
-4.120599388553362885e-02
-4.109197977676990604e-02
-4.100146703587548985e-02
-4.091423037848410799e-02
-4.086712830691952708e-02
-4.072874866602677058e-02
-4.066217680479340679e-02
-4.056272778013517155e-02
-4.049848436243341093e-02
-4.040566252274354481e-02
-4.027622670181387615e-02
-4.021812119661617030e-02
-4.015319196053632189e-02
-4.014268453037549145e-02
-4.001118575168429586e-02
-3.995384626085217439e-02
-3.982799073169359522e-02
-3.973586623383531385e-02
-3.968328628190114643e-02
-3.959695007416959983e-02
-3.957438128304372610e-02
-3.953939829692554309e-02
-3.941513558384254767e-02
-3.940082170057943034e-02
-3.919467293148782422e-02
-3.914871997267500153e-02
-3.911386869979463499e-02
-3.904726933766326097e-02
-3.896699857266726352e-02
-3.888948540428829870e-02
-3.882763777621607570e-02
-3.873862704989400330e-02
-3.869466149072754713e-02
-3.861984113103573979e-02
-3.861209130379846671e-02
-3.851508026262701750e-02
-3.840816434403706431e-02
-3.837985376221813433e-02
-3.833864253802216765e-02
-3.824140450398158531e-02
-3.813955636867876614e-02
-3.812966993594628373e-02
-3.804253011704185339e-02
-3.800036794922789091e-02
-3.793142748794628427e-02
-3.781310310534016089e-02
-3.778070283828623144e-02
-3.767835774330865334e-02
-3.762159917151854799e-02
-3.761693120491946263e-02
-3.749463229715034596e-02
-3.742418754748028792e-02
-3.740166613372278986e-02
-3.730534811393294847e-02
-3.717471508631893518e-02
-3.716110698660344408e-02
-3.713390201445455202e-02
-3.703404199268305053e-02
-3.699869612897781906e-02
-3.693658303963172351e-02
-3.685904218706406721e-02
-3.680897857928636108e-02
-3.677761795568952607e-02
-3.670240840784902425e-02
-3.663517608211133009e-02
-3.659373010483124578e-02
-3.651467524096893569e-02
-3.640030071283743840e-02
-3.635472430957981810e-02
-3.631343454419528466e-02
-3.619681084903498408e-02
-3.612164020952882137e-02
-3.610076724793042507e-02
-3.607095476470281725e-02
-3.602827857596785366e-02
-3.591535285189150634e-02
-3.587009315946791677e-02
-3.581281871512117382e-02
-3.579009339185861005e-02
-3.572776861874121107e-02
-3.566302971885328826e-02
-3.560244870857119659e-02
-3.555019555430728034e-02
-3.547646458502352884e-02
-3.541933728214422678e-02
-3.539639761209013857e-02
-3.534638939288906045e-02
-3.534243515664972635e-02
-3.523684759415921658e-02
-3.519930331025731413e-02
-3.515705348373573957e-02
-3.503033370437004523e-02
-3.497086937237862958e-02
-3.491932093561036371e-02
-3.490492838199649867e-02
-3.489205095209275964e-02
-3.481428707338461020e-02
-3.475071961126720288e-02
-3.473032513600912696e-02
-3.461714853767705602e-02
-3.459552425750291732e-02
-3.445455145796991192e-02
-3.444530060392919646e-02
-3.439026437761526223e-02
-3.437423273346301017e-02
-3.428978849437368942e-02
-3.420271684210070967e-02
-3.417714816365910457e-02
-3.415373969968414636e-02
-3.409889484152475031e-02
-3.400929121757059748e-02
-3.398175388998358332e-02
-3.384835527887141565e-02
-3.383640403534973751e-02
-3.381516688874679211e-02
-3.372125916453826838e-02
-3.366764003754288415e-02
-3.362560156293055436e-02
-3.355200749398038612e-02
-3.353916863777780394e-02
-3.349848882939971545e-02
-3.340306555283540507e-02
-3.336791227032902263e-02
-3.330525072875370474e-02
-3.323540460881763137e-02
-3.321421974714285075e-02
-3.313932268813431919e-02
-3.306710609436073339e-02
-3.304920132868003485e-02
-3.296360910675171646e-02
-3.290398343498081302e-02
-3.286875483953668325e-02
-3.285510398065841914e-02
-3.280274874443785821e-02
-3.278257426907734556e-02
-3.275366348675520789e-02
-3.270705831536684094e-02
-3.265477040483058535e-02
-3.263981148495542772e-02
-3.257039511750672162e-02
-3.246371162286180306e-02
-3.244326118430112399e-02
-3.239964621153934576e-02
-3.226948136629005648e-02
-3.222786363411825339e-02
-3.211747519401863399e-02
-3.209153255799743892e-02
-3.203779315946320844e-02
-3.199458371710919846e-02
-3.192473148636589680e-02
-3.189445940054900369e-02
-3.187684508017983587e-02
-3.185115637044166198e-02
-3.179705614238697436e-02
-3.173564643814383301e-02
-3.170423191587775497e-02
-3.164973437089163566e-02
-3.161487801975779166e-02
-3.157307146110088780e-02
-3.145475350150211957e-02
-3.142747686423358333e-02
-3.136647556225260342e-02
-3.132449874717211508e-02
-3.129361141946676583e-02
-3.122822737498731627e-02
-3.116309246079996403e-02
-3.113736440168500888e-02
-3.110622609816657627e-02
-3.104688003364949531e-02
-3.102891630302391165e-02
-3.096531445652973141e-02
-3.093944632967679173e-02
-3.092357509956444525e-02
-3.086055202574724404e-02
-3.081290977920287527e-02
-3.077556479502144282e-02
-3.072348135575954028e-02
-3.063945996829489996e-02
-3.060048007658057109e-02
-3.052239135372248474e-02
-3.042287263129616129e-02
-3.041598063828645365e-02
-3.034195817850283278e-02
-3.031809001632023576e-02
-3.029095333886211092e-02
-3.025101160073496651e-02
-3.017686754191363507e-02
-3.013611563046919573e-02
-3.011181031643675801e-02
-3.004029093694497721e-02
-3.000844995919868877e-02
-2.996145635791981968e-02
-2.994079227514480010e-02
-2.986894431288501794e-02
-2.983225277605326686e-02
-2.977754131700769899e-02
-2.971638901717149617e-02
-2.970513932061808610e-02
-2.963389512961233166e-02
-2.958633295411861042e-02
-2.953148712079170513e-02
-2.950089721136897256e-02
-2.948200599403839189e-02
-2.944465388209465545e-02
-2.939521993836953853e-02
-2.934731670686860014e-02
-2.927965084840762969e-02
-2.926087635722861985e-02
-2.923139731564432589e-02
-2.918038113442825154e-02
-2.916476084936206817e-02
-2.912049190264497794e-02
-2.902928965795174496e-02
-2.899515887488236798e-02
-2.897767513913243609e-02
-2.894621905399965417e-02
-2.891314925091371252e-02
-2.883818194458819678e-02
-2.878272813153499518e-02
-2.875154753793708953e-02
-2.867548831452431876e-02
-2.863512571911714863e-02
-2.858490258465967368e-02
-2.855486023671832338e-02
-2.846846486163378404e-02
-2.844575002117075493e-02
-2.841706952836323824e-02
-2.838175199808967361e-02
-2.833798694540844154e-02
-2.833031555440577998e-02
-2.824080475229451270e-02
-2.823487860984397191e-02
-2.816933368949050762e-02
-2.813893975127621655e-02
-2.808067080702904283e-02
-2.799478491197174290e-02
-2.797534490662453507e-02
-2.784725588916089206e-02
-2.784277289809330633e-02
-2.780394648740896688e-02
-2.779227233764174770e-02
-2.772761202227893435e-02
-2.770713758733250875e-02
-2.770249977657823423e-02
-2.757018038033223761e-02
-2.754798431748930326e-02
-2.748866880732694223e-02
-2.747506502320089944e-02
-2.742323898969519988e-02
-2.739499244247025483e-02
-2.732255581960008062e-02
-2.730753932280810189e-02
-2.725408559789058854e-02
-2.722455611290564362e-02
-2.719646396091520563e-02
-2.715869759257351010e-02
-2.711175546801571773e-02
-2.710212953020031679e-02
-2.701428183522569873e-02
-2.698184246900627373e-02
-2.696206855844147932e-02
-2.687325815090507719e-02
-2.685871764934140773e-02
-2.684044618525440948e-02
-2.675116604989358216e-02
-2.667837080936815222e-02
-2.665985952465816863e-02
-2.664604691271542022e-02
-2.658774164777366264e-02
-2.656139450761016776e-02
-2.652323462189593029e-02
-2.649538648804715402e-02
-2.644040488727871993e-02
-2.638214942290649165e-02
-2.633822603774080284e-02
-2.631769116429778788e-02
-2.627561075349634651e-02
-2.621571334249305288e-02
-2.618216844677750607e-02
-2.615943845842862506e-02
-2.613312260226330688e-02
-2.609645432006066704e-02
-2.604494984720407899e-02
-2.602934667174814157e-02
-2.593195485276310677e-02
-2.585910575836743858e-02
-2.583973667059064061e-02
-2.579997074192511008e-02
-2.578837828245197222e-02
-2.573255249866683581e-02
-2.568142779740043360e-02
-2.560080985417034077e-02
-2.555324731064750193e-02
-2.553550473917763630e-02
-2.550746201435572305e-02
-2.548736498980602033e-02
-2.545084518839556970e-02
-2.543030961399686540e-02
-2.533660571214212121e-02
-2.528513979188200950e-02
-2.525470194203718530e-02
-2.523465551910307469e-02
-2.517813242461118192e-02
-2.513170428950860236e-02
-2.507506914216431348e-02
-2.502980390180871081e-02
-2.497711830206464020e-02
-2.493269843715745573e-02
-2.489534699965767137e-02
-2.487289769369233419e-02
-2.485157227303081209e-02
-2.481757096350910644e-02
-2.481308662570075318e-02
-2.478376993564294570e-02
-2.472593451190586294e-02
-2.466902720615514813e-02
-2.463808714429486374e-02
-2.459680038746100278e-02
-2.453584136224869899e-02
-2.448584464829080959e-02
-2.442954742508732582e-02
-2.439902492700457559e-02
-2.436383201253816688e-02
-2.435792128210454571e-02
-2.425896836655779334e-02
-2.422043931948818923e-02
-2.417045236273113185e-02
-2.415300257038356657e-02
-2.411964227990787482e-02
-2.404261140959774654e-02
-2.401250531906626642e-02
-2.396269012311318114e-02
-2.394197225508370303e-02
-2.388992578808424305e-02
-2.386019270871828427e-02
-2.383257389804263604e-02
-2.379566175729861885e-02
-2.372742532632499818e-02
-2.370439323009002411e-02
-2.368064133476633151e-02
-2.365238212642621629e-02
-2.355927228019608424e-02
-2.351877155138533057e-02
-2.350112021906328522e-02
-2.345231154559394848e-02
-2.340801644989471547e-02
-2.335326034479194568e-02
-2.333567698038198704e-02
-2.331501375243459281e-02
-2.330217249998900453e-02
-2.323058449337004477e-02
-2.321788104053306920e-02
-2.315189994978282192e-02
-2.306750046457592060e-02
-2.304819867995351948e-02
-2.301245684640407588e-02
-2.300346270759314263e-02
-2.296218794301315216e-02
-2.294475410320506031e-02
-2.291453118955191076e-02
-2.279775233982343427e-02
-2.278175461606219560e-02
-2.275092901147204860e-02
-2.271881213243789888e-02
-2.268265920711447572e-02
-2.265831042213328067e-02
-2.260862527537926131e-02
-2.259561625110976385e-02
-2.254292333002306734e-02
-2.252430315457049428e-02
-2.250427912324466304e-02
-2.241657897946387062e-02
-2.236597392083739325e-02
-2.233432370902251399e-02
-2.231197437683454105e-02
-2.227407060156158872e-02
-2.224935152074741795e-02
-2.218407910656889151e-02
-2.215895048328054770e-02
-2.212475635123262521e-02
-2.204119430156121009e-02
-2.202951233661504596e-02
-2.198353198903213804e-02
-2.193770474616114560e-02
-2.189819851815775348e-02
-2.185208261239825547e-02
-2.180224255237957903e-02
-2.174727367659010785e-02
-2.172414115036990986e-02
-2.170542286672785814e-02
-2.167803255365278667e-02
-2.163470258439858726e-02
-2.160539077456080648e-02
-2.159088465235495247e-02
-2.153011797615037720e-02
-2.146544630208773591e-02
-2.141616220346716920e-02
-2.140783449370143449e-02
-2.137644799822440919e-02
-2.133652845831314135e-02
-2.130995888155641504e-02
-2.129737498527355111e-02
-2.127183629195054243e-02
-2.124408376396482237e-02
-2.113957763017756952e-02
-2.111982917128638060e-02
-2.106986268457101963e-02
-2.103307126728655788e-02
-2.097811676512354589e-02
-2.091812359461307086e-02
-2.087086832608085751e-02
-2.083291630852200996e-02
-2.079909765308528627e-02
-2.078208342003724438e-02
-2.072626359466560320e-02
-2.070134088558712310e-02
-2.065205045378654125e-02
-2.062336035244925411e-02
-2.059544068976212200e-02
-2.054694968089125148e-02
-2.051041064499154951e-02
-2.044793087784670810e-02
-2.043382456450477599e-02
-2.038610503683816605e-02
-2.038202069592856200e-02
-2.034569841351926284e-02
-2.033455667480893805e-02
-2.027695232432811731e-02
-2.025708697460552529e-02
-2.021054837240859187e-02
-2.013564035105198241e-02
-2.008834016527186878e-02
-2.007491158570956155e-02
-2.006919887866328786e-02
-2.000331068348557700e-02
-1.999951994934542898e-02
-1.992429065819679643e-02
-1.985774618097631977e-02
-1.979274835971612037e-02
-1.978019718559267254e-02
-1.975400404628821494e-02
-1.970553040626125962e-02
-1.968201498881046174e-02
-1.965974247436129765e-02
-1.962545815253524673e-02
-1.960310096744712072e-02
-1.958928728146252726e-02
-1.954472552635338339e-02
-1.950358053286330856e-02
-1.946212005926161934e-02
-1.941548007628431105e-02
-1.939657010873202872e-02
-1.932551513785055533e-02
-1.928541210319963464e-02
-1.927662682405902050e-02
-1.924249937068565550e-02
-1.918877968409219564e-02
-1.917072628497627079e-02
-1.913805084003296700e-02
-1.909025897681177961e-02
-1.905576723377973639e-02
-1.899451013198250049e-02
-1.895923667589160047e-02
-1.890645149145983583e-02
-1.888359746671063738e-02
-1.886390492013499676e-02
-1.881529675910165872e-02
-1.878619569540583567e-02
-1.873863913442718951e-02
-1.867334072211030913e-02
-1.864121748428655689e-02
-1.861639828833134072e-02
-1.857007979337165632e-02
-1.854952271132228811e-02
-1.847489197314261880e-02
-1.843063675454300471e-02
-1.838472673894334108e-02
-1.836070908841167318e-02
-1.833481516721374716e-02
-1.826823063422760088e-02
-1.822237752045969758e-02
-1.820288548323465219e-02
-1.814478492195573459e-02
-1.812506874733258930e-02
-1.808689470074458655e-02
-1.806502779414226323e-02
-1.804690456704765786e-02
-1.802679145163754715e-02
-1.797201238648062777e-02
-1.794910288538217186e-02
-1.792361533001713206e-02
-1.785803974483921724e-02
-1.782073198379197435e-02
-1.780449996278001337e-02
-1.778393244483258626e-02
-1.771268305487086470e-02
-1.769646566433242738e-02
-1.763484380483407860e-02
-1.760704812843032901e-02
-1.755859927181747243e-02
-1.752547979118538463e-02
-1.748667053742411492e-02
-1.745335537520560296e-02
-1.741968491821247952e-02
-1.737409679328338202e-02
-1.732819250505784545e-02
-1.728473013739924291e-02
-1.726878917964429216e-02
-1.724819776513233233e-02
-1.719882906473998649e-02
-1.716751727834563493e-02
-1.713149775414820469e-02
-1.706455256956099925e-02
-1.705153807843720962e-02
-1.701697425492787463e-02
-1.699224863946472569e-02
-1.696268131062016182e-02
-1.692279047664867891e-02
-1.686956261144278643e-02
-1.682319556802659016e-02
-1.680716249043760768e-02
-1.676959515148038204e-02
-1.672346464333622149e-02
-1.668851340712118603e-02
-1.667384083999047181e-02
-1.663322268737748438e-02
-1.658395346892705541e-02
-1.656956525805329539e-02
-1.643069997716412045e-02
-1.642097408297895147e-02
-1.639981384684057256e-02
-1.634062426386497999e-02
-1.633128285718147416e-02
-1.626388738865624031e-02
-1.625644688790086820e-02
-1.623732602035292405e-02
-1.619696640755660666e-02
-1.616817816084405515e-02
-1.608987013909886007e-02
-1.605195758873560405e-02
-1.602147639292187536e-02
-1.600257995682937209e-02
-1.597619726706778209e-02
-1.594880985758776945e-02
-1.591129660101706783e-02
-1.589335689765879536e-02
-1.583852353203729982e-02
-1.577295426661256064e-02
-1.576598923552799056e-02
-1.573206335615173063e-02
-1.571574682112873017e-02
-1.563192510745132352e-02
-1.560658908186306031e-02
-1.555785342128627319e-02
-1.553734320943635921e-02
-1.551139845618585908e-02
-1.549000627195452548e-02
-1.543854032397702636e-02
-1.541216205525969968e-02
-1.536535501395200516e-02
-1.534388555806994250e-02
-1.530658563663084802e-02
-1.525421893466463036e-02
-1.521623253859184094e-02
-1.519539347856358261e-02
-1.516283063569079034e-02
-1.510489224633617712e-02
-1.508499045114346931e-02
-1.504793330178727691e-02
-1.501025075652511614e-02
-1.498769001131465377e-02
-1.495139905402653735e-02
-1.489654761043818741e-02
-1.489066077597027069e-02
-1.481645120599675743e-02
-1.478303011646400593e-02
-1.475004398519207983e-02
-1.473282049506485260e-02
-1.467733890744720750e-02
-1.464576499429251846e-02
-1.460314337721496138e-02
-1.458597855354234855e-02
-1.454335880973262919e-02
-1.453324758228920037e-02
-1.449941799527235987e-02
-1.444086339938139250e-02
-1.441690322031714128e-02
-1.432797528719712866e-02
-1.430903868005230575e-02
-1.425090897667721616e-02
-1.421808336985215700e-02
-1.418101497449796543e-02
-1.417479217051973057e-02
-1.413232210880123983e-02
-1.412223542740739628e-02
-1.405014871018924437e-02
-1.400473132376918971e-02
-1.398426378806408299e-02
-1.395918522886397187e-02
-1.391133192813538179e-02
-1.390108132795911389e-02
-1.387230783127337691e-02
-1.382543119464796182e-02
-1.381105782595281987e-02
-1.374517859270731578e-02
-1.371034549517083194e-02
-1.369171031815546828e-02
-1.363316008506151866e-02
-1.361505967108040879e-02
-1.355760725242399246e-02
-1.354957590009476034e-02
-1.349516511047162484e-02
-1.346375037132787993e-02
-1.342707447707982768e-02
-1.335219191523015839e-02
-1.333959528754783026e-02
-1.331451761106927992e-02
-1.328730929553711103e-02
-1.324556588542251043e-02
-1.320521123953782676e-02
-1.316140093495479779e-02
-1.314282838241425180e-02
-1.309876312383067773e-02
-1.307739209747963566e-02
-1.303151641237952976e-02
-1.300355036863560902e-02
-1.297164493832951744e-02
-1.293367478869449430e-02
-1.289205780836561940e-02
-1.286485098257000685e-02
-1.284177923831047313e-02
-1.278365405007209944e-02
-1.274934780247404323e-02
-1.273831369625865600e-02
-1.270518896702588392e-02
-1.266420562786524547e-02
-1.259969757177920383e-02
-1.255875900936272334e-02
-1.253582996817139035e-02
-1.251771414502821783e-02
-1.250047093327382765e-02
-1.245730592235573531e-02
-1.242060778159595480e-02
-1.236895093796020091e-02
-1.230113820107896563e-02
-1.228002366549095850e-02
-1.226078041863435872e-02
-1.217549829536923936e-02
-1.216165423456687031e-02
-1.213439786144796494e-02
-1.211281845708256366e-02
-1.208701801665102403e-02
-1.202883402381720729e-02
-1.200440420765601715e-02
-1.196966561287148359e-02
-1.191647158389998531e-02
-1.185601422563356024e-02
-1.180705436706447342e-02
-1.178666030240401418e-02
-1.176777317076600424e-02
-1.173921644314276230e-02
-1.170818847009525744e-02
-1.168247591603521242e-02
-1.166527341702711801e-02
-1.163159947176909542e-02
-1.156363085280744628e-02
-1.154423955468101594e-02
-1.150351713972499676e-02
-1.149338845356538338e-02
-1.145337987639939367e-02
-1.134763135049638751e-02
-1.132449062085872857e-02
-1.131474814598249640e-02
-1.129023359353843216e-02
-1.122738882942312701e-02
-1.118854422608236109e-02
-1.116125942727250880e-02
-1.114363818829430808e-02
-1.111486689919392520e-02
-1.108756140956890061e-02
-1.105894246748368066e-02
-1.104175343183748381e-02
-1.100358320282768775e-02
-1.095726447564578966e-02
-1.095164475492110649e-02
-1.089079844446378884e-02
-1.086340005129325659e-02
-1.080933878096031024e-02
-1.076830036762959492e-02
-1.074711617013719353e-02
-1.070230141355801856e-02
-1.067856139061375796e-02
-1.061138143491943860e-02
-1.057564725705375380e-02
-1.055483857264913859e-02
-1.051268023368155148e-02
-1.047358649112051752e-02
-1.045014210524052890e-02
-1.042749237785318625e-02
-1.040379102938194210e-02
-1.036761382877242343e-02
-1.032317818678270098e-02
-1.028198410988871714e-02
-1.026161561730674909e-02
-1.022992217842958601e-02
-1.022006386532240199e-02
-1.016140535905348842e-02
-1.012102726024205306e-02
-1.009901963275428201e-02
-1.006973283849139922e-02
-1.002542258784899082e-02
-1.001348658970566477e-02
-9.950363218158455106e-03
-9.925496442980371800e-03
-9.897730747930129705e-03
-9.839403549648772715e-03
-9.814989080225511656e-03
-9.791446934271131469e-03
-9.751034867370141426e-03
-9.733109919318217243e-03
-9.698761949163562171e-03
-9.686163406332116629e-03
-9.579314565705647488e-03
-9.544767469533395679e-03
-9.516983487216461313e-03
-9.492631750678486025e-03
-9.472294078536733566e-03
-9.420461574661099721e-03
-9.410904765360965027e-03
-9.347858801571259577e-03
-9.326951301482507353e-03
-9.266332891305597425e-03
-9.234173780837986317e-03
-9.214619161465206071e-03
-9.190394127759187945e-03
-9.158052485443773580e-03
-9.124317322598765254e-03
-9.106087984471680080e-03
-9.049378148132508279e-03
-9.000089321814617668e-03
-8.945126758498199437e-03
-8.917414178532317645e-03
-8.892840693871625901e-03
-8.842156028489495806e-03
-8.798499274083613000e-03
-8.764987849177612034e-03
-8.734217992269234510e-03
-8.719066591005918826e-03
-8.664034785275560868e-03
-8.632462825135781351e-03
-8.600792752410964595e-03
-8.558634598171931118e-03
-8.552913526701514529e-03
-8.540079204108434047e-03
-8.469044924104921282e-03
-8.463317369326371284e-03
-8.404323379992004878e-03
-8.385838033715462339e-03
-8.347941900542254698e-03
-8.305188721376992669e-03
-8.294429564333617028e-03
-8.250962266263300177e-03
-8.215334516150397948e-03
-8.184686486178930492e-03
-8.170208076884890799e-03
-8.113967326557102247e-03
-8.068498121453406696e-03
-8.004223127290700096e-03
-7.989981717691184426e-03
-7.946072984636851425e-03
-7.934642257159838993e-03
-7.882570671487454383e-03
-7.846472299020032862e-03
-7.806847874950535206e-03
-7.741442515177355058e-03
-7.723702204057573614e-03
-7.692407272033121787e-03
-7.683297273483128027e-03
-7.627588744657247573e-03
-7.589296194422660846e-03
-7.576021295787629256e-03
-7.548002172111195791e-03
-7.494896997422615878e-03
-7.463377093508295063e-03
-7.439761238846849881e-03
-7.402052668122496674e-03
-7.381126049487637952e-03
-7.328881912303387113e-03
-7.306134414256641729e-03
-7.271354485192856217e-03
-7.234353863205870289e-03
-7.226652944897680141e-03
-7.181207259020546546e-03
-7.136298690417711837e-03
-7.089984817154210313e-03
-7.070267625767154979e-03
-7.047742878931983687e-03
-7.006160788998987664e-03
-6.979477307158982700e-03
-6.925712863963194056e-03
-6.915003485798263891e-03
-6.850476165840062477e-03
-6.816922556464636088e-03
-6.784339682686186569e-03
-6.764223238555801612e-03
-6.696190523498695216e-03
-6.693497892756170714e-03
-6.655714912595321435e-03
-6.625520767448897161e-03
-6.586984270461743000e-03
-6.567571117190844181e-03
-6.488814692725322283e-03
-6.461716489679214005e-03
-6.410717562215445878e-03
-6.370917032809826283e-03
-6.320323625475972318e-03
-6.309966294734875580e-03
-6.301980431539545846e-03
-6.286061878932657464e-03
-6.250102037950375916e-03
-6.222670304527215535e-03
-6.198987548351082844e-03
-6.141168567051625074e-03
-6.116452015665454697e-03
-6.101415693383772931e-03
-6.054285842100342110e-03
-6.008814666426462101e-03
-5.982611944673713045e-03
-5.916729569357869790e-03
-5.903043115898331042e-03
-5.883875072337577984e-03
-5.838515841570803347e-03
-5.832462747455822126e-03
-5.795001002052348887e-03
-5.703535189297342586e-03
-5.669152493549440251e-03
-5.641505683864529892e-03
-5.612677154494115361e-03
-5.569061070316956401e-03
-5.527340404781958330e-03
-5.522067056448958650e-03
-5.453671455768640923e-03
-5.430085263035529415e-03
-5.380594768193859047e-03
-5.367319229412657010e-03
-5.322880657796746212e-03
-5.270518080496792469e-03
-5.235438645056124211e-03
-5.219905962506077822e-03
-5.180611311645320557e-03
-5.150975708997177285e-03
-5.110967390619664333e-03
-5.077742886277230097e-03
-5.047369748270048688e-03
-5.025678597432186624e-03
-4.965711822475231407e-03
-4.944488188000756811e-03
-4.916666879072189265e-03
-4.888246794823510565e-03
-4.874330203688756469e-03
-4.822129162734208573e-03
-4.756100226149262596e-03
-4.740235421344799957e-03
-4.716794330086948074e-03
-4.692320759314103605e-03
-4.659843871902729154e-03
-4.637483569393799007e-03
-4.597165406509310000e-03
-4.576029890255992744e-03
-4.556218496972343386e-03
-4.510215078722846528e-03
-4.505171960436772302e-03
-4.473386919708347009e-03
-4.369793409202822089e-03
-4.356727684561261318e-03
-4.323185437383427442e-03
-4.306645911883533531e-03
-4.276631179395017426e-03
-4.218638945371485337e-03
-4.210182968568963562e-03
-4.142486575225864248e-03
-4.105118262102446999e-03
-4.066955703604403609e-03
-4.050001112775542499e-03
-4.023223105834912265e-03
-3.980112363534230556e-03
-3.929423507709349853e-03
-3.899595567691907429e-03
-3.835977153818975749e-03
-3.797919675504366280e-03
-3.771113921905803416e-03
-3.739319418993935964e-03
-3.705335783458710373e-03
-3.690294921402628020e-03
-3.665513974217864384e-03
-3.645014774295859440e-03
-3.626321880959404009e-03
-3.563236678571352761e-03
-3.515916130969316995e-03
-3.489979579359421373e-03
-3.479235876778440876e-03
-3.440434051224880701e-03
-3.396989685989115770e-03
-3.358526873679474820e-03
-3.326485870757160072e-03
-3.310179984265009239e-03
-3.234570928529436912e-03
-3.213404334242375097e-03
-3.165360894642897834e-03
-3.139389571369411228e-03
-3.081902750926836850e-03
-3.056221528839769309e-03
-3.037911471473246205e-03
-3.015019552155785362e-03
-2.989272982637550605e-03
-2.960031267322848873e-03
-2.904942157936658744e-03
-2.888201131176490639e-03
-2.851642184937001629e-03
-2.807559023601187247e-03
-2.762542824419580555e-03
-2.745283768278423357e-03
-2.713883044897742475e-03
-2.667642115755848933e-03
-2.652286047310738887e-03
-2.636918414253709275e-03
-2.550237415936395038e-03
-2.542826262498032192e-03
-2.479175046860481769e-03
-2.461215105555603425e-03
-2.413677654706015453e-03
-2.381961053674238812e-03
-2.323866108740189115e-03
-2.310729979388166135e-03
-2.262650990961226436e-03
-2.234092037647112446e-03
-2.214702873009445801e-03
-2.183364994912180557e-03
-2.177904580658921591e-03
-2.120194598761771659e-03
-2.106073388186838549e-03
-2.051248875239917308e-03
-2.030828275702704303e-03
-2.026415845217235771e-03
-1.974767326455959156e-03
-1.910255085915267114e-03
-1.857543219292395352e-03
-1.833445098322637311e-03
-1.813785588345282048e-03
-1.783803222828467521e-03
-1.769910318098638765e-03
-1.746456677301156963e-03
-1.696163054620691748e-03
-1.648234247301205930e-03
-1.609641628230021803e-03
-1.580809748091877368e-03
-1.567166924427402293e-03
-1.521275596315494047e-03
-1.495367009257631604e-03
-1.424483084806787503e-03
-1.377323456390327832e-03
-1.346606572855092330e-03
-1.339781675231138973e-03
-1.291630467951723369e-03
-1.254070027033852295e-03
-1.225440065288287313e-03
-1.163978941775957107e-03
-1.144748440299866131e-03
-1.093987808494435070e-03
-1.079045225896203483e-03
-1.060406626240645560e-03
-1.014671566362318998e-03
-9.804565502461188437e-04
-9.541291989178770283e-04
-9.394516330941459024e-04
-9.070878335750678012e-04
-8.962721745124540076e-04
-8.137104974358666271e-04
-7.970405715783641194e-04
-7.416165465782961416e-04
-7.354401780195938230e-04
-7.113216358364247462e-04
-6.847773626811948840e-04
-6.669160848962970602e-04
-6.324231233418138804e-04
-5.937188131746409282e-04
-5.682216870308523949e-04
-5.573111941326959256e-04
-5.051759766746569081e-04
-4.618300401892621709e-04
-3.815248670056919054e-04
-3.508210490860368515e-04
-3.201107614977046520e-04
-3.121150603447371444e-04
-2.986433971371675188e-04
-2.741449725910325959e-04
-2.011349703864107681e-04
-1.708356488178240792e-04
-1.281843497652824018e-04
-7.821416016388177091e-05
-7.098232559340814335e-05
-4.576186689422914202e-05
-6.763148425683482213e-06
2.591191707406078471e-05
4.856258214692547339e-05
9.275504134406575992e-05
1.193196630547435573e-04
1.677282486770739864e-04
1.862415760312020072e-04
2.146976095762297924e-04
2.389905837725571369e-04
2.739940737042615045e-04
3.209305261835247898e-04
3.308802907190801874e-04
3.520339185476319675e-04
4.122271810407021598e-04
4.487809602096361097e-04
4.697433463284733917e-04
5.129243808148150089e-04
5.472725635577106035e-04
5.883220778942750782e-04
6.225158635659540146e-04
6.345695510918076881e-04
6.574912983246811041e-04
6.995270981113772303e-04
7.584368631239923365e-04
8.050700833049611975e-04
8.194216903856544340e-04
8.558591505947485238e-04
9.102173001230655629e-04
9.518680276388700621e-04
9.671304243758296892e-04
9.907720361393577892e-04
9.983888386723683249e-04
1.064441781232737094e-03
1.103299160128594705e-03
1.144959512170732122e-03
1.152639781330793041e-03
1.222035739253767581e-03
1.227562605445857479e-03
1.293265820515272085e-03
1.347878774815254328e-03
1.375507633262303912e-03
1.392958313453965605e-03
1.404279413204375477e-03
1.434538082476936047e-03
1.470695475875349271e-03
1.529526115280846520e-03
1.549784450463050339e-03
1.553880479775326777e-03
1.625107524616290931e-03
1.635071492886184001e-03
1.680591286847241215e-03
1.719835922923426122e-03
1.771197618268543963e-03
1.776242859963888220e-03
1.814624862614305648e-03
1.855416278386384831e-03
1.867637175643857214e-03
1.906021153039320513e-03
1.963125588955809062e-03
2.000450320876760897e-03
2.027943286884264541e-03
2.066445849265931538e-03
2.101801681250179028e-03
2.120945279971666458e-03
2.149922978881233741e-03
2.161933796587707252e-03
2.173352960423747832e-03
2.211006583057181698e-03
2.289959813870904096e-03
2.335075437220752916e-03
2.351368642638897773e-03
2.374505478879379572e-03
2.412011634585907189e-03
2.468689207040716208e-03
2.487170873544378678e-03
2.534692165595264345e-03
2.573568029642612619e-03
2.590658201402725683e-03
2.621843997599841714e-03
2.653250142415971603e-03
2.686971460544330340e-03
2.717207334139322243e-03
2.741091072556741618e-03
2.785157606025869589e-03
2.828494856669139679e-03
2.852525545487864366e-03
2.918324877487272432e-03
2.938956747609318149e-03
2.963706803872485050e-03
3.009217198094261275e-03
3.057584355667170972e-03
3.088703957601542701e-03
3.126797349757043376e-03
3.170680155580985534e-03
3.188626780401826455e-03
3.233895246065419428e-03
3.246384561487478636e-03
3.294383640533756364e-03
3.315641462974912562e-03
3.338251741816005737e-03
3.360898346099746702e-03
3.406016138409569821e-03
3.444899406267028230e-03
3.496601725926739516e-03
3.534926279841351781e-03
3.602645530573505075e-03
3.647315407080503353e-03
3.663158035083734221e-03
3.676613980927368429e-03
3.682775323045560031e-03
3.712099071848920431e-03
3.736590855357259985e-03
3.772760069956261706e-03
3.826793705347464238e-03
3.852445030051793434e-03
3.906009599278473850e-03
3.909813248333879332e-03
4.009020332742543012e-03
4.028172319792692330e-03
4.046022914647074038e-03
4.084751490617158191e-03
4.149502973465135983e-03
4.206451555863899988e-03
4.220494857292673464e-03
4.236615345934069583e-03
4.240409513950736675e-03
4.270782388654501688e-03
4.327571715599549777e-03
4.366814999935567619e-03
4.402025226427335597e-03
4.424580869321737865e-03
4.446651383328566187e-03
4.470688187677827712e-03
4.489105474436423486e-03
4.549890705257342120e-03
4.589367118883276933e-03
4.637557172444002271e-03
4.663188363170809800e-03
4.699880223846784888e-03
4.716750771934851566e-03
4.760366036911801990e-03
4.826204612756223970e-03
4.835527946397845563e-03
4.898454457509947464e-03
4.943706540839409684e-03
4.955076329199358844e-03
4.997151741183460116e-03
5.008315149679956960e-03
5.063996627399008910e-03
5.078317182404693507e-03
5.176392350172115409e-03
5.204676213095742535e-03
5.217821908042735712e-03
5.231553791596610208e-03
5.261897877062608926e-03
5.284182899710053102e-03
5.307992135959585696e-03
5.366313077807564370e-03
5.394341386585379573e-03
5.412074835661517640e-03
5.430285907363800388e-03
5.474649066669563802e-03
5.486471172507979832e-03
5.555751819820003816e-03
5.575363438292627732e-03
5.585239152816031186e-03
5.647443150769549010e-03
5.666136459439367196e-03
5.675939471142323577e-03
5.771878434398500929e-03
5.796709954026761820e-03
5.835713984738692683e-03
5.860507682317280843e-03
5.885843789265313673e-03
5.913024224949397015e-03
5.950048672044944316e-03
6.001101477004437690e-03
6.031098930347076649e-03
6.070337125748629693e-03
6.116450853674646436e-03
6.140525518232703255e-03
6.171535295534661542e-03
6.202337628240822687e-03
6.223960752939509955e-03
6.239101641587741637e-03
6.304461759319338228e-03
6.375849797855421761e-03
6.383597872866843444e-03
6.433741820548738964e-03
6.443237416146827164e-03
6.459887148776577090e-03
6.492349889782276194e-03
6.573464323166564906e-03
6.584432824094555922e-03
6.615033644062051285e-03
6.632564229262359612e-03
6.694460976442075800e-03
6.724889531851430471e-03
6.753769502290490195e-03
6.798366255902354126e-03
6.855477669589390456e-03
6.876849270406912989e-03
6.896267713351959296e-03
6.936759453986709144e-03
6.965870398312774998e-03
6.999371582840317567e-03
7.040166568449425163e-03
7.072896380631069589e-03
7.135016885626139366e-03
7.159125553869483821e-03
7.186269149356654985e-03
7.193934544318877217e-03
7.231894102618329628e-03
7.271870865015129561e-03
7.331521662473875801e-03
7.378792550911545019e-03
7.390318905511001138e-03
7.412604838591448607e-03
7.439958376507908172e-03
7.455899914873741208e-03
7.478570832686755841e-03
7.555507145068365675e-03
7.574785867795641447e-03
7.588779093805367477e-03
7.623238373805820561e-03
7.657818621491359508e-03
7.690673828787781760e-03
7.720091925162778090e-03
7.766101479341497131e-03
7.778174816452686387e-03
7.821208117719217687e-03
7.859012712334677644e-03
7.879553797517232019e-03
7.928083771020718457e-03
7.979838832234766727e-03
7.987976194534835220e-03
8.039114862416278998e-03
8.084462902788136507e-03
8.112492819966357627e-03
8.142623687508390370e-03
8.194965228914779728e-03
8.201035377402224671e-03
8.222432987708276284e-03
8.289638520834946567e-03
8.347583907489299418e-03
8.398900443256054199e-03
8.419337909477846160e-03
8.420416274640043358e-03
8.440893862339418283e-03
8.512427441494278130e-03
8.517726290695862984e-03
8.608601112937904268e-03
8.624209141946889007e-03
8.670575294132513294e-03
8.687255196981002320e-03
8.709089517532639727e-03
8.724209242850809037e-03
8.747985692052562615e-03
8.835763572032643426e-03
8.855344374869811644e-03
8.884402982670352653e-03
8.917762612840099065e-03
8.940961631802645665e-03
8.971755273154325208e-03
9.001202974320905020e-03
9.028817260218069060e-03
9.079106826260698732e-03
9.107079087321444041e-03
9.169706856579883103e-03
9.173192107211805557e-03
9.211363533649647231e-03
9.268371949203348809e-03
9.291088859844460687e-03
9.317207853613311205e-03
9.339247369595569601e-03
9.371832846575684633e-03
9.405670853541277243e-03
9.437644905298723380e-03
9.455762357006953014e-03
9.554332502852563858e-03
9.602103946981646598e-03
9.613711422501424950e-03
9.671406451479002200e-03
9.708073199476197068e-03
9.731551488068229672e-03
9.773148570528071566e-03
9.795058990627983006e-03
9.833823424423772386e-03
9.850501892190829251e-03
9.864448926114847624e-03
9.927447214564033909e-03
9.940544609610083709e-03
1.001686666353415918e-02
1.002091279001216667e-02
1.006016662386533325e-02
1.012425178609610912e-02
1.013877430681206157e-02
1.015526911247490068e-02
1.016567151649238818e-02
1.024402756398405667e-02
1.027714785724099730e-02
1.029185714691136302e-02
1.032419206497203409e-02
1.040439595190483998e-02
1.040658482072115074e-02
1.045277293860149767e-02
1.048148324209858227e-02
1.050891556115441175e-02
1.053794091888670889e-02
1.055191540258246935e-02
1.065060966149888703e-02
1.067621879234894808e-02
1.069423455066198514e-02
1.071277194782743053e-02
1.075557628869510708e-02
1.077368563824638616e-02
1.081697885568325135e-02
1.082212551058316791e-02
1.090292626624972915e-02
1.091578825466670705e-02
1.096657728284221658e-02
1.097897872932620741e-02
1.102732489111788068e-02
1.104597235437381267e-02
1.110616917293840399e-02
1.114950827188202626e-02
1.118352255612674144e-02
1.119786644338064199e-02
1.122831184478958327e-02
1.127478828618089929e-02
1.129347064871692209e-02
1.133280708893143890e-02
1.135300910275508640e-02
1.139564220654292782e-02
1.140519085647348843e-02
1.146207188955571110e-02
1.150256195249870633e-02
1.151566761066504484e-02
1.153950245239137098e-02
1.157301860099473403e-02
1.162541321365110833e-02
1.169064164145343886e-02
1.173453903938807483e-02
1.175921608540393855e-02
1.178774886110917422e-02
1.180394923950367145e-02
1.183851394365344201e-02
1.187189803782731645e-02
1.189291107790252378e-02
1.195735401789941969e-02
1.199341905505119099e-02
1.199919554882830294e-02
1.202343379514510258e-02
1.204723186418853696e-02
1.209099814683686595e-02
1.211098810822839461e-02
1.216772391489032677e-02
1.223300078139432506e-02
1.226325197102832477e-02
1.231159872473881409e-02
1.231941044210970067e-02
1.236162133119027111e-02
1.242161242607097218e-02
1.243377953674068732e-02
1.246416859982039764e-02
1.248938493076494523e-02
1.252020788954405148e-02
1.255581421668730720e-02
1.261011446951818167e-02
1.263863651298011322e-02
1.265019099764532785e-02
1.270571217894111982e-02
1.274078518134922136e-02
1.281010554719055894e-02
1.281827602605284215e-02
1.289768449272364788e-02
1.290372047348375788e-02
1.291426427954790387e-02
1.297459895132378922e-02
1.300568778162432444e-02
1.306352288092513247e-02
1.310017901502947765e-02
1.312713954593170036e-02
1.317939708241245081e-02
1.319429582916597024e-02
1.325774931131379515e-02
1.331258125405547499e-02
1.333185231685540990e-02
1.337467495386874053e-02
1.340413160355528183e-02
1.341005524805041933e-02
1.344589299322196570e-02
1.349237296515712857e-02
1.355805460362524695e-02
1.356863138958729065e-02
1.361405473857986263e-02
1.364047155305849607e-02
1.365807935445768721e-02
1.373974460266917316e-02
1.375503297028411731e-02
1.379622395145312964e-02
1.384642743778602414e-02
1.385884104329808582e-02
1.391037394765855424e-02
1.394217878203360753e-02
1.395567032933612596e-02
1.399657793799475095e-02
1.403555951470464996e-02
1.406489800324103347e-02
1.410315667853574706e-02
1.416397725126789658e-02
1.417955879960985932e-02
1.420712518927717306e-02
1.427496249459941219e-02
1.427947851843578211e-02
1.433138103284980515e-02
1.434704184366673851e-02
1.436059322892340590e-02
1.439149946496271100e-02
1.440856675154223755e-02
1.444126206842612919e-02
1.453927239517931180e-02
1.455412704500791410e-02
1.459872311950711002e-02
1.463182793414635578e-02
1.465596679637443459e-02
1.467927323357084805e-02
1.473750986097046613e-02
1.475751328459416062e-02
1.481513574712119835e-02
1.484755960318843125e-02
1.489129844778327647e-02
1.491506626117030700e-02
1.496492801037825615e-02
1.501412682244749469e-02
1.505124445128075417e-02
1.507504632583128550e-02
1.511075446756983236e-02
1.512851529461296286e-02
1.516285278250625868e-02
1.517264027362377060e-02
1.521491450574138926e-02
1.528413841112266289e-02
1.531687854051583947e-02
1.536643792849263536e-02
1.540454969028160447e-02
1.544034823929006824e-02
1.545518570944791857e-02
1.546292129566853579e-02
1.550227529626179573e-02
1.555237294810871834e-02
1.556952834477832483e-02
1.560193203027362974e-02
1.561536226077184057e-02
1.565851233457971406e-02
1.574720028880967002e-02
1.579820157081813711e-02
1.583296055896582510e-02
1.587266659161100726e-02
1.591967774847582312e-02
1.592645283379739291e-02
1.593985321892455592e-02
1.599239144460055939e-02
1.604210910273008717e-02
1.611546806715945940e-02
1.614538086752864351e-02
1.615627330507665715e-02
1.620714414833444167e-02
1.621529135241099942e-02
1.625158995277888388e-02
1.628350770674330886e-02
1.632539546641267880e-02
1.636887062623698305e-02
1.638568672909545415e-02
1.643137276143854728e-02
1.647642465268152681e-02
1.653077151928109695e-02
1.653690610602179950e-02
1.660048488960513824e-02
1.666365273738274269e-02
1.668122203068884285e-02
1.670747684434590805e-02
1.673393563787572980e-02
1.679265621397717581e-02
1.680990341385366418e-02
1.685013577559454911e-02
1.685745620217230303e-02
1.691878363068669705e-02
1.696369045989373076e-02
1.701299428856560200e-02
1.703123854837144610e-02
1.708063941803720370e-02
1.710955743936313361e-02
1.717452916214157882e-02
1.721506927817587768e-02
1.724987516956591471e-02
1.726454750256405102e-02
1.729505117946669376e-02
1.733617639749266207e-02
1.737380342030720587e-02
1.739773032117959001e-02
1.742990414678355360e-02
1.748043050093915640e-02
1.749393525431224353e-02
1.755993354641198489e-02
1.759447165241309965e-02
1.761578452580283422e-02
1.766463679500469147e-02
1.770529988156498147e-02
1.774890662182622078e-02
1.779093569585724413e-02
1.779740507425072588e-02
1.786019344899553163e-02
1.792767569517177487e-02
1.793676401840911538e-02
1.797293460925094080e-02
1.800259881012184274e-02
1.802991452564027888e-02
1.807863658745749100e-02
1.808566556725973301e-02
1.814443781469781553e-02
1.816103112627419011e-02
1.819130928253281931e-02
1.822295987492599662e-02
1.826106525940686745e-02
1.827283668039123357e-02
1.834021188596979962e-02
1.841057327384128944e-02
1.844002870074417516e-02
1.849047835284257923e-02
1.851847479135775021e-02
1.855952990588223203e-02
1.861485479580903685e-02
1.863381598724848237e-02
1.865224441421788407e-02
1.870007002561470053e-02
1.876861395851397302e-02
1.879340947142264448e-02
1.886501024469739232e-02
1.888180795724501981e-02
1.894944210377512775e-02
1.895408995944844466e-02
1.898634513485640204e-02
1.901302216881955998e-02
1.912333205477423359e-02
1.913573835014002050e-02
1.913852212852113280e-02
1.916821401373985240e-02
1.919411299541105842e-02
1.926662897707102570e-02
1.931180355627577436e-02
1.933599335517702592e-02
1.936657123667963679e-02
1.938926908046612052e-02
1.941007545231964934e-02
1.945683592612284032e-02
1.948053032709332055e-02
1.952549053978716240e-02
1.952971788360025399e-02
1.956688713139033420e-02
1.962203780357320293e-02
1.967694133702278109e-02
1.971978830815684230e-02
1.974433980565184002e-02
1.977117206732784474e-02
1.979800917152722481e-02
1.983071580257151495e-02
1.987740414633655875e-02
1.991721014618346927e-02
1.994484829530928510e-02
2.000479131559800353e-02
2.007158579118714301e-02
2.011614201747809194e-02
2.011938769862924720e-02
2.018841413650902458e-02
2.022638838003524772e-02
2.024155573119650400e-02
2.027112264863539445e-02
2.031915293293741834e-02
2.036051010218695861e-02
2.041700783601855390e-02
2.045023747112299090e-02
2.050388371399359047e-02
2.050713991533785821e-02
2.053839672732700461e-02
2.058268796222758115e-02
2.059695145160923141e-02
2.066567048176139523e-02
2.068360967190970012e-02
2.071440728655340319e-02
2.076075074105785886e-02
2.079768483599364615e-02
2.085358009887893979e-02
2.088362997564255710e-02
2.095291595952346667e-02
2.095760616378912825e-02
2.096865320807343724e-02
2.104491123513548001e-02
2.108810892974671142e-02
2.110730540891007576e-02
2.113891902415468080e-02
2.117746032523596875e-02
2.125975623863479713e-02
2.128056933551478874e-02
2.132723787298305626e-02
2.132935071997303644e-02
2.138090547370860919e-02
2.142776301738198025e-02
2.148729540020132694e-02
2.151297159240702500e-02
2.154811219809283154e-02
2.158242935241636712e-02
2.163057753439801001e-02
2.166961027992373584e-02
2.172543403462724732e-02
2.174036983437876991e-02
2.178039079424600247e-02
2.180635335867344218e-02
2.189716936907615610e-02
2.189899451177752809e-02
2.191917983401438230e-02
2.202183218980323029e-02
2.207153568508812835e-02
2.210321959487994772e-02
2.211614809187827449e-02
2.213959389434854916e-02
2.215078732603349698e-02
2.221422990825355076e-02
2.222652341185285887e-02
2.226698520816537685e-02
2.229574801519417296e-02
2.234576242451205563e-02
2.238185975099607483e-02
2.243987031695530987e-02
2.245907785020396716e-02
2.249672387098883633e-02
2.255096911386999387e-02
2.258262982873402228e-02
2.262693352110713499e-02
2.266036216486996130e-02
2.268812255635396444e-02
2.279353070532664366e-02
2.279697457254107815e-02
2.284025095142703382e-02
2.288802517597176775e-02
2.293194045266423384e-02
2.295641950967679257e-02
2.298254438047320214e-02
2.305215131909905610e-02
2.306618668275342565e-02
2.312925128886491113e-02
2.313450113510298958e-02
2.317537643718109788e-02
2.323997579824959095e-02
2.324436619586686334e-02
2.335340884491040811e-02
2.338584822694326007e-02
2.341838844600221264e-02
2.344639346714185238e-02
2.349611279223727534e-02
2.350110048328018023e-02
2.358816889268845404e-02
2.364461453339624167e-02
2.367183327869079243e-02
2.369935416293273561e-02
2.370936273465635083e-02
2.379241673495728973e-02
2.381090574436627721e-02
2.384438938224458376e-02
2.391000268518798932e-02
2.398999741880207537e-02
2.401263288708596969e-02
2.403202004743714565e-02
2.403501207762746145e-02
2.409934656802410757e-02
2.416349038542745312e-02
2.418414526869578848e-02
2.418732355798825992e-02
2.421266311533560103e-02
2.426956027782796801e-02
2.430368803766709551e-02
2.433200091676640878e-02
2.435497415926012391e-02
2.442979774578677571e-02
2.451387546821927679e-02
2.453243809981599591e-02
2.457791572914536440e-02
2.462249491209989039e-02
2.465645635379620781e-02
2.471721683070999404e-02
2.476223862220952240e-02
2.477701666631047100e-02
2.482830604058126542e-02
2.490890043741993479e-02
2.497549947646363414e-02
2.498469919132305372e-02
2.499914438963288590e-02
2.503863417944019246e-02
2.506192561876399022e-02
2.510789247435725111e-02
2.515782694534855063e-02
2.518965454606174673e-02
2.522016402501862931e-02
2.528677682659417197e-02
2.535677421466545067e-02
2.536079987056185162e-02
2.543607641307647424e-02
2.544413080049954742e-02
2.550820899129080041e-02
2.554528657571885839e-02
2.555020760491232695e-02
2.560839946673425238e-02
2.564751606120982755e-02
2.568452414762092267e-02
2.571809961431505490e-02
2.580375072937451247e-02
2.580610796522701464e-02
2.582470290578745345e-02
2.591333557793211451e-02
2.595236635995010546e-02
2.600107122093058692e-02
2.606418717876882521e-02
2.612669955119696977e-02
2.613438533885230342e-02
2.616719134976850866e-02
2.625105263176986253e-02
2.625549947302428452e-02
2.629133002387858478e-02
2.633960457034860078e-02
2.639723899313706559e-02
2.641945461457954197e-02
2.646892904479661648e-02
2.647395376558489555e-02
2.648746186627973231e-02
2.656204145952773682e-02
2.660204085997057780e-02
2.667708768317002960e-02
2.669763743184553825e-02
2.673901246734812498e-02
2.679301892041769176e-02
2.682803071723373345e-02
2.684384614842654296e-02
2.691255849310659684e-02
2.693163745966109870e-02
2.694281241044551439e-02
2.701373122858391485e-02
2.705185713388079394e-02
2.708962763679910457e-02
2.719988004461236508e-02
2.721830720111442781e-02
2.726870857512012775e-02
2.731909960571381885e-02
2.733245782779986088e-02
2.738446060824968609e-02
2.739335420755107872e-02
2.746812024056120849e-02
2.748184234925522135e-02
2.750563925092553222e-02
2.754733886997667511e-02
2.758921296656810518e-02
2.763417297581315796e-02
2.764248879790330224e-02
2.771280502246362479e-02
2.779574808438062608e-02
2.783324963396462820e-02
2.785278635215540644e-02
2.789950142716717679e-02
2.793527298053775573e-02
2.797281701661386011e-02
2.805125160249729438e-02
2.808732312201363962e-02
2.812390866964582098e-02
2.818632196180334212e-02
2.821550524762035314e-02
2.827338544087777683e-02
2.830640512810405490e-02
2.835663704876222393e-02
2.840578107991312273e-02
2.841831835697823661e-02
2.846909598658054277e-02
2.853539429467556732e-02
2.856218296038421506e-02
2.856768257208932779e-02
2.861191516784538855e-02
2.868417051787740604e-02
2.878443427339681324e-02
2.881881101627229921e-02
2.888411835495273416e-02
2.889427133161043618e-02
2.893831092205041006e-02
2.901056240614915960e-02
2.902794224915014251e-02
2.912043463658747777e-02
2.915176446302444879e-02
2.921552336939611458e-02
2.927057893003901998e-02
2.929125062681156230e-02
2.934750835800181007e-02
2.939128649489006553e-02
2.945122513542366288e-02
2.948112326883752660e-02
2.953183282056147038e-02
2.957657024009964150e-02
2.961487229462845053e-02
2.961990722977010312e-02
2.963981883642630849e-02
2.970375106471079621e-02
2.976331017259811057e-02
2.980521781878108303e-02
2.986194494399309687e-02
2.988722113940803921e-02
2.990729437313731018e-02
2.996527998112415159e-02
2.999085892762487493e-02
3.008327941571479341e-02
3.010049643063846675e-02
3.014037067691413899e-02
3.021067027858789777e-02
3.022033848818401341e-02
3.027496242265192983e-02
3.031660021905491567e-02
3.038148610682259512e-02
3.040082497622035793e-02
3.044489645981941772e-02
3.055426124502699792e-02
3.060614866047228419e-02
3.062665049107258716e-02
3.070143819796546797e-02
3.075726079429359772e-02
3.082369271711012104e-02
3.084562708755737501e-02
3.089114506391396620e-02
3.090285198024418645e-02
3.092469295556306980e-02
3.096104407038661674e-02
3.101109284802322508e-02
3.105418895817242328e-02
3.114384114594163228e-02
3.116338655232263333e-02
3.120359116668363145e-02
3.125968329690250597e-02
3.129103742970359980e-02
3.141636487613140571e-02
3.144595119822744117e-02
3.153300357216184957e-02
3.156864636467847374e-02
3.159948078254008752e-02
3.168721151719857548e-02
3.170485885222740913e-02
3.175054574640354815e-02
3.178645110635059529e-02
3.184202805146959386e-02
3.190445438487313906e-02
3.192003895417587500e-02
3.202576516489815533e-02
3.205686037461492888e-02
3.211329941417806477e-02
3.217037145594114911e-02
3.219792756667888556e-02
3.222951637420073262e-02
3.229155693108431285e-02
3.231710911908288603e-02
3.234320230290599341e-02
3.241038542721862842e-02
3.246424260572869369e-02
3.249398922636494158e-02
3.251968109801082335e-02
3.261902601976029992e-02
3.266462653116036091e-02
3.272162331851236061e-02
3.275664216513653887e-02
3.279207998667484081e-02
3.283723584699314857e-02
3.287313747967902239e-02
3.298510880121242883e-02
3.300666075148955131e-02
3.305807971185592553e-02
3.308735913960685754e-02
3.315495235049699396e-02
3.322414385969177375e-02
3.323924808016167493e-02
3.329472300398628182e-02
3.333236556510199566e-02
3.340346575920426220e-02
3.344680831604902871e-02
3.349205806233785526e-02
3.360376831788978308e-02
3.364475027477795838e-02
3.364854185729250491e-02
3.370913623223082550e-02
3.374866619345627539e-02
3.382270945360357078e-02
3.391642375557805955e-02
3.393311157256834187e-02
3.404327685813530319e-02
3.405719703820938443e-02
3.413490078111141440e-02
3.417411742253576717e-02
3.424575699895086867e-02
3.426565463120987559e-02
3.432120937602093497e-02
3.443618780536903540e-02
3.447621017276041727e-02
3.453146784932146357e-02
3.458459521042683144e-02
3.469551650729694320e-02
3.472817904517752630e-02
3.476554114600721029e-02
3.478599664902055910e-02
3.481633030649525229e-02
3.493630098560338015e-02
3.498081538948967506e-02
3.503877015370873704e-02
3.508913958755204704e-02
3.513668781761822985e-02
3.518442373309286358e-02
3.522565965125373094e-02
3.525432316038137198e-02
3.531429464761744880e-02
3.544967290422084555e-02
3.551929360641225414e-02
3.553774313898402232e-02
3.557743134578939675e-02
3.563202056657130412e-02
3.569888969811533391e-02
3.572865015625411450e-02
3.577979823277677857e-02
3.589061773709055492e-02
3.593692017797276567e-02
3.599725392055410506e-02
3.608428803516697259e-02
3.611277432179812313e-02
3.620226784596286551e-02
3.627536580135050370e-02
3.630812963560169776e-02
3.634280623287378803e-02
3.645560171796582982e-02
3.651153084283834116e-02
3.654451367483216306e-02
3.660181245215025914e-02
3.668333371805611309e-02
3.675932504626572284e-02
3.681130109435878234e-02
3.684973248104336796e-02
3.686533013060624281e-02
3.691667522425071124e-02
3.704699400748699689e-02
3.709807135483090407e-02
3.710865913149947320e-02
3.717649688922364942e-02
3.723730599417253428e-02
3.731409170753844512e-02
3.743291722444688774e-02
3.746235442185472109e-02
3.755276029665241544e-02
3.756903438937180678e-02
3.762366101876284813e-02
3.767012693586767325e-02
3.775760495657191906e-02
3.781670577214209933e-02
3.794186590047331914e-02
3.798744349048171348e-02
3.809415018143306325e-02
3.811149645372229749e-02
3.818243702273395324e-02
3.828291882909703320e-02
3.831384528777331822e-02
3.839736660777725435e-02
3.843503417155776092e-02
3.850514216422284280e-02
3.856285891049605202e-02
3.865672990145138654e-02
3.873839018894986719e-02
3.884426094925290396e-02
3.887419389370230099e-02
3.896700177591385511e-02
3.901791799447221903e-02
3.906015415130082574e-02
3.915280492117446942e-02
3.918793165464247441e-02
3.926318892083932588e-02
3.931796693903805845e-02
3.948862978758962972e-02
3.956164490454786714e-02
3.957558055102682742e-02
3.967712110556152055e-02
3.970471502928674817e-02
3.979950449852156374e-02
3.990728695877063248e-02
3.996876061016305104e-02
4.002714691173291789e-02
4.007010433402383859e-02
4.023378113147180885e-02
4.028361996141509305e-02
4.033263164354085328e-02
4.038527554898695138e-02
4.044123304297796845e-02
4.051394404767772600e-02
4.062985294313783968e-02
4.071879623589638036e-02
4.076404491990589379e-02
4.077577677778675136e-02
4.095076350536389770e-02
4.111627940499989337e-02
4.118563220483149878e-02
4.131493030505320463e-02
4.141189216207769724e-02
4.152909472745291292e-02
4.164101630024406170e-02
4.165296152107327704e-02
4.190992435891782719e-02
4.191696131406800335e-02
4.203262022353176919e-02
4.223882389519349745e-02
4.227938881934883986e-02
4.245308999624967244e-02
4.253185958888583418e-02
4.277626518181193438e-02
4.282706475185860118e-02
4.297095477969133104e-02
4.300384910871900973e-02
4.332288038361509219e-02
4.360353516289058873e-02
4.367222290863327638e-02
4.403794255275843283e-02
