-4.386203497172244670e-02
-4.365370460760015919e-02
-4.344244961071661026e-02
-4.334066746529269959e-02
-4.320600803208578256e-02
-4.308851370810728304e-02
-4.297281021481465235e-02
-4.291248998520089120e-02
-4.275454572762587419e-02
-4.259955191203442654e-02
-4.250887377382676913e-02
-4.242009172280080537e-02
-4.224123192372909730e-02
-4.202142461954945507e-02
-4.192859913826338381e-02
-4.173651778016188724e-02
-4.161575560741711394e-02
-4.156333112010076464e-02
-4.142486573434841363e-02
-4.139398889879243593e-02
-4.129192797431160966e-02
-4.122616770084051863e-02
-4.116983889547803227e-02
-4.109022345431788403e-02
-4.091826772246105054e-02
-4.083636571985015118e-02
-4.067335602284329749e-02
-4.063613102896668910e-02
-4.057704573283867772e-02
-4.050144219954879971e-02
-4.048076163280045492e-02
-4.031589742624372419e-02
-4.024566563351070214e-02
-4.011220902549953587e-02
-4.006905999329051643e-02
-4.005050599622233393e-02
-3.995099197268598551e-02
-3.985286342797711434e-02
-3.977555803787190952e-02
-3.965253991280683066e-02
-3.963957189624004590e-02
-3.956770916387214454e-02
-3.950544553349513710e-02
-3.948373009299279562e-02
-3.939989589271486459e-02
-3.924843025492659454e-02
-3.922872097782258843e-02
-3.918542400699887712e-02
-3.909669034046450720e-02
-3.902058352003737879e-02
-3.896362423126571023e-02
-3.892257528903726033e-02
-3.878055231541202574e-02
-3.870354629456217860e-02
-3.866710159979307171e-02
-3.850333203922129410e-02
-3.845132853310424120e-02
-3.839887430179141081e-02
-3.831280588247307911e-02
-3.827299092397751235e-02
-3.816694544048936794e-02
-3.806393520622564780e-02
-3.799458888423234287e-02
-3.792375188205229786e-02
-3.788479090538831445e-02
-3.782601119341470752e-02
-3.780249444306067741e-02
-3.771973327707201645e-02
-3.767963105787279499e-02
-3.762681037507682735e-02
-3.749982846775027495e-02
-3.746686342148636273e-02
-3.738635710947526419e-02
-3.732468532776559572e-02
-3.729933918626655853e-02
-3.719535985519090843e-02
-3.712659212586124496e-02
-3.711205827514144767e-02
-3.702609842163743364e-02
-3.696748272986224992e-02
-3.692249862941566346e-02
-3.688381853641697905e-02
-3.685616906712954610e-02
-3.673936178657892515e-02
-3.660279757246363841e-02
-3.654676852288369499e-02
-3.651931083359327007e-02
-3.649110150172597128e-02
-3.644448732992724288e-02
-3.634085535573573084e-02
-3.627039825805929152e-02
-3.624464018114344210e-02
-3.620994150784501847e-02
-3.612000515520324279e-02
-3.607674818049145388e-02
-3.601485088562599024e-02
-3.598706583893085398e-02
-3.592042923194443960e-02
-3.584287163914852414e-02
-3.581378112157423271e-02
-3.577776536725402884e-02
-3.576066242931829481e-02
-3.565870616745256405e-02
-3.562528881559413885e-02
-3.551643612321374321e-02
-3.545826174516603091e-02
-3.543804338582703939e-02
-3.524915825753106163e-02
-3.522900717486505962e-02
-3.515874261095641717e-02
-3.513704936639354404e-02
-3.505867200560695840e-02
-3.497797927956956821e-02
-3.494594172286007161e-02
-3.490127489140591038e-02
-3.487642364969376074e-02
-3.480978465313686043e-02
-3.474146378528419205e-02
-3.473310921238789012e-02
-3.463611358951915187e-02
-3.455000383946225245e-02
-3.451172570857791860e-02
-3.445566708705225661e-02
-3.442114371999857592e-02
-3.440416055477268920e-02
-3.427818205228451431e-02
-3.424233043122253128e-02
-3.419800844801962336e-02
-3.414395495504516514e-02
-3.408428632774430922e-02
-3.406163802275963964e-02
-3.397616103453121594e-02
-3.391167028501557851e-02
-3.382450859186750258e-02
-3.381290345959397231e-02
-3.373725913190769865e-02
-3.368635250132405445e-02
-3.364205964137022969e-02
-3.358151549331662988e-02
-3.356709535282050710e-02
-3.353988847111797483e-02
-3.345305626174729235e-02
-3.340984546174047276e-02
-3.335784245617622740e-02
-3.329002290133977610e-02
-3.328212826631215399e-02
-3.319340895975346484e-02
-3.316743210384347218e-02
-3.315398709999999027e-02
-3.309021519077905149e-02
-3.306022812948721662e-02
-3.297457382681075189e-02
-3.290437234529734051e-02
-3.284817049246142179e-02
-3.280063800500470500e-02
-3.272630225294374806e-02
-3.270974479499340337e-02
-3.268682654848861779e-02
-3.265798073187841516e-02
-3.260736723363481804e-02
-3.250714969501702911e-02
-3.245941928084045830e-02
-3.239113321354602365e-02
-3.233143809438156907e-02
-3.231061517320349408e-02
-3.221099145242447420e-02
-3.217921565197443684e-02
-3.212396908470810386e-02
-3.210776734463444831e-02
-3.204232062158997307e-02
-3.199344034068511006e-02
-3.191955540233438332e-02
-3.191699894631581935e-02
-3.184469984122568348e-02
-3.180613446468764927e-02
-3.175743657540612552e-02
-3.173804492752086565e-02
-3.167604560992813567e-02
-3.158806145559238387e-02
-3.152401920325774431e-02
-3.148663707235725695e-02
-3.144155570136062533e-02
-3.136466673526287080e-02
-3.135669974530192611e-02
-3.130423007671295776e-02
-3.126752676496419997e-02
-3.119228386282830306e-02
-3.114820436258531472e-02
-3.113318577492998548e-02
-3.109726296971747003e-02
-3.100174338179534014e-02
-3.097044699171653398e-02
-3.094588321052638841e-02
-3.082752315093957932e-02
-3.079963081607898709e-02
-3.075619349747624187e-02
-3.072456600975656191e-02
-3.071070063499061614e-02
-3.067462940036834798e-02
-3.065506551540810726e-02
-3.061775757633970405e-02
-3.055713082541379813e-02
-3.049345895073799981e-02
-3.048295994623012595e-02
-3.038241309185027092e-02
-3.036615723727584606e-02
-3.028009529182547344e-02
-3.025498281069403245e-02
-3.018572661078888775e-02
-3.011509624083712200e-02
-3.010209347080970016e-02
-3.004680837621516443e-02
-3.002935155539022613e-02
-2.999768457918126907e-02
-2.997593502504455540e-02
-2.990416100991339157e-02
-2.986913322582130173e-02
-2.980926779501816629e-02
-2.978010446603630845e-02
-2.975353419988554723e-02
-2.965598415396610010e-02
-2.959626863481302009e-02
-2.957918757433768836e-02
-2.951817653819438503e-02
-2.943629119069027592e-02
-2.939741601481151573e-02
-2.931638453501157759e-02
-2.930260954809430288e-02
-2.926263277288113432e-02
-2.916706792104380164e-02
-2.915591467356146854e-02
-2.909618518362333192e-02
-2.904537427887169884e-02
-2.900942653695447529e-02
-2.896900868125373840e-02
-2.895470008881752613e-02
-2.891703122181681421e-02
-2.887250707347533904e-02
-2.882083092505189487e-02
-2.877051603155802301e-02
-2.873640671511905331e-02
-2.869791857043193020e-02
-2.864499130590442144e-02
-2.863889139956537697e-02
-2.859431920106922029e-02
-2.853244360138828054e-02
-2.850762429845466253e-02
-2.844973185484765688e-02
-2.843340786858697400e-02
-2.835730699190298909e-02
-2.834099158770067226e-02
-2.827231222106611416e-02
-2.826283896474031387e-02
-2.820199413842661498e-02
-2.813724011724367396e-02
-2.809923854699957618e-02
-2.804263507472165226e-02
-2.799580008834828826e-02
-2.798043926741059298e-02
-2.791192790698572915e-02
-2.789595984532122416e-02
-2.786120198044328075e-02
-2.780357764126560952e-02
-2.778874143562604093e-02
-2.766994109289288087e-02
-2.765516857585784485e-02
-2.760563914524694074e-02
-2.758237212005664254e-02
-2.753760342220418905e-02
-2.747762399875361417e-02
-2.745399696452148833e-02
-2.739322963993192500e-02
-2.737518097109757284e-02
-2.732779220476554832e-02
-2.731355575226133633e-02
-2.725311706796170949e-02
-2.722562957154338326e-02
-2.713857897875721764e-02
-2.711832489161296322e-02
-2.706436981876969919e-02
-2.697438756133211865e-02
-2.695076026931776322e-02
-2.690820831774356353e-02
-2.687524112742989413e-02
-2.679167842365148822e-02
-2.678400101930485805e-02
-2.677231119804929227e-02
-2.670018985363504724e-02
-2.666468725159697531e-02
-2.664951073682163968e-02
-2.661078349062753409e-02
-2.658879805887637976e-02
-2.652672371745566637e-02
-2.651831025489311683e-02
-2.642715520940348839e-02
-2.640547946421555048e-02
-2.635737798486301880e-02
-2.632588442971806747e-02
-2.625520285054603470e-02
-2.619062503872867514e-02
-2.615526251892475590e-02
-2.612248262239530786e-02
-2.607247140401795088e-02
-2.600155828405532193e-02
-2.594584524613997162e-02
-2.589702679388150922e-02
-2.587351335895791624e-02
-2.582785880291011554e-02
-2.580221910676802968e-02
-2.573132317453477591e-02
-2.570767252079421070e-02
-2.569241719845607314e-02
-2.566944920699932436e-02
-2.558942791597236185e-02
-2.558160665668004347e-02
-2.554475124305255473e-02
-2.544903779988805584e-02
-2.543479398783173723e-02
-2.541589150888951334e-02
-2.536771541498809845e-02
-2.528488902691095400e-02
-2.528181710030550852e-02
-2.523095897392313783e-02
-2.519985819031402702e-02
-2.514839432013553713e-02
-2.509806875838432524e-02
-2.504440362569533909e-02
-2.500498671147731444e-02
-2.495630536665787574e-02
-2.489561618898187070e-02
-2.488704855594257165e-02
-2.484330527512614017e-02
-2.483812343472237283e-02
-2.480576428908654735e-02
-2.473642554860256901e-02
-2.472623705608950964e-02
-2.463749495345686491e-02
-2.461271969839744916e-02
-2.458634846017116946e-02
-2.452968423932546174e-02
-2.448194602758953231e-02
-2.442089351998290650e-02
-2.439487209597594394e-02
-2.437415493296986660e-02
-2.435183693339258368e-02
-2.426044236763209155e-02
-2.423695107569409299e-02
-2.418576119396454935e-02
-2.415610207982553728e-02
-2.408093396217649354e-02
-2.405830837003932951e-02
-2.403700782967887681e-02
-2.400587620816928280e-02
-2.396542142750431384e-02
-2.391127202104927074e-02
-2.385868610155315872e-02
-2.383855056162435468e-02
-2.378095276879186801e-02
-2.373222308864903277e-02
-2.369499593308737467e-02
-2.364499207967346237e-02
-2.362038310241952599e-02
-2.355918236015308934e-02
-2.354947779683851453e-02
-2.348644812649743410e-02
-2.345105751589072335e-02
-2.341493495213218395e-02
-2.335469501106301679e-02
-2.335072750687068946e-02
-2.333614245127496600e-02
-2.330242958241789467e-02
-2.327695444580907616e-02
-2.320515090938626845e-02
-2.317310886618883028e-02
-2.314207516235813195e-02
-2.311368828185508470e-02
-2.300839483376014225e-02
-2.298621839595528862e-02
-2.296484404808575228e-02
-2.292662604482767139e-02
-2.289101737882650797e-02
-2.282699875903985987e-02
-2.280151944459199789e-02
-2.273954437634852568e-02
-2.272873340809069762e-02
-2.267391804771668254e-02
-2.260761744880325497e-02
-2.259226231701257775e-02
-2.253393134449048485e-02
-2.251735928262062550e-02
-2.248868772230862637e-02
-2.243369552244161777e-02
-2.238839701145713817e-02
-2.233050503685320848e-02
-2.231918134838361753e-02
-2.228759485467761772e-02
-2.222048406494078407e-02
-2.215602169509209643e-02
-2.212689446668295729e-02
-2.205845842046227218e-02
-2.204042912428681375e-02
-2.200012792239849913e-02
-2.198059626248806409e-02
-2.195325029031250028e-02
-2.192171639615968920e-02
-2.185564269511336422e-02
-2.181339019834187959e-02
-2.179601441460009975e-02
-2.177597645104493301e-02
-2.169766099800178594e-02
-2.165556783514138370e-02
-2.162049054933440004e-02
-2.154851280223152310e-02
-2.153481058089539921e-02
-2.151257756444849636e-02
-2.144915048216976261e-02
-2.142383611653180323e-02
-2.138327137242956519e-02
-2.133885261727273830e-02
-2.133559944754025509e-02
-2.128919851800440202e-02
-2.122087915347725673e-02
-2.119781685909057772e-02
-2.118104518492294752e-02
-2.112614054412422296e-02
-2.105283078567857583e-02
-2.104808197249117760e-02
-2.103500063670333403e-02
-2.095946086654444651e-02
-2.090923217864530670e-02
-2.086576936401436308e-02
-2.084143188138542352e-02
-2.082168414419585320e-02
-2.078005038178991348e-02
-2.076426543228142990e-02
-2.073683443031550111e-02
-2.071088477964116992e-02
-2.063981826840194378e-02
-2.060838793398725444e-02
-2.053253120948828406e-02
-2.049782336328126106e-02
-2.048690348848987083e-02
-2.045313009033845192e-02
-2.042731723044178063e-02
-2.036401634609317710e-02
-2.033950128054277592e-02
-2.030887887992897933e-02
-2.025131441013350991e-02
-2.024006488991961922e-02
-2.018894057711373424e-02
-2.017321967849924902e-02
-2.012013214645957948e-02
-2.005808693101735971e-02
-2.001445537088196794e-02
-1.998949409742401678e-02
-1.995244245405243186e-02
-1.993588811436355912e-02
-1.989436173176193506e-02
-1.983173119495249340e-02
-1.976428933813109343e-02
-1.974073897716353138e-02
-1.970671112667098795e-02
-1.968280425395402614e-02
-1.962221067860494758e-02
-1.958495241188916089e-02
-1.953011969175033960e-02
-1.951826129195673165e-02
-1.948824777209156103e-02
-1.946590771126653630e-02
-1.942290534566757862e-02
-1.939751357834325687e-02
-1.936912595329010750e-02
-1.934464474431769540e-02
-1.929259802768405752e-02
-1.922211714549597328e-02
-1.916385199705050377e-02
-1.915520069573972348e-02
-1.908993601550966479e-02
-1.907208608747734679e-02
-1.906251760908293791e-02
-1.903035880081404077e-02
-1.896610356313500195e-02
-1.894234787968228362e-02
-1.889207159540574540e-02
-1.883613854536143190e-02
-1.879025733124136538e-02
-1.876869106918610877e-02
-1.874579950381748822e-02
-1.869035719647944155e-02
-1.865914119158648340e-02
-1.862179972000179914e-02
-1.858803798204626892e-02
-1.857028104778687266e-02
-1.855124396487876914e-02
-1.849556051897364647e-02
-1.846088539140869692e-02
-1.843437410335104637e-02
-1.837127132020728235e-02
-1.834297191558748388e-02
-1.832413176827438206e-02
-1.829906765882528472e-02
-1.826133278193907417e-02
-1.822470885304963706e-02
-1.816423799635293740e-02
-1.812275678766002776e-02
-1.806810098749300764e-02
-1.803162702133343995e-02
-1.799669370271711824e-02
-1.796390646582010989e-02
-1.791844286165639177e-02
-1.785399404260779727e-02
-1.783846353014054489e-02
-1.779533669289035808e-02
-1.778408330005053217e-02
-1.772485755937671520e-02
-1.768042878675860768e-02
-1.763088352320525687e-02
-1.761507878301840982e-02
-1.758101984066484311e-02
-1.757695977102942050e-02
-1.749381338030137067e-02
-1.746588005548072031e-02
-1.742402625310964653e-02
-1.741724912128607763e-02
-1.738008472133786841e-02
-1.732801667799697271e-02
-1.730782167134593125e-02
-1.726230023479677703e-02
-1.722979950159985937e-02
-1.717787806935144879e-02
-1.716808377422466420e-02
-1.713374185172235331e-02
-1.708116390938897028e-02
-1.703908863495107520e-02
-1.700877640502980459e-02
-1.699697226291724608e-02
-1.694017070301611499e-02
-1.692472794371532169e-02
-1.685145249715462937e-02
-1.684644574381487583e-02
-1.677379885909885057e-02
-1.674143697472355724e-02
-1.671982433691771366e-02
-1.666091771523078163e-02
-1.665416528423014145e-02
-1.657161229706145822e-02
-1.655997556519063843e-02
-1.652164197888383868e-02
-1.645785194841866209e-02
-1.644251975046613981e-02
-1.641788208935993781e-02
-1.637625104770040751e-02
-1.636655921766229718e-02
-1.631387308938506142e-02
-1.629945562918474339e-02
-1.621735781152830458e-02
-1.617671891746513130e-02
-1.614925511628342858e-02
-1.613496248747932349e-02
-1.606704618889935945e-02
-1.603056055650338776e-02
-1.599347049473432564e-02
-1.597002673766476089e-02
-1.593566974718053225e-02
-1.592556634743445138e-02
-1.585857133017093759e-02
-1.583062845473780927e-02
-1.580188149206753281e-02
-1.574336115822770263e-02
-1.572334296558638295e-02
-1.567697409405331352e-02
-1.567446185610080894e-02
-1.563623249463712631e-02
-1.560535202918572270e-02
-1.553809302027537795e-02
-1.550939616027768690e-02
-1.545628188998246326e-02
-1.540678107588015072e-02
-1.536668567229362847e-02
-1.535424400542731438e-02
-1.532687876867720039e-02
-1.527326590897334045e-02
-1.525508945782271149e-02
-1.518809463970736962e-02
-1.515691574010062659e-02
-1.508211794476832859e-02
-1.507488748615950537e-02
-1.503944608580604775e-02
-1.501829970945585749e-02
-1.498778705444970757e-02
-1.496254443798345803e-02
-1.492354969802187591e-02
-1.487157166952450017e-02
-1.486770804908026621e-02
-1.481838443472434028e-02
-1.477388560046088116e-02
-1.475109743383608459e-02
-1.470938721410694656e-02
-1.468431449348731564e-02
-1.465404678703747382e-02
-1.462922122522194134e-02
-1.459416266310498318e-02
-1.455752580801288748e-02
-1.450970187303043772e-02
-1.448759176313918311e-02
-1.446442712741613165e-02
-1.445178543662744251e-02
-1.439726209149241182e-02
-1.432910451097856377e-02
-1.427942676662600011e-02
-1.425672268160321082e-02
-1.423975712317984352e-02
-1.420012898070809396e-02
-1.418378226015959767e-02
-1.415086698575197983e-02
-1.408442916126706641e-02
-1.406434040755864812e-02
-1.405417359897087777e-02
-1.400060590103014563e-02
-1.395823102619571897e-02
-1.390552644178342893e-02
-1.386162925134729051e-02
-1.383484887920387145e-02
-1.381090611007069861e-02
-1.377815261842574301e-02
-1.374723589694322456e-02
-1.369602887111936486e-02
-1.362752780772619535e-02
-1.360456833311409278e-02
-1.354108407561563365e-02
-1.350739819901219593e-02
-1.348941777415974680e-02
-1.348378916239000198e-02
-1.341982332083194521e-02
-1.340485923183452367e-02
-1.338524294857232691e-02
-1.334674000069081302e-02
-1.332281637983957767e-02
-1.327777572259735382e-02
-1.322321113074306949e-02
-1.317620291864544067e-02
-1.316596112419446928e-02
-1.313609774085495140e-02
-1.306397507404214418e-02
-1.305659716408172875e-02
-1.302091124843827302e-02
-1.297706391569202443e-02
-1.295492061670819317e-02
-1.291261029580199372e-02
-1.285013409681114334e-02
-1.282184682842415699e-02
-1.278866027475538021e-02
-1.277086836153278060e-02
-1.271280102997359232e-02
-1.268358747739969407e-02
-1.265424671120737865e-02
-1.264071285419026379e-02
-1.257955105368970851e-02
-1.255303203391832691e-02
-1.253354915714038724e-02
-1.250347516864934276e-02
-1.248704332413543873e-02
-1.244444762184702437e-02
-1.241802681145379519e-02
-1.235826850621346215e-02
-1.233056797873747015e-02
-1.227124237600408889e-02
-1.222157447944624727e-02
-1.221313092715454497e-02
-1.219084182836817701e-02
-1.215587046577714693e-02
-1.213914171579474031e-02
-1.209696175338835847e-02
-1.200313201570154739e-02
-1.198218976567186865e-02
-1.194302891350652700e-02
-1.192241998258788786e-02
-1.188419189842941648e-02
-1.187527839734077613e-02
-1.185219033088736121e-02
-1.178917690839780506e-02
-1.175799722680744876e-02
-1.174792418502450253e-02
-1.166293060499135580e-02
-1.166006800187711218e-02
-1.161768716130555899e-02
-1.158147210564898326e-02
-1.153870421128400103e-02
-1.151698737469299995e-02
-1.144737224586103372e-02
-1.141410369960432075e-02
-1.135185864102894460e-02
-1.133772385578284310e-02
-1.133303814268133911e-02
-1.129321770006159152e-02
-1.126138138377941883e-02
-1.121777927820719750e-02
-1.115909835878980266e-02
-1.111630599423135517e-02
-1.108406636370082993e-02
-1.105944537940979286e-02
-1.104432232638066433e-02
-1.098637008423028472e-02
-1.097993984308575678e-02
-1.096413407023445925e-02
-1.089669521253396577e-02
-1.087345783890834687e-02
-1.083577177356797282e-02
-1.080054732339135945e-02
-1.071859750906428536e-02
-1.071259543804107574e-02
-1.065030326098542930e-02
-1.063307242755812815e-02
-1.059162380280307021e-02
-1.056698851367537766e-02
-1.051139606217625817e-02
-1.048240047667811994e-02
-1.047081064825567537e-02
-1.044547203098544590e-02
-1.036785674050420651e-02
-1.036311430864656803e-02
-1.032467242038734127e-02
-1.028569668368316953e-02
-1.026044713207820494e-02
-1.024707818017919422e-02
-1.020396573916233264e-02
-1.016604965767817573e-02
-1.013050615944710922e-02
-1.008224420893131038e-02
-1.005609196102487737e-02
-1.003350869604041976e-02
-1.001494861426957018e-02
-9.976715265096934571e-03
-9.919598577230466507e-03
-9.909229034371245734e-03
-9.873591004492723172e-03
-9.834147683308178817e-03
-9.812290138158459921e-03
-9.766384345462819291e-03
-9.766028348921545685e-03
-9.662868047893652390e-03
-9.632244577703936647e-03
-9.610967770062915985e-03
-9.592548221278520901e-03
-9.563895663511592232e-03
-9.540364755778138819e-03
-9.511344622420762202e-03
-9.454150741468958855e-03
-9.430151530425298634e-03
-9.328970076311534146e-03
-9.290074092302312223e-03
-9.272371430484918284e-03
-9.240872883679605854e-03
-9.217302917646901309e-03
-9.174499685929777409e-03
-9.150143528282094624e-03
-9.098863152692655831e-03
-9.082320875009937400e-03
-9.042963869647429806e-03
-9.034709122543305507e-03
-8.984794109092392178e-03
-8.960013062085821905e-03
-8.933214673635210198e-03
-8.924407655239465637e-03
-8.854485974421785061e-03
-8.839313708082212340e-03
-8.774139715781687637e-03
-8.744476851364079220e-03
-8.724830850545041774e-03
-8.693574032264292720e-03
-8.636754202562959420e-03
-8.595072245766225555e-03
-8.580147964502187960e-03
-8.506381462983894637e-03
-8.476760463402796889e-03
-8.463531493926670229e-03
-8.439020948049659812e-03
-8.356390497063275954e-03
-8.331940579762338317e-03
-8.289427054556616423e-03
-8.273418459231943536e-03
-8.248740570107004205e-03
-8.240485662937972397e-03
-8.188210889896239617e-03
-8.179255498662588511e-03
-8.166723978532351366e-03
-8.097295473819000541e-03
-8.033728786268496888e-03
-8.006821816109612952e-03
-7.989946722477945032e-03
-7.921129036312859681e-03
-7.889666257601821858e-03
-7.831039552830751371e-03
-7.817442650609417870e-03
-7.793387465658947744e-03
-7.769524874480508714e-03
-7.728305772975668266e-03
-7.691233269137259798e-03
-7.665131687766912373e-03
-7.633936296560464574e-03
-7.603742347597353818e-03
-7.591681304670524350e-03
-7.558253561527767013e-03
-7.480284133492273030e-03
-7.445273596260851105e-03
-7.425343213663249467e-03
-7.377919599974897165e-03
-7.360548350172263325e-03
-7.299179047753970306e-03
-7.289581273020579073e-03
-7.235214324973429471e-03
-7.212209941648273920e-03
-7.174637327350465513e-03
-7.160210850114125114e-03
-7.122752355424252085e-03
-7.099799509655334816e-03
-7.027732647344408189e-03
-6.997390628948296255e-03
-6.983668891265217178e-03
-6.926944176848443858e-03
-6.912210947062649886e-03
-6.877245667401540863e-03
-6.842881519519329776e-03
-6.800191246503702568e-03
-6.756519399935881180e-03
-6.728389539727755962e-03
-6.688803667052060399e-03
-6.666101484818933061e-03
-6.613578650036369515e-03
-6.601163018870616177e-03
-6.567693449403462676e-03
-6.495134455159086266e-03
-6.474992656996737123e-03
-6.438867063234950290e-03
-6.429932579960717653e-03
-6.377857083028060786e-03
-6.366287438920407819e-03
-6.338255072564804096e-03
-6.285246438935734523e-03
-6.266838659014610513e-03
-6.258566895305629242e-03
-6.222511251212948895e-03
-6.154454650005585122e-03
-6.129683205214682407e-03
-6.086382099992002082e-03
-6.066071195791670340e-03
-6.027335598273854921e-03
-5.952724759805775104e-03
-5.924775853294913207e-03
-5.915069235278555548e-03
-5.878344316245709064e-03
-5.844074418844508872e-03
-5.807954018762317809e-03
-5.766781951463843814e-03
-5.748428223328969772e-03
-5.721866595696587475e-03
-5.689990248562320704e-03
-5.637699399459416422e-03
-5.607146676143223360e-03
-5.579241634629753671e-03
-5.564002333124607944e-03
-5.501067901130972902e-03
-5.472010325611006282e-03
-5.465123204164183505e-03
-5.403653063407831518e-03
-5.395436830259276242e-03
-5.379480287960296085e-03
-5.314268689132014938e-03
-5.292395416627655204e-03
-5.280802769130600594e-03
-5.216487598988260588e-03
-5.202020514530614204e-03
-5.161441978742780518e-03
-5.071580658661391065e-03
-5.061737002969529317e-03
-5.043709349371133972e-03
-5.010732397493793469e-03
-4.996598577659032252e-03
-4.947303899629796990e-03
-4.904228067831674365e-03
-4.869501784805519221e-03
-4.835185121901317690e-03
-4.817885294229484576e-03
-4.764066320696949859e-03
-4.748792647144443012e-03
-4.717409545344664924e-03
-4.639695645555993314e-03
-4.618366259590058268e-03
-4.587753733542353565e-03
-4.559514791067910584e-03
-4.538105925224977105e-03
-4.511506553771905265e-03
-4.460710149408132243e-03
-4.409863640513320311e-03
-4.390447436271941763e-03
-4.384057188551016178e-03
-4.341881386086628505e-03
-4.313685348171764251e-03
-4.263066666865298476e-03
-4.230563323302938793e-03
-4.182596032102986298e-03
-4.163986695800897531e-03
-4.148531806156477951e-03
-4.046984260376810388e-03
-4.024566353061236751e-03
-4.003973158597064382e-03
-3.968762557370510667e-03
-3.925111634930906687e-03
-3.855495052740397569e-03
-3.845418569035342470e-03
-3.836085491786566260e-03
-3.798065713601835817e-03
-3.782979964966796255e-03
-3.708893703286608636e-03
-3.683508171849755614e-03
-3.654362033402711128e-03
-3.579863779537053366e-03
-3.575112062869752454e-03
-3.547306737125768914e-03
-3.515672001476636156e-03
-3.489011391489126035e-03
-3.446238343274971722e-03
-3.415197161984456688e-03
-3.402856546103252139e-03
-3.385020043668109796e-03
-3.341296130328214910e-03
-3.314350383386774779e-03
-3.277693458586202358e-03
-3.256606001677398669e-03
-3.196292122008935390e-03
-3.166302540526269756e-03
-3.134433808430126932e-03
-3.111358993325389656e-03
-3.087392434880889547e-03
-3.063597092550269466e-03
-3.031995329162786440e-03
-2.994882691567977723e-03
-2.974395820433786784e-03
-2.923585740114354597e-03
-2.860207236247097433e-03
-2.830451334663560206e-03
-2.784306456648647128e-03
-2.725321376848813607e-03
-2.715761695334527933e-03
-2.659772840110121144e-03
-2.649666045055072694e-03
-2.631893743774219464e-03
-2.558856635369226393e-03
-2.541478718412829452e-03
-2.518339978439862632e-03
-2.475180290588013289e-03
-2.468906783100725203e-03
-2.430931826196403717e-03
-2.406050871690022536e-03
-2.354905064799048958e-03
-2.325832659986459047e-03
-2.281732206956234126e-03
-2.215112787324456916e-03
-2.202662822062812550e-03
-2.196779051871146967e-03
-2.166715722730088931e-03
-2.091037347525494944e-03
-2.071802578457372472e-03
-2.023453927741895603e-03
-1.976887546183693414e-03
-1.963758088279024192e-03
-1.944159467321419400e-03
-1.906547922065653187e-03
-1.872028899967742663e-03
-1.815311850572715567e-03
-1.803693354958586272e-03
-1.758156771996260840e-03
-1.724858625809128814e-03
-1.711904587723941983e-03
-1.658013221097988073e-03
-1.623718199615234404e-03
-1.611586574411124489e-03
-1.563173853720698902e-03
-1.547104086939743916e-03
-1.505160528644431143e-03
-1.458515828477181895e-03
-1.434965925693998954e-03
-1.422786091699258966e-03
-1.355528449532610296e-03
-1.312269507548297033e-03
-1.271339629383007319e-03
-1.223311745506348424e-03
-1.207854955433456485e-03
-1.189745399013769590e-03
-1.158792434573218625e-03
-1.083953057707723062e-03
-1.044124134255718095e-03
-1.023037481272243273e-03
-1.015764384773073159e-03
-1.003211604682110536e-03
-9.737433781548482598e-04
-9.196268841686432421e-04
-9.036725760869483313e-04
-8.779174422467302076e-04
-8.194799765385352760e-04
-7.734668183438720476e-04
-7.621542575592396909e-04
-7.316867148405335015e-04
-7.070226090928606426e-04
-6.396842003544234373e-04
-5.841496677752015159e-04
-5.504363151841223586e-04
-5.454237216667281790e-04
-5.120414346451899286e-04
-4.898008178051726277e-04
-4.826513951535318686e-04
-4.288838876203216106e-04
-3.972693810030157114e-04
-3.561800715870053614e-04
-3.452926498939418577e-04
-2.831861064894639437e-04
-2.496005747670915556e-04
-2.396707329746889878e-04
-2.276120162744242744e-04
-1.559974705598093567e-04
-1.502031851020077622e-04
-1.082020447798621966e-04
-5.443349987863934178e-05
-3.370042536344812435e-05
1.212839639606044920e-05
3.708786739102572379e-05
5.946343584278607956e-05
1.130395997094461245e-04
1.494968469735868802e-04
1.756612180044947165e-04
2.056616963662280496e-04
2.543941436269401115e-04
3.154875065658328836e-04
3.266281731575389571e-04
3.899877132289415152e-04
4.078223355420386117e-04
4.213823106759255087e-04
4.803198507129182891e-04
5.547137728530619023e-04
5.639681573722343626e-04
5.827446081769398559e-04
6.141009581052723305e-04
6.267686379570864500e-04
6.537176807682292803e-04
7.148025168154843473e-04
7.243587074856086506e-04
7.618333632061210581e-04
8.064479569239371834e-04
8.361406554138282182e-04
8.609012668148226938e-04
9.044689503789263415e-04
9.230500570107469469e-04
9.611404183516290313e-04
1.001532512594702001e-03
1.036630406542518373e-03
1.070820748743308128e-03
1.114919047015710575e-03
1.139279629002950623e-03
1.182504220496250402e-03
1.221757890290695514e-03
1.227433431519178242e-03
1.262111314539664719e-03
1.272878299640082785e-03
1.346675313045920001e-03
1.348610734886781940e-03
1.392155577470950137e-03
1.420487465026160816e-03
1.431497997374937955e-03
1.492105214691749485e-03
1.512857234723622530e-03
1.573431683245051166e-03
1.605283423343360034e-03
1.614364285329278727e-03
1.649281496617672170e-03
1.657672505188707282e-03
1.695216447854234858e-03
1.773854854976482246e-03
1.779882205485667970e-03
1.845453984130662967e-03
1.871423799610649709e-03
1.908651054796800485e-03
1.949214475727252408e-03
1.975087693754434045e-03
2.010217561005339746e-03
2.047250454378254664e-03
2.071666120271554220e-03
2.112548807556292787e-03
2.175889660948027507e-03
2.201003015529310030e-03
2.209341739294519782e-03
2.287610559420233912e-03
2.301083805694402462e-03
2.326975284682899874e-03
2.380345830913179264e-03
2.386299756475132247e-03
2.419585458507406660e-03
2.483016050291184627e-03
2.520469678169822390e-03
2.544467001513034832e-03
2.558834439287480805e-03
2.611351596599132113e-03
2.654509842414679889e-03
2.659814153206330363e-03
2.703427335332386858e-03
2.716166639579641745e-03
2.757316383178098299e-03
2.802883081144177252e-03
2.840661843494620472e-03
2.871984631520197416e-03
2.881301068548901972e-03
2.950070664164024942e-03
2.956631634217992289e-03
2.989815297192074603e-03
3.011241030722515248e-03
3.037457513357968465e-03
3.102016415395763768e-03
3.120161147989331061e-03
3.151925385019642336e-03
3.192756247702010965e-03
3.230004116648735237e-03
3.261352012478422289e-03
3.271518454334034973e-03
3.324371372794640653e-03
3.365243471558682260e-03
3.381575986447588490e-03
3.436059843804157177e-03
3.465814214062979803e-03
3.526136934338828122e-03
3.553047000421768239e-03
3.595224348929422411e-03
3.613552681490285554e-03
3.663156038017681762e-03
3.696916841078765840e-03
3.706890856428346221e-03
3.777229343331451380e-03
3.813789864406775480e-03
3.823031857394978104e-03
3.855196858015867093e-03
3.873211858395227396e-03
3.922350284084552552e-03
3.954776210432183088e-03
3.991398335971441808e-03
4.008729590999102893e-03
4.069704637234771404e-03
4.096099794876206270e-03
4.107026319703673857e-03
4.150109396321373205e-03
4.211663377443479288e-03
4.229539751563167645e-03
4.263336240320479177e-03
4.310665301557240967e-03
4.337257071446598382e-03
4.391236301028717329e-03
4.418967287310394433e-03
4.420754400821266632e-03
4.462296613313990884e-03
4.515919132511326747e-03
4.531269601923984709e-03
4.576653079497960269e-03
4.640427245389388416e-03
4.668931188728303247e-03
4.732814483173521276e-03
4.746495529925021280e-03
4.774870828104262749e-03
4.800734959189235061e-03
4.844729691596530788e-03
4.863887500020697488e-03
4.899275947555853036e-03
4.922838714451968634e-03
4.981867095648346080e-03
4.992981418329287512e-03
5.017135766867090486e-03
5.055202161324699218e-03
5.089419326004122543e-03
5.134678172809925382e-03
5.156535476622189917e-03
5.166880092613587369e-03
5.242946938995697234e-03
5.291658735131397027e-03
5.295684735849009485e-03
5.338213433082082855e-03
5.375767376956222358e-03
5.402011338743315481e-03
5.422620575378406770e-03
5.458293571436273646e-03
5.496980429916578301e-03
5.532561867411279165e-03
5.559069745805439791e-03
5.587082859798213688e-03
5.631495040577180755e-03
5.669864380723214393e-03
5.683349955679857166e-03
5.710299749094562699e-03
5.773726989854632147e-03
5.790512903852985775e-03
5.805243941462878005e-03
5.831892151635554786e-03
5.891050429116589590e-03
5.902412062959363527e-03
5.938370635927249334e-03
5.987708023747989258e-03
6.023649406598680783e-03
6.063090552590127448e-03
6.087241537796942575e-03
6.149440425241045442e-03
6.165018933615539452e-03
6.210412879848287333e-03
6.227948134178843895e-03
6.236101114803133116e-03
6.289237310413540831e-03
6.364162249972235216e-03
6.375909783237086216e-03
6.405000861172512744e-03
6.423837267036400754e-03
6.443331286455118365e-03
6.482903129947262082e-03
6.534323251486606580e-03
6.568825921898386114e-03
6.588408184308388454e-03
6.635476957214879803e-03
6.673416191998288519e-03
6.685053410888972848e-03
6.725003404150046993e-03
6.742355884363787286e-03
6.825411550610472992e-03
6.859229154835281422e-03
6.905437784257313118e-03
6.929141565666269674e-03
6.943322740832793584e-03
6.996916485134414138e-03
7.059242888334680416e-03
7.098353921857239804e-03
7.125555370636559201e-03
7.134313290646286318e-03
7.207671312730024732e-03
7.231135244225667981e-03
7.249336628574604147e-03
7.286837782396451448e-03
7.324081690442020044e-03
7.362404540601686156e-03
7.391701333465869155e-03
7.413169648728830038e-03
7.452264000025498811e-03
7.482602730078433996e-03
7.519801206395829683e-03
7.527128361974500838e-03
7.620285889978421767e-03
7.627295333210311855e-03
7.655646930591123583e-03
7.680653554795745762e-03
7.699982164023858044e-03
7.774825916709466114e-03
7.786180698719320434e-03
7.790418553353808430e-03
7.850630291347622178e-03
7.885640655768315702e-03
7.924159473784051985e-03
7.937495185987325508e-03
7.989365445438002464e-03
8.014446669222644037e-03
8.054551690978789882e-03
8.077348747089881098e-03
8.117629736654335959e-03
8.131176101286103144e-03
8.177096744934496050e-03
8.215679035222368462e-03
8.235314978712809236e-03
8.270294787228687702e-03
8.316901015313744872e-03
8.353326049983242699e-03
8.374934547895057993e-03
8.438234010966678272e-03
8.465654827901816087e-03
8.495117415126219804e-03
8.508901300046160798e-03
8.566364109426396686e-03
8.610788610161771231e-03
8.626123395389099363e-03
8.669776014389649760e-03
8.694794415060031964e-03
8.714140637089303615e-03
8.773417868187124991e-03
8.797778962299203018e-03
8.816951680756303714e-03
8.864397249484347666e-03
8.876108113196742519e-03
8.899500815854400823e-03
8.919011074809942222e-03
8.964772192658346933e-03
9.000052089794376500e-03
9.045740139571852370e-03
9.087750280401865263e-03
9.130583856372706530e-03
9.156680680953805870e-03
9.199834969520832156e-03
9.219861473575995461e-03
9.268438716442600062e-03
9.315276505322078390e-03
9.351273384359010121e-03
9.395844591865241263e-03
9.416603776652631916e-03
9.439497955431537524e-03
9.468025937800356173e-03
9.500765251868116198e-03
9.528187070061037295e-03
9.555920541559339773e-03
9.578887304861826227e-03
9.643865334301528897e-03
9.684221569070084260e-03
9.697263972524326064e-03
9.747326844627170889e-03
9.810917142589305542e-03
9.858544579202996663e-03
9.870153228104010940e-03
9.901888767340678160e-03
9.971154005529520720e-03
9.998367082407817741e-03
1.003586161588478423e-02
1.006777094583291912e-02
1.009883270957558088e-02
1.012540907259443582e-02
1.018402702780241489e-02
1.023238888730411238e-02
1.024619454411790712e-02
1.030039704400066529e-02
1.034031228091485816e-02
1.037948110242498112e-02
1.039520623056160685e-02
1.041966291830932582e-02
1.046763219212883990e-02
1.048767807751303967e-02
1.050884691689859748e-02
1.052526808344019307e-02
1.061052328412257113e-02
1.063493578239852085e-02
1.064687793869276491e-02
1.071551508516136592e-02
1.073325140354588689e-02
1.075365496343782569e-02
1.077721393749667828e-02
1.080579257914213512e-02
1.084081614113532009e-02
1.088623775269352903e-02
1.092602034611401228e-02
1.096190503208246958e-02
1.100457098722054834e-02
1.104371816605684113e-02
1.105659474382095393e-02
1.106744737748305459e-02
1.111893296963445410e-02
1.117104851356668684e-02
1.122788064928830973e-02
1.125420992060540554e-02
1.127675139988594186e-02
1.129640016466867784e-02
1.135453148775631554e-02
1.135772499155066582e-02
1.141748632105915769e-02
1.145125838808826180e-02
1.149266013403356032e-02
1.150037254506990590e-02
1.154004409522925434e-02
1.156026479426023809e-02
1.160137247473594715e-02
1.163371485278478015e-02
1.167097203375573947e-02
1.168964059712696187e-02
1.176305645954465844e-02
1.181039085153683804e-02
1.182523661612726665e-02
1.186648052499632636e-02
1.190064681324112285e-02
1.192995263849812478e-02
1.194856737830247637e-02
1.201206398667522407e-02
1.202741537599244688e-02
1.204666558498216494e-02
1.209326171572735337e-02
1.213342800887829906e-02
1.216447305295848859e-02
1.221084408658897578e-02
1.223267344676395862e-02
1.226845452918810288e-02
1.230170126516636105e-02
1.232132698973248744e-02
1.237922779180874837e-02
1.245275426236082221e-02
1.247664861832194737e-02
1.249878285819121769e-02
1.255006350361513069e-02
1.256238645460186487e-02
1.260061251127705950e-02
1.262505500508002629e-02
1.270190942947623143e-02
1.273616246781254790e-02
1.275619106093777398e-02
1.277375659324525223e-02
1.279156940228060903e-02
1.283460624228576277e-02
1.286883015905782024e-02
1.288414854924402504e-02
1.293401488712286017e-02
1.296695913200976956e-02
1.298015636086980416e-02
1.304831143179484808e-02
1.306593302197675902e-02
1.307385634904131670e-02
1.317050156518352784e-02
1.319162302933663336e-02
1.322013352237125412e-02
1.326528301881809563e-02
1.328672346213144798e-02
1.330309390465861559e-02
1.335566783858717528e-02
1.339020855753905725e-02
1.341942595325604920e-02
1.344999277314742198e-02
1.346328413438344605e-02
1.351120487766243813e-02
1.355614869809445254e-02
1.358158747478557631e-02
1.365241240888440816e-02
1.371673673938706567e-02
1.371857683903054959e-02
1.374551428301086509e-02
1.378936613616396113e-02
1.382202754368300548e-02
1.385739116618085742e-02
1.387261992093237820e-02
1.398560733762715252e-02
1.400752491239845403e-02
1.404550600901614300e-02
1.407559218084244480e-02
1.411287762435585458e-02
1.413647365927152462e-02
1.418762656008504264e-02
1.424305933809613851e-02
1.428723298212639797e-02
1.430028988785531259e-02
1.430814422594574135e-02
1.435106932384730069e-02
1.439723027493774489e-02
1.444747598803632245e-02
1.446037135240957165e-02
1.451438167109361452e-02
1.452665480257954098e-02
1.456870912742635853e-02
1.459718392878170228e-02
1.465757646390023795e-02
1.469036040779473674e-02
1.471830271173652990e-02
1.476257772890687305e-02
1.482923596800083538e-02
1.485385325542002734e-02
1.485619792274146117e-02
1.490958511277208631e-02
1.497336217140717192e-02
1.497918677193364918e-02
1.501805770016166261e-02
1.507127803783096104e-02
1.508894112777635355e-02
1.513727872445553083e-02
1.515562905383122105e-02
1.518846171453674086e-02
1.528065591280678044e-02
1.530405182017608064e-02
1.533777557824954514e-02
1.536985580990907208e-02
1.542452919463987125e-02
1.544216058306187821e-02
1.546153832194391460e-02
1.552673299956909211e-02
1.553963257333409141e-02
1.559279410307679026e-02
1.561376059250828806e-02
1.564922597245183705e-02
1.571211815219909422e-02
1.573145262841730424e-02
1.575296175702612864e-02
1.576761676877716858e-02
1.582141428424491472e-02
1.585619625292121471e-02
1.590155854627579510e-02
1.591275457401098922e-02
1.596583285742004393e-02
1.604386150017711801e-02
1.609432709228955649e-02
1.612771344772602825e-02
1.615247197929036566e-02
1.619466986430903588e-02
1.624395712259871921e-02
1.626409127197620333e-02
1.631172831448816571e-02
1.633531147794834229e-02
1.636838834149499655e-02
1.640802697171790323e-02
1.645884064689264251e-02
1.646717689086057285e-02
1.650578218741605152e-02
1.653561761434574687e-02
1.657912474709716949e-02
1.658772112901829576e-02
1.663871868223602488e-02
1.665528317917347456e-02
1.671223455597836693e-02
1.673004360661597273e-02
1.674279625823150638e-02
1.676339635205342099e-02
1.680301675739866510e-02
1.686917143373892897e-02
1.690459551225324819e-02
1.695950149947825919e-02
1.698710661326839969e-02
1.704010072091965283e-02
1.706145207786105913e-02
1.709912879006484157e-02
1.714461626519230009e-02
1.721187696752198709e-02
1.722984301294487944e-02
1.724956896954767116e-02
1.729186947621211973e-02
1.732950267585004270e-02
1.735971019769270290e-02
1.741278439376837614e-02
1.744592590055871889e-02
1.748954259958725860e-02
1.751420367560913710e-02
1.751990063128175054e-02
1.757434238105283486e-02
1.759876193557929555e-02
1.764195367514270057e-02
1.767668883795550996e-02
1.771852124386606372e-02
1.775847869045240127e-02
1.776811733663399492e-02
1.783050956628680003e-02
1.784038960053972028e-02
1.790130715109294543e-02
1.792979252955622521e-02
1.795041189104311721e-02
1.801732404732239376e-02
1.802672877980289121e-02
1.805388539623360711e-02
1.812053462658436143e-02
1.813939377811533277e-02
1.817859918901053654e-02
1.820371867200024779e-02
1.823868801335454953e-02
1.824403030676676266e-02
1.829696814228393142e-02
1.835705273698540196e-02
1.838211221699308576e-02
1.845613709877630057e-02
1.852967022797828017e-02
1.855748780493082783e-02
1.861943896018398992e-02
1.862575530128274259e-02
1.865646013300998468e-02
1.870206284687160256e-02
1.872712709222427302e-02
1.876868682456776447e-02
1.877809107919520271e-02
1.881167144148182882e-02
1.887844279119695393e-02
1.888264118999200339e-02
1.892188995588712716e-02
1.898388446770806967e-02
1.899982246951227929e-02
1.905872405462829405e-02
1.909987743881464556e-02
1.911563192006496617e-02
1.914929003056170531e-02
1.920053721625837942e-02
1.922691509584744871e-02
1.926771758651455932e-02
1.928868763828689784e-02
1.932634488446728291e-02
1.937277960768700111e-02
1.938708273224937217e-02
1.941281513388438962e-02
1.950217618002982392e-02
1.951264225511542549e-02
1.953397898860036522e-02
1.958254655797327104e-02
1.960413501542212361e-02
1.966642439096825956e-02
1.974203486362616222e-02
1.975806955334944923e-02
1.978977046806299975e-02
1.982021213885410554e-02
1.989132560572472522e-02
1.992363899581969452e-02
1.993317660102170499e-02
1.995660175817955823e-02
2.000437582386055055e-02
2.004003480526654959e-02
2.010722077397973998e-02
2.015555053480537137e-02
2.021851892240937240e-02
2.025185771853578801e-02
2.030757816585603698e-02
2.034732275548471053e-02
2.036537999119351211e-02
2.037745495372165691e-02
2.039474615236205879e-02
2.050934138503349158e-02
2.053481873216396469e-02
2.055300832013274084e-02
2.059027491930556786e-02
2.062720314905399505e-02
2.065089635349223740e-02
2.069280690838119080e-02
2.072207028114536262e-02
2.079527015050936997e-02
2.082871823993759017e-02
2.085269065368740293e-02
2.090183946384232064e-02
2.092156349797356582e-02
2.096708686976203606e-02
2.099902234528177453e-02
2.101193734922374504e-02
2.106257119910655284e-02
2.108997919876992588e-02
2.111309666234301163e-02
2.118498196108374934e-02
2.123263693280720565e-02
2.125127071457106817e-02
2.130763277598644867e-02
2.134485896833170082e-02
2.136990270576383591e-02
2.140165185905264222e-02
2.142196296079785026e-02
2.148703207711946672e-02
2.152797206582509823e-02
2.155680527379447500e-02
2.159729420777738856e-02
2.163194049643739000e-02
2.165579293406402761e-02
2.173943669354028510e-02
2.178238082200976977e-02
2.182654342230817140e-02
2.188590496334941876e-02
2.188962727468573427e-02
2.193535484586995113e-02
2.197451980997899151e-02
2.200070824634913630e-02
2.204243249409433211e-02
2.208499299993877188e-02
2.209825018116180761e-02
2.214727029407768596e-02
2.217230019814836819e-02
2.222177236599419750e-02
2.227666937199251906e-02
2.230543449451253754e-02
2.234240612779470059e-02
2.238692349875954016e-02
2.241063799944897905e-02
2.247742400436150700e-02
2.250430801557729704e-02
2.255430355017824101e-02
2.260236393048459247e-02
2.263199462818646368e-02
2.268815815110138828e-02
2.270306141953681509e-02
2.273770801295468130e-02
2.280196464269556786e-02
2.286106051433560091e-02
2.290137781513508150e-02
2.290920921953285352e-02
2.295305785170050072e-02
2.297369998467392940e-02
2.302769225480271603e-02
2.305414254104299482e-02
2.310159883854812773e-02
2.316016303936318035e-02
2.317004608957925690e-02
2.323634644678828146e-02
2.325420505915832756e-02
2.328002057053558255e-02
2.333219156496708219e-02
2.338241822564455022e-02
2.341885027221536977e-02
2.345460588448732009e-02
2.348122082006176906e-02
2.353849498695610373e-02
2.362607201963693587e-02
2.365311767689141920e-02
2.368890375038806492e-02
2.370675334265808301e-02
2.376222051124484910e-02
2.383639683952214899e-02
2.386460690076712757e-02
2.389500583778247575e-02
2.391203993801955044e-02
2.392833635936359934e-02
2.398788402861066690e-02
2.400516157879089424e-02
2.406919228213234146e-02
2.410465664861221116e-02
2.413857474463869737e-02
2.418114318818724226e-02
2.424105385075336211e-02
2.429283240612879757e-02
2.433430240146904761e-02
2.437300578601588052e-02
2.443166730901099107e-02
2.446855693341343230e-02
2.453017228333674582e-02
2.455382232259719841e-02
2.461046109747596841e-02
2.463725285063505729e-02
2.468763287605797371e-02
2.471679180154752811e-02
2.473366433879035930e-02
2.477921621054946649e-02
2.484053934983224479e-02
2.485136726121918785e-02
2.488629007675281085e-02
2.493024999247812901e-02
2.498530785390424766e-02
2.500939048441790449e-02
2.503221019662511468e-02
2.509202180316866607e-02
2.511618741906088137e-02
2.522351738357836437e-02
2.524411638981528816e-02
2.526990407201574335e-02
2.530839963498457759e-02
2.534203545529302437e-02
2.537394399894680672e-02
2.544574738019485249e-02
2.547669124034570437e-02
2.553638998649700176e-02
2.556068584641177713e-02
2.559409610902606616e-02
2.561865740054325088e-02
2.567639165727961248e-02
2.571835996097164567e-02
2.575720938385630404e-02
2.578375101672144426e-02
2.585734082526858213e-02
2.590409969965808135e-02
2.594675512134315618e-02
2.597366522586089244e-02
2.601492290922328976e-02
2.604372867278803572e-02
2.610188224832270948e-02
2.610480509354849016e-02
2.617466338131903270e-02
2.623562420674873871e-02
2.628987413185259261e-02
2.635658455520458951e-02
2.639839507819054590e-02
2.644695612578053939e-02
2.650310362491186192e-02
2.650592321245856878e-02
2.654352324441780139e-02
2.660372419415573536e-02
2.664802979088162077e-02
2.668391908931915316e-02
2.674395548602449824e-02
2.677642933746061243e-02
2.680178036352484292e-02
2.685812212371360350e-02
2.689890689249830810e-02
2.695676622218474983e-02
2.699783547228157624e-02
2.701662241659017957e-02
2.709116030854011314e-02
2.713218102968962403e-02
2.714981272969329770e-02
2.719426193943921127e-02
2.723009422215838526e-02
2.727814637775388684e-02
2.729282150871954749e-02
2.733068912041347262e-02
2.737919736939010973e-02
2.739157795848501387e-02
2.742867318708040389e-02
2.750109223003386130e-02
2.751444762107166375e-02
2.754368659117346907e-02
2.756687899451322130e-02
2.761130228202765199e-02
2.767848166569394919e-02
2.768984984410519448e-02
2.775543244477289909e-02
2.781598789673511707e-02
2.786034477043202590e-02
2.786997509899872758e-02
2.795542700277995479e-02
2.804321215166249992e-02
2.805149664804413787e-02
2.806514510947195895e-02
2.813650211755440098e-02
2.820739910986362620e-02
2.821991697467901572e-02
2.826497047607038141e-02
2.830132390139634968e-02
2.832297094760674247e-02
2.845451049558264320e-02
2.846483985645716086e-02
2.852396175356727154e-02
2.855417181007732438e-02
2.859575328532891481e-02
2.860906856649990740e-02
2.871137074427847907e-02
2.875547139293141430e-02
2.877621101496802281e-02
2.879668606769864719e-02
2.888061339452871121e-02
2.891900772517369891e-02
2.896429677178520568e-02
2.902682239615956422e-02
2.904161620411942549e-02
2.908169397095639735e-02
2.910576333554694764e-02
2.919854038591405618e-02
2.922856304282719225e-02
2.929594599620586465e-02
2.932901212535705612e-02
2.937693695953178669e-02
2.941319139178256992e-02
2.944211445942396602e-02
2.955934141594302594e-02
2.959631477298747815e-02
2.964366719294345837e-02
2.968612043566211389e-02
2.972046461921790464e-02
2.972478187409314035e-02
2.978099354898591095e-02
2.982067380135328474e-02
2.983165504320318961e-02
2.990357886438888002e-02
2.996553793185994727e-02
2.998122673597533941e-02
3.003342541511408101e-02
3.007148884368871650e-02
3.012640979513853817e-02
3.014151893956595885e-02
3.024726301774163101e-02
3.028382740564658504e-02
3.032172824241978829e-02
3.033582149160493624e-02
3.037393629388670038e-02
3.042864090196967589e-02
3.046718700458042259e-02
3.050686949169941278e-02
3.061531074509006578e-02
3.062945167177450953e-02
3.068847127525409571e-02
3.073187896170060870e-02
3.080446312533800107e-02
3.081780467069515986e-02
3.084325496540690423e-02
3.098751378335899698e-02
3.100944803113146742e-02
3.101921700935656931e-02
3.112751884209746106e-02
3.115172944591181048e-02
3.122754473369613801e-02
3.125486953483015001e-02
3.127798229321789025e-02
3.137418890709942759e-02
3.139623294447795726e-02
3.145963387821704149e-02
3.149135110726563463e-02
3.149700669460190477e-02
3.159201086273667747e-02
3.161957627027461165e-02
3.167707452977506360e-02
3.175927334463891222e-02
3.178994631431152074e-02
3.180533450775859666e-02
3.187359024633993482e-02
3.193022942478207504e-02
3.197418098206337295e-02
3.201902046038503785e-02
3.210160100097617097e-02
3.211840926509784699e-02
3.215985114113664028e-02
3.218568925173082712e-02
3.227242009212721169e-02
3.230920855258297142e-02
3.235880518679860179e-02
3.240676787977041229e-02
3.241369412821722140e-02
3.246426563789338304e-02
3.255117675548269141e-02
3.262042935838128238e-02
3.265101368727924003e-02
3.270023810546884846e-02
3.274767885554013408e-02
3.278366521226343255e-02
3.282977153815359178e-02
3.288146450434352441e-02
3.292024814586881620e-02
3.302577102961245376e-02
3.305961833498992364e-02
3.310722380241919172e-02
3.313649460760972193e-02
3.320708068544891978e-02
3.321506814302393334e-02
3.329259235229224678e-02
3.331235459523464171e-02
3.334974784417103072e-02
3.344144817962615979e-02
3.346994123049436276e-02
3.354448298691593139e-02
3.357796351517161604e-02
3.364393508848289444e-02
3.364459445044988561e-02
3.373809420624150623e-02
3.384222461025281070e-02
3.386364725636228923e-02
3.394169469015446278e-02
3.405072181283967658e-02
3.406599116573860719e-02
3.410280110318309604e-02
3.413929258185888910e-02
3.415347516760831870e-02
3.424124104677449959e-02
3.430032231677117294e-02
3.434349775535096294e-02
3.445975285300430929e-02
3.449670892168770625e-02
3.455533714544748586e-02
3.457833023489104152e-02
3.465964775149667221e-02
3.470744889693136437e-02
3.480154895692051664e-02
3.483329411407772025e-02
3.486857213331430450e-02
3.493292506267271086e-02
3.499985343716886799e-02
3.508672999867494535e-02
3.510910629336264077e-02
3.512481339918169243e-02
3.518887625819915044e-02
3.526535726739365301e-02
3.530249593840930483e-02
3.534404339966274594e-02
3.540018378133096000e-02
3.541470631190190427e-02
3.549226053188590801e-02
3.552791787691461645e-02
3.556377753265450165e-02
3.565009746928208406e-02
3.574049553559768139e-02
3.577669822394524690e-02
3.588742873203868561e-02
3.590221572220617802e-02
3.598921098113777584e-02
3.604912060338127944e-02
3.607237339685565730e-02
3.613733846765431607e-02
3.623118360973433955e-02
3.628708494930328599e-02
3.629873518528466125e-02
3.636108289189668441e-02
3.645187365657755196e-02
3.648072924215309959e-02
3.653030086423644102e-02
3.665769560624548840e-02
3.672360742460821503e-02
3.685171910261234030e-02
3.688032931121643099e-02
3.692073505167103864e-02
3.699925922061717692e-02
3.702803805637868567e-02
3.709683999347518357e-02
3.712135993894451896e-02
3.715760451829571570e-02
3.726258857070854913e-02
3.735129907467354266e-02
3.739835550784725154e-02
3.746932830094307221e-02
3.754622018018199947e-02
3.760415412588712092e-02
3.765911473549400645e-02
3.769422194001387921e-02
3.774785223136597340e-02
3.778278741111640304e-02
3.785783609754524853e-02
3.797332572543313245e-02
3.809079957357613261e-02
3.817082309381441413e-02
3.820906511676567391e-02
3.825493894611182305e-02
3.833103098412231347e-02
3.837706902904781253e-02
3.848233792919025092e-02
3.851658070818079344e-02
3.862043686052112068e-02
3.871429198187463505e-02
3.875215964636279098e-02
3.879189003392295720e-02
3.888957350401987118e-02
3.897930453691695468e-02
3.906632260316687116e-02
3.909707434696566009e-02
3.925007244466162393e-02
3.929697906944255165e-02
3.937347235298123416e-02
3.939018454826368615e-02
3.945987787247045436e-02
3.953406307852509738e-02
3.956266015697573746e-02
3.959578318743538217e-02
3.975242129361315768e-02
3.979491511516437124e-02
3.988361255673395639e-02
4.001247616693336812e-02
4.011749887135123566e-02
4.021074239750713902e-02
4.029591174343413046e-02
4.039724140542762243e-02
4.042907816548015759e-02
4.056984610142178038e-02
4.064594481917702118e-02
4.070996840497659308e-02
4.081122177621905600e-02
4.084950647446548150e-02
4.091679617758958720e-02
4.095671159550236251e-02
4.106860657389777014e-02
4.123631594693248636e-02
4.130750650184836920e-02
4.140677430113537394e-02
4.144028038785373125e-02
4.154375595027994666e-02
4.163388955026027516e-02
4.168305029218911939e-02
4.179204027027213358e-02
4.198856814286684724e-02
4.212518837049616938e-02
4.216324505947565554e-02
4.219617192684787382e-02
4.248180600461642226e-02
4.269323708192349076e-02
4.286226284467269110e-02
4.295799517738707607e-02
4.306045191481629869e-02
4.337252461317026714e-02
4.345789696111150568e-02
4.357267666741579393e-02
4.391970409174619089e-02
4.412010249934937567e-02
