-4.424346444892897356e-02
-4.370475471433375725e-02
-4.346082587867645258e-02
-4.332755937157012349e-02
-4.315571510903569441e-02
-4.303665238809226135e-02
-4.287011702710719768e-02
-4.263545882783671692e-02
-4.246969742400669157e-02
-4.229500168988748615e-02
-4.220379103106450952e-02
-4.214846408871000816e-02
-4.205655784695497279e-02
-4.191378893894692065e-02
-4.188966706041385296e-02
-4.181584190426106823e-02
-4.177459417685265575e-02
-4.167006884880290751e-02
-4.151967399127563796e-02
-4.135540758452885268e-02
-4.132910453917219146e-02
-4.124031587433454882e-02
-4.119834905829357352e-02
-4.105475390369026784e-02
-4.102005560963579295e-02
-4.099089119009149962e-02
-4.085616078459556461e-02
-4.076736252536903443e-02
-4.064901071014218048e-02
-4.061687512044984821e-02
-4.051978354001701393e-02
-4.049874331858623749e-02
-4.029514624993942029e-02
-4.025233078157602201e-02
-4.014860624532358424e-02
-4.007225898395455621e-02
-4.000056614169660019e-02
-3.992608929127899886e-02
-3.976090244438208743e-02
-3.973545715963240632e-02
-3.967093893498117863e-02
-3.962368479589403747e-02
-3.958941463519979886e-02
-3.953330239750112857e-02
-3.939268312372923991e-02
-3.929239348833782342e-02
-3.920514707890307426e-02
-3.910239716010949912e-02
-3.908780497980531010e-02
-3.905025134690391642e-02
-3.898098871789985875e-02
-3.886658994710859988e-02
-3.882980439163167402e-02
-3.873435429107974920e-02
-3.863245740960404712e-02
-3.860278029030448504e-02
-3.851504132291488219e-02
-3.845774803974911366e-02
-3.835706943953214043e-02
-3.825084884962787896e-02
-3.824201351617793204e-02
-3.819519738391241592e-02
-3.810346765674075403e-02
-3.804111205626601461e-02
-3.798376750063986451e-02
-3.788115787460176465e-02
-3.782662889519363553e-02
-3.771822391593079860e-02
-3.767623002279291838e-02
-3.764301537274390014e-02
-3.759088526418977172e-02
-3.755898071052171661e-02
-3.742017073450555620e-02
-3.736273947875748402e-02
-3.731142507291016625e-02
-3.726701511119736437e-02
-3.723809357733383341e-02
-3.715744326294768973e-02
-3.708275930487044819e-02
-3.701715691738453884e-02
-3.695453232050643910e-02
-3.683272948881355369e-02
-3.679293995233559600e-02
-3.675711334522822199e-02
-3.669991291290183866e-02
-3.660448815017156021e-02
-3.658929920458353635e-02
-3.652830672595015760e-02
-3.647220241719636991e-02
-3.636243766734852806e-02
-3.629888850655541011e-02
-3.623215467604744972e-02
-3.618566272125071925e-02
-3.614132847166986323e-02
-3.609596947305895864e-02
-3.603497730169718388e-02
-3.592211097066249498e-02
-3.588645815931827687e-02
-3.580904880137793928e-02
-3.569730047097662007e-02
-3.565414390405234613e-02
-3.564396041971820694e-02
-3.557942637860207064e-02
-3.552609068706425594e-02
-3.545165617457109869e-02
-3.536729378144205793e-02
-3.533921042617430008e-02
-3.533542543345499082e-02
-3.527119738407691329e-02
-3.520491171230896027e-02
-3.511813770526501371e-02
-3.507842620666785927e-02
-3.496054619646415951e-02
-3.492065225974385484e-02
-3.482673091343792271e-02
-3.479421529430500731e-02
-3.476460257238631057e-02
-3.468503744933807559e-02
-3.467300873892808361e-02
-3.463346452373528700e-02
-3.456433314350002006e-02
-3.454510365029963420e-02
-3.448034564979379074e-02
-3.445397252688758849e-02
-3.435844051690531420e-02
-3.433360107450875165e-02
-3.423555107575867312e-02
-3.421386545169979865e-02
-3.411537342373044401e-02
-3.409074194339568181e-02
-3.401313586405159406e-02
-3.397973308247211749e-02
-3.388663817525491839e-02
-3.384554199331994001e-02
-3.380751452196065904e-02
-3.375571058861627505e-02
-3.372756951846736517e-02
-3.368969115422656285e-02
-3.356099575879786800e-02
-3.348976337074195675e-02
-3.345999079059002596e-02
-3.339435825490767035e-02
-3.336207398057580015e-02
-3.333505811693824455e-02
-3.326003808398297901e-02
-3.323740469765213562e-02
-3.321870000069506584e-02
-3.317235861645776579e-02
-3.312037839538766598e-02
-3.308712859893287589e-02
-3.301009749119299119e-02
-3.299332531142171177e-02
-3.294582540151074629e-02
-3.291897064205116102e-02
-3.281464858061393375e-02
-3.276989314763898570e-02
-3.271766661338135207e-02
-3.264609208120547446e-02
-3.260638343135332379e-02
-3.255813242413760356e-02
-3.248746326008649515e-02
-3.244833914680360365e-02
-3.236565327767894351e-02
-3.234612135884676332e-02
-3.226426935791425199e-02
-3.222308634756647361e-02
-3.219958804387811069e-02
-3.211470250788344555e-02
-3.205899884077281770e-02
-3.204506208659872735e-02
-3.199279096441397935e-02
-3.195550709792945726e-02
-3.190580649046707851e-02
-3.186675305997763163e-02
-3.183230363542952773e-02
-3.176316159181008514e-02
-3.172068540492502253e-02
-3.167271673940309090e-02
-3.157184480533668791e-02
-3.155207670493100774e-02
-3.152907991293186357e-02
-3.144704416351781773e-02
-3.141383405038718907e-02
-3.139348462608015922e-02
-3.129943506587842816e-02
-3.125774220628739497e-02
-3.122313896143003031e-02
-3.116071998414692359e-02
-3.110628852163876273e-02
-3.104968345691690168e-02
-3.102797582862788783e-02
-3.098827420269672714e-02
-3.093889388567220428e-02
-3.087022684653959598e-02
-3.086283358391349319e-02
-3.077070575001220748e-02
-3.070139228625463554e-02
-3.068286777510974631e-02
-3.062896935401446946e-02
-3.058279827328509726e-02
-3.053927952247691147e-02
-3.052247514600667233e-02
-3.041092737521485651e-02
-3.037286767608518567e-02
-3.035037216251495334e-02
-3.030733318533887152e-02
-3.028359150021639815e-02
-3.024304636475906236e-02
-3.020239961778019983e-02
-3.014712591016475984e-02
-3.006408092931947551e-02
-3.002534097466154350e-02
-2.997819047785877516e-02
-2.994358930152332329e-02
-2.992597995906606453e-02
-2.990499937376957934e-02
-2.982691599923404172e-02
-2.976185015951307231e-02
-2.974937683756444934e-02
-2.967395370117448944e-02
-2.962196509306603762e-02
-2.958060202306407246e-02
-2.954269802258299021e-02
-2.950598753936359980e-02
-2.944298968669230646e-02
-2.941223416253023817e-02
-2.935979706374470741e-02
-2.934259672739115629e-02
-2.932331004198682894e-02
-2.922215739937571166e-02
-2.917487086637722549e-02
-2.911786166123397565e-02
-2.906925469304279946e-02
-2.905753514642281030e-02
-2.902977424792290220e-02
-2.899551227261329064e-02
-2.896813640658610009e-02
-2.884381089403455223e-02
-2.881047348486466889e-02
-2.879948687840114263e-02
-2.871204868583739078e-02
-2.868315090763649475e-02
-2.865452175050186082e-02
-2.862541711452813373e-02
-2.856197588159248638e-02
-2.850879053318626163e-02
-2.847721983590745590e-02
-2.844509976705395307e-02
-2.839690467654344339e-02
-2.838242290921249439e-02
-2.835796222712006279e-02
-2.828069080370727850e-02
-2.820691930610567943e-02
-2.816683175939126496e-02
-2.813300091259611155e-02
-2.807428062998875914e-02
-2.802083555263702730e-02
-2.797965865403010885e-02
-2.795723046188033217e-02
-2.788702219187349021e-02
-2.784638030544146423e-02
-2.781804545193159589e-02
-2.773226022482268988e-02
-2.768294365894030662e-02
-2.767051687153242873e-02
-2.762118407721895000e-02
-2.759815380783739447e-02
-2.756521941081378768e-02
-2.749457834801000491e-02
-2.746205525780084922e-02
-2.737419624006752483e-02
-2.734392049367419600e-02
-2.730857999437483891e-02
-2.726528713890747149e-02
-2.721208311530940241e-02
-2.717740052027915049e-02
-2.714106152766986371e-02
-2.707446719864604542e-02
-2.701254722077621115e-02
-2.698388597049230717e-02
-2.691723530134773265e-02
-2.687966160634857812e-02
-2.685855011275211160e-02
-2.680873924823656829e-02
-2.676008431706133547e-02
-2.672495510779240163e-02
-2.670679995450560285e-02
-2.665846532474884512e-02
-2.663885474586636173e-02
-2.657509976328523843e-02
-2.651607271382170131e-02
-2.647327091143213129e-02
-2.640876688316104448e-02
-2.636882447056918335e-02
-2.635104483119836416e-02
-2.632421278478902851e-02
-2.629186407678301557e-02
-2.624502508180190721e-02
-2.621183634427832337e-02
-2.616053588488208292e-02
-2.614325797939436036e-02
-2.608055522342239349e-02
-2.603226990087014261e-02
-2.597661778213908312e-02
-2.592656505850816223e-02
-2.589357452098613177e-02
-2.582937209848526136e-02
-2.580030060810911685e-02
-2.574832310596267965e-02
-2.573663029360462665e-02
-2.570285122581315515e-02
-2.565377737939995850e-02
-2.564343048371869535e-02
-2.561725408026922432e-02
-2.557973842236803408e-02
-2.552403922281095208e-02
-2.549691032837283350e-02
-2.541595414951828766e-02
-2.540933167002019585e-02
-2.537866115918320856e-02
-2.533103365960195918e-02
-2.528429087060752450e-02
-2.525328076994234200e-02
-2.520090442323750721e-02
-2.514577051632670840e-02
-2.509373935232576264e-02
-2.505281656446720073e-02
-2.501553336682719314e-02
-2.498093637781914275e-02
-2.491743045738900597e-02
-2.487852381426562676e-02
-2.486545158279896209e-02
-2.481256336904642118e-02
-2.479878212202733453e-02
-2.475140300794458070e-02
-2.466979731896064287e-02
-2.465770687363926308e-02
-2.459734674118963654e-02
-2.456573589198576477e-02
-2.454301760856227727e-02
-2.449774548462296808e-02
-2.446761504672040344e-02
-2.439382880749710672e-02
-2.438730033998614752e-02
-2.432838934730304284e-02
-2.429894179002137569e-02
-2.423263360614126560e-02
-2.418771595561921076e-02
-2.416867447450398929e-02
-2.412180319936057041e-02
-2.407292950122951955e-02
-2.403927972195454496e-02
-2.400191389919562740e-02
-2.397408611943473503e-02
-2.392897174551936873e-02
-2.390377642130651556e-02
-2.389539162437499462e-02
-2.384316513586286906e-02
-2.382404691503981972e-02
-2.377807515362184015e-02
-2.370796476241488968e-02
-2.364316349216173327e-02
-2.361792579234264777e-02
-2.358396642416622779e-02
-2.349028591811350153e-02
-2.347961523801738587e-02
-2.346436965917173337e-02
-2.341489805294182450e-02
-2.339953501634226343e-02
-2.336517716659564786e-02
-2.329464800150895729e-02
-2.323345680622144332e-02
-2.319249229593967759e-02
-2.315709488386791942e-02
-2.312521079890905717e-02
-2.311996576489287747e-02
-2.307679456956463968e-02
-2.302267344062923146e-02
-2.299457298248765158e-02
-2.294495017203225865e-02
-2.292924891861042314e-02
-2.287799362270885248e-02
-2.283857542903732635e-02
-2.273753244945239324e-02
-2.273221132041115117e-02
-2.269257833951591682e-02
-2.265410226086123427e-02
-2.264126456952056735e-02
-2.263522362766846527e-02
-2.256357211787921382e-02
-2.249029917258169031e-02
-2.243744172561167385e-02
-2.239242242841414307e-02
-2.236759995111890775e-02
-2.233385692690858029e-02
-2.231065212594901537e-02
-2.227577841144821880e-02
-2.225834350576944703e-02
-2.222178293948963435e-02
-2.216636418054667226e-02
-2.209866889898511044e-02
-2.202506214953969810e-02
-2.200505727560138694e-02
-2.197395147702803711e-02
-2.195303947904812814e-02
-2.189298008755157648e-02
-2.187621460578374408e-02
-2.180792346477968685e-02
-2.178213552711500203e-02
-2.171931157500579107e-02
-2.168796683666824460e-02
-2.161444535366026029e-02
-2.158874350628319991e-02
-2.157194321909816290e-02
-2.153327805383461677e-02
-2.150302496507883535e-02
-2.148481785493383187e-02
-2.142262106362298121e-02
-2.139390281991189469e-02
-2.137404774872962709e-02
-2.128247522232991351e-02
-2.125585378496990321e-02
-2.122458939385032939e-02
-2.118645108559908535e-02
-2.118356609500205920e-02
-2.113282433073196409e-02
-2.107973282248529201e-02
-2.103238473961909286e-02
-2.096833727271777553e-02
-2.091309987207225218e-02
-2.089889967901194592e-02
-2.086925437147123599e-02
-2.080957115292741272e-02
-2.078298987331346145e-02
-2.073790103020456063e-02
-2.067114224190136351e-02
-2.061594337265932469e-02
-2.055927385443370031e-02
-2.052847876054550783e-02
-2.051087456902034659e-02
-2.047075105764465525e-02
-2.042329695406286394e-02
-2.041015329257826402e-02
-2.036533616454510101e-02
-2.035229032588150438e-02
-2.034116694579892956e-02
-2.029673186512559110e-02
-2.027010866674676393e-02
-2.022980584601375906e-02
-2.018052246150289775e-02
-2.013747195323984523e-02
-2.011799439116650559e-02
-2.006678494562625162e-02
-2.005159669683785270e-02
-2.000389673458020587e-02
-1.996373514703058891e-02
-1.989054030328594319e-02
-1.988148763966223961e-02
-1.985353258051836614e-02
-1.981890922449294420e-02
-1.978749547801663539e-02
-1.974678055279163041e-02
-1.971928038507906114e-02
-1.968979868333825198e-02
-1.966368477331569692e-02
-1.962575142539556977e-02
-1.955552165059037256e-02
-1.955089693215142366e-02
-1.951410354893085702e-02
-1.948767904669910372e-02
-1.945790362630825041e-02
-1.941583354958625884e-02
-1.935033796025749375e-02
-1.930766680333102434e-02
-1.926333485661074416e-02
-1.924208143462747753e-02
-1.921758741450856414e-02
-1.918661095707136638e-02
-1.909672510745981378e-02
-1.906312854959618663e-02
-1.904916599158311755e-02
-1.896354203164240734e-02
-1.892159967218924252e-02
-1.889792918916400472e-02
-1.885917713241395607e-02
-1.881060255009136747e-02
-1.875766116999424971e-02
-1.870551293286065730e-02
-1.869091787903496768e-02
-1.864538816447001632e-02
-1.862673235607824329e-02
-1.859196957862815913e-02
-1.855769441689908775e-02
-1.850815472176268323e-02
-1.845697582565709524e-02
-1.844775743559720974e-02
-1.840591334018380418e-02
-1.838176169582414823e-02
-1.834695189862668024e-02
-1.834476699598467861e-02
-1.827715635314415207e-02
-1.826833782887806595e-02
-1.823175685575656804e-02
-1.818227198562067173e-02
-1.814665138881227033e-02
-1.811150090664514004e-02
-1.809151384289799797e-02
-1.805992739881743386e-02
-1.800811016962163003e-02
-1.796614365940138458e-02
-1.793532909348650312e-02
-1.791707854810381181e-02
-1.785454105359566071e-02
-1.778391856826846279e-02
-1.778144712288598148e-02
-1.771511333980589631e-02
-1.770308497700721559e-02
-1.767437882528460208e-02
-1.759481998410674514e-02
-1.751788115130917256e-02
-1.749246390847073590e-02
-1.744499695526970789e-02
-1.743339802092347401e-02
-1.736366875982133656e-02
-1.733969794006963092e-02
-1.732112710131731431e-02
-1.729068441716074059e-02
-1.725000912506075360e-02
-1.721941411342510844e-02
-1.721114493225010464e-02
-1.716664530561207158e-02
-1.714129499545424817e-02
-1.711798447404743254e-02
-1.705567652297889508e-02
-1.703543865262714674e-02
-1.700308450694311413e-02
-1.696403192952850025e-02
-1.690798944926735076e-02
-1.685666579759770994e-02
-1.684142149100318481e-02
-1.680243559807416756e-02
-1.677584668385666625e-02
-1.673708610959137241e-02
-1.670872635427156361e-02
-1.669107820482815946e-02
-1.665671058713232011e-02
-1.660013864594206412e-02
-1.652302734026181441e-02
-1.650477638854663462e-02
-1.648078451560267693e-02
-1.642683815106973921e-02
-1.639239048373294233e-02
-1.636364923193353235e-02
-1.634898365363278774e-02
-1.629960687983703430e-02
-1.624700402636906557e-02
-1.621645671681852530e-02
-1.617551028014385314e-02
-1.613944633254389693e-02
-1.612479088416720122e-02
-1.609920114507565683e-02
-1.604953736525577268e-02
-1.597668240508928750e-02
-1.597242897880532531e-02
-1.590372924942529478e-02
-1.589046508368001376e-02
-1.588528185564822004e-02
-1.583201825785621880e-02
-1.579424437375401280e-02
-1.573180807072276782e-02
-1.569186073779342550e-02
-1.565940663112850087e-02
-1.562655870063809488e-02
-1.561693453653597088e-02
-1.555990926027960367e-02
-1.551752986142126631e-02
-1.550794859747072103e-02
-1.544286869267526806e-02
-1.542569960352366612e-02
-1.538449481385470788e-02
-1.536960882647873429e-02
-1.531424610727050162e-02
-1.521635604001577921e-02
-1.519103019706113597e-02
-1.517575412708504524e-02
-1.515692519127973328e-02
-1.513171989872167528e-02
-1.510563132418523205e-02
-1.504766461466731757e-02
-1.501577857415623170e-02
-1.496870061137261891e-02
-1.495281430802139488e-02
-1.488066418488368133e-02
-1.485214836952584473e-02
-1.481282859002960514e-02
-1.478791356455466666e-02
-1.474046732421859830e-02
-1.469187582532545042e-02
-1.467073797317151353e-02
-1.464100048358707960e-02
-1.460797315561930022e-02
-1.457067868099631673e-02
-1.454304259451659129e-02
-1.453168259793185570e-02
-1.446919230799287130e-02
-1.446166805950560227e-02
-1.442509138634469161e-02
-1.438220012141451509e-02
-1.433033567698850305e-02
-1.431327940274638999e-02
-1.429271571046109891e-02
-1.425521688386848992e-02
-1.422374076811845460e-02
-1.415483316133650527e-02
-1.414741575468636894e-02
-1.410813664342772285e-02
-1.404035447953006464e-02
-1.402512049391081358e-02
-1.398078276329066567e-02
-1.396685780057201065e-02
-1.390641381307702526e-02
-1.387993726481660979e-02
-1.383845678778543135e-02
-1.379908520770735739e-02
-1.377809750532238767e-02
-1.372788571383076056e-02
-1.370778233459941757e-02
-1.367733568589025832e-02
-1.362692931033559346e-02
-1.356381860705797339e-02
-1.354716715834535304e-02
-1.350856977628150588e-02
-1.347228784546341228e-02
-1.343808687271026703e-02
-1.339340278739017086e-02
-1.334191749280207520e-02
-1.332437768963140069e-02
-1.323202048891778185e-02
-1.322343956317052933e-02
-1.320731447549570829e-02
-1.318514688678839621e-02
-1.312626150358674713e-02
-1.311579145590424308e-02
-1.305678279642599228e-02
-1.303106639731373140e-02
-1.297364377696776615e-02
-1.295931231167006710e-02
-1.289929786357264796e-02
-1.286557411865268258e-02
-1.283984440629728878e-02
-1.281911550431318915e-02
-1.280476692375254882e-02
-1.278767872896084679e-02
-1.275869464354987756e-02
-1.269471629185488920e-02
-1.264369926098123445e-02
-1.259876451251053242e-02
-1.257121387957507719e-02
-1.251880400092728052e-02
-1.246985090171916569e-02
-1.244548879428876605e-02
-1.242525954253818378e-02
-1.240618353725276256e-02
-1.235613127662554302e-02
-1.232949735829718188e-02
-1.229258576400267013e-02
-1.227197484628040659e-02
-1.224756392831920747e-02
-1.223076417097814297e-02
-1.220847921925258782e-02
-1.215500048365739973e-02
-1.214402216423715770e-02
-1.209633164888184592e-02
-1.204671735169873456e-02
-1.199291772532488573e-02
-1.192328389957949056e-02
-1.189661869460583929e-02
-1.185513484095240822e-02
-1.182787082501815176e-02
-1.179659044164395321e-02
-1.175611831017996274e-02
-1.167226319943744442e-02
-1.165415839003776377e-02
-1.162594630664231035e-02
-1.161462789588181381e-02
-1.154118391068457983e-02
-1.149223214426911034e-02
-1.147920713491742788e-02
-1.140818793057622911e-02
-1.140046817434315490e-02
-1.134766227214764611e-02
-1.133052018956404519e-02
-1.126447987314547344e-02
-1.125724122306630270e-02
-1.123763049316466554e-02
-1.119104945712116710e-02
-1.114703521729612339e-02
-1.113847757816636801e-02
-1.110977550163794007e-02
-1.108751503428949056e-02
-1.102799520391778941e-02
-1.101742855082575752e-02
-1.100269324823054812e-02
-1.096044358861840776e-02
-1.091568951016207503e-02
-1.089235402943067831e-02
-1.084397073936338961e-02
-1.080032162197550050e-02
-1.076133419004458684e-02
-1.075011768075215778e-02
-1.070236639126830383e-02
-1.067553055676757900e-02
-1.066993642473865189e-02
-1.058881071961555176e-02
-1.057789583793364296e-02
-1.056015567452126165e-02
-1.052607797204164509e-02
-1.048662677815291946e-02
-1.046741761429189135e-02
-1.044762643205155925e-02
-1.040777551351195623e-02
-1.037469318794057363e-02
-1.034708764844264814e-02
-1.026024349556527333e-02
-1.024121650229710585e-02
-1.017436402813076679e-02
-1.015065159995308212e-02
-1.013175796691180054e-02
-1.008232861602780320e-02
-9.996914284817994684e-03
-9.980675468325334726e-03
-9.949189106400590371e-03
-9.917453216660597135e-03
-9.880005020135146018e-03
-9.858599516108247293e-03
-9.837117077797486592e-03
-9.781335001295105025e-03
-9.746144399627258356e-03
-9.711624870299612189e-03
-9.675673750520840874e-03
-9.666511854767986453e-03
-9.626388071655425996e-03
-9.596274592551554822e-03
-9.521459330946066904e-03
-9.504181906768443752e-03
-9.483215878751774172e-03
-9.456541757168250573e-03
-9.412720732194944720e-03
-9.355045922669120995e-03
-9.308581307600703389e-03
-9.288480676589079901e-03
-9.260058612347975976e-03
-9.233629981373666501e-03
-9.225687424262730627e-03
-9.194306821594996210e-03
-9.139866228115998276e-03
-9.098655734009638424e-03
-9.064524664777889873e-03
-9.021802012257527231e-03
-8.987806015456484277e-03
-8.957570571181639948e-03
-8.936199581824396526e-03
-8.913104304202135522e-03
-8.854989534335432413e-03
-8.813466299016237820e-03
-8.763872266124066168e-03
-8.754941095652227917e-03
-8.706484542378956429e-03
-8.676977618729092914e-03
-8.666021711386716342e-03
-8.640726414406106268e-03
-8.612040006894939106e-03
-8.608500050714758614e-03
-8.597146813306311142e-03
-8.537867935487230414e-03
-8.493434107307453948e-03
-8.487362262085074160e-03
-8.424980984799818398e-03
-8.406050202126790979e-03
-8.352459598565441581e-03
-8.334079669911389696e-03
-8.289259057576542702e-03
-8.254991963507143579e-03
-8.246606160270900793e-03
-8.206705102336160282e-03
-8.164670465806229266e-03
-8.088941870489529951e-03
-8.078827435015692102e-03
-8.030393375107584136e-03
-8.024969607620727891e-03
-7.938743067813173321e-03
-7.931985590604765518e-03
-7.857610589230294013e-03
-7.849194428689563324e-03
-7.802094454945173417e-03
-7.778555692294703700e-03
-7.734578601820565370e-03
-7.672764046856119999e-03
-7.650840478922555157e-03
-7.620122876978337179e-03
-7.607817765098777961e-03
-7.591144799751637501e-03
-7.570861127331721466e-03
-7.544242483717065149e-03
-7.503662884535078348e-03
-7.420771689133008088e-03
-7.388735360182520535e-03
-7.364790534870925727e-03
-7.358966280372435109e-03
-7.272988344742173372e-03
-7.270713089170060921e-03
-7.234374544927974285e-03
-7.219525531463206851e-03
-7.179505308272123194e-03
-7.127984165441357198e-03
-7.098847549870682117e-03
-7.097582444340367301e-03
-7.036418131713246225e-03
-6.995325207363380961e-03
-6.967681886698990149e-03
-6.914658535809893591e-03
-6.883250895820554500e-03
-6.856943798851868228e-03
-6.827430656294821223e-03
-6.789417366964902757e-03
-6.779004750999842108e-03
-6.737789814781881825e-03
-6.709765968442404742e-03
-6.678917432849656652e-03
-6.657400003094352849e-03
-6.598967310070067566e-03
-6.576376485360723931e-03
-6.517787110450927630e-03
-6.501199074279132364e-03
-6.495014219690420712e-03
-6.452962153799137075e-03
-6.381033530222267498e-03
-6.356649721219182272e-03
-6.307560241606089552e-03
-6.271576042454078508e-03
-6.264670481871082060e-03
-6.236744720808160350e-03
-6.212724981936073448e-03
-6.167551556444502737e-03
-6.125322584994439060e-03
-6.088808860202328879e-03
-6.034355444024484642e-03
-6.025244688167731046e-03
-5.967919262080196435e-03
-5.938837794902510764e-03
-5.906859726698077129e-03
-5.838501681688721377e-03
-5.817613331690617805e-03
-5.803666340367419872e-03
-5.757580310601325899e-03
-5.666052103174764286e-03
-5.657394041439237076e-03
-5.638322003509219256e-03
-5.617219846930913106e-03
-5.595464613155045480e-03
-5.566775049649408218e-03
-5.544323431606073237e-03
-5.463980946569773310e-03
-5.440046188142265253e-03
-5.426564672463757462e-03
-5.417125565834754984e-03
-5.371992130914652296e-03
-5.334272738732786893e-03
-5.311335923466387922e-03
-5.288100867886474064e-03
-5.264633844115878224e-03
-5.237905815243281034e-03
-5.195953926398618958e-03
-5.138809442908954563e-03
-5.076752310727523920e-03
-5.022447524605132101e-03
-4.975102463591539632e-03
-4.926944618982873579e-03
-4.910417169753276793e-03
-4.863585256771639671e-03
-4.840874822095568054e-03
-4.823195123858440604e-03
-4.806624295774451598e-03
-4.785803838709102101e-03
-4.728307588771412003e-03
-4.680967737891798298e-03
-4.643031440298008711e-03
-4.617890179144404535e-03
-4.571868523258666196e-03
-4.542928158358711457e-03
-4.491818009011351413e-03
-4.457745308993572853e-03
-4.403550384402423953e-03
-4.388604151724022177e-03
-4.359424493817268091e-03
-4.342111137272127754e-03
-4.308363561522195878e-03
-4.265773532449701998e-03
-4.252660183735864317e-03
-4.205537189772526330e-03
-4.173560514125315875e-03
-4.143016321084711136e-03
-4.115009938302790701e-03
-4.084841928935559197e-03
-4.041126625456356765e-03
-4.000177186501302842e-03
-3.981411112217739245e-03
-3.955130017010663121e-03
-3.919949917413263242e-03
-3.858485426020737390e-03
-3.827185367619567475e-03
-3.788607290243941120e-03
-3.739384826820723543e-03
-3.718993367173248268e-03
-3.692909239733820331e-03
-3.648375720665146191e-03
-3.612864267533217287e-03
-3.590538797466193664e-03
-3.586471259592792071e-03
-3.542409407885293952e-03
-3.533186730987780948e-03
-3.445495084656253603e-03
-3.426590561719333565e-03
-3.398694421212297527e-03
-3.339539524089775793e-03
-3.324784158842429994e-03
-3.282957400799075328e-03
-3.257442922668575373e-03
-3.196622757674310103e-03
-3.184710967176005401e-03
-3.177500873288250944e-03
-3.142130669667241721e-03
-3.114866140946262463e-03
-3.089636461687299274e-03
-3.040916819555300639e-03
-3.026046761963599972e-03
-2.976432820679044897e-03
-2.922037013866350934e-03
-2.897325593482034424e-03
-2.829112251266732627e-03
-2.815421666899226624e-03
-2.802375901775669073e-03
-2.736350056213792108e-03
-2.728085098624746709e-03
-2.701537566899922787e-03
-2.689023370460601019e-03
-2.648695462405338368e-03
-2.591698540281789712e-03
-2.558746934917596229e-03
-2.513381202978636365e-03
-2.506299595993804682e-03
-2.464960784609181860e-03
-2.442507470598407043e-03
-2.405912133576770372e-03
-2.395078240315637753e-03
-2.352838582165284621e-03
-2.313725481590494897e-03
-2.262813809601512804e-03
-2.236437331735639800e-03
-2.175369553468227760e-03
-2.149606645530520183e-03
-2.120264594021183981e-03
-2.090772920359479023e-03
-2.044016952901453119e-03
-2.008950603201597844e-03
-1.997238153233815532e-03
-1.968036107798592366e-03
-1.908381214842413834e-03
-1.893866922557440940e-03
-1.866319497543129924e-03
-1.833822918186726013e-03
-1.779205174656709083e-03
-1.756171547508792157e-03
-1.721947097298660813e-03
-1.689168060782428142e-03
-1.646102048372919801e-03
-1.616848369061043601e-03
-1.548391626925741879e-03
-1.531472579771736998e-03
-1.507117943939580889e-03
-1.458793776049253400e-03
-1.439233473029732620e-03
-1.360885677114609003e-03
-1.349051121139106107e-03
-1.317124310190300341e-03
-1.294204170633479322e-03
-1.287167320061447483e-03
-1.226504481481457140e-03
-1.195860480764146571e-03
-1.176023730706856783e-03
-1.123852070200088201e-03
-1.091343513188540535e-03
-1.077486825185157079e-03
-1.052933479282040959e-03
-1.022183519727701924e-03
-9.981632282764370777e-04
-9.374612227186427922e-04
-8.941417686022674330e-04
-8.860256988066974324e-04
-8.315211086584312072e-04
-7.667336672883050350e-04
-7.519856151162633085e-04
-7.183508068419028380e-04
-7.004855871508742929e-04
-6.638571585284217371e-04
-6.399665479821971129e-04
-6.010506383511797501e-04
-5.600931445511416785e-04
-5.407568905979673194e-04
-5.163539542409755108e-04
-4.905757427057743075e-04
-4.313822392615422304e-04
-3.963516175580327882e-04
-3.632945654228634321e-04
-3.275362130679823278e-04
-3.049319053280947025e-04
-2.783444528235774935e-04
-2.337159199289450939e-04
-1.737999194722456367e-04
-1.627575891386818499e-04
-1.327945903382250976e-04
-1.001237818103121985e-04
-9.793816181904889319e-05
-7.912910479927633383e-05
-2.292191932723979523e-05
3.300849901692946262e-05
4.250117627238517561e-05
7.383206441114234780e-05
1.660971585874888769e-04
1.862963453433450324e-04
2.021945234631290127e-04
2.491309328150521116e-04
2.759139342581018971e-04
3.091978473434502214e-04
3.757281635544155942e-04
4.056131234421805573e-04
4.247059406244708306e-04
4.457058016116911586e-04
4.884064179365548699e-04
5.045604636269508843e-04
5.298989182233127069e-04
6.062974287293034685e-04
6.435033057535928221e-04
6.890082431306288708e-04
7.035635509230867045e-04
7.202684705841622776e-04
7.518898768661427898e-04
7.803386408695289897e-04
7.871226676997664790e-04
8.454649057928422971e-04
8.875927423755102224e-04
9.045265060325900774e-04
9.615578628751661038e-04
9.801379711322489013e-04
1.034990117373712918e-03
1.063015597370001392e-03
1.082471906260668503e-03
1.117382531321410577e-03
1.184213773763317457e-03
1.212445895136234813e-03
1.230713146254620426e-03
1.254213766613000193e-03
1.314664448076766990e-03
1.332699915596093207e-03
1.361353252698427330e-03
1.402647108667786713e-03
1.413780470492683339e-03
1.453803198298451484e-03
1.493832737564085387e-03
1.547093550149050700e-03
1.595572321755197752e-03
1.643437990406849394e-03
1.678448401991396253e-03
1.726911415321200202e-03
1.755949090367197587e-03
1.767848093270227511e-03
1.793058360138019601e-03
1.822109340685295221e-03
1.849499512912896075e-03
1.879519857748751435e-03
1.899194090898696438e-03
1.953191073537338066e-03
1.974930909815991384e-03
2.008503780501962131e-03
2.020372963913468455e-03
2.054651947834002911e-03
2.067498009643318774e-03
2.121321973681752210e-03
2.180209190418733959e-03
2.186563392092646853e-03
2.256427319832735902e-03
2.266498390113744731e-03
2.278306082495212392e-03
2.326564950379650994e-03
2.380755892117955054e-03
2.414755372122888693e-03
2.486987632148367905e-03
2.504106154082119326e-03
2.544904249306786329e-03
2.584133566587731769e-03
2.587889680555897562e-03
2.609384781723023301e-03
2.645887683332445294e-03
2.675259069949480813e-03
2.720746665013032070e-03
2.740893514792804193e-03
2.802517895168880457e-03
2.849839884469032147e-03
2.879496740732713500e-03
2.928457472230861381e-03
2.945325219874723403e-03
2.970836985406421962e-03
2.991947053069890072e-03
3.008782003550184228e-03
3.033911406596080836e-03
3.061563706078857926e-03
3.120027420734537097e-03
3.152639972781565419e-03
3.163708112741063332e-03
3.251810179098891911e-03
3.272414785634985852e-03
3.293988078525373567e-03
3.376499727633595557e-03
3.388749199881634609e-03
3.424074436153817097e-03
3.427223824567454755e-03
3.491439008396906695e-03
3.510654417042724778e-03
3.518032668354826274e-03
3.560207850602834824e-03
3.598529723327455708e-03
3.623307842040687267e-03
3.682023243578145481e-03
3.709402239080290386e-03
3.723977422575058122e-03
3.810885934712850056e-03
3.825013723070462383e-03
3.858901842379757613e-03
3.890646572383197038e-03
3.921238239537991506e-03
3.957575411388711793e-03
3.994298071675281454e-03
4.019950981705219285e-03
4.039078992563801748e-03
4.072372985712491983e-03
4.124921019365446022e-03
4.140753852471878299e-03
4.158678176566872088e-03
4.222388211532486502e-03
4.254553277479513652e-03
4.309933823977881752e-03
4.334103459466770794e-03
4.356126100092097900e-03
4.391233359459082754e-03
4.416225893899183158e-03
4.449561279218635507e-03
4.484473858934283179e-03
4.523978921927958134e-03
4.561764734114251429e-03
4.614205088617069107e-03
4.631232035980262923e-03
4.658198588393573127e-03
4.691649516101921609e-03
4.743094450464477134e-03
4.775203426392896251e-03
4.799633711319612785e-03
4.822474491944865257e-03
4.877177931918881375e-03
4.889423142782798118e-03
4.917263531654969891e-03
4.942784459528931813e-03
5.002064030694296573e-03
5.030137802738200194e-03
5.061707697424794490e-03
5.094556635610597226e-03
5.132426940603215804e-03
5.162297614583157522e-03
5.183345717013929793e-03
5.202891427620024746e-03
5.264009876195055795e-03
5.304567824148078391e-03
5.351636148151892557e-03
5.375643523506750364e-03
5.413078798230341188e-03
5.449279492976588819e-03
5.468286035071100691e-03
5.504359581967393014e-03
5.530563388692696578e-03
5.581851555810930787e-03
5.585452388818486387e-03
5.636000867806660250e-03
5.663845525935250029e-03
5.684208461912661388e-03
5.723367859976822430e-03
5.762065652786154367e-03
5.813601351377664650e-03
5.838480714938296123e-03
5.865775239393405428e-03
5.925921392558381427e-03
5.957983317132448803e-03
6.019113138773673523e-03
6.040659882685172656e-03
6.057117167534918113e-03
6.101869554274435593e-03
6.142349371420309512e-03
6.153844358615118831e-03
6.194567933075375427e-03
6.227764660751028761e-03
6.267020714440794601e-03
6.291292085169204566e-03
6.336818983734001515e-03
6.345562602007980696e-03
6.370715396965595696e-03
6.409530781922911057e-03
6.467038686080265990e-03
6.511899461867870151e-03
6.568525969773799864e-03
6.618178781461408339e-03
6.630919218423248114e-03
6.669259880823100520e-03
6.682762061338934877e-03
6.717623890920823050e-03
6.789952557799705003e-03
6.792802140445962714e-03
6.835053234309824803e-03
6.875428558879790805e-03
6.920058331146740870e-03
6.962822657041015800e-03
6.989949323662436771e-03
7.023727231683497482e-03
7.068049695243161512e-03
7.092318957971374335e-03
7.133703866094832924e-03
7.171920446219622047e-03
7.184634396217623453e-03
7.195646787042154525e-03
7.221447775125716846e-03
7.267262625051900023e-03
7.318566401129641963e-03
7.343026970386228730e-03
7.375416763108664023e-03
7.405960161411225158e-03
7.494606184665614408e-03
7.544221382789891191e-03
7.571991284826477646e-03
7.585001543454678898e-03
7.611713297696974696e-03
7.638357980859137100e-03
7.654144249765302936e-03
7.694613085835512629e-03
7.715530176754995147e-03
7.734016640721396753e-03
7.793106620380641988e-03
7.834795931724172074e-03
7.848203837694784843e-03
7.889237525189824254e-03
7.921727754140291816e-03
7.955691510446829748e-03
7.997888171270166324e-03
8.008123318681798636e-03
8.042881854547403314e-03
8.070114843413639036e-03
8.115147973918119401e-03
8.147378445890847073e-03
8.207129983027762130e-03
8.241620218073134052e-03
8.264967434842946173e-03
8.320437470061701341e-03
8.356988886023802160e-03
8.385253579625827000e-03
8.425416643448691706e-03
8.458186445289254604e-03
8.483777932216376647e-03
8.507840962266172147e-03
8.526134541074172762e-03
8.600283721107467375e-03
8.651672228232612505e-03
8.670720472001153256e-03
8.693984506340176471e-03
8.719807260272117652e-03
8.777043742609383706e-03
8.808188770490039607e-03
8.846480925997445705e-03
8.887658679306241136e-03
8.931928297739718733e-03
8.936535812652515384e-03
9.008030854049752997e-03
9.011856701258175173e-03
9.039238782687582935e-03
9.073347875685302752e-03
9.104510097713656297e-03
9.135622509494472146e-03
9.206028299263003048e-03
9.212689258312855081e-03
9.265378588991636175e-03
9.273329592679754527e-03
9.302237075232557689e-03
9.333149152619462860e-03
9.356949780051549218e-03
9.426013402354577186e-03
9.448739010536173766e-03
9.482064880060500286e-03
9.554540744730858834e-03
9.562665289705103364e-03
9.605382629508059378e-03
9.631637097052133875e-03
9.686064831851326842e-03
9.725315310879695252e-03
9.750478407812679382e-03
9.761111594244536657e-03
9.780119073434448071e-03
9.870014361558817478e-03
9.893258421056823348e-03
9.908199975899858666e-03
9.940612612802093503e-03
9.993632868376241263e-03
1.001363984545680132e-02
1.002475585857928210e-02
1.004301921932748004e-02
1.013483217159695873e-02
1.015151138479614655e-02
1.018781362765166891e-02
1.020822885728746125e-02
1.027391774661482078e-02
1.028505133652939628e-02
1.031335925163665360e-02
1.032855796344964161e-02
1.036194113434311947e-02
1.040140412459946914e-02
1.046290579538316189e-02
1.052200166369989323e-02
1.053664886272274483e-02
1.057929441697830729e-02
1.059656322219360534e-02
1.060534437686613471e-02
1.064758293286430062e-02
1.069976854372315517e-02
1.075925355938094075e-02
1.078290905305086950e-02
1.079296499335784427e-02
1.081675840125490354e-02
1.085215004758519411e-02
1.090092194248511517e-02
1.091164110489298636e-02
1.095553605573362788e-02
1.103105986527753643e-02
1.104448487433556947e-02
1.107400862347180694e-02
1.113265086860464916e-02
1.117051149468424077e-02
1.121248739782489991e-02
1.124734164421983124e-02
1.127346076384822329e-02
1.130226817964368087e-02
1.135020557482156918e-02
1.138185267000123811e-02
1.142519099219250003e-02
1.145302076730779321e-02
1.149257928597266151e-02
1.153701959240834886e-02
1.155189526779428627e-02
1.156758780038190902e-02
1.163150596275290202e-02
1.166547687154005121e-02
1.169568845169899514e-02
1.173316922813799970e-02
1.174974838669047908e-02
1.178021132869870070e-02
1.181301153728885577e-02
1.186474068129027629e-02
1.187883028029632082e-02
1.193463748896095127e-02
1.196916187213202358e-02
1.201008465858208196e-02
1.201997562732579246e-02
1.207532970490685954e-02
1.211248990631366533e-02
1.212166549045842583e-02
1.214246386725529626e-02
1.221703768736385337e-02
1.226117680207403776e-02
1.229831033408167185e-02
1.233058783629823948e-02
1.234194393491960633e-02
1.236726936622777051e-02
1.239520819479380739e-02
1.240932608019791605e-02
1.247822327875414659e-02
1.251353226130934304e-02
1.255437919937449007e-02
1.259421506496233648e-02
1.263876870348970040e-02
1.265326298401811024e-02
1.269621732164598338e-02
1.270425374285955727e-02
1.275642932210083527e-02
1.276876793827134288e-02
1.281777298555882537e-02
1.285549717618757019e-02
1.290015450155505838e-02
1.291641865901896682e-02
1.299306221586499568e-02
1.303099308480461758e-02
1.303856386299276880e-02
1.308171464991281577e-02
1.309091925991803275e-02
1.312891877009409076e-02
1.315941149192884421e-02
1.319111039813906580e-02
1.323401895206210988e-02
1.327741904604958639e-02
1.330135776144689662e-02
1.331733779539239979e-02
1.336408404664846464e-02
1.340876864849429445e-02
1.344414469834130134e-02
1.346194072898449119e-02
1.350878631205609109e-02
1.352900267833179529e-02
1.355839945374802402e-02
1.363877282828304324e-02
1.364304872466885234e-02
1.369272256817006574e-02
1.373266767903304209e-02
1.377313759510969370e-02
1.377439322406084389e-02
1.382037013355240200e-02
1.394254800136752320e-02
1.396940009927479312e-02
1.399126402387754382e-02
1.400733012374220064e-02
1.404547253600118596e-02
1.406910615394852543e-02
1.415318297096033323e-02
1.415970206435399406e-02
1.422384290457389538e-02
1.424207215741778859e-02
1.426067725064281491e-02
1.429128409360441547e-02
1.434167206249758846e-02
1.437052460622556538e-02
1.440107285704347352e-02
1.445865557106516298e-02
1.448709487895999404e-02
1.454510401591476224e-02
1.459955458427414886e-02
1.465431673467368530e-02
1.468934959865341588e-02
1.469688924756466959e-02
1.472908865463697786e-02
1.476316295280906930e-02
1.479842561956832940e-02
1.483673012089287840e-02
1.486049755452961522e-02
1.488153054680189762e-02
1.495802110392361814e-02
1.499878544928300202e-02
1.501708492076554366e-02
1.506620657378914159e-02
1.509265704740256168e-02
1.513488530080226921e-02
1.514062992801760467e-02
1.516934476508142310e-02
1.522959163825125632e-02
1.524907076682079435e-02
1.528117450735092669e-02
1.533282573059523320e-02
1.535211328400510646e-02
1.536655838937907997e-02
1.538829390686916217e-02
1.544645833163742037e-02
1.549723080938863150e-02
1.555179221782731526e-02
1.560668957696500179e-02
1.562092856010435446e-02
1.565149174747246935e-02
1.569941813926212931e-02
1.574811301390804247e-02
1.578342538033144365e-02
1.581736121245706783e-02
1.584011961518657155e-02
1.586643176968294613e-02
1.588352467409551508e-02
1.590474610312488449e-02
1.594114663893900219e-02
1.603621280274971847e-02
1.604050226971488746e-02
1.605158280240431140e-02
1.607562104149073273e-02
1.614346857615379938e-02
1.615965919881325041e-02
1.618987610542481706e-02
1.623948352676397172e-02
1.628195299395997567e-02
1.633050994226028715e-02
1.635083290662625935e-02
1.639115802391993143e-02
1.646644685829206159e-02
1.649879839196043488e-02
1.650840777576590909e-02
1.656466366244781566e-02
1.659437448058091041e-02
1.661627682049420657e-02
1.666791200186919578e-02
1.669016584571665629e-02
1.673379904887465144e-02
1.676186102836493830e-02
1.678897666697229049e-02
1.681419750761295462e-02
1.687703099939814877e-02
1.690596276954838689e-02
1.696416742214000226e-02
1.698991819933614450e-02
1.701914992303060759e-02
1.707497667872545297e-02
1.710270944558479542e-02
1.711054626654795116e-02
1.715453074507383019e-02
1.718541497046298036e-02
1.719595518603608125e-02
1.723549361547603923e-02
1.727072340801007883e-02
1.728730826870994788e-02
1.735504986373439390e-02
1.738064024472662714e-02
1.742138243133255562e-02
1.745146299624479591e-02
1.752994088981197490e-02
1.755333008130649866e-02
1.758728279720659163e-02
1.764110779426746739e-02
1.768285065709186352e-02
1.774408998316907848e-02
1.777389687704204399e-02
1.780001959877596310e-02
1.782619396709510251e-02
1.788334449921590713e-02
1.791214116449860519e-02
1.794527487005445968e-02
1.798593676557815393e-02
1.803815832407076186e-02
1.806562542177788527e-02
1.808807941874970154e-02
1.812013141746596917e-02
1.813497785923526631e-02
1.817071722250891350e-02
1.822714549612435703e-02
1.826167200726911549e-02
1.829787767406106450e-02
1.832860668217816541e-02
1.835277253171438069e-02
1.841508615077690203e-02
1.842575994083118715e-02
1.853820115759730741e-02
1.855842038592645654e-02
1.857803285553407541e-02
1.863145252114229919e-02
1.868630256493809122e-02
1.869902239399458960e-02
1.874575412546920783e-02
1.879252230734305973e-02
1.880243678654515763e-02
1.881356217279031573e-02
1.887329009243808239e-02
1.890681869328095233e-02
1.893012137706634457e-02
1.897791422779294274e-02
1.901508086303870318e-02
1.902609024680556107e-02
1.908784493382406980e-02
1.911493823179346782e-02
1.915482134002922249e-02
1.919334351318456935e-02
1.926063753953888291e-02
1.926996335920290113e-02
1.930992592430726823e-02
1.931295454182454727e-02
1.939241524782484016e-02
1.945150312042673996e-02
1.950195603645314690e-02
1.950849396807710981e-02
1.957253793640450698e-02
1.958478965561781873e-02
1.963959120142103054e-02
1.968966855572651733e-02
1.971926161509263142e-02
1.973927889770736577e-02
1.977624638530915691e-02
1.981187127775585477e-02
1.985400823895462977e-02
1.993027433178232166e-02
1.996304025361807233e-02
1.997233145047459107e-02
2.002210923789984887e-02
2.007628327101926985e-02
2.014005646066192173e-02
2.016645437452909556e-02
2.017257476669151797e-02
2.020795301934211197e-02
2.025446265947267524e-02
2.028894637801003167e-02
2.030488928321284164e-02
2.037301440441745271e-02
2.044447856841344682e-02
2.045094512263063297e-02
2.046620147777025375e-02
2.050004778381030526e-02
2.051870558822024154e-02
2.059097552407995746e-02
2.065842389976677365e-02
2.067927292243707665e-02
2.072333844516527357e-02
2.073741012285314905e-02
2.078703400019757050e-02
2.082604782928175469e-02
2.084577453384899373e-02
2.088395428109281193e-02
2.094919326964135575e-02
2.095576167069749390e-02
2.101030550276238723e-02
2.104412744197274934e-02
2.106869507945568001e-02
2.112967040157130716e-02
2.115789775170716369e-02
2.122013329178012303e-02
2.123140973226386730e-02
2.124430531074947281e-02
2.128865830339660148e-02
2.133775477686112101e-02
2.136051488500036524e-02
2.143198477906356134e-02
2.144769365710837150e-02
2.151337289740325870e-02
2.154329471659156836e-02
2.160618563174465309e-02
2.164879015310934574e-02
2.167045750090750358e-02
2.172784681963630532e-02
2.174472014534438793e-02
2.180936699521530617e-02
2.186264721182020962e-02
2.191848687577254221e-02
2.193873920086734583e-02
2.196213474632134274e-02
2.199736212099004384e-02
2.205437652386467440e-02
2.205810535667223835e-02
2.213203648888889888e-02
2.218498492133132854e-02
2.221654566102426384e-02
2.223164714167783634e-02
2.227420947479205604e-02
2.229235271595493909e-02
2.236688011439983553e-02
2.238310381662782927e-02
2.243116583947816697e-02
2.246030674476818742e-02
2.248399795562599709e-02
2.253647892739468403e-02
2.255242316019156687e-02
2.256781911485960038e-02
2.259907563356184160e-02
2.267540980589848390e-02
2.269211516323258251e-02
2.278112193643776900e-02
2.283173421067201739e-02
2.286066565556101396e-02
2.288168757055653729e-02
2.293251650617338100e-02
2.295400925779337090e-02
2.297872295875888829e-02
2.300744149270488384e-02
2.307524356869913515e-02
2.310745537942171524e-02
2.311673413061681934e-02
2.319674166858549935e-02
2.322299648563119073e-02
2.326040378077894044e-02
2.331021645213881069e-02
2.333156629608589341e-02
2.338393621549416171e-02
2.342514846805747800e-02
2.346698338015184779e-02
2.352722268448827550e-02
2.352873576330144489e-02
2.354122252950599167e-02
2.357203391802407608e-02
2.362644285227122679e-02
2.367580504390275065e-02
2.373002206836376943e-02
2.376786965064321688e-02
2.382171288900996123e-02
2.388753268960460210e-02
2.396585410313414877e-02
2.399096986880249263e-02
2.401157552590136093e-02
2.403553580671743961e-02
2.413275165559612342e-02
2.413470358324111553e-02
2.417248609152547120e-02
2.417691711431481372e-02
2.424066512047961391e-02
2.428517202426195426e-02
2.432632860297169464e-02
2.436440744314697163e-02
2.437282332262666329e-02
2.446632716966571849e-02
2.449612867870067101e-02
2.454630593453019372e-02
2.462066908450320779e-02
2.463154237991384277e-02
2.465800442231189452e-02
2.467446476258083887e-02
2.471797721250136234e-02
2.474208205934359459e-02
2.479744699998635143e-02
2.486136305515392400e-02
2.491204138653869277e-02
2.493855370996429788e-02
2.500446469191742668e-02
2.503845235985959622e-02
2.507189668880442299e-02
2.512785275961010659e-02
2.517935894275127873e-02
2.518545271158438917e-02
2.523574845410606754e-02
2.528678940058412886e-02
2.531891442152986796e-02
2.535036372440040847e-02
2.536988354604844884e-02
2.542605248676159391e-02
2.547348964890694054e-02
2.552030475620554670e-02
2.556512640406414724e-02
2.557531317107639840e-02
2.561922743973002806e-02
2.565973594514735570e-02
2.572359718894853473e-02
2.579636849908860038e-02
2.580907229723867352e-02
2.581637816487344916e-02
2.586591491265680803e-02
2.589995156056571629e-02
2.598220928707018623e-02
2.598788019451633152e-02
2.603480971288574253e-02
2.607222803625056790e-02
2.611819692077708283e-02
2.613963074872745207e-02
2.621113019866449373e-02
2.632729843360574404e-02
2.634015573805097502e-02
2.637268726049793802e-02
2.639326303227907539e-02
2.641055980543318554e-02
2.642658948487234399e-02
2.651145598588060953e-02
2.658001060676900770e-02
2.665152515342415415e-02
2.665408446263363082e-02
2.668377374812400810e-02
2.672770180999995901e-02
2.677709042825249242e-02
2.681215663844597683e-02
2.688538763487826125e-02
2.689208483343942177e-02
2.698491103550577572e-02
2.702861652557052297e-02
2.706646524310936386e-02
2.709951199673388961e-02
2.714967965918628490e-02
2.718083208597940961e-02
2.720970880890989999e-02
2.724848269453336233e-02
2.731151059080262969e-02
2.734675538433901931e-02
2.737820803579292875e-02
2.740129737013355035e-02
2.740746106488268705e-02
2.751557168189638566e-02
2.753582320645288697e-02
2.758018373148655653e-02
2.763623594884489706e-02
2.767697291072463567e-02
2.771964719960392370e-02
2.775204115775745800e-02
2.779763466332472316e-02
2.783820662749008149e-02
2.789778119315026311e-02
2.792681713127565316e-02
2.796026822320798327e-02
2.800406358104730320e-02
2.809481875832884126e-02
2.813054771739792459e-02
2.815709026188732006e-02
2.820941424660364932e-02
2.823658470049300248e-02
2.827659168583073618e-02
2.834430615646741161e-02
2.835968507814865328e-02
2.839577726698014684e-02
2.844453365722234353e-02
2.847061214597956455e-02
2.853001424485126017e-02
2.856921832696358160e-02
2.858801042839058393e-02
2.863553357124869192e-02
2.872496619944771637e-02
2.876155577975620520e-02
2.879730799473587469e-02
2.882002280124845023e-02
2.886597617708464361e-02
2.895349062677954333e-02
2.900574899219167738e-02
2.903818839929438525e-02
2.906348904494961138e-02
2.912785420567626932e-02
2.918399829118855163e-02
2.921954081487178334e-02
2.926395502161779905e-02
2.931083704146853972e-02
2.937545759084938743e-02
2.941100502870215225e-02
2.950340854977924476e-02
2.951867142268018579e-02
2.954554883367459944e-02
2.962931343862331562e-02
2.964741934777110829e-02
2.970219125641192573e-02
2.975487266930456481e-02
2.978547691681577431e-02
2.983394241823567744e-02
2.983781995046374397e-02
2.990981035693782847e-02
2.995545675134207719e-02
2.998508076830857030e-02
3.008230348536472532e-02
3.008794028763799380e-02
3.016746808943562494e-02
3.021855644771109101e-02
3.024181858907525750e-02
3.033019877050042654e-02
3.040261172180612481e-02
3.043677264503614685e-02
3.045446899989413814e-02
3.049808981718304599e-02
3.060436801834924211e-02
3.061216644623671740e-02
3.063281932363401058e-02
3.070841236559627985e-02
3.073608134676123968e-02
3.079022948097377352e-02
3.080717562080483723e-02
3.083048869123671334e-02
3.088804131829193597e-02
3.090216515021832269e-02
3.096790592246389390e-02
3.101482186111622838e-02
3.105901179353758382e-02
3.112592039433331390e-02
3.116601881638490085e-02
3.120850554651692643e-02
3.125184335370326943e-02
3.132402578457836595e-02
3.134942466356077651e-02
3.148595277727572750e-02
3.150523426879325850e-02
3.160896558561775843e-02
3.163167753323851972e-02
3.163688942917301794e-02
3.168838440542830898e-02
3.172539506338172000e-02
3.175925432955372524e-02
3.180598022142316211e-02
3.184042227959230087e-02
3.188937573151100213e-02
3.192566045114175050e-02
3.197882928511207312e-02
3.208200817892798568e-02
3.209160650950462074e-02
3.218237540017681447e-02
3.222931967524365893e-02
3.226489706282366365e-02
3.229998776880549372e-02
3.231554993374335244e-02
3.238343239998982270e-02
3.245320105653046877e-02
3.248895585986526918e-02
3.253933002539061842e-02
3.260838330595190737e-02
3.266008896130471323e-02
3.270581311306950539e-02
3.272295167175755248e-02
3.277834661656713749e-02
3.281720311343821334e-02
3.292127328772522649e-02
3.297347166441661620e-02
3.302713798672307632e-02
3.305307502713069473e-02
3.309988845136195568e-02
3.315495868054124662e-02
3.319871881731892294e-02
3.323135400774056281e-02
3.325995833328626583e-02
3.332556858658840271e-02
3.338498454442732910e-02
3.343127503545871571e-02
3.346466766846172697e-02
3.359976177850110268e-02
3.363910698162334706e-02
3.365302870237591587e-02
3.371813887770840068e-02
3.382263278713987242e-02
3.384565390976652932e-02
3.388973856024680292e-02
3.392940423605802364e-02
3.395937359621319096e-02
3.398906602129393717e-02
3.410867396441098071e-02
3.414966188594671659e-02
3.422538544130925703e-02
3.425434384797899912e-02
3.432343371927137898e-02
3.436727393928720731e-02
3.438598351177551971e-02
3.448174300759319910e-02
3.453792634773242276e-02
3.463493355081443542e-02
3.465743316188922563e-02
3.468720936904139823e-02
3.476330462119303633e-02
3.485311975691119529e-02
3.491117258008394342e-02
3.495016984343980726e-02
3.498367726105287151e-02
3.505799768573494846e-02
3.509456066631470167e-02
3.517270010077393899e-02
3.517821503123319538e-02
3.523773388273112456e-02
3.529366664577788387e-02
3.531546160368116694e-02
3.540916469585443649e-02
3.546432648442195829e-02
3.550463461408225746e-02
3.561372600690833334e-02
3.564339291119861253e-02
3.574835473581066542e-02
3.579781921798776828e-02
3.585406107062816955e-02
3.591482663672831283e-02
3.599825480031610542e-02
3.605831383619203384e-02
3.607341730763016091e-02
3.615058343431075405e-02
3.615961900722269168e-02
3.622466849758568946e-02
3.627384504047786312e-02
3.629246059731795065e-02
3.632556030618624976e-02
3.644727806336767184e-02
3.651688557460767287e-02
3.659695552623811604e-02
3.665748606845897067e-02
3.674150246179379298e-02
3.674933570607592792e-02
3.684275113250130851e-02
3.688672179883840940e-02
3.693192301442651398e-02
3.698014581577313553e-02
3.703014168214702889e-02
3.709347892107944106e-02
3.716396554364319316e-02
3.718273914332437258e-02
3.725382882747578506e-02
3.731274512530831367e-02
3.735985291972268585e-02
3.744587884311179754e-02
3.747985038829526605e-02
3.757965025630474049e-02
3.765044077779176185e-02
3.771693193921438203e-02
3.782675375594068967e-02
3.786898951835693944e-02
3.796700347295146188e-02
3.801247261846921188e-02
3.807893481568976751e-02
3.814455963353882012e-02
3.822848420298365080e-02
3.826392074980531494e-02
3.828610601871989400e-02
3.839585570851392765e-02
3.843488430298862280e-02
3.853360074295088256e-02
3.859375272917620753e-02
3.868757688302572328e-02
3.877824701924928452e-02
3.887970933363369547e-02
3.890387742259689141e-02
3.906486582625205706e-02
3.913059331166898747e-02
3.919853746261853927e-02
3.922518608815664387e-02
3.927860558223338766e-02
3.932836067828222176e-02
3.942504760678301051e-02
3.953225521577269364e-02
3.954891994344502532e-02
3.964240258444297338e-02
3.982916626493617634e-02
3.988588565435040312e-02
3.993154240684811118e-02
3.999030516979822092e-02
4.010820887643121169e-02
4.017647253321239564e-02
4.025948518500999107e-02
4.035752484481083813e-02
4.037141052223744420e-02
4.047839944231337861e-02
4.055927372918331775e-02
4.063712788925155639e-02
4.066200206190662136e-02
4.078165432613649333e-02
4.090648698123337118e-02
4.097863543721488172e-02
4.104496284374984511e-02
4.109837140964858054e-02
4.115468991378420233e-02
4.130862333283814164e-02
4.146345020270858495e-02
4.150249660095081672e-02
4.155826454264037462e-02
4.166240104292126545e-02
4.167599593544325798e-02
4.176447789723401055e-02
4.201798735503783216e-02
4.212233224245297281e-02
4.216378299885457231e-02
4.242670856460223350e-02
4.271267649312640580e-02
4.283341641462489607e-02
4.287910277534325021e-02
4.295198021530440002e-02
4.316071195692132434e-02
4.345998155429444537e-02
4.374608826601868866e-02
4.380450444934208543e-02
4.431373046256631421e-02
