-4.389758149047068986e-02
-4.374789507683984197e-02
-4.338619072371420471e-02
-4.322527822456720403e-02
-4.306228338904797420e-02
-4.298674789272897284e-02
-4.281735638507620095e-02
-4.272397266138072691e-02
-4.266691069126164054e-02
-4.243105801883087502e-02
-4.232127144443699474e-02
-4.218572664002050165e-02
-4.211135359612777629e-02
-4.203803337341291413e-02
-4.185752530915818476e-02
-4.171106012995796919e-02
-4.165493634360559194e-02
-4.157393038913688443e-02
-4.156717826974644370e-02
-4.142610609264039262e-02
-4.138665080061672275e-02
-4.131748567258611976e-02
-4.114569453633921264e-02
-4.106513294616243731e-02
-4.101682190489891466e-02
-4.074456875545461043e-02
-4.065968180860748959e-02
-4.065368672817683965e-02
-4.051017634701244846e-02
-4.041567582265428310e-02
-4.029765512987105308e-02
-4.020310171672224903e-02
-4.015034391680774584e-02
-4.009346220253216103e-02
-4.007204431992905658e-02
-3.999862760298701636e-02
-3.996548753049153357e-02
-3.978051603985373330e-02
-3.970750900115983112e-02
-3.961294510317821954e-02
-3.956601265286806973e-02
-3.951097485673230741e-02
-3.949281699514017863e-02
-3.932228309636127267e-02
-3.927382431335368212e-02
-3.916868792787558951e-02
-3.912974784690583657e-02
-3.910977334133930450e-02
-3.896655105691334414e-02
-3.893039678414903643e-02
-3.883236091351757041e-02
-3.876250375590949149e-02
-3.867679186268516839e-02
-3.863056735827282567e-02
-3.859272589402974740e-02
-3.851027255439169045e-02
-3.843967847731043219e-02
-3.836054747701630324e-02
-3.834097601959533808e-02
-3.824210091005615653e-02
-3.819184709827527086e-02
-3.810017463522825248e-02
-3.803573879786911055e-02
-3.796742872859261431e-02
-3.792116563884334601e-02
-3.788354516446545972e-02
-3.775803670685935060e-02
-3.772637212330270245e-02
-3.765963499301665934e-02
-3.763011571324736265e-02
-3.755378472317859317e-02
-3.744764116377745367e-02
-3.736407554460653008e-02
-3.729607789301590814e-02
-3.725467446303571545e-02
-3.720018029954332006e-02
-3.714380074500880230e-02
-3.705782904842919862e-02
-3.698972401931384379e-02
-3.695639886474764990e-02
-3.688404276873938348e-02
-3.680507016158723194e-02
-3.675810418931829693e-02
-3.670132383393825276e-02
-3.665760649036348823e-02
-3.654268334348595437e-02
-3.644006718783750209e-02
-3.636663415961829959e-02
-3.634669626625290639e-02
-3.628198362204253929e-02
-3.626792421500672770e-02
-3.619311349255208837e-02
-3.611059870426194807e-02
-3.601836981397041337e-02
-3.597849434061710372e-02
-3.592888362490401222e-02
-3.584479469181954536e-02
-3.577990929978901863e-02
-3.572446386644064636e-02
-3.570169348625167050e-02
-3.561396096802880301e-02
-3.558767070640116853e-02
-3.556443901373842337e-02
-3.548569287964360719e-02
-3.542622369952681816e-02
-3.530699689597346230e-02
-3.527980177797346295e-02
-3.525127000021780616e-02
-3.520932153277253618e-02
-3.515208902420767501e-02
-3.512834132563977946e-02
-3.504176631566288669e-02
-3.502018752489190201e-02
-3.494877986840567302e-02
-3.493141190093733417e-02
-3.487879761762675140e-02
-3.481034484784362865e-02
-3.474670479392235473e-02
-3.471794999608496940e-02
-3.465893656476086437e-02
-3.457831240426491315e-02
-3.456470954224712122e-02
-3.451155496840966480e-02
-3.446403476401950494e-02
-3.441844246541670566e-02
-3.432714574828979459e-02
-3.428008899059264286e-02
-3.425375400330400028e-02
-3.415555045643477172e-02
-3.410489051960375467e-02
-3.408422854297785826e-02
-3.403909758383220213e-02
-3.400392372536573810e-02
-3.392023968010492857e-02
-3.383229918390862068e-02
-3.381456041638892379e-02
-3.375935438993280663e-02
-3.372398366242487788e-02
-3.365113050807762990e-02
-3.359948729537955148e-02
-3.358133206443490726e-02
-3.348738803704780220e-02
-3.342380504595310331e-02
-3.336672397624536324e-02
-3.335551694809245349e-02
-3.327895093550785333e-02
-3.326158104980098118e-02
-3.321707292387489352e-02
-3.319451742418760842e-02
-3.310795775778362093e-02
-3.300301474621602366e-02
-3.292832037787230687e-02
-3.289491966719867294e-02
-3.288195899184490761e-02
-3.280083255459281810e-02
-3.277041269309852872e-02
-3.274302995947349360e-02
-3.266804730549898589e-02
-3.263007739332068197e-02
-3.256154420538583116e-02
-3.249152357981627270e-02
-3.246052103333563893e-02
-3.239024641933014453e-02
-3.235564609724544266e-02
-3.230846266776630366e-02
-3.228693853249270385e-02
-3.226410275389610116e-02
-3.216326814366324283e-02
-3.211330191371625925e-02
-3.205618088665425358e-02
-3.202824183419394205e-02
-3.198562484339403933e-02
-3.197048591923119798e-02
-3.187068453718730487e-02
-3.185605335100338137e-02
-3.183002259876027001e-02
-3.179373055892179001e-02
-3.171397020445324011e-02
-3.166757482548071545e-02
-3.163182102001144830e-02
-3.156026878254823004e-02
-3.152563728003179161e-02
-3.148319927900985332e-02
-3.147893741456303518e-02
-3.138698301195183560e-02
-3.130730975025605017e-02
-3.129231617605750942e-02
-3.119097120195082201e-02
-3.117190005295317895e-02
-3.111644043982327718e-02
-3.105468419334353469e-02
-3.098021597280729844e-02
-3.095769355282193894e-02
-3.091343437841695754e-02
-3.088838124483094319e-02
-3.085399404215087224e-02
-3.080010648543017246e-02
-3.075296296301072152e-02
-3.069164338887060001e-02
-3.065802955345246425e-02
-3.062307495577938632e-02
-3.053356619202458877e-02
-3.044982393138237139e-02
-3.040571703719660221e-02
-3.037055151477399684e-02
-3.034339195744515869e-02
-3.025060577132183959e-02
-3.020053581283028976e-02
-3.018463424747188512e-02
-3.012620270434287345e-02
-3.009906766926064361e-02
-3.005834328769180219e-02
-3.002649836314098125e-02
-2.999340659075889343e-02
-2.994633039474864367e-02
-2.985780351100121924e-02
-2.982400699232122879e-02
-2.981536265792208984e-02
-2.976691521262774670e-02
-2.969521009121281127e-02
-2.967165549992920731e-02
-2.960638974524339162e-02
-2.952467453097181588e-02
-2.949133743141638814e-02
-2.945963805187763393e-02
-2.939607587589159604e-02
-2.936750685249927412e-02
-2.929151905349561269e-02
-2.924663750712288776e-02
-2.920263766729918817e-02
-2.917826713321900953e-02
-2.911086099069768243e-02
-2.907705621233986487e-02
-2.902599822107932576e-02
-2.900552600035166337e-02
-2.894225946260043855e-02
-2.891231198924942500e-02
-2.888551504875464318e-02
-2.884692667216049236e-02
-2.879493294502073752e-02
-2.876002450466546081e-02
-2.874508990541933470e-02
-2.870520424628775560e-02
-2.858830371208637144e-02
-2.854286668264137405e-02
-2.852239313239552862e-02
-2.849365989130615839e-02
-2.843866952477757185e-02
-2.841232727540268441e-02
-2.837341467141048235e-02
-2.834930039759404191e-02
-2.828187535008761661e-02
-2.820241209168706728e-02
-2.819750957576014003e-02
-2.809942407284413482e-02
-2.805746498453184218e-02
-2.800275778122496631e-02
-2.798981747466458558e-02
-2.793607532757878126e-02
-2.789081878071510839e-02
-2.787486259603870822e-02
-2.784673408543143422e-02
-2.779847375694205480e-02
-2.775852906109647564e-02
-2.771171235479297223e-02
-2.764452336528358187e-02
-2.759873750245687984e-02
-2.757640767220565642e-02
-2.752332816927686304e-02
-2.750362219939057884e-02
-2.743406995312310317e-02
-2.735303663391406778e-02
-2.732593418738616178e-02
-2.728536772635761429e-02
-2.726989160458816175e-02
-2.719878770431019901e-02
-2.718012831555532971e-02
-2.708088780621454097e-02
-2.706761771470095682e-02
-2.703916623665753374e-02
-2.697772076316835854e-02
-2.696377492248074395e-02
-2.691402782220211204e-02
-2.686928545735351587e-02
-2.683205620573508518e-02
-2.677704574629424447e-02
-2.673019162748930047e-02
-2.669648286115016214e-02
-2.665953183436896995e-02
-2.660153800583540604e-02
-2.658053763991572241e-02
-2.648412446430741321e-02
-2.645146521373017284e-02
-2.643010977114516880e-02
-2.637955955927431817e-02
-2.634584255407993944e-02
-2.625339117143946771e-02
-2.622415590770280081e-02
-2.621443092737299127e-02
-2.616344568896222106e-02
-2.614140323277580613e-02
-2.612027141994463161e-02
-2.607388508920750747e-02
-2.603316095553924805e-02
-2.599308221602126059e-02
-2.595574090129803418e-02
-2.588034176247934817e-02
-2.585203188492901649e-02
-2.581833407227563520e-02
-2.574868677928967425e-02
-2.567087995840806533e-02
-2.564875760177938793e-02
-2.561372427087454939e-02
-2.559654188252997661e-02
-2.555070638569769195e-02
-2.551773138633741875e-02
-2.548757255287164430e-02
-2.543634155663362928e-02
-2.539966311068467958e-02
-2.538090721424266991e-02
-2.534761263707534240e-02
-2.532572645337937897e-02
-2.528533593557065126e-02
-2.519013101144174441e-02
-2.516927040466599222e-02
-2.515136198351066929e-02
-2.512061374608810099e-02
-2.503750380549457297e-02
-2.501626200474415043e-02
-2.496073396775971842e-02
-2.493038967555453317e-02
-2.490229759933050568e-02
-2.487003650526602855e-02
-2.477447095834736310e-02
-2.475073357427809775e-02
-2.471797850872917840e-02
-2.467326567195433570e-02
-2.464024076010963918e-02
-2.462609942190610232e-02
-2.456642585574626489e-02
-2.454156169256781206e-02
-2.448451286754562556e-02
-2.445931059015227574e-02
-2.443493141074389724e-02
-2.439655984290947655e-02
-2.431102633576315633e-02
-2.428353789889780776e-02
-2.426380998384658830e-02
-2.419570952752842646e-02
-2.417812696858751692e-02
-2.410296207075792244e-02
-2.406621714801035830e-02
-2.404840672046075142e-02
-2.403552171373023530e-02
-2.398436468209630412e-02
-2.389782632857017503e-02
-2.388093649323409784e-02
-2.382621927405623521e-02
-2.375670225022539356e-02
-2.371813422509815722e-02
-2.367889298784772029e-02
-2.364395460083073067e-02
-2.360782077184223060e-02
-2.359121697013186192e-02
-2.349418823835267012e-02
-2.345056494712226616e-02
-2.343676747957831180e-02
-2.340554275237843179e-02
-2.335174844232083824e-02
-2.329843210331754635e-02
-2.325436279158504121e-02
-2.322628955843265147e-02
-2.320206128134820120e-02
-2.314342602514135941e-02
-2.312639617642626294e-02
-2.308315103322496412e-02
-2.303277105037314018e-02
-2.300057653696647303e-02
-2.297849943726778046e-02
-2.294230353277688580e-02
-2.287087867363354898e-02
-2.284508783876363497e-02
-2.277088320197934168e-02
-2.273844660155822928e-02
-2.270820249946238489e-02
-2.266383283080414951e-02
-2.262451442719916328e-02
-2.258315889962142151e-02
-2.257023498090785993e-02
-2.253792324959477678e-02
-2.250509541018154425e-02
-2.249055665191444786e-02
-2.241993754899121449e-02
-2.233071477172855757e-02
-2.228698812310580743e-02
-2.226741012071230610e-02
-2.224323236364697184e-02
-2.219896111213721587e-02
-2.212318923276169330e-02
-2.207640314883637864e-02
-2.205912328295171060e-02
-2.203159582555642981e-02
-2.199185524603453415e-02
-2.193816502453112618e-02
-2.193279853124738624e-02
-2.192049471843409217e-02
-2.187279144772519626e-02
-2.181103007487320347e-02
-2.174122129042303439e-02
-2.170666794070673714e-02
-2.167395739682030295e-02
-2.163245116255263847e-02
-2.161787879202395346e-02
-2.157150734217241558e-02
-2.154349339808493691e-02
-2.149470177602349347e-02
-2.144335530049079619e-02
-2.139563861720527801e-02
-2.138260118716170388e-02
-2.132994417376654281e-02
-2.130585518464954073e-02
-2.127163074954961999e-02
-2.123483893425027677e-02
-2.118706610888254974e-02
-2.116450484114808933e-02
-2.111295834464179191e-02
-2.107674061743049915e-02
-2.104141976660293956e-02
-2.100830280540607817e-02
-2.097525533451057023e-02
-2.094459057045930384e-02
-2.087736778721833650e-02
-2.083139670938757501e-02
-2.080710142855580341e-02
-2.079223514115235635e-02
-2.076471361169591676e-02
-2.072288449430900042e-02
-2.066942801814601258e-02
-2.063719815139326841e-02
-2.058733052764951527e-02
-2.056612327256999648e-02
-2.055367577560175338e-02
-2.052586030226557362e-02
-2.046426172342569530e-02
-2.043349456950873180e-02
-2.038879238030390575e-02
-2.033471406883148244e-02
-2.025769105297572578e-02
-2.023376881885529180e-02
-2.019524339773112395e-02
-2.017076796916289147e-02
-2.015743792149508884e-02
-2.007961153163940332e-02
-2.002533336848875967e-02
-1.999947520647485724e-02
-1.996008561479866578e-02
-1.992437585802857986e-02
-1.990623593088626866e-02
-1.985325464285580752e-02
-1.982913754849401425e-02
-1.977241094764311050e-02
-1.975683922471228177e-02
-1.973344410614716327e-02
-1.967032791540153716e-02
-1.963908291021270250e-02
-1.963207709569553955e-02
-1.957386512977765669e-02
-1.954045163842267271e-02
-1.952193751722820086e-02
-1.951059677303603260e-02
-1.948289246471957697e-02
-1.947101051049424797e-02
-1.936636381899568826e-02
-1.931529670069618079e-02
-1.930373813819380446e-02
-1.927184679289952601e-02
-1.923086635681478529e-02
-1.916919387273682135e-02
-1.913312093321365912e-02
-1.911264686959808154e-02
-1.908175722253089776e-02
-1.906046687113874261e-02
-1.892942422105902203e-02
-1.890690623966769651e-02
-1.887686377687370839e-02
-1.885021099203190720e-02
-1.879373202461694439e-02
-1.877764428771524705e-02
-1.872498139473258161e-02
-1.870205452438042371e-02
-1.864546637554726632e-02
-1.862867991914725699e-02
-1.861894050065389036e-02
-1.855325504622363716e-02
-1.853786571775955724e-02
-1.852787863930673712e-02
-1.846967811026189316e-02
-1.846016924983100507e-02
-1.838757408734289708e-02
-1.835822423322827981e-02
-1.833453471190969047e-02
-1.823304205424181729e-02
-1.820129807260059338e-02
-1.816551365006998167e-02
-1.814159791754816134e-02
-1.811029339838406485e-02
-1.808890985363799386e-02
-1.801534543487246648e-02
-1.797966417295185360e-02
-1.795306892737337165e-02
-1.791889061416530524e-02
-1.787417607423785401e-02
-1.782611813271416448e-02
-1.778826851750009777e-02
-1.777629447848167593e-02
-1.772996133507703798e-02
-1.771366280334304988e-02
-1.764605688937451178e-02
-1.760028589371664606e-02
-1.757175542127024231e-02
-1.752283939628574566e-02
-1.751374385700399036e-02
-1.747769575173702128e-02
-1.740289693774489665e-02
-1.735469094468622062e-02
-1.733284393033391810e-02
-1.731084545604094638e-02
-1.728944085757077795e-02
-1.727435267099130742e-02
-1.724590680211373489e-02
-1.722600328830831834e-02
-1.716786900593081366e-02
-1.713391213954896380e-02
-1.710898962624297567e-02
-1.704435451945970209e-02
-1.700297204742496834e-02
-1.689997796900739868e-02
-1.689334110212081796e-02
-1.686106915074562715e-02
-1.680530674535397548e-02
-1.680100080775328436e-02
-1.677638794894443022e-02
-1.669132093518154933e-02
-1.667716807938291260e-02
-1.663885583082806013e-02
-1.658792730759798759e-02
-1.654332808450363970e-02
-1.649129903778878692e-02
-1.645968083705728544e-02
-1.645216787858741828e-02
-1.638275839358923486e-02
-1.634587232993318581e-02
-1.632164395033226453e-02
-1.629005653569248410e-02
-1.626335916224693964e-02
-1.622244073637972225e-02
-1.618506748427660930e-02
-1.616437060766485329e-02
-1.610351055564425773e-02
-1.609030343601700053e-02
-1.606742531131660767e-02
-1.605664077397637654e-02
-1.598189914257851230e-02
-1.595862645146431391e-02
-1.589975411837423261e-02
-1.587268954081902037e-02
-1.584561014112168681e-02
-1.582076630361665612e-02
-1.579209121287135364e-02
-1.577133419591321070e-02
-1.573013713329849544e-02
-1.566889354009699808e-02
-1.563826033653775011e-02
-1.561239986478827647e-02
-1.557700083506165234e-02
-1.550660688098979938e-02
-1.546147850309083534e-02
-1.545496186091563015e-02
-1.541919254382345672e-02
-1.538433607494480403e-02
-1.531998083399042053e-02
-1.529753310482824882e-02
-1.525828573707406662e-02
-1.520849024226751493e-02
-1.515373992648039354e-02
-1.514043063205118556e-02
-1.511815931051961256e-02
-1.506674328176919181e-02
-1.501555604585469786e-02
-1.500530695111976232e-02
-1.496494957449882868e-02
-1.491670064467904254e-02
-1.491043855800018407e-02
-1.490353261860667168e-02
-1.484359332897412093e-02
-1.484023842203354912e-02
-1.478913104600553322e-02
-1.477019660452775877e-02
-1.475703538843239036e-02
-1.468276960517998601e-02
-1.464487527508235090e-02
-1.456600148448678779e-02
-1.453811452072187836e-02
-1.450561927530253509e-02
-1.445361765396604471e-02
-1.441605030466489891e-02
-1.438631490987513778e-02
-1.436372146538399813e-02
-1.431759693993899137e-02
-1.423822471467999645e-02
-1.419161807382058292e-02
-1.418187421761651565e-02
-1.414246782266304590e-02
-1.411901576109284538e-02
-1.406870295037641709e-02
-1.404428758576760188e-02
-1.401014238182902126e-02
-1.395660864836776802e-02
-1.392565560087358559e-02
-1.390811947728952044e-02
-1.385917441762044879e-02
-1.382655374665807402e-02
-1.381943741638815872e-02
-1.378298714737578520e-02
-1.373177384038691551e-02
-1.371327093254548143e-02
-1.369731110956200031e-02
-1.366752423379250479e-02
-1.364025291715836342e-02
-1.362460498897475301e-02
-1.358753088076941097e-02
-1.355015665692252402e-02
-1.347949969851215679e-02
-1.343641335457873218e-02
-1.338857902552316979e-02
-1.335693698508737953e-02
-1.335258710869590380e-02
-1.330399131208245128e-02
-1.327794120596713888e-02
-1.320877438997394154e-02
-1.320140371382726337e-02
-1.316108165326667842e-02
-1.312407389787121834e-02
-1.308634510717497298e-02
-1.304553305261119123e-02
-1.299573383607003849e-02
-1.295935618388151418e-02
-1.292685099614803573e-02
-1.288496603658171105e-02
-1.284311301282992264e-02
-1.283141382000187007e-02
-1.277058482587392629e-02
-1.273193064609139287e-02
-1.271014657025250523e-02
-1.267584841020986085e-02
-1.263826524318726816e-02
-1.262251949720442218e-02
-1.255522928776421285e-02
-1.254941827780251679e-02
-1.247786561961880709e-02
-1.246176120463798366e-02
-1.242618645533669769e-02
-1.241023875547608499e-02
-1.237440067118849955e-02
-1.232715901740679375e-02
-1.227999318810699646e-02
-1.225552802002255297e-02
-1.225217821259545585e-02
-1.218052490511965270e-02
-1.216540439617136947e-02
-1.211635205118481370e-02
-1.203822676389228186e-02
-1.203427723085347123e-02
-1.200153257673738059e-02
-1.198497378770856624e-02
-1.196066685261033130e-02
-1.191014047563720979e-02
-1.187009811918402283e-02
-1.183438818668976385e-02
-1.181824375248619746e-02
-1.176639362571226324e-02
-1.172341154102609154e-02
-1.168400094516589688e-02
-1.165581334915727525e-02
-1.158811822762634107e-02
-1.158282787843234463e-02
-1.156479408656088149e-02
-1.154841032672008702e-02
-1.150148294697112168e-02
-1.143970975491356498e-02
-1.140113068329273033e-02
-1.136695414649502300e-02
-1.134998185719084812e-02
-1.130123199063811854e-02
-1.129604255869640778e-02
-1.127757746335722802e-02
-1.123150463492868407e-02
-1.121050189337212746e-02
-1.117178081389281173e-02
-1.114799163667380341e-02
-1.111910502353832993e-02
-1.106277638072276741e-02
-1.101095623636762048e-02
-1.099282271163863622e-02
-1.095080777776917362e-02
-1.089675494769999121e-02
-1.086030636939319324e-02
-1.082517579062712045e-02
-1.077960403989222660e-02
-1.070601277493966885e-02
-1.068792615786051323e-02
-1.067562656242729280e-02
-1.061414006115623046e-02
-1.059400498779988591e-02
-1.054317986882246164e-02
-1.052389288268757404e-02
-1.050249852435104422e-02
-1.047311332316663672e-02
-1.046545479347263212e-02
-1.039380687753809103e-02
-1.038025436200346562e-02
-1.034475064611024668e-02
-1.032877872389151991e-02
-1.028590679032045409e-02
-1.019530908853691353e-02
-1.019354146980706345e-02
-1.017539426251646943e-02
-1.014231577938476403e-02
-1.011286549055758280e-02
-1.008272185625900229e-02
-1.007019172564455230e-02
-1.002659799518431510e-02
-9.975309031136933222e-03
-9.942703028671317708e-03
-9.898666707221136229e-03
-9.855742192576365246e-03
-9.826739902129420778e-03
-9.795741471690752600e-03
-9.769545258086476808e-03
-9.688781953839799288e-03
-9.675313326566325686e-03
-9.633689002932750364e-03
-9.627272085538691668e-03
-9.580766987921002925e-03
-9.517974457620986470e-03
-9.506271094656121648e-03
-9.466814878258971236e-03
-9.427490791507940962e-03
-9.396430286846758906e-03
-9.386050566652546015e-03
-9.366513355921748593e-03
-9.302505414927912317e-03
-9.285752130389405418e-03
-9.263122810418827902e-03
-9.230137140421861008e-03
-9.158712417750999868e-03
-9.125152836336318865e-03
-9.107414627187256431e-03
-9.092011138975246778e-03
-9.038275458597054557e-03
-9.017403619472907222e-03
-9.007889225392959331e-03
-8.979340666756383330e-03
-8.960565297214347080e-03
-8.894066231651799256e-03
-8.812915249090693542e-03
-8.764107947542220181e-03
-8.728332404895566832e-03
-8.719581667588250859e-03
-8.682077692080753667e-03
-8.655216515196276564e-03
-8.611764289010644460e-03
-8.570161182847950074e-03
-8.554709607451938327e-03
-8.496015405473301627e-03
-8.478411038722518181e-03
-8.413125052274490756e-03
-8.380886052972630340e-03
-8.328113133430136567e-03
-8.309040648554666744e-03
-8.260522912997874528e-03
-8.204027591992093388e-03
-8.178053183764771861e-03
-8.156095941364221308e-03
-8.112800975499358247e-03
-8.103568642533986316e-03
-8.073244618750682888e-03
-8.028320070106207546e-03
-8.014676981584614029e-03
-7.980168485252060045e-03
-7.937504568585548176e-03
-7.905122520797266961e-03
-7.861694188179845638e-03
-7.825143626816936579e-03
-7.779164954829048163e-03
-7.763011176412753546e-03
-7.712789610223238536e-03
-7.676466652315018686e-03
-7.657338686601566045e-03
-7.638516818819810275e-03
-7.591651516855417448e-03
-7.550103848159136523e-03
-7.511745026599942962e-03
-7.508054429189673501e-03
-7.447868158258189389e-03
-7.419552404801590950e-03
-7.407604263127691435e-03
-7.353639601199924401e-03
-7.343920706272519944e-03
-7.335595577657332000e-03
-7.310976913095178741e-03
-7.239813493212492006e-03
-7.210632495533254860e-03
-7.164507445356143103e-03
-7.124245182382520948e-03
-7.087061260685513508e-03
-7.042694486405374696e-03
-7.018049288611678121e-03
-6.994710107851987227e-03
-6.958031723023194205e-03
-6.935367076443638319e-03
-6.916779637373064553e-03
-6.889391303157876324e-03
-6.818848924589857551e-03
-6.803804994910820497e-03
-6.767864268643762789e-03
-6.724192518008718748e-03
-6.687574721005060292e-03
-6.676572799879897102e-03
-6.621195545404161796e-03
-6.550851519523936788e-03
-6.503167642637537604e-03
-6.480485340962354943e-03
-6.452505460778773516e-03
-6.411607709060566929e-03
-6.403711163742895410e-03
-6.388239141022603734e-03
-6.350243648965460570e-03
-6.305294838893441174e-03
-6.258092331299768690e-03
-6.210311608563289648e-03
-6.205107607406576929e-03
-6.150608911832854131e-03
-6.125311456031674699e-03
-6.096009880401283450e-03
-6.063121267968121092e-03
-6.002136489701914365e-03
-5.978089039393362503e-03
-5.964615294836781226e-03
-5.925293985042281129e-03
-5.898863283013126672e-03
-5.885064805994343062e-03
-5.832829099841154753e-03
-5.809577599008000984e-03
-5.785876367946931297e-03
-5.735507962877986476e-03
-5.719463437399927193e-03
-5.681887252921004501e-03
-5.631740412911866688e-03
-5.609142643310732063e-03
-5.568433806476699895e-03
-5.531447186097733677e-03
-5.454436620582675532e-03
-5.424813589694342519e-03
-5.395571718690015534e-03
-5.373266346805440075e-03
-5.330779216458573187e-03
-5.308070635883310219e-03
-5.277818249059946371e-03
-5.268983443021986804e-03
-5.233002526987745595e-03
-5.213578427210059825e-03
-5.188181469841153005e-03
-5.128910129240316779e-03
-5.116428685923860367e-03
-5.058405427383123008e-03
-5.021168211090507386e-03
-4.978365132523115098e-03
-4.946480991328577013e-03
-4.893908383937261956e-03
-4.868180680623105348e-03
-4.845565538749637378e-03
-4.827176616949006502e-03
-4.728607898192615892e-03
-4.715956020188065943e-03
-4.674707471047210086e-03
-4.669546665594432114e-03
-4.624397761044032190e-03
-4.595277666397416458e-03
-4.540617504837651981e-03
-4.534624608674734866e-03
-4.491309344618608576e-03
-4.467195194927392130e-03
-4.438530904762015734e-03
-4.398789611564479785e-03
-4.339614701573743863e-03
-4.338692273139606315e-03
-4.276447834149058914e-03
-4.255946586683791860e-03
-4.233025926898421366e-03
-4.179818654448520625e-03
-4.140668199276867703e-03
-4.130863190197168154e-03
-4.071949270576709530e-03
-4.035732664254042604e-03
-4.029923091574359566e-03
-4.007714874123184320e-03
-4.000515365715786274e-03
-3.959237968472657104e-03
-3.857630196904617090e-03
-3.838182183035206228e-03
-3.827726287941584250e-03
-3.810004076551737253e-03
-3.767340650068755434e-03
-3.710126703373459092e-03
-3.678009728055090920e-03
-3.623733331677292044e-03
-3.617521922058883083e-03
-3.582910973802120019e-03
-3.562005486949892767e-03
-3.508786667235492401e-03
-3.492706722939929211e-03
-3.469248682555203626e-03
-3.410104722140039346e-03
-3.369107722051077440e-03
-3.325577464261175210e-03
-3.291427162368219979e-03
-3.253326486544025516e-03
-3.233368216148160054e-03
-3.218281562505853882e-03
-3.169867633681084859e-03
-3.140558503927552356e-03
-3.099767144034622137e-03
-3.068143123562992909e-03
-3.041333483389204763e-03
-2.995811907328213564e-03
-2.944022748920372464e-03
-2.912992164593725033e-03
-2.881340944926593164e-03
-2.852037790949253551e-03
-2.822289567447735896e-03
-2.785182041135717858e-03
-2.764507313201990633e-03
-2.713074646470655434e-03
-2.665517941776923867e-03
-2.659881142606664549e-03
-2.629582443272817857e-03
-2.608304188940847434e-03
-2.560191121761877346e-03
-2.539124939461527477e-03
-2.513670513845652193e-03
-2.483241988447151567e-03
-2.414039456566414218e-03
-2.367682934596254413e-03
-2.320995885725964970e-03
-2.284371852627210039e-03
-2.280019545279244816e-03
-2.261946014396963144e-03
-2.245441091104155400e-03
-2.165976356311374949e-03
-2.129649900173058441e-03
-2.116365587047366707e-03
-2.096332825764095353e-03
-2.033479646433433621e-03
-2.011877962321251788e-03
-1.977524290807160506e-03
-1.935545504268992118e-03
-1.896128856844667880e-03
-1.871868261869747948e-03
-1.827662734697024002e-03
-1.736947260987210546e-03
-1.730966224796995703e-03
-1.704689290682811489e-03
-1.684899658776753970e-03
-1.670786456417134181e-03
-1.636031566006008586e-03
-1.585681149959085540e-03
-1.572397087981014302e-03
-1.528521345021147636e-03
-1.488739098608106697e-03
-1.482305507630197160e-03
-1.464482249025586200e-03
-1.428214199110705704e-03
-1.407690086778071127e-03
-1.363752000179896439e-03
-1.349551581561309792e-03
-1.325873669922020184e-03
-1.251831052264071667e-03
-1.226087850724314832e-03
-1.190702592413089584e-03
-1.184318100790981206e-03
-1.087425210435427484e-03
-1.057736090120360703e-03
-1.051830057594503728e-03
-9.909818776363292156e-04
-9.608593331726553687e-04
-9.504325934402702014e-04
-9.350005511051874855e-04
-8.720287972388447717e-04
-7.993512545666511902e-04
-7.712623359091493351e-04
-7.508566260630246056e-04
-7.066067124884795958e-04
-6.836169783998669383e-04
-6.762579006967157653e-04
-6.193017756569283881e-04
-6.045363542277186909e-04
-5.386683739723652957e-04
-5.193500388597024767e-04
-4.890813197209468088e-04
-4.710550855864375770e-04
-4.162999408623354355e-04
-3.653354551810784824e-04
-3.472364071645195555e-04
-2.844657542566327046e-04
-2.648300625463348348e-04
-2.370292114580752356e-04
-1.959190901382564973e-04
-1.717163532777872396e-04
-1.589860797527303381e-04
-1.436315476031265750e-04
-1.225303259478619704e-04
-5.601653545142302830e-05
-3.956614020117345894e-05
-4.990506155554305454e-06
2.936566494584343063e-05
6.871663445220110042e-05
8.517111032574922963e-05
1.328558212040000387e-04
1.989197046275425497e-04
2.250879301574136928e-04
2.458890957351185665e-04
2.862992787564413825e-04
3.437456797816407098e-04
3.756121614257097079e-04
3.808582112897942865e-04
4.627473520403366128e-04
4.907132511318006195e-04
4.964690245299929793e-04
5.474190579355649264e-04
5.531839708557466590e-04
6.199072701918151556e-04
6.454136320996803865e-04
7.141839413650777563e-04
7.369000471474264477e-04
7.534874619440094703e-04
7.667742490749769125e-04
7.949182943957970550e-04
8.383012987635665757e-04
8.526770865417710723e-04
9.004510000991478242e-04
9.189028214202054875e-04
9.412818474249211179e-04
1.016900342547377668e-03
1.020866119763551771e-03
1.069321048125996708e-03
1.095133793948442017e-03
1.122128270893066673e-03
1.144551846261071797e-03
1.155274068234319424e-03
1.208814270783867880e-03
1.228482374876163890e-03
1.280303601416555659e-03
1.305832965798798834e-03
1.359943797527942734e-03
1.366465029722808717e-03
1.395218821450829386e-03
1.462283373616512496e-03
1.488912483731262950e-03
1.513485829519025478e-03
1.545697742948193157e-03
1.632510112341873211e-03
1.633651250426525941e-03
1.663271853961577904e-03
1.703749294230879089e-03
1.723219765305514283e-03
1.782862835789190102e-03
1.833749928508578370e-03
1.842279329641011154e-03
1.863028993729977292e-03
1.895593474398895055e-03
1.929467176990713783e-03
1.974121245835513093e-03
1.995665305876881748e-03
2.031391695569377716e-03
2.090502529000792115e-03
2.104822833987704100e-03
2.164744169879852069e-03
2.192654466770214972e-03
2.232068281819237898e-03
2.271115549203410380e-03
2.279809726253094818e-03
2.312528597686820502e-03
2.342434795142362552e-03
2.388377465794786110e-03
2.447401138212111551e-03
2.478047298736239454e-03
2.485427709230703802e-03
2.523526792651428329e-03
2.546890631850114335e-03
2.560906564593638281e-03
2.610672963253012589e-03
2.629973411082698123e-03
2.654935803733025641e-03
2.713017948652793332e-03
2.747804360748923314e-03
2.759318502014770219e-03
2.801830960153532148e-03
2.836298699554568904e-03
2.868112667414619149e-03
2.928571691446210223e-03
2.955399295749745921e-03
2.993270702364804470e-03
3.003651002762951737e-03
3.069133882788788615e-03
3.078855842268201498e-03
3.129532067805316890e-03
3.139083891974663813e-03
3.154514959233238169e-03
3.182573206391991778e-03
3.281148898688887854e-03
3.292921402215278747e-03
3.340941139450070464e-03
3.369052790392234719e-03
3.385703519045775867e-03
3.405395594660787922e-03
3.443209849574567841e-03
3.492922783323445905e-03
3.507457311556206464e-03
3.569883593892551714e-03
3.575332301910491475e-03
3.606248753186291379e-03
3.673434076362606070e-03
3.712315015280768724e-03
3.745276047655998145e-03
3.767371797183336965e-03
3.805802014651290220e-03
3.816659450272056209e-03
3.890480465741621898e-03
3.922675398826349150e-03
3.948215589166677829e-03
3.961325724502032936e-03
3.980940761905596426e-03
4.023163815532126812e-03
4.059836464014613018e-03
4.113399985911939116e-03
4.146980034189973532e-03
4.170184694081968506e-03
4.181017285900284763e-03
4.218458162048585938e-03
4.311552848517848611e-03
4.362004485655621676e-03
4.376972513918843052e-03
4.390174766521459312e-03
4.431435405706679251e-03
4.457244111244894336e-03
4.488670455913345431e-03
4.491382171129694109e-03
4.567140259089798142e-03
4.607377510850930308e-03
4.614531460622381225e-03
4.631390602088438120e-03
4.713265032565485367e-03
4.741718929754308066e-03
4.769346933111739614e-03
4.787395383490065069e-03
4.839537818293168127e-03
4.874718686579426231e-03
4.899870046062679459e-03
4.923902439517510027e-03
4.943955117624778718e-03
4.994928963469976585e-03
5.041294827138481822e-03
5.047209253000642555e-03
5.070029493250639320e-03
5.129681654250963820e-03
5.183017900960539513e-03
5.216655609311101303e-03
5.232915420346455002e-03
5.272073501538809999e-03
5.325386983103037007e-03
5.375290647926997227e-03
5.390781970393364493e-03
5.413454822530488868e-03
5.451772703877976432e-03
5.472359928807497484e-03
5.530352954459287311e-03
5.565767623961065218e-03
5.596995079327342880e-03
5.618032169419484752e-03
5.668882781131904906e-03
5.713003942874578245e-03
5.761799750567554897e-03
5.779135673223950893e-03
5.803642397568816759e-03
5.861216063127106662e-03
5.894636057694239116e-03
5.939819266512240924e-03
5.959844708276256821e-03
5.990775914713672261e-03
6.003892385266925390e-03
6.047069512031901656e-03
6.082472535823631350e-03
6.130026731873914995e-03
6.143405260354851613e-03
6.215738908050214180e-03
6.234160114980930034e-03
6.248112475554816990e-03
6.263570003998328133e-03
6.293209739338602622e-03
6.325094518745696427e-03
6.418354899777743011e-03
6.425156099923920276e-03
6.474794162704339447e-03
6.513383944853197612e-03
6.518294206727999300e-03
6.592125037995894520e-03
6.614749060199615754e-03
6.653617719396176869e-03
6.672966549929497566e-03
6.692820705480199799e-03
6.761707690701794851e-03
6.800899348694095306e-03
6.831596799923490837e-03
6.854479360110746905e-03
6.858869655985519453e-03
6.895520776756957834e-03
6.900174082488656768e-03
6.926352406421948382e-03
6.997677805000983298e-03
7.046046943837346206e-03
7.077326116744096264e-03
7.112461719255028410e-03
7.155434469748609382e-03
7.169277540466285382e-03
7.204136535061037017e-03
7.249976500166767368e-03
7.276454276399660880e-03
7.300377589124582706e-03
7.345764416305277864e-03
7.354784574200963314e-03
7.413827874655431853e-03
7.436602147454439773e-03
7.463291732787897571e-03
7.496552505628421154e-03
7.534039696271706277e-03
7.548672058028374834e-03
7.586933154962025548e-03
7.640569945129249002e-03
7.682711976499007576e-03
7.710570746441284574e-03
7.747194900165862638e-03
7.800976890826066823e-03
7.825269361077972358e-03
7.848945364022681323e-03
7.886459956758559708e-03
7.901175757529884172e-03
7.928195708964171085e-03
8.005376749049504526e-03
8.012710891229703897e-03
8.042077984342409572e-03
8.098887010580152132e-03
8.131500301472355599e-03
8.153862805256583204e-03
8.236624764528070741e-03
8.253023534158009447e-03
8.266721774068801556e-03
8.273450696141413513e-03
8.332186692030427860e-03
8.383284454760893400e-03
8.401032869805643427e-03
8.434684747383095968e-03
8.449108365355716480e-03
8.477952508451978841e-03
8.502819406931823309e-03
8.533417164460880416e-03
8.597792774476458594e-03
8.604412525327634342e-03
8.615117746773490529e-03
8.643375438967672991e-03
8.697888333027641028e-03
8.768555440274857296e-03
8.791652727294645142e-03
8.820115781159570956e-03
8.850774020394264890e-03
8.878016663645930603e-03
8.895712852971632625e-03
8.976651512695573917e-03
9.023507403642022640e-03
9.032895598358936171e-03
9.116697601856411926e-03
9.145825694065464612e-03
9.166688193375866628e-03
9.173637495980935253e-03
9.214748616997735925e-03
9.257232175002946817e-03
9.291308349963466051e-03
9.344531682330644781e-03
9.389071596347985452e-03
9.402541634740109802e-03
9.438849918619152124e-03
9.471841763222577093e-03
9.520552917521029473e-03
9.547724962002440002e-03
9.583773758120233549e-03
9.630299141782811337e-03
9.647325181122457308e-03
9.673846597372583525e-03
9.720748544261526014e-03
9.768473579740769019e-03
9.778304894197297620e-03
9.812918971450328501e-03
9.850481052719729097e-03
9.858375890095213631e-03
9.893979486124500691e-03
9.941245166151137583e-03
9.975801082975877324e-03
1.002909217718999692e-02
1.008688847820730407e-02
1.011449278324687631e-02
1.015134156272026224e-02
1.015800986159476164e-02
1.019913678086440713e-02
1.022728502397738867e-02
1.028269898896046718e-02
1.033207211892561879e-02
1.036143532812115915e-02
1.040161043871439851e-02
1.042256829574639797e-02
1.043720240878496380e-02
1.047268806585738288e-02
1.049774800777450792e-02
1.057567288141903449e-02
1.059834048645789950e-02
1.062812157257510617e-02
1.064697920018327360e-02
1.067568760592312212e-02
1.069898094258931592e-02
1.074347888794131844e-02
1.077630432891447249e-02
1.084503014088247959e-02
1.088315435083067953e-02
1.090699873408950728e-02
1.092938273839090535e-02
1.100098387318700598e-02
1.102748335806297622e-02
1.107295924617027021e-02
1.110249516281003150e-02
1.114147017842228790e-02
1.115490335690098520e-02
1.117704699627155608e-02
1.120000351111015598e-02
1.124047128679480159e-02
1.127999413391711156e-02
1.132651579556595914e-02
1.134624729981915763e-02
1.137861784828989552e-02
1.143895086900451226e-02
1.145683721506680561e-02
1.147064415951687573e-02
1.156384163790496848e-02
1.156788945129618926e-02
1.160489832579848779e-02
1.163674410474823361e-02
1.164906551001027198e-02
1.167971540638232907e-02
1.173665944202389663e-02
1.179450466208976749e-02
1.180134150444919067e-02
1.184343667155813261e-02
1.190913172785162434e-02
1.195776114903659114e-02
1.197186840117718185e-02
1.198319181990638305e-02
1.201793999520541119e-02
1.204343922123026975e-02
1.209100906038032899e-02
1.212807046064191298e-02
1.216380747977473253e-02
1.217911301533272130e-02
1.224047907655095163e-02
1.227620781673967494e-02
1.229668019776764334e-02
1.235281353822883892e-02
1.239717388619690844e-02
1.242007396644267438e-02
1.246567994012648221e-02
1.252669112924739703e-02
1.253929447864777190e-02
1.258197152661175676e-02
1.263057710374668879e-02
1.267333566285892832e-02
1.268933039641463589e-02
1.273840809825578166e-02
1.275937644368290574e-02
1.278046475536823330e-02
1.279610151489953170e-02
1.284232432258128505e-02
1.288074467183253011e-02
1.288330959147625243e-02
1.295612691855228121e-02
1.300303820599080402e-02
1.302142371646470773e-02
1.306336667219381090e-02
1.307942558667283227e-02
1.310313340950862264e-02
1.313534948154416494e-02
1.315686092602758039e-02
1.322402359146838263e-02
1.325686708221403970e-02
1.328791940805521682e-02
1.331913597008412865e-02
1.336871930163267136e-02
1.340460160255710700e-02
1.346765389077294629e-02
1.347220924623092689e-02
1.350424173328656705e-02
1.356005238815683779e-02
1.362482939124062646e-02
1.363233453769618214e-02
1.365378781497475318e-02
1.369179596073652125e-02
1.372309434221594994e-02
1.375438926700074498e-02
1.379151611817671513e-02
1.385202536577434702e-02
1.389643546900872113e-02
1.393105469153661964e-02
1.399256744069356934e-02
1.401522910409209316e-02
1.404778630254293822e-02
1.406897225540208740e-02
1.410358181146229711e-02
1.412808827120875382e-02
1.414808486837646276e-02
1.419905269944955750e-02
1.421841546742692516e-02
1.425425677797050560e-02
1.429898338719862508e-02
1.433677597256944117e-02
1.435782950193174000e-02
1.443125549347718493e-02
1.443386741253787839e-02
1.448922986389645888e-02
1.449845743486523515e-02
1.453730552961463376e-02
1.460912147388236833e-02
1.463577422844610301e-02
1.464351636596770458e-02
1.465888894683171732e-02
1.471717917569673358e-02
1.475567629031230774e-02
1.482665421053931676e-02
1.484799858570118487e-02
1.486331012336091287e-02
1.488637768047797530e-02
1.492528213082617260e-02
1.497094502328335207e-02
1.505741970107573637e-02
1.506820011516437317e-02
1.508376962585024350e-02
1.512579303375793244e-02
1.516392600503784459e-02
1.518153457639424657e-02
1.520664227903821032e-02
1.523912762772048311e-02
1.528992846507119460e-02
1.533357105623262863e-02
1.535650423514065867e-02
1.538546377382586303e-02
1.543450660750003180e-02
1.548070688623355388e-02
1.553240144965576351e-02
1.555187713729363867e-02
1.556317285911077569e-02
1.561101070300023250e-02
1.561747760347998761e-02
1.565671299302970332e-02
1.567971435035727876e-02
1.573910693712780515e-02
1.576189361354285792e-02
1.580611952603114961e-02
1.586531859503963540e-02
1.592554492458276780e-02
1.593940227246546867e-02
1.598679755494458385e-02
1.600860168417289620e-02
1.604702059209962839e-02
1.608510680400031950e-02
1.611805753997096191e-02
1.617500261961854827e-02
1.622323181242961779e-02
1.625929331767829097e-02
1.627394893318790531e-02
1.634813404504270942e-02
1.638128806520931791e-02
1.639874170047633806e-02
1.647284729944585580e-02
1.649683450239407961e-02
1.652765220884489655e-02
1.657282726244335355e-02
1.658436940708845134e-02
1.663126823754702138e-02
1.666977834115110357e-02
1.670621218363171900e-02
1.678444661977157235e-02
1.679329016464459201e-02
1.681700047284224314e-02
1.687129708209871362e-02
1.691099150074745761e-02
1.694449734333697624e-02
1.699305889962493196e-02
1.705311544556609507e-02
1.706446656433447534e-02
1.709221562115232143e-02
1.712303520848671573e-02
1.714083384413605735e-02
1.716459735153041261e-02
1.721453531982142585e-02
1.727856272107177252e-02
1.731398212840355721e-02
1.734126734386382332e-02
1.738324194949132304e-02
1.740535452480532902e-02
1.744448284606919114e-02
1.749500673625658045e-02
1.752720968792939246e-02
1.755573066816220121e-02
1.761831076598936729e-02
1.769111086450972370e-02
1.774043355709766651e-02
1.775164252402380502e-02
1.779570893077803487e-02
1.780809383897732218e-02
1.785992682504442680e-02
1.790731646652724690e-02
1.791344310463901385e-02
1.797273314244731204e-02
1.801168672166615983e-02
1.802755985335188771e-02
1.806742474808042953e-02
1.808728516787316484e-02
1.812457428392538414e-02
1.815256974373068502e-02
1.818350758049209689e-02
1.819469857762692072e-02
1.824833722670680600e-02
1.827092731807246351e-02
1.833759744298929170e-02
1.837983486225090723e-02
1.839157026130772837e-02
1.840060234497518238e-02
1.849805431122945182e-02
1.852252627769504154e-02
1.855532938083313821e-02
1.860771449572755712e-02
1.862110494710495293e-02
1.870676131563691821e-02
1.876142810619283938e-02
1.878191222988546613e-02
1.880806862533236992e-02
1.884623623337572731e-02
1.887262489716765718e-02
1.888643422622696133e-02
1.891304258493246501e-02
1.896163146059735155e-02
1.900337539699121017e-02
1.903670717811422122e-02
1.908201444414302228e-02
1.912568855491027925e-02
1.915896871972070509e-02
1.916922273793331480e-02
1.923534158528340463e-02
1.928376044225847338e-02
1.930563133298857093e-02
1.932059379051164621e-02
1.935145788767231659e-02
1.941013074675525946e-02
1.946595129786152234e-02
1.948076047712025971e-02
1.949110472365008645e-02
1.956576812296929868e-02
1.958631754945872397e-02
1.961790627616641705e-02
1.966120390519703748e-02
1.973427745588117455e-02
1.975779818345233321e-02
1.979528454268829341e-02
1.983436289897785518e-02
1.986627936509546138e-02
1.994808800158989759e-02
1.997070764835222334e-02
1.999977888085485364e-02
2.002520231636984588e-02
2.005602944461545856e-02
2.009821070510418514e-02
2.011028115581559722e-02
2.017814521533503949e-02
2.021677221487980236e-02
2.025761338983213949e-02
2.026173680106156325e-02
2.029249157205994039e-02
2.033369709451353022e-02
2.035533086743045866e-02
2.040146189533527041e-02
2.050983534014661630e-02
2.054338521588138303e-02
2.056847142355382185e-02
2.059601637070431618e-02
2.066612381605445470e-02
2.067839621751595136e-02
2.069042993769133754e-02
2.073313919126497373e-02
2.076623983606056337e-02
2.081908473224591480e-02
2.086347808653365304e-02
2.087719926901322395e-02
2.088856614118057842e-02
2.097246417228172330e-02
2.099648511981756088e-02
2.103327878950394386e-02
2.105921399479469477e-02
2.111381335789891747e-02
2.114913916916050587e-02
2.117066240776391273e-02
2.118926694271497033e-02
2.122017902595225297e-02
2.126888910915281788e-02
2.132069445447877867e-02
2.134137941471131450e-02
2.142022912122784270e-02
2.146663434417468361e-02
2.151821721530998086e-02
2.152799655433202883e-02
2.160280471989846698e-02
2.163213363704865472e-02
2.164612656015245037e-02
2.169646699609424981e-02
2.176487962741851037e-02
2.180068516181448909e-02
2.182189530180147358e-02
2.184247419407678303e-02
2.185880279951576272e-02
2.190224099113847328e-02
2.195330387036435044e-02
2.199509230474604518e-02
2.207626940082463296e-02
2.208779358047561342e-02
2.213627199671631962e-02
2.218839325188039224e-02
2.226827387313263379e-02
2.227954288075462488e-02
2.231336150766536491e-02
2.234766186155975193e-02
2.240749071761889352e-02
2.241654507581488168e-02
2.250969932670325233e-02
2.252528479876631309e-02
2.256297969276573057e-02
2.257798543252243287e-02
2.262793087436024836e-02
2.266817672512346990e-02
2.270321873817623265e-02
2.274942515099664248e-02
2.283858519397622550e-02
2.285188787268069635e-02
2.288770119085161911e-02
2.290737044965604485e-02
2.297010023656972932e-02
2.299933026670343203e-02
2.305402037615371033e-02
2.308117283616127266e-02
2.309593038180454347e-02
2.312672395607613327e-02
2.318974559408528216e-02
2.324416592470176721e-02
2.325951677336954640e-02
2.331019276608239238e-02
2.331725905312957009e-02
2.336341270280903673e-02
2.337012344407767700e-02
2.344131849715491364e-02
2.345902350223220273e-02
2.351521920773498239e-02
2.355323679123456221e-02
2.361212624787079398e-02
2.362821760565298954e-02
2.367646408201954863e-02
2.371855334420690936e-02
2.374694131761633312e-02
2.376043935060434889e-02
2.383441566317579322e-02
2.388618815919688748e-02
2.396559685369507864e-02
2.399329835768269220e-02
2.405729063579266011e-02
2.408600019562329511e-02
2.410272404936331797e-02
2.415475830154450651e-02
2.416999348942275999e-02
2.420388940198998917e-02
2.425025854172939074e-02
2.428385848331350572e-02
2.432416496078588716e-02
2.434798588345618575e-02
2.438423913308708849e-02
2.446010234643323719e-02
2.452226980310106413e-02
2.454605513328501215e-02
2.456159036928448267e-02
2.459588821495415842e-02
2.463739870836885101e-02
2.470616596584265454e-02
2.475569302854125492e-02
2.479478435598021779e-02
2.481472221492933561e-02
2.483474582406663966e-02
2.489588241348437286e-02
2.497057413050491476e-02
2.500173381636641365e-02
2.502901360644978201e-02
2.508894137714789627e-02
2.513103882935160960e-02
2.520116979122682607e-02
2.521388433315297634e-02
2.525671591757380069e-02
2.531502868979315993e-02
2.535921556002109292e-02
2.539970610574570839e-02
2.543563471920704672e-02
2.545302550816438275e-02
2.552185579196651621e-02
2.554343796450034634e-02
2.559438330291917071e-02
2.562919401638744793e-02
2.563771133715616810e-02
2.572747834408189646e-02
2.575590269598526313e-02
2.576879468417557148e-02
2.577952136526775323e-02
2.586899277259039481e-02
2.589189916144019055e-02
2.594342730844938910e-02
2.598059527765503307e-02
2.605719763557471161e-02
2.608694043214988822e-02
2.610918133290916765e-02
2.616739231135672972e-02
2.619476600083897599e-02
2.623073652662392952e-02
2.627385346988959577e-02
2.632066532934045078e-02
2.633200335050902771e-02
2.642623780667646693e-02
2.647623614468882017e-02
2.650267579756744943e-02
2.650826506674558783e-02
2.654944733534142509e-02
2.657972182772770642e-02
2.664799555909791451e-02
2.667615853332697476e-02
2.671763099931510205e-02
2.674245897625240551e-02
2.676911768457615817e-02
2.682515936701502374e-02
2.688033309340226787e-02
2.694004388959622340e-02
2.697920679065786420e-02
2.703815308150807339e-02
2.704687399249247268e-02
2.709351352113427425e-02
2.716447192119265247e-02
2.720097317348278351e-02
2.722565649909691396e-02
2.726503267278644962e-02
2.733741262718420231e-02
2.738888973317429865e-02
2.739120744195579563e-02
2.742981013143920219e-02
2.750313899156145436e-02
2.751142093473572109e-02
2.758087813269966340e-02
2.762009599134911814e-02
2.763258320711397056e-02
2.770225217378909088e-02
2.775256771581300838e-02
2.780116501467855272e-02
2.784661660521861593e-02
2.792647696359315188e-02
2.795015894547037485e-02
2.796549591243212285e-02
2.802236514195430642e-02
2.806774478810133977e-02
2.809347276930690765e-02
2.812962317130086876e-02
2.817235235802278623e-02
2.820015281153594178e-02
2.827445865323324065e-02
2.833456781492920892e-02
2.836541540298252034e-02
2.843902375454906983e-02
2.844196515076149318e-02
2.848012916550660481e-02
2.852113102808961909e-02
2.856295420546521580e-02
2.859042207057297183e-02
2.864639333197953330e-02
2.869478174899560072e-02
2.880030975528906703e-02
2.881155596018203369e-02
2.887915712479658184e-02
2.890537943108878113e-02
2.892366037650442867e-02
2.897323728189015943e-02
2.902941594494607216e-02
2.907446895825125527e-02
2.913006310085044376e-02
2.914196305924932409e-02
2.918621651110122478e-02
2.925720437092901166e-02
2.926343998674322058e-02
2.930969178472340314e-02
2.934181457448736818e-02
2.944242619084622842e-02
2.949872848843409015e-02
2.954452074772411993e-02
2.958145661018580716e-02
2.963429464908565528e-02
2.965025511047194098e-02
2.973493754802454536e-02
2.976929049655501272e-02
2.980466205808574021e-02
2.982592435065409275e-02
2.990386219251122898e-02
2.992838221578974361e-02
2.997881145745764225e-02
2.999364221273837644e-02
3.001210358162513178e-02
3.004441443738439452e-02
3.014855434954048438e-02
3.018894297447650976e-02
3.029640066739453658e-02
3.032187387380766430e-02
3.033472076782655139e-02
3.039480470752219110e-02
3.045694172927164087e-02
3.050466558563428437e-02
3.055386053631714213e-02
3.057102755556746765e-02
3.062765063431960311e-02
3.066636206142560675e-02
3.072588612759594509e-02
3.080934079128900063e-02
3.082315649139873159e-02
3.083853668659952002e-02
3.091979676510772657e-02
3.099439852425437888e-02
3.103785985423924629e-02
3.105805401534954269e-02
3.112988851247529970e-02
3.116913300165497641e-02
3.119169069021191648e-02
3.122340302517715230e-02
3.131677620817371888e-02
3.133075044089337485e-02
3.139410120762717998e-02
3.144756290015381095e-02
3.152645458861775413e-02
3.156637200116513275e-02
3.157437243264984289e-02
3.159825119169593077e-02
3.168194997970880805e-02
3.172219991545122825e-02
3.178099073251856865e-02
3.182629782139243663e-02
3.190114663470389189e-02
3.197836480897135736e-02
3.199761937497976744e-02
3.204908813576784476e-02
3.211500746475055845e-02
3.216600245673838232e-02
3.222962550064962378e-02
3.227593598917852941e-02
3.231441232584036233e-02
3.235893979745049082e-02
3.239428395959991630e-02
3.245071076709631075e-02
3.252130258148916431e-02
3.254118830446652011e-02
3.258899551083049156e-02
3.264950620705495826e-02
3.272173290849354765e-02
3.274024070065233161e-02
3.277624462216979784e-02
3.290832400645200134e-02
3.292653035140207657e-02
3.296002357020649115e-02
3.300830143635858499e-02
3.303126647154488310e-02
3.316521968941694987e-02
3.322270225368702257e-02
3.327562653203332971e-02
3.331698547310177339e-02
3.336764993953540703e-02
3.338266478265759091e-02
3.345658587466594086e-02
3.347296336086801744e-02
3.355097663416164305e-02
3.356640548793063394e-02
3.365308149454594722e-02
3.367773168539790751e-02
3.371279178036110102e-02
3.374802164050533237e-02
3.382951119156237668e-02
3.385384569202378596e-02
3.387183430149227209e-02
3.392609427462923988e-02
3.401325202743506887e-02
3.406149426833850191e-02
3.411098513177630159e-02
3.418521077237936939e-02
3.421623364639472809e-02
3.428173198997570142e-02
3.435128786965450237e-02
3.440631261390728751e-02
3.450208251600406228e-02
3.454455229126990323e-02
3.458746346242499992e-02
3.463923153222723400e-02
3.475499494329721550e-02
3.479585495351377594e-02
3.481485471023635508e-02
3.487298250784584552e-02
3.491538178281815979e-02
3.495489089448094999e-02
3.503387761905500664e-02
3.511299752347125935e-02
3.514823998299111685e-02
3.520062248728408894e-02
3.523057617373329814e-02
3.529821406168545672e-02
3.538741222701709266e-02
3.545272614239367709e-02
3.551785142714974225e-02
3.555106664883894013e-02
3.563372706732546163e-02
3.565145150728754597e-02
3.570321431706421911e-02
3.577868045104401484e-02
3.585399522275579953e-02
3.587948754948886571e-02
3.591431738979489890e-02
3.597021590639323113e-02
3.600170307351414217e-02
3.604900959492165352e-02
3.609785371420690114e-02
3.623150741476051373e-02
3.623818806021289474e-02
3.634737215160167151e-02
3.635758058963665940e-02
3.649699171213082599e-02
3.659381482053917362e-02
3.663343171343293181e-02
3.667603985970991493e-02
3.671041643792103543e-02
3.677107996957151848e-02
3.684110673513171091e-02
3.686654517011989096e-02
3.693252269449721209e-02
3.695338074575999637e-02
3.702048351409077676e-02
3.712155516090692026e-02
3.719377995432406742e-02
3.723487269859965254e-02
3.730306034145399602e-02
3.735019151045031877e-02
3.739226990388763716e-02
3.743444263677271622e-02
3.751926285757696544e-02
3.759385691345065034e-02
3.763911489429390411e-02
3.774673669926108255e-02
3.778808635523516618e-02
3.791402369234047470e-02
3.796574758376729253e-02
3.802492184589721658e-02
3.812112979562434778e-02
3.816376258720346332e-02
3.817769796701516588e-02
3.830064756130439202e-02
3.839581081821200059e-02
3.844249918303015850e-02
3.850787930475315507e-02
3.857959152563558702e-02
3.868242415224991404e-02
3.876691043444534940e-02
3.883590596002830381e-02
3.891312266904922712e-02
3.895397753275667285e-02
3.897836180236043113e-02
3.904986855855990119e-02
3.922738630890253847e-02
3.926082926418186098e-02
3.928327930892212827e-02
3.938294841264040891e-02
3.946960901606053063e-02
3.950343448966756738e-02
3.962386399975753593e-02
3.970331278454033302e-02
3.979851587560615661e-02
3.983626859159719591e-02
3.992248996977063730e-02
4.000620428717362176e-02
4.008980847320961494e-02
4.018744819349497760e-02
4.021918317664158887e-02
4.024980275673521735e-02
4.038222583624805767e-02
4.042516330456048107e-02
4.057622793978920422e-02
4.066170301700821471e-02
4.070912037143825657e-02
4.082245000511922073e-02
4.096953551695529938e-02
4.107564928802329152e-02
4.111411388010632190e-02
4.120394133988324742e-02
4.135318184725485929e-02
4.142293566346458289e-02
4.149701682588696067e-02
4.154710177956388167e-02
4.168395455648248732e-02
4.181392122384527260e-02
4.187450640257114887e-02
4.199635550257445338e-02
4.208297954840874155e-02
4.215648389311033029e-02
4.237803586409838452e-02
4.249219798228214690e-02
4.257349688259683129e-02
4.278029728294581446e-02
4.287298920696739485e-02
4.302719491769638194e-02
4.324868021016509828e-02
4.339248915374067234e-02
4.352401859131192763e-02
4.354883716442704139e-02
4.404227452910709772e-02
