-4.408046211240453788e-02
-4.366296515449158422e-02
-4.347955818260987315e-02
-4.343849075322791381e-02
-4.315556824752080078e-02
-4.299346379166936460e-02
-4.285057923912177769e-02
-4.277790310774508969e-02
-4.256109859140266849e-02
-4.251784207428692397e-02
-4.227327893745599224e-02
-4.213624041829270445e-02
-4.209324330097093114e-02
-4.201283455571633296e-02
-4.194317554342652521e-02
-4.180965578561656598e-02
-4.169326633318968384e-02
-4.158180237996380452e-02
-4.156617012540992501e-02
-4.138157178248917656e-02
-4.129222148335024573e-02
-4.113790469535334726e-02
-4.105914683364601109e-02
-4.099427250877261952e-02
-4.089668575522419774e-02
-4.077102324178721177e-02
-4.074505586396265366e-02
-4.060824641013182495e-02
-4.051618501539731160e-02
-4.038756583570594222e-02
-4.033249472306764394e-02
-4.023107541452439900e-02
-4.016952765118539381e-02
-4.011931002745972724e-02
-4.000944953971456719e-02
-3.989064093739574240e-02
-3.987323496729479333e-02
-3.979828818402062623e-02
-3.976677385140636040e-02
-3.961777750245362023e-02
-3.956984771156320246e-02
-3.949957488503612335e-02
-3.940218578891330203e-02
-3.934585144441868354e-02
-3.927286032124070736e-02
-3.921865441435568728e-02
-3.910772869020406883e-02
-3.904871542897617870e-02
-3.895911600608530090e-02
-3.892098047267685684e-02
-3.886568059502451544e-02
-3.884038235684857121e-02
-3.869815776499564708e-02
-3.857260610703070608e-02
-3.853108631012396729e-02
-3.848575128115973992e-02
-3.846483738017805742e-02
-3.837387599399531141e-02
-3.825145881542240528e-02
-3.817978454232712204e-02
-3.811560178828229950e-02
-3.807658457270550467e-02
-3.806629802132498186e-02
-3.799458447483122780e-02
-3.794979677727857575e-02
-3.788426568328995964e-02
-3.780224276422157470e-02
-3.775885768286280780e-02
-3.766278179854192637e-02
-3.764995525557773143e-02
-3.753010940768525955e-02
-3.747274763105626350e-02
-3.742806095951524414e-02
-3.738020268023027615e-02
-3.733623913520855292e-02
-3.721446537979210267e-02
-3.713043055049624480e-02
-3.706252078552385587e-02
-3.703314513493123628e-02
-3.693849447521732610e-02
-3.687305329216082617e-02
-3.680973383727323411e-02
-3.671357978688126467e-02
-3.663768624024243969e-02
-3.661068738325340410e-02
-3.656570605170946647e-02
-3.649305709168559203e-02
-3.644754214705214768e-02
-3.638791224542330810e-02
-3.629278970032234070e-02
-3.626224442581035823e-02
-3.619563474255985819e-02
-3.616235592462974796e-02
-3.603622038025657698e-02
-3.598193835440445520e-02
-3.595915254288900575e-02
-3.586772795412097176e-02
-3.583416712588404635e-02
-3.579137860474787547e-02
-3.574613326800880897e-02
-3.570709134054485950e-02
-3.567698431329305309e-02
-3.562010964440329164e-02
-3.553651205832747406e-02
-3.548407694410777441e-02
-3.539601432036152545e-02
-3.536454015552733393e-02
-3.523403755723084757e-02
-3.519565147469908006e-02
-3.514135822168828333e-02
-3.510813692734073704e-02
-3.504001820798318539e-02
-3.500904875339848343e-02
-3.499666457814745030e-02
-3.488812391009419450e-02
-3.487866113754489739e-02
-3.484559966413328103e-02
-3.477849121347834083e-02
-3.470875851836673770e-02
-3.467224374373444745e-02
-3.463075236355405567e-02
-3.460344275409674153e-02
-3.446773012599815139e-02
-3.439924986953148134e-02
-3.432603440885578089e-02
-3.429963406152468364e-02
-3.428084437295131348e-02
-3.421798944524396396e-02
-3.412752854649232087e-02
-3.407535240150626893e-02
-3.406380432330102792e-02
-3.398615401775602340e-02
-3.393452743711265068e-02
-3.383838529192521177e-02
-3.377251377486496092e-02
-3.375565082293336544e-02
-3.370137025108627116e-02
-3.362911746849484712e-02
-3.360965024924710692e-02
-3.352308843973460240e-02
-3.352095973107465515e-02
-3.344813732228223147e-02
-3.338618560852450040e-02
-3.331360165366160919e-02
-3.324436276938932955e-02
-3.322336105429836428e-02
-3.316944356824319540e-02
-3.312759204365764432e-02
-3.304609383615107060e-02
-3.302281672693566789e-02
-3.295416148790437927e-02
-3.293796996346511075e-02
-3.291673664240981484e-02
-3.286783619074650636e-02
-3.279662849188264701e-02
-3.277330312290159531e-02
-3.272317242607677285e-02
-3.266486430720486750e-02
-3.259853022295013114e-02
-3.258274012046158408e-02
-3.249387390143333720e-02
-3.241936109677667072e-02
-3.239778893725062808e-02
-3.234748401449339533e-02
-3.227230014523888024e-02
-3.225703150201973679e-02
-3.220768652787039943e-02
-3.213134645560364322e-02
-3.208544929965714831e-02
-3.207027965249105439e-02
-3.199532049690237412e-02
-3.197176585902567619e-02
-3.188125821644284541e-02
-3.184512016085659647e-02
-3.181095710859416226e-02
-3.174817432479099671e-02
-3.166844092372472774e-02
-3.165963070980786637e-02
-3.162836093624760841e-02
-3.153006155903158303e-02
-3.147338031513671058e-02
-3.145394936393852009e-02
-3.133390871699119617e-02
-3.130279082841515986e-02
-3.124983468078528295e-02
-3.118382315477953234e-02
-3.115918455200827539e-02
-3.113925669532809776e-02
-3.110456584739282326e-02
-3.104546154849559605e-02
-3.101291645321415866e-02
-3.091721302420129269e-02
-3.088370276777692436e-02
-3.086223872617799291e-02
-3.080387397033633110e-02
-3.074778023993005732e-02
-3.071752642776896455e-02
-3.065768249426101960e-02
-3.064361550564791842e-02
-3.058499255854323778e-02
-3.057029341254016014e-02
-3.051958721695395560e-02
-3.044581178761938262e-02
-3.040503915211813929e-02
-3.039696255849438228e-02
-3.031246710333675154e-02
-3.029763133970209826e-02
-3.025518845604407980e-02
-3.016260197609620802e-02
-3.012395074447049570e-02
-3.007019382169267424e-02
-2.997946759856977977e-02
-2.995555348883910396e-02
-2.990553682768477828e-02
-2.986144787142827606e-02
-2.982614489453010859e-02
-2.979547269305214338e-02
-2.972324925582753644e-02
-2.968219623356847109e-02
-2.966610452733775549e-02
-2.963368043881725936e-02
-2.959211834157634419e-02
-2.951691987384316013e-02
-2.943055063094236409e-02
-2.939924223814217516e-02
-2.938612153841050831e-02
-2.930439795249356258e-02
-2.929955014625078291e-02
-2.928514469348308599e-02
-2.922699781523620602e-02
-2.918056420912853305e-02
-2.909250375881367381e-02
-2.904798817216204879e-02
-2.902060932092826243e-02
-2.899644900568963332e-02
-2.894550576173732237e-02
-2.890620562137129895e-02
-2.889653284402219149e-02
-2.877970051236426047e-02
-2.877477697805313692e-02
-2.871371077740519917e-02
-2.867070456976757858e-02
-2.864754800726453457e-02
-2.859493521623061169e-02
-2.851253111061745685e-02
-2.845595058729346455e-02
-2.842838757703720562e-02
-2.839608182189394536e-02
-2.835296958229248723e-02
-2.832606503268611867e-02
-2.830314578319159322e-02
-2.824846161890023563e-02
-2.817214818513615049e-02
-2.814686613512632288e-02
-2.812710310875337835e-02
-2.809765622987336897e-02
-2.797353930826362162e-02
-2.797142633567925585e-02
-2.791104292828177486e-02
-2.788662310087971011e-02
-2.786904949109550791e-02
-2.780111014146255041e-02
-2.777318928485411273e-02
-2.771978809210887823e-02
-2.765628949651183222e-02
-2.764392162572109832e-02
-2.761070910829480432e-02
-2.757879313339778315e-02
-2.751773537536479630e-02
-2.745508163777684099e-02
-2.743248605618095123e-02
-2.740479616462606835e-02
-2.737252788201081227e-02
-2.732091015879791959e-02
-2.727925433350992732e-02
-2.723372392144409598e-02
-2.720121789889299799e-02
-2.715931963812668812e-02
-2.711835371315486631e-02
-2.703806200609614949e-02
-2.700434480139959209e-02
-2.697836539526252131e-02
-2.691975022918996485e-02
-2.689470515302540971e-02
-2.682636806416182490e-02
-2.681787307497807485e-02
-2.674387689052325559e-02
-2.673626214268962423e-02
-2.666250870729913042e-02
-2.662777583412972646e-02
-2.654822157282933984e-02
-2.653341294700459554e-02
-2.648528269405672764e-02
-2.644191725628643880e-02
-2.641943058868377950e-02
-2.639177467509081984e-02
-2.633400476531252629e-02
-2.629792144740250581e-02
-2.622406611867036247e-02
-2.617554315349564231e-02
-2.611137661674881733e-02
-2.609858397033220159e-02
-2.603146161936985281e-02
-2.599143499283466593e-02
-2.596626608765837882e-02
-2.589821165871027814e-02
-2.588526306946409977e-02
-2.584268654188138711e-02
-2.581301149527171282e-02
-2.577779156663480981e-02
-2.572570153659039724e-02
-2.566194250024995960e-02
-2.564596204694091774e-02
-2.561303901084086704e-02
-2.555108311183401301e-02
-2.548078534088785499e-02
-2.545094344855302823e-02
-2.540740154156943820e-02
-2.534465035988768544e-02
-2.532429668915930909e-02
-2.528756131152630482e-02
-2.521357422141241172e-02
-2.517771864257123057e-02
-2.514652393185626972e-02
-2.508972236618305443e-02
-2.506241728251558040e-02
-2.503324381694539691e-02
-2.498135325749977279e-02
-2.491379563798871988e-02
-2.487716208431952833e-02
-2.483570378940861897e-02
-2.482835099538412138e-02
-2.479844790733157223e-02
-2.477170792936383287e-02
-2.468666913239955102e-02
-2.466456963256334969e-02
-2.464329213923952336e-02
-2.459568707754742137e-02
-2.455531041891971522e-02
-2.449422203658703848e-02
-2.446803275399267799e-02
-2.443816471318055461e-02
-2.437958521805179413e-02
-2.436493854597351558e-02
-2.428062891986345478e-02
-2.425864600271098598e-02
-2.421393705091542253e-02
-2.419722434437235684e-02
-2.413769709743996197e-02
-2.412484529946420930e-02
-2.404174847396018180e-02
-2.400822855970196484e-02
-2.396955381240220562e-02
-2.392738395814370325e-02
-2.389398787126335161e-02
-2.385295439400857143e-02
-2.384463669167924751e-02
-2.378656432462932652e-02
-2.376144604277433819e-02
-2.371184236080623939e-02
-2.369033230355719472e-02
-2.360213100439996839e-02
-2.357606192428403011e-02
-2.353466608755479250e-02
-2.348766204573261851e-02
-2.343264467335965870e-02
-2.342855195027554807e-02
-2.337534619730041383e-02
-2.336119741510263997e-02
-2.327375762372108428e-02
-2.326166485604895182e-02
-2.324061687345129260e-02
-2.315740598600180694e-02
-2.310612255532333917e-02
-2.306197988770969723e-02
-2.302558005942334160e-02
-2.301557801366529293e-02
-2.296186332597660931e-02
-2.291266492785705780e-02
-2.287687243920962996e-02
-2.282217062891394102e-02
-2.281494864022432997e-02
-2.278098445726876864e-02
-2.273254053312528944e-02
-2.271595153160277727e-02
-2.265796910505600559e-02
-2.264371875600250383e-02
-2.261240091000310190e-02
-2.255911939149088732e-02
-2.253836890760883491e-02
-2.248533857108573480e-02
-2.243666535066680609e-02
-2.242566098591990131e-02
-2.237272237946319464e-02
-2.233909227840135542e-02
-2.229863875120583969e-02
-2.226030245989067333e-02
-2.224652641228132624e-02
-2.220421067260869991e-02
-2.216956402734177392e-02
-2.207768549855998116e-02
-2.202487093647546856e-02
-2.199095268373588152e-02
-2.197383512206000852e-02
-2.194982810429757861e-02
-2.191063481143633654e-02
-2.187524270704533161e-02
-2.182355011565671743e-02
-2.180717765956354665e-02
-2.175422256375197233e-02
-2.172643758968320279e-02
-2.169268289959642992e-02
-2.161644966576177149e-02
-2.159405060685333499e-02
-2.156245685604539844e-02
-2.152920565676716760e-02
-2.148800411639394115e-02
-2.140707385952957120e-02
-2.137266364232511331e-02
-2.134449119394650485e-02
-2.129779650682641842e-02
-2.126458301405519113e-02
-2.122912337262635590e-02
-2.121476113887927825e-02
-2.116676446622218002e-02
-2.114441945501188691e-02
-2.107682242868311184e-02
-2.104658412034927581e-02
-2.098545999064288861e-02
-2.097716880880610285e-02
-2.095562856832972748e-02
-2.092801198170331917e-02
-2.081054925192980451e-02
-2.080079236072915685e-02
-2.076287007227494916e-02
-2.075399196779448632e-02
-2.069281165925786897e-02
-2.061305887095580755e-02
-2.059861748079969482e-02
-2.056631512602841161e-02
-2.053291323431307575e-02
-2.048027885203054441e-02
-2.044925784573110861e-02
-2.042934064187403725e-02
-2.037949306064457469e-02
-2.033776709315932019e-02
-2.032691771726389054e-02
-2.027952145643746595e-02
-2.020634582582523514e-02
-2.015626756512882076e-02
-2.012893595954040951e-02
-2.010531769822763298e-02
-2.009010468310917785e-02
-2.006883335583216701e-02
-1.999716156761363953e-02
-1.996523738020975977e-02
-1.996205477167059192e-02
-1.990138560017335953e-02
-1.980715962048751680e-02
-1.979656186123933403e-02
-1.977436266752211763e-02
-1.974672877781475863e-02
-1.970119572194619154e-02
-1.967542986590983811e-02
-1.966090092074588083e-02
-1.958833301443519553e-02
-1.957107009838949738e-02
-1.952339705274400150e-02
-1.945134766161789319e-02
-1.942916912581226299e-02
-1.938318235134422335e-02
-1.936643562739809657e-02
-1.929663889781854658e-02
-1.925955612019743593e-02
-1.923900715988710250e-02
-1.919432538120862536e-02
-1.915241304498640704e-02
-1.914844791331792723e-02
-1.910723041661785762e-02
-1.907450106039313559e-02
-1.905775389620626911e-02
-1.900791441194154760e-02
-1.895854296494701649e-02
-1.891374730252826791e-02
-1.882759991780589420e-02
-1.881124329247272145e-02
-1.879765304739290308e-02
-1.876459113461648176e-02
-1.873337124621619540e-02
-1.868856821753159952e-02
-1.866123259281791263e-02
-1.864572709891358995e-02
-1.856766251352681696e-02
-1.855412952722936687e-02
-1.849359171330675414e-02
-1.847438335551025018e-02
-1.843114794663557390e-02
-1.837224353906069876e-02
-1.834497882217559286e-02
-1.832607570112027365e-02
-1.826846990245243121e-02
-1.826571228265446226e-02
-1.821337101986939336e-02
-1.818719494957154667e-02
-1.812052784806645125e-02
-1.811124330211985253e-02
-1.807075955445820378e-02
-1.800920413332465775e-02
-1.795755012683223489e-02
-1.794908921950342379e-02
-1.790057888951085072e-02
-1.786850259885642070e-02
-1.784624077885596516e-02
-1.780719367282299764e-02
-1.777765515471565333e-02
-1.772536379126774322e-02
-1.769934514765608355e-02
-1.767036447745399738e-02
-1.764839526244275578e-02
-1.762383012973848390e-02
-1.757714141388168338e-02
-1.751398091996597683e-02
-1.741896887600208679e-02
-1.739060651441878477e-02
-1.736040788418250977e-02
-1.733367069266247146e-02
-1.728692822340303567e-02
-1.728553099497776718e-02
-1.721702125470621694e-02
-1.720373753867666250e-02
-1.716583403368309932e-02
-1.713737483393516087e-02
-1.703938334444382238e-02
-1.697436054624443941e-02
-1.696030294275045064e-02
-1.694815674201098979e-02
-1.689398232529506355e-02
-1.685196758128848851e-02
-1.684654814586197466e-02
-1.680063190908396772e-02
-1.673753049254344746e-02
-1.673150322825278993e-02
-1.667794274806511448e-02
-1.666192284964583548e-02
-1.660963046960165640e-02
-1.660139055078687850e-02
-1.656118911148923845e-02
-1.650550945889242213e-02
-1.646447931053450844e-02
-1.638317830781484824e-02
-1.635065472200072575e-02
-1.632873130756543750e-02
-1.632142139863078031e-02
-1.626042221957742229e-02
-1.624407034592042012e-02
-1.619863498803406771e-02
-1.616497498660834573e-02
-1.616245502100586290e-02
-1.611786624332993759e-02
-1.611155756924169055e-02
-1.607232433400333435e-02
-1.603169110953885090e-02
-1.595419626326647841e-02
-1.593809271718012177e-02
-1.588495575124600906e-02
-1.586769916240875558e-02
-1.583456392192615289e-02
-1.580950498126526202e-02
-1.573363499902836332e-02
-1.572226726699263791e-02
-1.570337229287695896e-02
-1.566328422143963700e-02
-1.564905006957355987e-02
-1.559287072456907487e-02
-1.556918544856450079e-02
-1.553353360354010546e-02
-1.546650622350333008e-02
-1.543086512532763042e-02
-1.539174180204587634e-02
-1.536735107079251553e-02
-1.534486547375326325e-02
-1.529795312279802651e-02
-1.528343311123032087e-02
-1.522508977539450102e-02
-1.519008969017390277e-02
-1.516521141221087096e-02
-1.512902487735035863e-02
-1.511219909010729293e-02
-1.509286057428076665e-02
-1.503071673593147674e-02
-1.497723330876915213e-02
-1.494900027828016502e-02
-1.491204561093398447e-02
-1.485285895527993678e-02
-1.482864361131246665e-02
-1.477895263634889517e-02
-1.474931966184608000e-02
-1.473603694335967260e-02
-1.470106602671432047e-02
-1.464919326399685175e-02
-1.464233156213386698e-02
-1.460353963666508048e-02
-1.453277399211564715e-02
-1.449601208939666971e-02
-1.448771393083089949e-02
-1.445140310742286903e-02
-1.442746213892044486e-02
-1.440643131383313562e-02
-1.436150688888555849e-02
-1.429861801196155059e-02
-1.425634664114036262e-02
-1.422890128101720816e-02
-1.419974118057513827e-02
-1.419330961426628832e-02
-1.418543954190502020e-02
-1.412639356637560364e-02
-1.407654944627511479e-02
-1.404694338075774228e-02
-1.401432604642800436e-02
-1.398258666699746244e-02
-1.393475462523702593e-02
-1.391571622434991523e-02
-1.388502523948452645e-02
-1.380409366384550973e-02
-1.376921713506125758e-02
-1.373926101002724554e-02
-1.372749535156171478e-02
-1.369028170424461434e-02
-1.364384219194309834e-02
-1.361760662203513779e-02
-1.354504878100105773e-02
-1.352015549826447206e-02
-1.346842287610660466e-02
-1.340512702032280352e-02
-1.339847582759915584e-02
-1.336608140480465522e-02
-1.331763483078007154e-02
-1.328306957835775903e-02
-1.324877401052836252e-02
-1.319626333430193137e-02
-1.316242261316006440e-02
-1.315692096623201184e-02
-1.312276195715571595e-02
-1.310210531792458354e-02
-1.307543407286809560e-02
-1.301657216540710524e-02
-1.298328556524730275e-02
-1.290057879027607657e-02
-1.287828624082971649e-02
-1.285175054104378302e-02
-1.283318080072124757e-02
-1.277717543044567389e-02
-1.276115096259895602e-02
-1.271397327169726706e-02
-1.268182514210711848e-02
-1.265094775702600358e-02
-1.262634374189283010e-02
-1.260710893644120811e-02
-1.257000545930594265e-02
-1.252605427153055499e-02
-1.245746054633934015e-02
-1.244262615695008664e-02
-1.239017370465965787e-02
-1.233315503493435591e-02
-1.230109538023284668e-02
-1.229874839387881322e-02
-1.223170099098337162e-02
-1.220074406075886443e-02
-1.217669983183524915e-02
-1.216715759032649564e-02
-1.214621749663983251e-02
-1.211581164827526397e-02
-1.204314528005606504e-02
-1.204032623042089294e-02
-1.199182321350119977e-02
-1.198495479242876055e-02
-1.197013542552481484e-02
-1.193149693687913654e-02
-1.184087527183995403e-02
-1.179598612209346691e-02
-1.179149587055556246e-02
-1.176501395351778681e-02
-1.170254686232936533e-02
-1.167385314290058165e-02
-1.165101116490599269e-02
-1.160774485274928929e-02
-1.157256175389537699e-02
-1.152844463491552347e-02
-1.149242248644728737e-02
-1.145567543095343116e-02
-1.143855455683746684e-02
-1.142483544242568760e-02
-1.138904598742443257e-02
-1.133287748399340079e-02
-1.131467910897787123e-02
-1.124647531885004589e-02
-1.121595091977438743e-02
-1.116990209628044607e-02
-1.116389637029527315e-02
-1.114812707546328392e-02
-1.108249860376808206e-02
-1.102404458764840584e-02
-1.101214161220259377e-02
-1.098484622032911036e-02
-1.093694891162483480e-02
-1.090561388400177953e-02
-1.086776757197243856e-02
-1.085458750629218760e-02
-1.084439053680604122e-02
-1.079329193241102686e-02
-1.074072042593305146e-02
-1.071201490478844963e-02
-1.066919024308587462e-02
-1.063680760633445820e-02
-1.062084884369851254e-02
-1.057252616092206783e-02
-1.055672959712013713e-02
-1.047984990668216626e-02
-1.043966334358987190e-02
-1.042332061973174316e-02
-1.039245995251803639e-02
-1.030013204482243920e-02
-1.027680890591279456e-02
-1.025093483620167188e-02
-1.022399728241158226e-02
-1.021808174407250365e-02
-1.016259575201190757e-02
-1.013934513818946781e-02
-1.009867227377197856e-02
-1.007136874433363360e-02
-1.001609472827178285e-02
-1.000446753729156320e-02
-9.972761059100757400e-03
-9.931499544625551137e-03
-9.883584541937559878e-03
-9.875590167992776003e-03
-9.843227583468196901e-03
-9.812053376716305120e-03
-9.749147843614594522e-03
-9.703720717554599820e-03
-9.667201588586383024e-03
-9.599812807715567275e-03
-9.561633022080852709e-03
-9.559134346806743426e-03
-9.516921847350303873e-03
-9.479508862365412791e-03
-9.475663556706035925e-03
-9.451152214855021785e-03
-9.386060705080872049e-03
-9.360828423080775132e-03
-9.310343363617627765e-03
-9.302534350869593252e-03
-9.252394970060775353e-03
-9.211364176504978699e-03
-9.191268082609373169e-03
-9.121142595218198132e-03
-9.088979603413600838e-03
-9.067629053481372770e-03
-9.048699076149803802e-03
-9.030057553585119773e-03
-8.994719286739751712e-03
-8.975568365379577029e-03
-8.930887465531891015e-03
-8.883843691954249749e-03
-8.870620490936511129e-03
-8.838892036681509495e-03
-8.810217529152810506e-03
-8.784330604485905691e-03
-8.758608744781298458e-03
-8.726304335785072322e-03
-8.617645146935795294e-03
-8.586713144903895464e-03
-8.571247208968527098e-03
-8.531178855267409350e-03
-8.504741252361064027e-03
-8.477763575643686503e-03
-8.437139094513913806e-03
-8.412291203967713071e-03
-8.401719490299688203e-03
-8.351804952117503761e-03
-8.313237431246711315e-03
-8.265568285726745262e-03
-8.209220368324355102e-03
-8.194904791984491260e-03
-8.162255669642704339e-03
-8.156389171274740918e-03
-8.106047606618219104e-03
-8.092490143982044096e-03
-8.062115834450838195e-03
-8.029067951034488115e-03
-7.988025867877951089e-03
-7.957848726384353713e-03
-7.944550500383640648e-03
-7.877137053223414592e-03
-7.838564016175950458e-03
-7.820220586588674458e-03
-7.779874844531584413e-03
-7.755552367775866811e-03
-7.710863005033983739e-03
-7.678356293805196214e-03
-7.642892396545591591e-03
-7.614478590937042400e-03
-7.570521430847946924e-03
-7.544080604668746380e-03
-7.502317566931347020e-03
-7.495448128668686857e-03
-7.458928874065094694e-03
-7.393493922070702024e-03
-7.351327267716770142e-03
-7.331381801537386472e-03
-7.308828293264005814e-03
-7.259205315506027031e-03
-7.222755721276092646e-03
-7.173218913104319021e-03
-7.153000271997922953e-03
-7.098687268998613541e-03
-7.085539468401116578e-03
-7.031584780509685974e-03
-7.006657717692790950e-03
-6.990812887038255243e-03
-6.951460705698023906e-03
-6.896478115591023021e-03
-6.890933743126797205e-03
-6.843831498435447303e-03
-6.830833439681008312e-03
-6.784037501151935629e-03
-6.775041016052712854e-03
-6.693782888758000905e-03
-6.676939613592104868e-03
-6.664920347981564096e-03
-6.648209265072690770e-03
-6.621884190816757984e-03
-6.591078981713923042e-03
-6.520554141355321132e-03
-6.513548072155901994e-03
-6.448727151549951860e-03
-6.436146336360481363e-03
-6.380883386064299841e-03
-6.349656948623711231e-03
-6.316114016306079160e-03
-6.271385250443648439e-03
-6.220093733056381545e-03
-6.192835870532606771e-03
-6.180918157236437935e-03
-6.130505575327479736e-03
-6.106223855570637807e-03
-6.065674807666460687e-03
-6.038755845491470056e-03
-5.981400035191598331e-03
-5.925642713080871322e-03
-5.882438300714884667e-03
-5.851056789629609407e-03
-5.841669885415337257e-03
-5.839867221087464630e-03
-5.811022592512211926e-03
-5.752107223487041600e-03
-5.715110408246660244e-03
-5.687426395782656414e-03
-5.661053510535214023e-03
-5.632817844267971538e-03
-5.606752060435432269e-03
-5.553551080855380004e-03
-5.516226511198903462e-03
-5.490711975963981188e-03
-5.451761687643330578e-03
-5.425904759488223671e-03
-5.379917904092916536e-03
-5.333687633363168486e-03
-5.286092116725114864e-03
-5.257207167259512516e-03
-5.215494934134834795e-03
-5.180864621259400997e-03
-5.162256166136179082e-03
-5.135638673312003036e-03
-5.101656776663532518e-03
-5.069126766755929769e-03
-4.996430076171060400e-03
-4.967197947519408005e-03
-4.955120683289107077e-03
-4.912469601154047585e-03
-4.899976728369650515e-03
-4.867622121304641079e-03
-4.836936949156723717e-03
-4.761661979009291536e-03
-4.746961985096512238e-03
-4.728175615400401037e-03
-4.715893083345154210e-03
-4.651346927139720679e-03
-4.624527037485306330e-03
-4.595887050462229770e-03
-4.589103744175520444e-03
-4.533454612374834131e-03
-4.495806922183759671e-03
-4.479462201001184474e-03
-4.394904241098705061e-03
-4.344423563745043737e-03
-4.327389428423136439e-03
-4.301833669523901296e-03
-4.274488373867918294e-03
-4.253506965366789759e-03
-4.243758807121582495e-03
-4.191792114754007252e-03
-4.122973465783335775e-03
-4.112299986508590778e-03
-4.081794096115578738e-03
-4.037633570523473624e-03
-4.013694320072757303e-03
-3.994145383041482374e-03
-3.953437681396067792e-03
-3.916656258931403359e-03
-3.892224484503267485e-03
-3.860206275331898914e-03
-3.826257673675230193e-03
-3.756203540677521911e-03
-3.723104940784830331e-03
-3.709307460625034872e-03
-3.677513722672545379e-03
-3.639417509792196130e-03
-3.575184276535655400e-03
-3.558157972262564021e-03
-3.539109174361854734e-03
-3.506512807049632242e-03
-3.452234927886025598e-03
-3.442727963768396279e-03
-3.402170721146256793e-03
-3.368422909709406585e-03
-3.354308144307173705e-03
-3.320363510909557503e-03
-3.310901240145233335e-03
-3.270897937584323588e-03
-3.221914870710503465e-03
-3.161875645508455904e-03
-3.154093665981902179e-03
-3.150505248104765958e-03
-3.110648161847501692e-03
-3.077232221784632384e-03
-3.000970985679011008e-03
-2.969862553495718639e-03
-2.966415667989510951e-03
-2.890833491821044599e-03
-2.846351225423607301e-03
-2.810498816943818833e-03
-2.803678783256571133e-03
-2.786235969517572748e-03
-2.754179877400802882e-03
-2.719459857580659289e-03
-2.697588429419914887e-03
-2.667409044615888600e-03
-2.608317979911029243e-03
-2.585228579886449368e-03
-2.505872409261093465e-03
-2.473288079476324963e-03
-2.432406907737105772e-03
-2.415647732607036167e-03
-2.399588308401863750e-03
-2.361506606699440881e-03
-2.341207515455127897e-03
-2.309544257883612214e-03
-2.249014290339621403e-03
-2.243756544661030215e-03
-2.187160204146213014e-03
-2.150509298658650863e-03
-2.105452114317586491e-03
-2.078828703404713828e-03
-2.042413068630975770e-03
-2.006640848175292226e-03
-1.969300296182887461e-03
-1.940351891660042991e-03
-1.883598595254792505e-03
-1.878320854003812492e-03
-1.855283288601110997e-03
-1.820086863883157123e-03
-1.789318590247388104e-03
-1.749324939719072974e-03
-1.708672577766538444e-03
-1.672303363954072810e-03
-1.634760859497261633e-03
-1.617774683847560601e-03
-1.585035455471240197e-03
-1.528680893407805127e-03
-1.519648177610676996e-03
-1.497885777216318662e-03
-1.459749413618357866e-03
-1.422850728228083764e-03
-1.385688014418908712e-03
-1.371507051149962629e-03
-1.297317192008292383e-03
-1.271012618409469433e-03
-1.230915753539984494e-03
-1.194251537537533272e-03
-1.168243572968042385e-03
-1.128971669910630105e-03
-1.095031436527689646e-03
-1.071662885802644044e-03
-1.024935095513723922e-03
-9.984266022463261173e-04
-9.665770479096431975e-04
-9.330865374679216942e-04
-8.794090615365368754e-04
-8.286483515259566437e-04
-8.095243267026042567e-04
-7.994171802952448457e-04
-7.756432774528440252e-04
-7.366722984208836636e-04
-7.136281182796581002e-04
-6.769921820869608106e-04
-6.275043244359799002e-04
-6.068791170747209586e-04
-5.559218372054903915e-04
-5.317978200872341011e-04
-4.927297344951618672e-04
-4.428135669860364262e-04
-4.055611320071767574e-04
-3.732288951868781551e-04
-3.253964545353067316e-04
-2.944505304395955421e-04
-2.709627612304895848e-04
-2.200062051647730496e-04
-1.820273320239350356e-04
-1.574752319667188833e-04
-1.067742658324525586e-04
-5.784074784043213326e-05
-3.855001709624122691e-05
-2.962077632880078570e-05
-1.871073821328533309e-05
3.334469401409215797e-05
4.937967356471428793e-05
1.136895772025104127e-04
1.693511302723805687e-04
2.154888538248615965e-04
2.285411226821794037e-04
2.604449526464875492e-04
2.729765843707138433e-04
3.065701745990557408e-04
3.233923545096693787e-04
3.512723522086265426e-04
3.956688812769408072e-04
4.270153503763344355e-04
4.684180624779074099e-04
4.846277980493239514e-04
5.344361288081503477e-04
5.652009900421278927e-04
6.022496766674334708e-04
6.241950563833350901e-04
6.779159415915679164e-04
6.906214379057279418e-04
7.283405783607667860e-04
7.823487793331072556e-04
7.925543633696285504e-04
8.092205523855422900e-04
8.211654199314224285e-04
8.651137180950021176e-04
8.899618160185017793e-04
9.525393786174990831e-04
1.014555345053342337e-03
1.026943221517759427e-03
1.053047588847908249e-03
1.065745597947709462e-03
1.134621952584967440e-03
1.168443917652663838e-03
1.230508534824450301e-03
1.267024983128659053e-03
1.281583827669031820e-03
1.333108896834213830e-03
1.383492508687697489e-03
1.396249671402834602e-03
1.440372885228583671e-03
1.457647098425313755e-03
1.486542273429192901e-03
1.535934961569185905e-03
1.554376452852764944e-03
1.593511325842131418e-03
1.598387069661982938e-03
1.641943626964073198e-03
1.697819060449684688e-03
1.714466058308222393e-03
1.741098313744560231e-03
1.767952574964676282e-03
1.794875658332502474e-03
1.845505135834688872e-03
1.912071627150422302e-03
1.933484073257443802e-03
1.972675274771665613e-03
2.001243322735262332e-03
2.042692120060295938e-03
2.067019000960842318e-03
2.114609588937003699e-03
2.131580538372936616e-03
2.137936973645952060e-03
2.203109956432974456e-03
2.259465505208964071e-03
2.277759116586302972e-03
2.320728542313685912e-03
2.381169305458747960e-03
2.411434044474756837e-03
2.429406263643017413e-03
2.444309836195278796e-03
2.479512964942473703e-03
2.521294491732309698e-03
2.541746054889269021e-03
2.571898244293808686e-03
2.611215730469520005e-03
2.645572832512040756e-03
2.667585201527012621e-03
2.754293071677261021e-03
2.760239798765276847e-03
2.842753526099451276e-03
2.851222661265783061e-03
2.872034963648044479e-03
2.904307376574238007e-03
2.936436899587023096e-03
2.949995287484364400e-03
2.998780301334751791e-03
3.022338363443897221e-03
3.051257562187915072e-03
3.086525151594049499e-03
3.145028293502790014e-03
3.150497987287829114e-03
3.202253879891651684e-03
3.273094658989279208e-03
3.289683689126793233e-03
3.333705983481875541e-03
3.343531692955148404e-03
3.395541979439252542e-03
3.426568524442126940e-03
3.446299812918366193e-03
3.470729243796104053e-03
3.489515782749056435e-03
3.534138008265319455e-03
3.567758382680309617e-03
3.635675819398394293e-03
3.648376656022795164e-03
3.675689839790227155e-03
3.684510439097706761e-03
3.758465450903403920e-03
3.785718271292504936e-03
3.826342376121534463e-03
3.904369562005353695e-03
3.927906831207037333e-03
3.950238499247728241e-03
3.985155096673803285e-03
4.019730235709088537e-03
4.061112705926295252e-03
4.068924755035296242e-03
4.105342048625014277e-03
4.118744496634763400e-03
4.154507571229725839e-03
4.201373412213695903e-03
4.215692249351227217e-03
4.250067470141691804e-03
4.279423501234985022e-03
4.324366203446059105e-03
4.375204637673759007e-03
4.380158877202185337e-03
4.404848437363035815e-03
4.428457991079970055e-03
4.447175886322816615e-03
4.460141396877790980e-03
4.529116298527887004e-03
4.544475394622781578e-03
4.581690899489939371e-03
4.646291142596880794e-03
4.667129048385921034e-03
4.706367832500697214e-03
4.736078870843214716e-03
4.795572922700697648e-03
4.812484945555819960e-03
4.885642050825493923e-03
4.891841332314582173e-03
4.912694195469734584e-03
4.979413767252464061e-03
4.989961703933380559e-03
5.064072924787900096e-03
5.087018788335311535e-03
5.099058422838747585e-03
5.138098282453959324e-03
5.179626081156156123e-03
5.215838450662809572e-03
5.230567259030017256e-03
5.249514750513896953e-03
5.288775132824736352e-03
5.310083684205543081e-03
5.419674431039491619e-03
5.433131139381130667e-03
5.466179169700258883e-03
5.502704813698019309e-03
5.546633426435499357e-03
5.581705337278385082e-03
5.631797902646736020e-03
5.651045655864626871e-03
5.657765857806917875e-03
5.687610566904681246e-03
5.719774939898824954e-03
5.761483143090413185e-03
5.788835360981962191e-03
5.808477419151088228e-03
5.843804746297265491e-03
5.893584785009253237e-03
5.918579929115059396e-03
5.936201339764493774e-03
5.980794372034350589e-03
6.013649861837219897e-03
6.039739600222028895e-03
6.082812362629437704e-03
6.109848999368202964e-03
6.168453954018155230e-03
6.185767894633968471e-03
6.205159850017720295e-03
6.226598568830865946e-03
6.249747474497253930e-03
6.289391073260209609e-03
6.350658986987244015e-03
6.372875299263672071e-03
6.398237028264647762e-03
6.458917908898093724e-03
6.487414949500782194e-03
6.499136768398407378e-03
6.546990181635714209e-03
6.582193445344025617e-03
6.618696689788408118e-03
6.647338084296391947e-03
6.666018670758490534e-03
6.676495460269923042e-03
6.737822023263151903e-03
6.765763106969577452e-03
6.790745752079054356e-03
6.826050089749220381e-03
6.832196414754954789e-03
6.902490765926938034e-03
6.947350703592191160e-03
7.005748965436543220e-03
7.038441003575050293e-03
7.052352322555883492e-03
7.089646622683413307e-03
7.121046699412237127e-03
7.184795798749786695e-03
7.225650899083040785e-03
7.237243134358899849e-03
7.267962967657304318e-03
7.321572550330194759e-03
7.365641094378005439e-03
7.413255651349101062e-03
7.430856381727459110e-03
7.482662545131617965e-03
7.489497915690530687e-03
7.543911266746174994e-03
7.568400303019998283e-03
7.600358889592476706e-03
7.617876080962771197e-03
7.655073693737991618e-03
7.702941567852181551e-03
7.713639956147074275e-03
7.758647857945583093e-03
7.762275976038654317e-03
7.816531622129720830e-03
7.882182365315364495e-03
7.897161952282284042e-03
7.945184416793385496e-03
7.965521288167680403e-03
7.987904155180358678e-03
8.060384498896898051e-03
8.126143283869121520e-03
8.146120836245544783e-03
8.179071877491941520e-03
8.192549240732358018e-03
8.221731357267444279e-03
8.277710403555805715e-03
8.286296382730849036e-03
8.318106152987732316e-03
8.366178365065589026e-03
8.391336953042524346e-03
8.425907899295309936e-03
8.448427135712600552e-03
8.494952610226732051e-03
8.517930545954136012e-03
8.560919723498237183e-03
8.617333064568832510e-03
8.646978672038259719e-03
8.663978034612430240e-03
8.719780811027626893e-03
8.720927760187615826e-03
8.785258109807063398e-03
8.824377404734946514e-03
8.852408381253635411e-03
8.902522951545656024e-03
8.924550765652055490e-03
8.955386369254062298e-03
8.960732876135895503e-03
9.014319544481364313e-03
9.058002605935523005e-03
9.105307857472013516e-03
9.115568548982277280e-03
9.161051951077629762e-03
9.198192920355719587e-03
9.236856790681462898e-03
9.264695295265449118e-03
9.313643703311202601e-03
9.340143914121201013e-03
9.351418643037994610e-03
9.382688607452845109e-03
9.426483208419158058e-03
9.441632203701829859e-03
9.535858904357746163e-03
9.553608888847002836e-03
9.598052981959141750e-03
9.630670658468891421e-03
9.645817078940544312e-03
9.672637132883946456e-03
9.704826117559281484e-03
9.747240666187609315e-03
9.787545654490867678e-03
9.827011561622672059e-03
9.877334829139111302e-03
9.895112652925768318e-03
9.936268569390003733e-03
9.959522064578469475e-03
9.985315661116898889e-03
9.989627117992436189e-03
1.005211681864832778e-02
1.008710971871702722e-02
1.009586597842152336e-02
1.015510792724798154e-02
1.019173829181756544e-02
1.024857519493654889e-02
1.026563051660058824e-02
1.031827209801138012e-02
1.035643135173340557e-02
1.035793752942502227e-02
1.041282587856133708e-02
1.045259393421907670e-02
1.047134912487241755e-02
1.049185582980659281e-02
1.053435224773939700e-02
1.055414789866404926e-02
1.064780746532166880e-02
1.068096067003803003e-02
1.070368738865291706e-02
1.071058857662754264e-02
1.076971105656590426e-02
1.079159263100781634e-02
1.082335320104828996e-02
1.083779335631918431e-02
1.090562295589181732e-02
1.096219788748812977e-02
1.101306290172999157e-02
1.102214542523812305e-02
1.104740140627454535e-02
1.108063873173542775e-02
1.112479449236165700e-02
1.115004279425096771e-02
1.116338722118121948e-02
1.122144772629688619e-02
1.127392554829632215e-02
1.129376919767362958e-02
1.130507960086767939e-02
1.135143041382315546e-02
1.137571693353171473e-02
1.142674473071108622e-02
1.149270922325567115e-02
1.150511750361690386e-02
1.152065076215728553e-02
1.157565258688121948e-02
1.158650366710528914e-02
1.163030309757147850e-02
1.164850031025060385e-02
1.171847158032088970e-02
1.172480942281584407e-02
1.178426698083276034e-02
1.182679592438454913e-02
1.185266086381087797e-02
1.188541849742621656e-02
1.192652404392273782e-02
1.197219003385271985e-02
1.198488512808106553e-02
1.202321061372266589e-02
1.203908529010869026e-02
1.205803581418425294e-02
1.210603543266555900e-02
1.216532577912834978e-02
1.218437897819825422e-02
1.222294360371966454e-02
1.226529409967186575e-02
1.228070917371488179e-02
1.233405860059485007e-02
1.235568851730789106e-02
1.238268765588295545e-02
1.244663731445286477e-02
1.246981386659665701e-02
1.248796343901213690e-02
1.253589134110421298e-02
1.257599723678032300e-02
1.259802757926145426e-02
1.263092435176966892e-02
1.269273175387353528e-02
1.270254059428865649e-02
1.272322689487650170e-02
1.276292957305022284e-02
1.277276654133759591e-02
1.284214419494353332e-02
1.285328433144542447e-02
1.288742807910208711e-02
1.293006468542465259e-02
1.297608635960858375e-02
1.300749536708668656e-02
1.303010659799285625e-02
1.307412594912345238e-02
1.314994781702358631e-02
1.317709630469434540e-02
1.319596768912849154e-02
1.323620112297647575e-02
1.324758465906052812e-02
1.330396492909441918e-02
1.335093371585334768e-02
1.337781774533222841e-02
1.343933660504365024e-02
1.347938488643139580e-02
1.348570785773293458e-02
1.353004831585919582e-02
1.356512823554878455e-02
1.357592837335104725e-02
1.360169518385533419e-02
1.366202581341395550e-02
1.369846727493032913e-02
1.378537389724782125e-02
1.382852670585759357e-02
1.383763863389713376e-02
1.386995032526538996e-02
1.388726135169039699e-02
1.391885711188829353e-02
1.398259718188731709e-02
1.400953883551696658e-02
1.403944024755503055e-02
1.407025590449934548e-02
1.410463579439697780e-02
1.413375269253932219e-02
1.417024164075298201e-02
1.419543644381291228e-02
1.424977371643433924e-02
1.425901815413807387e-02
1.437465948040478683e-02
1.438954357322856821e-02
1.441111988152717245e-02
1.445174420690689514e-02
1.449753166680311720e-02
1.458119014399777459e-02
1.460825787670302391e-02
1.463677356115452959e-02
1.463845982477545229e-02
1.469644868397588892e-02
1.473643230884095698e-02
1.476241383447221035e-02
1.478811334643628621e-02
1.481439063449477810e-02
1.485619412081531400e-02
1.488454068585390311e-02
1.497040562393922754e-02
1.497545494113757501e-02
1.498576192001287166e-02
1.503593675551480671e-02
1.507725646196986409e-02
1.511018101480063151e-02
1.516137805905611383e-02
1.521424845410614991e-02
1.523369238092519423e-02
1.526656586736712187e-02
1.529941956994854829e-02
1.533153841794759713e-02
1.536948891247036895e-02
1.541847593207402306e-02
1.544416640498022172e-02
1.546395538732703127e-02
1.549391885606984237e-02
1.551482878921688069e-02
1.552393337601047467e-02
1.556540405807922169e-02
1.564182191851048315e-02
1.565200750058591897e-02
1.568832154244646088e-02
1.573104011207602376e-02
1.577736500029234407e-02
1.580928162269758588e-02
1.583561109053828464e-02
1.588301811131389435e-02
1.591647747710659561e-02
1.597595125681969264e-02
1.599107888263735094e-02
1.602177987814042137e-02
1.605939332814214360e-02
1.611178703306822418e-02
1.613279096354100148e-02
1.614804409780414701e-02
1.617600758995433111e-02
1.620445934610330666e-02
1.623250255066046796e-02
1.629156593652775903e-02
1.631712394425427134e-02
1.637376704854905801e-02
1.641283685255815958e-02
1.644659190779337171e-02
1.648192857899588235e-02
1.655729502309494228e-02
1.663301102811021517e-02
1.666668385454709092e-02
1.667637162898495673e-02
1.671081784151656410e-02
1.674984732082564209e-02
1.680312877316621559e-02
1.683550273414393186e-02
1.684291653443358017e-02
1.690957040661090344e-02
1.694861592404778294e-02
1.696082327684445001e-02
1.697648681077015831e-02
1.707022126656983219e-02
1.708811438989342457e-02
1.711317456164504480e-02
1.718955060510573077e-02
1.721139896712248901e-02
1.725927564462700556e-02
1.726016632105895759e-02
1.729981545000325305e-02
1.732609892092586840e-02
1.733756741921849837e-02
1.738260994609406099e-02
1.742399028310854039e-02
1.747580256946932448e-02
1.751133187662400753e-02
1.753145086984145631e-02
1.757508292578888881e-02
1.758915956719087764e-02
1.769730382894384169e-02
1.771805192849473798e-02
1.773584591593964366e-02
1.774848792353210178e-02
1.777294132267577889e-02
1.781868520197486816e-02
1.786139240584747739e-02
1.788912755850439670e-02
1.793819161832732254e-02
1.795732075727255600e-02
1.798394091987562393e-02
1.802163865575523091e-02
1.809762233617603217e-02
1.811526627344631213e-02
1.816429069619765468e-02
1.819198943364327622e-02
1.821522914830008694e-02
1.826263143247160159e-02
1.827235904916273829e-02
1.830725589033413425e-02
1.837919453967433794e-02
1.844248411943528662e-02
1.845256727158628429e-02
1.847550784367861174e-02
1.849626949498748771e-02
1.854046664455191729e-02
1.857021518488947628e-02
1.859051824414748033e-02
1.863825575799650178e-02
1.870434443643732500e-02
1.874319350494411257e-02
1.879548905801900135e-02
1.884721429556521569e-02
1.886601389591282749e-02
1.892282721437929874e-02
1.894350567799490959e-02
1.898203975455087233e-02
1.902054716235852816e-02
1.904878846032169795e-02
1.908817928418730242e-02
1.913086811785812483e-02
1.916462361534550241e-02
1.920835587972500799e-02
1.924580879122569227e-02
1.929359138049243846e-02
1.931493364518498471e-02
1.931589478721951539e-02
1.937953059841758530e-02
1.942566061920737719e-02
1.946569187080585475e-02
1.949636809091255876e-02
1.953738239989100470e-02
1.956454918121772191e-02
1.961028673203284514e-02
1.965072298629654338e-02
1.968735419539402801e-02
1.971546620292679436e-02
1.976527560890591756e-02
1.978214776150981694e-02
1.982098470914690769e-02
1.985604032731639462e-02
1.989912330313423766e-02
1.994008625288995473e-02
1.998675670030131482e-02
2.002560675860727557e-02
2.004716888084007859e-02
2.008937900506858540e-02
2.010999016789271482e-02
2.020300784916738077e-02
2.024279318602228983e-02
2.026927632153436437e-02
2.029689401460233258e-02
2.031537787720969976e-02
2.037523598937312358e-02
2.040761196912878675e-02
2.046068571440621750e-02
2.047792575330008996e-02
2.050988044753544737e-02
2.054483148692696354e-02
2.059418001721443833e-02
2.060542171443749404e-02
2.064997542607221667e-02
2.068688596250992454e-02
2.073742776170493796e-02
2.077938387755299404e-02
2.084030676272047647e-02
2.087261853452048593e-02
2.091743730409535360e-02
2.096652457435049799e-02
2.097278819368453978e-02
2.101145909225424907e-02
2.105973750582886342e-02
2.107140647081462079e-02
2.115917771649271709e-02
2.118679953046730818e-02
2.120408335409081080e-02
2.124452822469756474e-02
2.126638559375056831e-02
2.134152096479339372e-02
2.139295879802663447e-02
2.141208612133526160e-02
2.143566373922949075e-02
2.148276618721954231e-02
2.154331985595221016e-02
2.154852063874097834e-02
2.159835177463102773e-02
2.160233967501013624e-02
2.169710327458922172e-02
2.173116637901366041e-02
2.176850241951983414e-02
2.181301080492719507e-02
2.183985681469503490e-02
2.193284079752403845e-02
2.194637757820731144e-02
2.197318690186628176e-02
2.201729161237364965e-02
2.207515357580275631e-02
2.209434526625961639e-02
2.213548570371770552e-02
2.213699521169893922e-02
2.219331649828781144e-02
2.221767211585893090e-02
2.228352168633221386e-02
2.233866005568087634e-02
2.235264603884045201e-02
2.239927807801199086e-02
2.244027579514921988e-02
2.249760055536949993e-02
2.251230517685335122e-02
2.256330821641433504e-02
2.258906045804352780e-02
2.262396532896567697e-02
2.266558465987879994e-02
2.267300812385666248e-02
2.275539967159136145e-02
2.282007131136549669e-02
2.286212032566056068e-02
2.287047520515906457e-02
2.294988643728930813e-02
2.296932710142040451e-02
2.299520377446184760e-02
2.305447819044176283e-02
2.307847038723721128e-02
2.312612977865716180e-02
2.313436018468792779e-02
2.321908574064597899e-02
2.323761723931376880e-02
2.326766303005852604e-02
2.329945458617364851e-02
2.332144501336387565e-02
2.334731655701380998e-02
2.337847963908431040e-02
2.341590807398512622e-02
2.346112374601733858e-02
2.348571125046887420e-02
2.349904135540429803e-02
2.357111627737101811e-02
2.362354897302601162e-02
2.369950399494065787e-02
2.378675048522622265e-02
2.379045757078716156e-02
2.381254978910828449e-02
2.384641412651442374e-02
2.388381807185306974e-02
2.391309004281167924e-02
2.396743363912025998e-02
2.398446672926720161e-02
2.405613711690201065e-02
2.411646376987499826e-02
2.414152257674341898e-02
2.418248870411801588e-02
2.424355358391278720e-02
2.426555395498044762e-02
2.434264201943495132e-02
2.438207734655305214e-02
2.440241143227660225e-02
2.442971927836549637e-02
2.447216018242190372e-02
2.454247182722342491e-02
2.456011652991726968e-02
2.460757293851022903e-02
2.463991620195464874e-02
2.465250616471855588e-02
2.469685375700834268e-02
2.479121453528257760e-02
2.480250885595520344e-02
2.486059181235706489e-02
2.488863766845134107e-02
2.491260418133051796e-02
2.493855760670072794e-02
2.500230848744956769e-02
2.506142200184359459e-02
2.509011968472456972e-02
2.511555822373917959e-02
2.514694951257018252e-02
2.521097370240734520e-02
2.526927893082653656e-02
2.530888556383292451e-02
2.531608208493340423e-02
2.534137294692713482e-02
2.539479375689947943e-02
2.541450580187654129e-02
2.544673890827555546e-02
2.554645667102575790e-02
2.559496722701505578e-02
2.561348134386753905e-02
2.567311183100063482e-02
2.572962388609750795e-02
2.578418794119877178e-02
2.585193049880386146e-02
2.586613396485691260e-02
2.592415368061143366e-02
2.592938769920031389e-02
2.595802371520463878e-02
2.597405551198319132e-02
2.601900093799092845e-02
2.604620534469909848e-02
2.606355333594429641e-02
2.616194975273453127e-02
2.616722724435638706e-02
2.621407281027039737e-02
2.630337906219930300e-02
2.635455660596778757e-02
2.641073802445653360e-02
2.643053811724584146e-02
2.644364304497934942e-02
2.652473559902255792e-02
2.654183998152285368e-02
2.656404546830794938e-02
2.659434833335406340e-02
2.666057053537624136e-02
2.667997559138881800e-02
2.675512047728525675e-02
2.677776216319854158e-02
2.682221426943493664e-02
2.686666191242311971e-02
2.689804846774581509e-02
2.697963706468514342e-02
2.698520715049990137e-02
2.705629534421361351e-02
2.712967234383612675e-02
2.716263490952709053e-02
2.725759242426797901e-02
2.728987413739057330e-02
2.735116434480622249e-02
2.739735244700826008e-02
2.743945943448648783e-02
2.746322516824649049e-02
2.747765491275257210e-02
2.757111958194520540e-02
2.761419993791834962e-02
2.766544625967781029e-02
2.770590702886077325e-02
2.776676268909957293e-02
2.777420841753513309e-02
2.781110498093223790e-02
2.783378323977833690e-02
2.790591298234942202e-02
2.796165021862160455e-02
2.801621756586915660e-02
2.804426752304291920e-02
2.808019786016199143e-02
2.810051029582385021e-02
2.814369838962428247e-02
2.817622678164868541e-02
2.822605867382947664e-02
2.827210005612325674e-02
2.831608708968507207e-02
2.837009831329202758e-02
2.837642861233606942e-02
2.841927807251203725e-02
2.849323357359337741e-02
2.854616514456907381e-02
2.859988114324617942e-02
2.862777940534315044e-02
2.865745098215851869e-02
2.869669760822471730e-02
2.876950200804328714e-02
2.878418402401282036e-02
2.884051783042517608e-02
2.888393638087602411e-02
2.892054189284659974e-02
2.894337970968234239e-02
2.895514914885579522e-02
2.904454076244431665e-02
2.909533337918145460e-02
2.914330568206983940e-02
2.918898370980243379e-02
2.921187012762034574e-02
2.927302197741684167e-02
2.929810477062915267e-02
2.935891631811551189e-02
2.941650026404999188e-02
2.944831252152044915e-02
2.952965606941849661e-02
2.956194660521257317e-02
2.962999926060969763e-02
2.963298943613665304e-02
2.968569095496702628e-02
2.974894488783657101e-02
2.976897920844085929e-02
2.984780859821864821e-02
2.990235854884916097e-02
2.992829964205132032e-02
2.997959007478688889e-02
3.002428349227581963e-02
3.011919287861104452e-02
3.015282240314980794e-02
3.018158630599513184e-02
3.027344192388338115e-02
3.028640147573828656e-02
3.035114641886133696e-02
3.039087433432388630e-02
3.042944099332476476e-02
3.043863478131378017e-02
3.051543314104653362e-02
3.053642986650345961e-02
3.056443315831319438e-02
3.060121359317397732e-02
3.066874094138134083e-02
3.075580629737166560e-02
3.076728549533300910e-02
3.084170440615866676e-02
3.087935739202319133e-02
3.091750911433669910e-02
3.097745549817071745e-02
3.102100903352353681e-02
3.106253555203209241e-02
3.110407292233418816e-02
3.114054303625625117e-02
3.119314480528105962e-02
3.124933392575191329e-02
3.129610063941638820e-02
3.134712143649016902e-02
3.136153142545092948e-02
3.146243739758078362e-02
3.150237605588167289e-02
3.151139577189617652e-02
3.157912919661055862e-02
3.162347152223653896e-02
3.166089045632183852e-02
3.167190972698642054e-02
3.178902922366948214e-02
3.180971174165224402e-02
3.188467563842507790e-02
3.192145906129031929e-02
3.198205437166766474e-02
3.201949815511024450e-02
3.208383897810192925e-02
3.212880205409082701e-02
3.217246665943895162e-02
3.226214054075149384e-02
3.229619877723165916e-02
3.231960858227066191e-02
3.238769514950012862e-02
3.243912544801141190e-02
3.248291915006976810e-02
3.254474793149835649e-02
3.259962808434749282e-02
3.269060798955467084e-02
3.272666178052727193e-02
3.275928822907828858e-02
3.278948147502579874e-02
3.283918339857559709e-02
3.288481336836575342e-02
3.295252996665912204e-02
3.296510742001370481e-02
3.307739642378825645e-02
3.312773431815891484e-02
3.317085602487902102e-02
3.317685224674198075e-02
3.328819914214647263e-02
3.332163824552457354e-02
3.334624103033437259e-02
3.335428141133813668e-02
3.340576880835436496e-02
3.345785227564044423e-02
3.347419683857740663e-02
3.360145545100021863e-02
3.364002219548611894e-02
3.371664078340159965e-02
3.376012861084837918e-02
3.380233303276292817e-02
3.382456099935803040e-02
3.385817791029471779e-02
3.390066939776270605e-02
3.395506445105227894e-02
3.401186924444237619e-02
3.409832944508480596e-02
3.419885921760263542e-02
3.423274406478429149e-02
3.427456707977307587e-02
3.429897761527427730e-02
3.438200619921862738e-02
3.445412865822407300e-02
3.446932065171118276e-02
3.459702174138531983e-02
3.464303740734355624e-02
3.465005783476791251e-02
3.467667212957418338e-02
3.473947757366251804e-02
3.479522473909275188e-02
3.484427940556318604e-02
3.494018479222191914e-02
3.500277486713875702e-02
3.501296073044279922e-02
3.509202015025778693e-02
3.512131228466595229e-02
3.517036948424226428e-02
3.522337604912577358e-02
3.524925881527478377e-02
3.527327442170413024e-02
3.535732755068464461e-02
3.543582917186238052e-02
3.551640403066085722e-02
3.558920545682656839e-02
3.566118809715171367e-02
3.570935250911944081e-02
3.575282016029568410e-02
3.580997185345519834e-02
3.586838711137577129e-02
3.601278452456200402e-02
3.605902011657383111e-02
3.611290902300595684e-02
3.614472914033369649e-02
3.617881104280214893e-02
3.626397717863881487e-02
3.637455725231075743e-02
3.642442075779461080e-02
3.647581953724544912e-02
3.653803694435379945e-02
3.657171534064499602e-02
3.664722455173276272e-02
3.669849017898760279e-02
3.671146643056606013e-02
3.680092591803004604e-02
3.683614783324934416e-02
3.690233723110628028e-02
3.699593073768648460e-02
3.702626638304790802e-02
3.707998576304288862e-02
3.719154519636525685e-02
3.725515476692524419e-02
3.733228731527690747e-02
3.735639375863518408e-02
3.740575862568930321e-02
3.744025936659434173e-02
3.749334337829714897e-02
3.754046132946119163e-02
3.759521381209536550e-02
3.771932664875264629e-02
3.781396849542367072e-02
3.782438560484331636e-02
3.786060124567441204e-02
3.801138448862208252e-02
3.808578143106671615e-02
3.815900637210910273e-02
3.820290236215378304e-02
3.825513162091639247e-02
3.826640104009715326e-02
3.837140529494600938e-02
3.845404533923284934e-02
3.850423361918115656e-02
3.856063781874854296e-02
3.864204572197657561e-02
3.873044801560569794e-02
3.883249449436722983e-02
3.887105127507534813e-02
3.893729644222944375e-02
3.900886690984772809e-02
3.911677880958825543e-02
3.921743720847695180e-02
3.932737611147160695e-02
3.935237842573007655e-02
3.939765286826714397e-02
3.952792403760727047e-02
3.961333245563782024e-02
3.962266991244941389e-02
3.966591388788032885e-02
3.983710000041661148e-02
3.990015330203902644e-02
4.005049661386676785e-02
4.009916787172090880e-02
4.016227734914935149e-02
4.021032090588257113e-02
4.029003472935795832e-02
4.032034206752258682e-02
4.046538312367722878e-02
4.065572804418442904e-02
4.067122438926575045e-02
4.074675705647593654e-02
4.087922305409341650e-02
4.092635816165931389e-02
4.102547135073471990e-02
4.117462738140755668e-02
4.122949234889333736e-02
4.128698187117785939e-02
4.137833284889544383e-02
4.146009686334847788e-02
4.156303332729145011e-02
4.161758899940903172e-02
4.175844454314339010e-02
4.189393823225492225e-02
4.196823588966468177e-02
4.201284963351484963e-02
4.227280855076695487e-02
4.237969400575449658e-02
4.250214899251746059e-02
4.260422552520203021e-02
4.270629142592553135e-02
4.280778689455880942e-02
4.286160203691113252e-02
4.300295211055023964e-02
4.332747447534539276e-02
4.349055612936028603e-02
4.370205802372284509e-02
4.386322989913316733e-02
4.400355722958636251e-02
