-4.417350234948536764e-02
-4.357214052872911830e-02
-4.356287654089556483e-02
-4.321796028399482736e-02
-4.315310910378696713e-02
-4.287071967130751116e-02
-4.283058083606375993e-02
-4.267006034337858522e-02
-4.252628194802375583e-02
-4.249237497594110513e-02
-4.227748463590132177e-02
-4.219527963401151910e-02
-4.201989918486499775e-02
-4.196869092186456679e-02
-4.183262125186514718e-02
-4.167374300630326267e-02
-4.163088325268557433e-02
-4.146795168363499179e-02
-4.140583579885089016e-02
-4.132338581303385966e-02
-4.123763790503997412e-02
-4.116982239694944035e-02
-4.110273564691822867e-02
-4.103298656827331775e-02
-4.090394097103328130e-02
-4.087562983993636018e-02
-4.069101138382922450e-02
-4.062324195887630912e-02
-4.060523173381270362e-02
-4.051240868595058775e-02
-4.045986010015257400e-02
-4.035783789340234573e-02
-4.031152921984485632e-02
-4.018374144087001609e-02
-4.014104592371398050e-02
-4.007677403533402294e-02
-3.999955740699413786e-02
-3.992114960571720855e-02
-3.971362398381687170e-02
-3.961748856947902575e-02
-3.957385540614095920e-02
-3.952300909206771240e-02
-3.943666022585883696e-02
-3.939696586371835285e-02
-3.927557670268994050e-02
-3.916706043979568952e-02
-3.909451452431045304e-02
-3.907465986522961482e-02
-3.899616008220423147e-02
-3.887737980481247718e-02
-3.881088220693069968e-02
-3.869762938151563580e-02
-3.863799734008936670e-02
-3.857429070195005083e-02
-3.854673319801608239e-02
-3.848633556242973819e-02
-3.844744184097957651e-02
-3.838024145820561478e-02
-3.830671414474014908e-02
-3.824952099001118627e-02
-3.820880647334490982e-02
-3.810710265367992650e-02
-3.801641466661637159e-02
-3.801054204036250633e-02
-3.786753580886027121e-02
-3.782026758735221317e-02
-3.769462599084456855e-02
-3.765033406300040408e-02
-3.758962746268432187e-02
-3.753531319908549185e-02
-3.750272310013187671e-02
-3.747655031497328093e-02
-3.743807881992013142e-02
-3.735012123046602128e-02
-3.726461188413678766e-02
-3.720718558396828024e-02
-3.711759790335506654e-02
-3.704757794901412937e-02
-3.704318802905271629e-02
-3.699656022885162987e-02
-3.696214059024104798e-02
-3.685001943407261588e-02
-3.676614875904551244e-02
-3.667407515210066582e-02
-3.663592167409576023e-02
-3.658141986113141314e-02
-3.650520660058384492e-02
-3.647126748158573128e-02
-3.644459421105104152e-02
-3.634538408555976902e-02
-3.629737208346943411e-02
-3.619295063010492114e-02
-3.612548699001217473e-02
-3.603223924299248093e-02
-3.600808529132715902e-02
-3.593624772050168364e-02
-3.589799672914324724e-02
-3.587371446519319745e-02
-3.574766457711636702e-02
-3.572041618223537052e-02
-3.570529065708182015e-02
-3.566153569817345076e-02
-3.558386063797482762e-02
-3.544342992265291092e-02
-3.541466286893764359e-02
-3.535522715740081062e-02
-3.526987983938324051e-02
-3.523323868051871782e-02
-3.520795203358483005e-02
-3.519680285550182836e-02
-3.512329517448958133e-02
-3.503156096731264296e-02
-3.499930449414077188e-02
-3.497007510610758430e-02
-3.492209643542585479e-02
-3.485415736045720247e-02
-3.483786258459042190e-02
-3.478258258615487403e-02
-3.468000980939218297e-02
-3.466644818545402962e-02
-3.461239397718268718e-02
-3.454242552509181191e-02
-3.450207045653982951e-02
-3.447646594191197678e-02
-3.440901732410569375e-02
-3.423590308539604943e-02
-3.419933313673141628e-02
-3.414576514406852253e-02
-3.410430688141910527e-02
-3.410020103203138808e-02
-3.402534799953826905e-02
-3.397596661605976898e-02
-3.394007069752842665e-02
-3.388173167374045058e-02
-3.377761041833019645e-02
-3.376048877987646718e-02
-3.371954667304715575e-02
-3.365806256521493289e-02
-3.357440280375632163e-02
-3.354601432797229416e-02
-3.351903338107713876e-02
-3.346088302949051102e-02
-3.340214067123820074e-02
-3.335482371579969602e-02
-3.331202082395383346e-02
-3.328091933197585561e-02
-3.323386621031793747e-02
-3.320385044088527277e-02
-3.313680273715735591e-02
-3.306700292780200695e-02
-3.303773413347365490e-02
-3.297875792985700827e-02
-3.290369270596094770e-02
-3.285900592466771408e-02
-3.282424838996652466e-02
-3.270134102032073303e-02
-3.268342613983914874e-02
-3.262483230293136693e-02
-3.256574804776050241e-02
-3.252767837029841430e-02
-3.250124329005904533e-02
-3.247355670643318343e-02
-3.244620800817531875e-02
-3.240942647265983995e-02
-3.236011942646688927e-02
-3.233207356881605959e-02
-3.224201335937857543e-02
-3.214885250558108948e-02
-3.210300933994376937e-02
-3.207110308203457716e-02
-3.201595860920541936e-02
-3.195737413534979754e-02
-3.193573229893015286e-02
-3.186171983272941682e-02
-3.180062591220739893e-02
-3.177022147442199601e-02
-3.174598364438943610e-02
-3.171921681888084654e-02
-3.165139289958745356e-02
-3.153627504432927192e-02
-3.152150430413240556e-02
-3.149976959066345950e-02
-3.141207286967812734e-02
-3.139934501428559566e-02
-3.135110412878397423e-02
-3.130425853838079281e-02
-3.125929499043703791e-02
-3.121486771989460257e-02
-3.112192371713162764e-02
-3.109350619285139450e-02
-3.102562766458646926e-02
-3.100205478158235550e-02
-3.098483137924020608e-02
-3.091429243793209283e-02
-3.079632597498630983e-02
-3.074357921350467926e-02
-3.068627644998364601e-02
-3.066834061071343695e-02
-3.062539965443598217e-02
-3.060458238235911829e-02
-3.055508585918263048e-02
-3.051862108415636515e-02
-3.049241242712417976e-02
-3.041441868517743424e-02
-3.038332762247056631e-02
-3.031832896199030541e-02
-3.025291546714260413e-02
-3.018671486408232296e-02
-3.018295095472502132e-02
-3.010318157424679911e-02
-3.005904583186077769e-02
-3.002729946606690417e-02
-3.002286720859683247e-02
-2.994426865446104397e-02
-2.987614820545166430e-02
-2.981822629111364337e-02
-2.980536153658948015e-02
-2.974075789937858164e-02
-2.972777036162986899e-02
-2.969426421414480058e-02
-2.963584447554812318e-02
-2.961128509168113598e-02
-2.956403289434698933e-02
-2.952634114109388419e-02
-2.950597475360417291e-02
-2.942250428253777653e-02
-2.937165994330246527e-02
-2.932528270593499908e-02
-2.926589912824968318e-02
-2.924171968024144586e-02
-2.914651742392023251e-02
-2.914412189372864170e-02
-2.904712170517347036e-02
-2.902040857930892476e-02
-2.896181753540185214e-02
-2.893019443722393003e-02
-2.886982090045561375e-02
-2.884833445606113309e-02
-2.881965059381974212e-02
-2.878349835240643154e-02
-2.873668857744987939e-02
-2.872989018966948943e-02
-2.858917320308862822e-02
-2.854919022681964499e-02
-2.853744965251017382e-02
-2.849409768315592714e-02
-2.846344546084103241e-02
-2.841159945457416222e-02
-2.837486893338766331e-02
-2.831568637522097198e-02
-2.827357628857283742e-02
-2.822901175136590876e-02
-2.815129930497177121e-02
-2.814268693646125585e-02
-2.809451280642389498e-02
-2.803382484560173679e-02
-2.797102724376733518e-02
-2.794995893244350132e-02
-2.793210102492704044e-02
-2.789117803222641509e-02
-2.784633987591282958e-02
-2.780458220437293654e-02
-2.771868814302985706e-02
-2.771412145619649853e-02
-2.767179493959557451e-02
-2.762768735080582336e-02
-2.757456024528689639e-02
-2.752778973211951474e-02
-2.750659112783467725e-02
-2.749112524708903840e-02
-2.741061633620811219e-02
-2.738235870346992368e-02
-2.728608767997276613e-02
-2.727498705388857816e-02
-2.723276911664360492e-02
-2.720394635640720205e-02
-2.715809873693130275e-02
-2.710508405789530464e-02
-2.704238095979337800e-02
-2.698433797655626354e-02
-2.696292823095489122e-02
-2.691173544412187035e-02
-2.687923327730412995e-02
-2.682130318058156826e-02
-2.679972631684589615e-02
-2.677062227894060759e-02
-2.673082746496641127e-02
-2.670576892771235611e-02
-2.664984839485339332e-02
-2.660683289933292103e-02
-2.657449744884147688e-02
-2.655106279391888577e-02
-2.649722827852846879e-02
-2.645503718256683734e-02
-2.640472622006210385e-02
-2.622927064683437670e-02
-2.621427420407379180e-02
-2.618960332885587536e-02
-2.614025095301598933e-02
-2.611738505384219797e-02
-2.607875907846165034e-02
-2.605298747978363263e-02
-2.602919982348749633e-02
-2.599859605456305428e-02
-2.597533729517033027e-02
-2.590712393103542649e-02
-2.586269218873395170e-02
-2.584240705107569008e-02
-2.580939518770802507e-02
-2.575046032507075089e-02
-2.569524665451585962e-02
-2.566293796547048159e-02
-2.560933241935524698e-02
-2.556081885900980330e-02
-2.552471108768715816e-02
-2.547040616884995931e-02
-2.544772018290141283e-02
-2.540313335084881663e-02
-2.537892926585708087e-02
-2.535943652669489512e-02
-2.530160178383918448e-02
-2.523661147204151953e-02
-2.522501191128099368e-02
-2.517050394041014591e-02
-2.512691514873377496e-02
-2.509907703093845061e-02
-2.504636249699956213e-02
-2.501910678454026885e-02
-2.495600800051877080e-02
-2.493116435278804055e-02
-2.487904053597969276e-02
-2.486274809560349783e-02
-2.483429430418037168e-02
-2.477439585271135059e-02
-2.474988407219013906e-02
-2.469801299892832383e-02
-2.461687470542645376e-02
-2.459635334302831891e-02
-2.457045037104884505e-02
-2.452235511180592478e-02
-2.448429159209197098e-02
-2.444203170679161083e-02
-2.441235198937694723e-02
-2.435119151699010470e-02
-2.433509868616558561e-02
-2.429114590746969324e-02
-2.422641983505161717e-02
-2.420300262081055004e-02
-2.416229237032022081e-02
-2.414640746157993914e-02
-2.402683798125537784e-02
-2.402123963243586735e-02
-2.397606569576105420e-02
-2.395012176966165515e-02
-2.391879771169451788e-02
-2.387273651037942826e-02
-2.385170093659890606e-02
-2.380682861324566468e-02
-2.378294481762114124e-02
-2.375454074808428309e-02
-2.372371366269807394e-02
-2.366376692818156213e-02
-2.363367099614961317e-02
-2.359583174324764165e-02
-2.358295917638621869e-02
-2.352243351747042646e-02
-2.350818274521060403e-02
-2.346785906527856791e-02
-2.335706055094834491e-02
-2.332754379784436963e-02
-2.330599121254115988e-02
-2.321954480442188148e-02
-2.316919909700354899e-02
-2.316507412174826502e-02
-2.312226392775226444e-02
-2.306389805071783206e-02
-2.302897656474567692e-02
-2.300291422598093813e-02
-2.294196596433030477e-02
-2.289972600976866376e-02
-2.287411493990916880e-02
-2.283094484403013977e-02
-2.281016657501971565e-02
-2.276967576001660137e-02
-2.268793952694386079e-02
-2.268102800166124644e-02
-2.265802781388823184e-02
-2.261231324783796043e-02
-2.257823775192580387e-02
-2.249752783580393281e-02
-2.248252609339837157e-02
-2.240929442432021759e-02
-2.239189953649519532e-02
-2.232862159538074112e-02
-2.231621505537963179e-02
-2.230540159735700315e-02
-2.228390160346378768e-02
-2.219771995944216231e-02
-2.214965075357279781e-02
-2.211870803511993208e-02
-2.206902720438598184e-02
-2.202345296743282721e-02
-2.194640562053251295e-02
-2.193719793127681464e-02
-2.192136214363879509e-02
-2.183948425586578965e-02
-2.180813959201378938e-02
-2.178523080675751414e-02
-2.174305157055572355e-02
-2.171281883714521604e-02
-2.166780408047316864e-02
-2.164107975239118464e-02
-2.158603500402192510e-02
-2.153580318208124858e-02
-2.152386419691577207e-02
-2.145979934421544597e-02
-2.139175168211665187e-02
-2.138372922890174541e-02
-2.132792872478234819e-02
-2.129084786805122281e-02
-2.124466691942201654e-02
-2.121821811326150831e-02
-2.119576961599689210e-02
-2.118440005242398783e-02
-2.117252106450169882e-02
-2.111435616593669920e-02
-2.106961629036516875e-02
-2.105889029409659802e-02
-2.099789303518866806e-02
-2.093206354436882854e-02
-2.090987147348334629e-02
-2.084037178121261533e-02
-2.082254884105694953e-02
-2.079977018960352253e-02
-2.071467576042329908e-02
-2.070669990491357318e-02
-2.067289988926709898e-02
-2.064030737749748476e-02
-2.061034696029574384e-02
-2.054564670842513874e-02
-2.053258118687079775e-02
-2.049093859728865277e-02
-2.044761854729477274e-02
-2.041004202679691515e-02
-2.038438050506414384e-02
-2.035849535541985403e-02
-2.030103607854898476e-02
-2.026164760511089610e-02
-2.023564740798026312e-02
-2.022502282721010819e-02
-2.016219369656697263e-02
-2.011430003324944996e-02
-2.005872362376658058e-02
-2.004159622658324355e-02
-2.001172507934731795e-02
-1.996290610025814108e-02
-1.993511897050814427e-02
-1.989554753660934677e-02
-1.987809730879475795e-02
-1.981184840136554146e-02
-1.976677217761160787e-02
-1.972135908262646550e-02
-1.967581940715619135e-02
-1.963885626450366170e-02
-1.961939571091779813e-02
-1.960358968107574554e-02
-1.955397541703449149e-02
-1.952336902914601768e-02
-1.945423159586092202e-02
-1.943749275320624456e-02
-1.940928694638829541e-02
-1.938587872000242102e-02
-1.936521148898422487e-02
-1.930918708566507769e-02
-1.929194307509421794e-02
-1.926502660348240401e-02
-1.918323257668381326e-02
-1.915427387996019096e-02
-1.913393841707873230e-02
-1.907863619392674223e-02
-1.904121691752312315e-02
-1.902499677448836468e-02
-1.898703963728124583e-02
-1.895038773899765036e-02
-1.887261555072960312e-02
-1.886853360637851668e-02
-1.882217650787721547e-02
-1.876196007100935231e-02
-1.873133878815670325e-02
-1.869320320498208191e-02
-1.864590589797318274e-02
-1.861940206652208316e-02
-1.860745989745894030e-02
-1.857512287944809021e-02
-1.852256102943519028e-02
-1.850742068452142577e-02
-1.843340741830884477e-02
-1.838131853051992726e-02
-1.836106433900460549e-02
-1.835132479482896525e-02
-1.830330086009606186e-02
-1.828098215356188661e-02
-1.820779434710840389e-02
-1.818763344125629011e-02
-1.815150481781165753e-02
-1.813538691535758821e-02
-1.806398547698394655e-02
-1.802966174825171644e-02
-1.800259576672685533e-02
-1.799777903811340327e-02
-1.795723087901682224e-02
-1.786503807824056655e-02
-1.783859763592680198e-02
-1.782254308450373359e-02
-1.776912098715493701e-02
-1.776079664674304337e-02
-1.775589190432723397e-02
-1.766278984800266280e-02
-1.763239495664156026e-02
-1.758175444763663761e-02
-1.751974155353781468e-02
-1.750905253700499667e-02
-1.748021716845794479e-02
-1.743670460212910084e-02
-1.739652281877921217e-02
-1.736519922954697301e-02
-1.732846475951300286e-02
-1.728676155395244066e-02
-1.724175236540341147e-02
-1.722341628040821582e-02
-1.719820309984452025e-02
-1.713119313288382836e-02
-1.710740638077008768e-02
-1.706516997724186885e-02
-1.703603661073883890e-02
-1.702031081737841178e-02
-1.699465766731259389e-02
-1.695682210273238497e-02
-1.689771107019445370e-02
-1.686353733866412935e-02
-1.680199754363215919e-02
-1.675098957659726384e-02
-1.671270387805118274e-02
-1.668597806730079056e-02
-1.666399906559146854e-02
-1.664026099869651137e-02
-1.659343932877831509e-02
-1.655279931398572282e-02
-1.652555836110704973e-02
-1.651104183152871108e-02
-1.644447447453320152e-02
-1.640427795111514681e-02
-1.632208076761098789e-02
-1.631554354795938799e-02
-1.630228020445292567e-02
-1.626428995595159341e-02
-1.623117916782383999e-02
-1.618705724247567271e-02
-1.614027290120187766e-02
-1.611068051430196088e-02
-1.603163403458907413e-02
-1.601586592962381608e-02
-1.598527031949921462e-02
-1.596139152872097511e-02
-1.594174644498155477e-02
-1.588360526984420110e-02
-1.584588327111155839e-02
-1.583062604575828647e-02
-1.578789332422782243e-02
-1.576661714565412778e-02
-1.573260573750881117e-02
-1.567864775281259740e-02
-1.563185647885112495e-02
-1.558848675520949772e-02
-1.552329148818648759e-02
-1.550432412807813999e-02
-1.548595377204310675e-02
-1.544828629323218537e-02
-1.542753370261231230e-02
-1.540954087551016892e-02
-1.535168852699172679e-02
-1.530611976983458841e-02
-1.526822562010203728e-02
-1.521906653011115447e-02
-1.519299688659865415e-02
-1.516799851208586528e-02
-1.512584677988427530e-02
-1.510685832503554614e-02
-1.506427769299494013e-02
-1.503279508774806907e-02
-1.497784371765453586e-02
-1.496678948885400533e-02
-1.495939829574082468e-02
-1.488465354795423176e-02
-1.483741222392396045e-02
-1.482702442835105543e-02
-1.477881869657217406e-02
-1.475496373179898194e-02
-1.470385151563788177e-02
-1.467262832679817712e-02
-1.463500964130577502e-02
-1.460843847642416364e-02
-1.460115171048841087e-02
-1.453672456096963272e-02
-1.449652007803363743e-02
-1.447633824474462913e-02
-1.444401633043268518e-02
-1.440654584342826797e-02
-1.438421187801896921e-02
-1.427332494122447552e-02
-1.425773939192445314e-02
-1.425062012991590819e-02
-1.418394772011270268e-02
-1.415793025176405491e-02
-1.414458929688600965e-02
-1.412397723979614064e-02
-1.410160864454602057e-02
-1.405167233969184873e-02
-1.399677176296734368e-02
-1.395814394708904532e-02
-1.391039786308700781e-02
-1.386044474691367975e-02
-1.384094707874325772e-02
-1.382846775296958652e-02
-1.378477180094859339e-02
-1.376643224550224039e-02
-1.368208829843171360e-02
-1.365635331044152793e-02
-1.363385465929007126e-02
-1.362798558116443473e-02
-1.361133817033874892e-02
-1.354224925129315395e-02
-1.350997004814625049e-02
-1.343098896017317842e-02
-1.341395788223770716e-02
-1.339636198877453173e-02
-1.332948241176030828e-02
-1.331925357478242443e-02
-1.329041230705749893e-02
-1.321516350093187610e-02
-1.321007562725526503e-02
-1.319606090739909587e-02
-1.316746213073451306e-02
-1.311757699883073398e-02
-1.305497979686906680e-02
-1.304726804984441581e-02
-1.298979836472153628e-02
-1.294276617037454918e-02
-1.291240470287856150e-02
-1.288486340387736545e-02
-1.284274012622086021e-02
-1.281755166908878779e-02
-1.278554207932903336e-02
-1.275137462396602576e-02
-1.271696578593876914e-02
-1.266037434832108753e-02
-1.264127177835823110e-02
-1.261745808831372939e-02
-1.254481605020122369e-02
-1.253836547285171535e-02
-1.249504568048981183e-02
-1.246930924669384030e-02
-1.242693716850969132e-02
-1.237219880603624735e-02
-1.233972344010243055e-02
-1.233206855760949835e-02
-1.227306977232865345e-02
-1.225801313889955148e-02
-1.221794936200159588e-02
-1.216854201954001638e-02
-1.214892804991181581e-02
-1.211635853226288376e-02
-1.207445837393091546e-02
-1.204414135121282918e-02
-1.200471664801277052e-02
-1.196144730400201459e-02
-1.190765613709593093e-02
-1.186700545170855416e-02
-1.185710142261540458e-02
-1.183510506234084977e-02
-1.180769702380878895e-02
-1.174533342656473335e-02
-1.167889370103744259e-02
-1.163409175939196863e-02
-1.160497150011350134e-02
-1.155868847596589616e-02
-1.153482891643180588e-02
-1.151590712128560366e-02
-1.149638502117032897e-02
-1.144261649943418419e-02
-1.143982380420612878e-02
-1.138321112366490542e-02
-1.136446204303580287e-02
-1.132527575688622307e-02
-1.128922483446518493e-02
-1.126062096049743923e-02
-1.121836950115440677e-02
-1.116036926250283529e-02
-1.110517340050783813e-02
-1.107741293916167033e-02
-1.106468931753733405e-02
-1.105021266236688379e-02
-1.100023115419473778e-02
-1.097422484387325023e-02
-1.095705159681628973e-02
-1.093825237964425080e-02
-1.084692977577902777e-02
-1.080987311169325470e-02
-1.076211416723677622e-02
-1.073086704713824453e-02
-1.067447934457897880e-02
-1.066227736185504024e-02
-1.065028043701234453e-02
-1.059342581441560446e-02
-1.055016819708557742e-02
-1.051948365186728719e-02
-1.051547654707975926e-02
-1.046272581493619923e-02
-1.042519242339924254e-02
-1.040750966090581847e-02
-1.037189587368120801e-02
-1.033428858613245557e-02
-1.026972828889509068e-02
-1.025978336982051251e-02
-1.023210017390432935e-02
-1.016406171438077703e-02
-1.013361519675916658e-02
-1.012437017262927778e-02
-1.010137074757326038e-02
-1.006264710064171640e-02
-1.000710370216062288e-02
-9.976974947642554270e-03
-9.943721904465890188e-03
-9.909447639680176931e-03
-9.904714425481998819e-03
-9.821366465338198307e-03
-9.780200294743735673e-03
-9.766350261205793137e-03
-9.740500977050967069e-03
-9.684865895469477182e-03
-9.671875110042166268e-03
-9.631786400014384283e-03
-9.611807020937843463e-03
-9.560634206382642025e-03
-9.529996093330172363e-03
-9.499765059739991024e-03
-9.492511500734414354e-03
-9.463569401960749208e-03
-9.374552670224210738e-03
-9.362505318267870524e-03
-9.312752378702788408e-03
-9.297939497309190213e-03
-9.260843168092716335e-03
-9.219872219973029859e-03
-9.183827971154589348e-03
-9.140843379815206254e-03
-9.124158087394734079e-03
-9.080243668715728619e-03
-9.036661943064320732e-03
-9.001231766843684201e-03
-8.994490132821860232e-03
-8.953086599354540681e-03
-8.937273143650508941e-03
-8.905850139703934062e-03
-8.852684132431381386e-03
-8.827816902591777842e-03
-8.771070862023565978e-03
-8.764062045242498530e-03
-8.733204619399833127e-03
-8.699434954062612579e-03
-8.673592723240234129e-03
-8.600739720563127869e-03
-8.590663440379899332e-03
-8.580522599050618288e-03
-8.530837938069869494e-03
-8.475172157778989093e-03
-8.445296286166715030e-03
-8.411909087665236581e-03
-8.404626002512328997e-03
-8.317295156774196646e-03
-8.267366086866739447e-03
-8.255715386798206587e-03
-8.247485108412394225e-03
-8.187850326312395496e-03
-8.124416781946799601e-03
-8.103910191182669281e-03
-8.093305210017352758e-03
-8.049806210140160109e-03
-8.043366795029286906e-03
-7.996824838060540702e-03
-7.962444082415221294e-03
-7.928037503532632882e-03
-7.900950491252224997e-03
-7.824785445530365105e-03
-7.809964925646282682e-03
-7.800329375815585192e-03
-7.727186285868698108e-03
-7.716261991498126957e-03
-7.666112779965867166e-03
-7.645554851557529071e-03
-7.595151568845692411e-03
-7.564489899593121111e-03
-7.508565314659013286e-03
-7.500653283570440921e-03
-7.477157017197409196e-03
-7.429432100689591784e-03
-7.427216342246384384e-03
-7.402194443046281915e-03
-7.351865884866068401e-03
-7.289559599660730069e-03
-7.275401828358804210e-03
-7.241092580948558545e-03
-7.205762741004177394e-03
-7.184882988321157626e-03
-7.143201141296406931e-03
-7.126992803801319304e-03
-7.109756243085805019e-03
-7.081804117741504617e-03
-7.035378037319749839e-03
-7.006646096068656557e-03
-6.936477526800420915e-03
-6.873732610548331963e-03
-6.839467511739625617e-03
-6.836486854353821321e-03
-6.791745452263422966e-03
-6.774989536378590339e-03
-6.756515218429507384e-03
-6.750226207497674220e-03
-6.700786376990652479e-03
-6.681140545624624817e-03
-6.667483010064356556e-03
-6.589151142437797357e-03
-6.572850467667500952e-03
-6.526481117223276000e-03
-6.482043013256138207e-03
-6.436196782013843369e-03
-6.432196357262499366e-03
-6.384099295572476934e-03
-6.350303412742749551e-03
-6.314034789215167663e-03
-6.276345134634594286e-03
-6.238372125169361695e-03
-6.187700377512671268e-03
-6.185969746757885059e-03
-6.131792692856475810e-03
-6.103543347921325767e-03
-6.063931498559552852e-03
-6.030747241883799813e-03
-5.996094992177836841e-03
-5.947837596277498820e-03
-5.918614159050570450e-03
-5.911977719262989130e-03
-5.890641127269773993e-03
-5.841264160292383191e-03
-5.798150945178776570e-03
-5.755095211731976572e-03
-5.708645656077144907e-03
-5.698660093577832472e-03
-5.676909596090335894e-03
-5.631357279304620260e-03
-5.593655439579086133e-03
-5.573828113642931292e-03
-5.493523629251861710e-03
-5.473327850936750803e-03
-5.456392118669177796e-03
-5.387972553110161392e-03
-5.380291689547249748e-03
-5.341629482793037835e-03
-5.331768251607613834e-03
-5.281413923450007861e-03
-5.259350892673885641e-03
-5.214066545427798252e-03
-5.173109345564567800e-03
-5.129123554062598941e-03
-5.084806945917157844e-03
-5.062652700580091286e-03
-5.053200260336563818e-03
-5.006891263238897119e-03
-4.953113441142035535e-03
-4.910699504368667631e-03
-4.893247754250317459e-03
-4.862075635079451258e-03
-4.827782464567388979e-03
-4.802245041695855227e-03
-4.748846718409461404e-03
-4.706863327504550755e-03
-4.682339367354082689e-03
-4.660967015356102909e-03
-4.619324305590745590e-03
-4.553503136121448726e-03
-4.542926007324648782e-03
-4.522926598093265915e-03
-4.513711769275376151e-03
-4.468055600719914207e-03
-4.429584693119777150e-03
-4.411283931721377352e-03
-4.362794096614762765e-03
-4.322838399513085662e-03
-4.294661734811326334e-03
-4.238923684928333144e-03
-4.202018912411508399e-03
-4.165743223282771142e-03
-4.157660541120478809e-03
-4.142897481579776477e-03
-4.111029485266901734e-03
-4.072105733114426279e-03
-4.022822003110106473e-03
-3.992951132484545695e-03
-3.953921826962108164e-03
-3.897968599058895724e-03
-3.853117112606109420e-03
-3.838291768220669122e-03
-3.786727699808517707e-03
-3.766774795349585314e-03
-3.728376418080010107e-03
-3.693156689748867353e-03
-3.677526494191650248e-03
-3.656289599005797288e-03
-3.636703736960730099e-03
-3.610886450345697149e-03
-3.563745391049204410e-03
-3.545912926864669672e-03
-3.493359489949900663e-03
-3.455316382529092113e-03
-3.417537299314547111e-03
-3.388353984001529328e-03
-3.350070497889801567e-03
-3.306758076785018367e-03
-3.296778279253793908e-03
-3.258969726112217677e-03
-3.235756203482403458e-03
-3.218695003009118712e-03
-3.177170034414986913e-03
-3.115006008056566723e-03
-3.054184555230500617e-03
-3.027019204941204782e-03
-2.987320817107927233e-03
-2.947313076819253232e-03
-2.945384881890135247e-03
-2.908886099698562190e-03
-2.885727016772958713e-03
-2.871188789972124820e-03
-2.835592083125608020e-03
-2.788415856018528448e-03
-2.751788444552972796e-03
-2.708846968904056809e-03
-2.676053004867072309e-03
-2.634449365510901139e-03
-2.609620909490110389e-03
-2.538027120901694463e-03
-2.532707652318034585e-03
-2.497329209728852296e-03
-2.443826853169055874e-03
-2.412707362266072221e-03
-2.401198870279716135e-03
-2.354231528571109656e-03
-2.342921157728267059e-03
-2.292589044637504889e-03
-2.278135039675723353e-03
-2.202851525619400029e-03
-2.180869632515877992e-03
-2.132713645581043541e-03
-2.118952166907987766e-03
-2.075391135720126325e-03
-2.059608550202961848e-03
-2.012752506815461591e-03
-1.987485989996442669e-03
-1.963712778487601909e-03
-1.914157342174348415e-03
-1.838361003148626920e-03
-1.829200803409349041e-03
-1.794488608265885259e-03
-1.757951485036825376e-03
-1.749257921809439700e-03
-1.726947875893119697e-03
-1.672219479437738821e-03
-1.641656354290787698e-03
-1.569673945535149037e-03
-1.557487081214173168e-03
-1.524444318339974406e-03
-1.495222624175668443e-03
-1.447430785994214576e-03
-1.431224872785981329e-03
-1.387945907621981716e-03
-1.374547142075814707e-03
-1.338486817101366662e-03
-1.278986821718769385e-03
-1.265964408579057371e-03
-1.238274121371820942e-03
-1.221846509060375190e-03
-1.159974053884743270e-03
-1.131519018973642637e-03
-1.065756950360631072e-03
-1.024275140110026284e-03
-1.014183235004123898e-03
-9.933559017184488433e-04
-9.420113297400434064e-04
-9.125175741738418859e-04
-8.632350348475903738e-04
-8.527441727945418107e-04
-8.160196445976469282e-04
-7.869356919292193244e-04
-7.451259516098872630e-04
-7.300948125842098057e-04
-6.921983493005932127e-04
-6.551473884362963868e-04
-6.221027899284173020e-04
-5.884051218785299074e-04
-5.380641450227161568e-04
-5.065297362305064928e-04
-4.722226027263869814e-04
-4.124325215762411384e-04
-4.051414965855408383e-04
-3.880862569019310408e-04
-3.704088358641180142e-04
-2.790877920364463229e-04
-2.615465151720689917e-04
-2.285141201088099162e-04
-1.816026148770040493e-04
-1.443361132366346501e-04
-1.276744691507654210e-04
-8.209901006415080786e-05
-6.368299903177645853e-05
-1.789367376239431903e-05
3.122154320097988837e-06
4.287087917499572519e-05
7.232061634563776114e-05
1.036369825940083102e-04
1.379732998073830231e-04
1.766866566066002361e-04
2.120967426107600725e-04
2.407269490842155679e-04
2.626736117526560165e-04
2.982106426226739117e-04
3.589933946987395631e-04
3.775281301663894616e-04
3.959689051182574849e-04
4.177579523034649720e-04
4.708333266429011866e-04
5.137764872215402076e-04
5.322479214299539454e-04
5.619856291157873315e-04
6.143573658412642378e-04
6.451249173242964508e-04
6.762951932933680081e-04
7.106815599377035251e-04
7.603771503061440649e-04
7.759672602877329016e-04
8.236010434190685564e-04
8.714608162581747751e-04
8.785752744897713361e-04
9.398544754866044668e-04
9.469205229467928236e-04
9.840794043073394608e-04
1.045040082116481268e-03
1.058386304139970072e-03
1.082421197573134363e-03
1.151015883694710314e-03
1.191907326525013487e-03
1.227325910081863416e-03
1.288538413133263807e-03
1.313416487423995889e-03
1.324683304744980880e-03
1.361201219368524248e-03
1.403783182764127644e-03
1.449060850027780213e-03
1.494049873011043779e-03
1.522879551892223097e-03
1.550287061224430276e-03
1.562980640665006561e-03
1.581583082234443768e-03
1.620927400651495142e-03
1.634963281591080876e-03
1.686708834566957296e-03
1.692177862937547161e-03
1.722694153531834039e-03
1.734211924203150901e-03
1.819337644349389681e-03
1.835033633490883902e-03
1.874150323282723282e-03
1.894472810814133842e-03
1.934478486589341628e-03
1.965485778686254688e-03
2.035658305148295173e-03
2.070513911987726611e-03
2.134658910566801862e-03
2.141536817896753670e-03
2.165029388068185831e-03
2.212088634982982069e-03
2.229971881430773718e-03
2.233767333677853795e-03
2.271850048530200863e-03
2.338570480690139921e-03
2.390876769091971211e-03
2.393186908119734196e-03
2.449920963088033764e-03
2.453334205402043187e-03
2.473602231608717540e-03
2.522386094316709983e-03
2.578240545928981581e-03
2.596156316392434892e-03
2.606641658462042523e-03
2.667255890161376354e-03
2.676709647482598993e-03
2.730232370986884413e-03
2.757186939330495343e-03
2.765108929398085898e-03
2.831825259798907268e-03
2.864922960838410353e-03
2.916934039375518838e-03
2.939053556288833639e-03
2.957793668889331738e-03
2.990491494036769896e-03
3.034126588261754250e-03
3.107637154471558274e-03
3.110163835446523584e-03
3.137762265751751437e-03
3.180056405383044522e-03
3.244080137275830340e-03
3.258624270736949682e-03
3.265955057222624282e-03
3.283358938679154480e-03
3.339825726220207059e-03
3.385554916499188428e-03
3.415309832849296092e-03
3.447423160069445353e-03
3.473693950908278254e-03
3.509822835372566376e-03
3.556761113969827363e-03
3.564912245472893256e-03
3.612233977622677974e-03
3.623464281547795780e-03
3.667255154143087958e-03
3.700524994303692507e-03
3.729892278178870840e-03
3.734820115047911109e-03
3.788929013911208031e-03
3.841091612688500231e-03
3.875266205174152014e-03
3.911592636120188836e-03
3.964542218023802723e-03
3.990815770181481946e-03
4.001466368961175378e-03
4.044009344262160764e-03
4.052406722521574405e-03
4.119396000906830162e-03
4.144316502196362072e-03
4.174933940234544331e-03
4.207287303140232193e-03
4.225398715018489730e-03
4.235506282787061989e-03
4.275750066672611045e-03
4.321766120180006027e-03
4.345962721904259550e-03
4.404536872809273335e-03
4.442833977861829035e-03
4.473139101482673068e-03
4.508174520269195990e-03
4.558221425450239596e-03
4.589433178692029457e-03
4.618192791859085378e-03
4.654714041019915663e-03
4.682999846327250658e-03
4.717117608964503661e-03
4.755989419556154972e-03
4.772346603170498150e-03
4.816862711668266732e-03
4.842540286989021302e-03
4.889014106977495992e-03
4.903006708884233115e-03
4.956234508529653617e-03
4.968682415888987618e-03
5.000190838156425184e-03
5.013685348474680031e-03
5.034477034875233653e-03
5.090360055657379250e-03
5.098979650509140489e-03
5.151539733380811059e-03
5.173891394684142046e-03
5.190741067288718452e-03
5.236242411718876333e-03
5.279133151046444539e-03
5.306963119318202499e-03
5.419827311328249964e-03
5.453604592641155685e-03
5.507272527970868969e-03
5.518952798082214610e-03
5.568348382422083458e-03
5.599339846475141769e-03
5.634239643517100805e-03
5.642087020491405071e-03
5.698109348635982743e-03
5.706107869597363928e-03
5.719904274999965121e-03
5.786306077026488227e-03
5.808605995469630877e-03
5.859014005998305213e-03
5.872564327689268338e-03
5.934160441925300129e-03
5.972332401440636276e-03
5.978758368400210327e-03
6.056641898790761196e-03
6.069330321137145906e-03
6.080034888461447427e-03
6.162232161819601248e-03
6.189733091441815271e-03
6.209392729983882579e-03
6.224296060164931886e-03
6.227653502174261037e-03
6.266231080247127230e-03
6.299275856358441637e-03
6.340739801470813945e-03
6.419068437711294289e-03
6.435183324476156583e-03
6.463551685693963954e-03
6.480451505370573434e-03
6.553516658562933035e-03
6.566552956993695032e-03
6.598194083885721220e-03
6.657052380366248155e-03
6.678456341412808764e-03
6.722036618716909114e-03
6.739984583183050541e-03
6.752468788193306815e-03
6.797824908711813316e-03
6.848264523175108878e-03
6.857363944696588318e-03
6.932231217334596136e-03
6.945662084094082409e-03
6.987468106445332734e-03
7.016105990342978542e-03
7.052940163056211492e-03
7.066686309669533046e-03
7.083745727145178070e-03
7.112108589441910877e-03
7.187759572158804872e-03
7.213941209169264998e-03
7.268145311504027595e-03
7.300085968460650644e-03
7.326803738298950409e-03
7.365457024963858838e-03
7.393011722619076236e-03
7.406268313460796088e-03
7.445176879529329106e-03
7.507719000762032302e-03
7.518629711688401551e-03
7.550884406473560434e-03
7.606172297002469947e-03
7.632430047354996604e-03
7.643511112673170675e-03
7.661888126642010625e-03
7.685611192302354774e-03
7.770323425338114542e-03
7.802041686137053435e-03
7.824941658073982648e-03
7.873493997616245327e-03
7.906967339884165072e-03
7.971639739523608131e-03
8.008484923585586224e-03
8.022277395653377649e-03
8.062612131252935854e-03
8.106875904635980207e-03
8.122696359084552453e-03
8.140618822081372233e-03
8.185318111558904930e-03
8.216181100339562532e-03
8.257779164843609063e-03
8.285031655649685578e-03
8.312777359699950741e-03
8.350534009294812918e-03
8.392085623752536250e-03
8.415250401692381602e-03
8.462602472241256141e-03
8.517963447231694310e-03
8.535555790196965378e-03
8.555827556126360464e-03
8.581940977937836321e-03
8.607192187023392921e-03
8.650083745037936978e-03
8.686181045224334110e-03
8.728604349800406573e-03
8.756447858379113117e-03
8.773659801129946728e-03
8.816044907349067719e-03
8.847979300164461602e-03
8.909324766139200408e-03
8.942115545592205575e-03
8.955299013139678480e-03
8.990759608337580908e-03
9.039208817326043616e-03
9.073260921296212589e-03
9.123170179894630333e-03
9.200475412899210975e-03
9.260651269560679286e-03
9.294091681540229619e-03
9.301795483712365156e-03
9.341551353905533372e-03
9.389866370656630573e-03
9.435777934165303499e-03
9.451884933898467914e-03
9.487658112121020310e-03
9.495010578622569905e-03
9.534427248283341635e-03
9.569371059714344707e-03
9.612004729601615616e-03
9.641670790570386687e-03
9.658696855908812176e-03
9.692633340583248214e-03
9.720319777770023567e-03
9.752357297865619015e-03
9.794819385510486129e-03
9.832951024464365794e-03
9.853299724335497223e-03
9.894080583188127540e-03
9.973034865265897539e-03
1.000942615709806555e-02
1.001541069041905589e-02
1.005290970447524947e-02
1.007431566428737719e-02
1.011684131074266739e-02
1.015428811337631965e-02
1.020984801405458789e-02
1.023300594556685907e-02
1.024530337024177895e-02
1.027857188338817014e-02
1.031986320811685218e-02
1.034334031182851214e-02
1.038198567408475832e-02
1.041311164722405307e-02
1.044637865175829759e-02
1.045966243622092548e-02
1.049914822290182528e-02
1.053447237941899234e-02
1.057097568715337568e-02
1.058582317025541335e-02
1.063718548529292082e-02
1.068690106905031099e-02
1.071078531649363036e-02
1.075251904004269170e-02
1.079263747373038033e-02
1.081075706976423849e-02
1.085913103013082075e-02
1.090178839808638757e-02
1.093540875809227014e-02
1.101131903553187637e-02
1.101752228337746393e-02
1.104821944496152224e-02
1.107451190029020219e-02
1.110798176921725874e-02
1.114943196974916249e-02
1.122183782342318394e-02
1.124742442758143099e-02
1.126626241912131489e-02
1.129294132069865071e-02
1.134179338824870160e-02
1.135750744495901687e-02
1.138383653795333426e-02
1.139445310698369851e-02
1.141803729516052864e-02
1.148743545318922990e-02
1.154236858412458627e-02
1.155769529669054170e-02
1.158742078645554931e-02
1.164288103647824479e-02
1.168029579526910604e-02
1.170631567134265173e-02
1.173642335445479121e-02
1.178734619873505161e-02
1.179030438639736868e-02
1.187371435288374702e-02
1.189675194341982892e-02
1.192166045277544099e-02
1.193702324097651452e-02
1.200320233886174870e-02
1.202237126800393373e-02
1.207975999823587832e-02
1.210459006754655877e-02
1.212907742867823033e-02
1.216002870955287286e-02
1.218247831474747120e-02
1.219993337138256667e-02
1.228306386388405662e-02
1.235903929421549620e-02
1.237268296251336358e-02
1.239029999892973799e-02
1.240730579795807330e-02
1.243410761520614798e-02
1.249818079670144723e-02
1.255193145347049781e-02
1.256568029026916729e-02
1.261235001840751296e-02
1.261957916947270206e-02
1.264226958752801867e-02
1.267513997739539919e-02
1.272483203060532225e-02
1.274983719315548464e-02
1.280162600964968207e-02
1.280757465833466842e-02
1.285071168701903792e-02
1.287145456854985222e-02
1.293685014336156715e-02
1.296178532383410707e-02
1.296818354408031670e-02
1.300706893389883857e-02
1.302009839215834130e-02
1.311157501455032133e-02
1.312981610493840247e-02
1.316146332829102109e-02
1.319054938393526312e-02
1.320952286863901100e-02
1.325739814903761568e-02
1.327758920143231637e-02
1.335368940759007472e-02
1.339449230239586446e-02
1.342608632587633834e-02
1.345092767649008064e-02
1.347462331781147833e-02
1.351461898142939516e-02
1.353178748757821390e-02
1.357118809675305487e-02
1.358504707909323483e-02
1.366056578850236708e-02
1.371129079534053920e-02
1.372344015695672707e-02
1.376147892320202237e-02
1.378689200033458677e-02
1.384221140848807506e-02
1.386315760689326576e-02
1.388023121326210224e-02
1.389484525024349201e-02
1.393318299868450370e-02
1.398675748430116932e-02
1.404635134324125172e-02
1.408255006213881416e-02
1.410749281751316406e-02
1.414045864859361963e-02
1.418920548644126561e-02
1.421852955792439650e-02
1.426834080744076444e-02
1.431350284858225706e-02
1.434248865927477065e-02
1.436106456873618639e-02
1.441144557458550260e-02
1.444085752879929394e-02
1.445973062067108447e-02
1.454084392543727317e-02
1.457859310122465446e-02
1.460602935641631787e-02
1.462658091597219580e-02
1.469021449837127485e-02
1.474082354480358431e-02
1.475922266707841227e-02
1.479403108189888266e-02
1.485765607456824254e-02
1.486281800234549172e-02
1.491086467963251630e-02
1.495447132415926757e-02
1.502430641090967203e-02
1.506031526007074219e-02
1.511089813126141081e-02
1.516348196124534843e-02
1.520304463876937656e-02
1.524422765162791391e-02
1.526860073902622413e-02
1.528883929399029069e-02
1.533814402178892110e-02
1.537188371743604398e-02
1.539185870838960697e-02
1.545587998108867954e-02
1.547338202567179015e-02
1.550060601927381702e-02
1.551644657910349751e-02
1.555173609887813314e-02
1.559941478928933249e-02
1.567750040497365924e-02
1.570099315487175073e-02
1.570782373061278825e-02
1.573101528190676973e-02
1.573587415356923411e-02
1.579351181260369580e-02
1.582373603001826362e-02
1.588163686346500889e-02
1.590446496612984290e-02
1.593537084272726029e-02
1.600350189617790950e-02
1.603222237044492696e-02
1.605762200290063169e-02
1.607902170335351322e-02
1.610321203616814356e-02
1.613379211351475412e-02
1.621655229530349906e-02
1.622939649846931454e-02
1.629815882795361895e-02
1.631733268553808500e-02
1.634327578130227721e-02
1.637408259860343232e-02
1.640583510816482488e-02
1.643964931960988779e-02
1.647658129396932514e-02
1.652568919142187800e-02
1.656286014183387667e-02
1.658764961507736002e-02
1.664438292895984231e-02
1.669268752447768817e-02
1.671294067304642667e-02
1.677803768491707703e-02
1.681673090548565716e-02
1.683166732272821028e-02
1.687121710967594279e-02
1.688035152629141847e-02
1.689412287552904957e-02
1.693016830525297806e-02
1.698489662236503384e-02
1.699822290641001682e-02
1.703349522080684075e-02
1.708312030339760937e-02
1.711765795384897690e-02
1.714707508224200261e-02
1.721016432804026164e-02
1.722336945148277704e-02
1.728170972977031983e-02
1.731849741125233988e-02
1.735404791275282563e-02
1.739730369990948045e-02
1.743264846421862732e-02
1.744673607078616254e-02
1.752276442099487061e-02
1.752853822548479032e-02
1.755234477104333779e-02
1.763415080594903442e-02
1.765346217545629356e-02
1.769830832400652240e-02
1.771071868508281369e-02
1.773219963912976704e-02
1.777172228461782952e-02
1.781683081642742791e-02
1.784830750162793439e-02
1.789241886622561228e-02
1.793223785778336882e-02
1.794207306760930293e-02
1.803306784791161230e-02
1.810261053308160478e-02
1.811409643514821574e-02
1.811711185086321840e-02
1.819501481767318504e-02
1.821460426587408893e-02
1.824436171736461970e-02
1.827712219878860345e-02
1.831850691964062583e-02
1.836720239196173998e-02
1.839497338261607273e-02
1.841856562281639700e-02
1.845731135491632605e-02
1.849200572841150012e-02
1.856902587920759504e-02
1.858190267753470973e-02
1.867849212519982413e-02
1.869892152187844700e-02
1.872400512321114111e-02
1.875566397825959714e-02
1.877408428339174054e-02
1.882090299567154915e-02
1.883411582116814934e-02
1.889253296893260090e-02
1.890244177430890418e-02
1.897584631645501951e-02
1.900618886161548060e-02
1.905887061672673424e-02
1.906769300473062576e-02
1.909390127681815166e-02
1.915666925281749727e-02
1.922202548396360552e-02
1.923685639136153702e-02
1.927660955896923212e-02
1.930237801104016035e-02
1.932753492118732472e-02
1.936815871706094178e-02
1.944529990828529342e-02
1.949187907520322921e-02
1.953048121488389077e-02
1.954218106832110446e-02
1.957347869995250747e-02
1.962705563049152793e-02
1.968485199342086614e-02
1.969330345209804878e-02
1.976992651529013018e-02
1.979125115693670944e-02
1.981394837007076706e-02
1.986412418915855724e-02
1.988840699585619001e-02
1.992251451145900937e-02
1.995027334592689577e-02
1.999980043161725049e-02
2.002074181899211880e-02
2.009426404987684628e-02
2.012175096085444537e-02
2.013461223361333319e-02
2.019319621372077725e-02
2.021702324834549064e-02
2.026694090043815177e-02
2.027926436108148586e-02
2.028795525956739870e-02
2.031937800981640022e-02
2.037668718099526835e-02
2.042097563001424310e-02
2.046026042182479132e-02
2.050806367790029491e-02
2.058468725424327656e-02
2.060816649529258540e-02
2.065350893898243792e-02
2.068559573386223593e-02
2.073827136083501721e-02
2.078280502606518962e-02
2.083174280856246383e-02
2.085784318750538713e-02
2.088396978558172690e-02
2.096949724621114536e-02
2.098835904400479443e-02
2.100878043109656243e-02
2.104264439216046306e-02
2.109166765621570822e-02
2.109398980169848933e-02
2.113766361071823391e-02
2.115875476106601066e-02
2.117651992885666301e-02
2.119376808099494858e-02
2.126237402136369609e-02
2.129702221714109903e-02
2.135923062736656483e-02
2.141283366768419877e-02
2.143506678327624856e-02
2.144975637787400330e-02
2.146891717087260135e-02
2.153099519925300021e-02
2.159563250505204535e-02
2.161767939649831410e-02
2.165857662324593633e-02
2.169980181622081436e-02
2.176553707295391868e-02
2.179483096660907865e-02
2.181531046829310316e-02
2.186259351765161216e-02
2.191336189586974223e-02
2.193698585405780277e-02
2.195677198603671054e-02
2.205948072854698599e-02
2.206830812349866791e-02
2.211186130170709335e-02
2.214786488626724684e-02
2.220638321186785627e-02
2.221646882469887826e-02
2.226158536660855988e-02
2.228461254210543224e-02
2.236255859546197947e-02
2.239696536346524533e-02
2.242589007524841901e-02
2.246846327085973496e-02
2.253766135124048164e-02
2.256249747856654830e-02
2.259365510942257932e-02
2.262131692945450537e-02
2.266608395671732695e-02
2.270029765122578633e-02
2.278416365662274540e-02
2.280170604819455396e-02
2.285674686812990200e-02
2.287293095264280804e-02
2.290114469977501399e-02
2.293118821857473982e-02
2.294634611874637672e-02
2.299035080764620306e-02
2.304508155256021484e-02
2.311663960016101596e-02
2.312446134158512370e-02
2.315040569375489965e-02
2.323649531319429973e-02
2.326955157240177818e-02
2.333345026048590926e-02
2.336415321412361329e-02
2.339225272589566182e-02
2.342396549918521545e-02
2.343953717663594533e-02
2.348362258104004507e-02
2.351695723203833452e-02
2.359281914459682161e-02
2.359917477846124392e-02
2.361433056521058949e-02
2.365559278504499041e-02
2.369174860241871766e-02
2.373627323554773974e-02
2.374218851079240578e-02
2.377732143273868573e-02
2.382202809493817741e-02
2.385033043969872826e-02
2.394326700276223213e-02
2.397451576845950616e-02
2.404585712512672183e-02
2.408808029573011183e-02
2.411011044346472038e-02
2.417011314736076596e-02
2.419090635180556198e-02
2.423063454151423365e-02
2.425644617645818235e-02
2.434884477502644376e-02
2.435419695123196976e-02
2.442833189282980419e-02
2.444772632537510482e-02
2.450305426603561695e-02
2.453320142436353143e-02
2.456304172480910583e-02
2.459992207380427148e-02
2.462745107756682261e-02
2.465171013672383393e-02
2.469675857617396539e-02
2.475459607514864449e-02
2.480628142617330792e-02
2.486673062016210578e-02
2.490778633213971624e-02
2.492730323934516309e-02
2.499393094227718437e-02
2.505114602094780582e-02
2.507620654292871953e-02
2.512883010141754234e-02
2.515363754876156696e-02
2.518648668858600170e-02
2.521312721177156393e-02
2.527708226890782242e-02
2.531282818920980310e-02
2.534552535331395517e-02
2.538645958449678441e-02
2.549447536104448159e-02
2.551162689176492832e-02
2.555392074868959029e-02
2.556096894937867625e-02
2.558515020591943870e-02
2.565628067749031044e-02
2.569590376016980121e-02
2.574691660895986334e-02
2.577012126816220425e-02
2.584312077093809876e-02
2.588620486881478347e-02
2.591577531798628167e-02
2.594606227583208177e-02
2.600940368996864163e-02
2.606258753107150092e-02
2.607879822952187399e-02
2.614154957150217895e-02
2.617495301270198957e-02
2.624003299304758854e-02
2.624794391371432917e-02
2.628477607799726418e-02
2.635708165427534666e-02
2.638887682457981970e-02
2.642724016849831020e-02
2.648251968027101264e-02
2.649180239790727490e-02
2.653897509178406236e-02
2.655946954594336218e-02
2.661679611005705881e-02
2.666142075098551154e-02
2.674645448570415335e-02
2.677882262199615324e-02
2.681444935296236481e-02
2.687107793618745757e-02
2.690777552252616653e-02
2.693875363707308110e-02
2.701587096047714312e-02
2.702733011702584953e-02
2.709451719007383366e-02
2.713804997286662843e-02
2.715007853879239028e-02
2.721997493890278286e-02
2.726296062590039676e-02
2.730608411442295505e-02
2.735372692925244417e-02
2.737336643698493749e-02
2.740599409178303553e-02
2.744965688027539708e-02
2.749121529124853511e-02
2.751341505019539932e-02
2.760040916166696043e-02
2.764352243971832795e-02
2.767049723182875287e-02
2.773653280477383909e-02
2.777673256414828554e-02
2.785332153023208426e-02
2.786897578087989963e-02
2.790391455753110303e-02
2.794252378670034412e-02
2.795351296740664765e-02
2.797454696872289995e-02
2.805531957222609507e-02
2.807722915467538577e-02
2.817073308008594124e-02
2.820436767502220235e-02
2.822037734785487820e-02
2.828266312714569283e-02
2.831352928079917258e-02
2.835430158409474669e-02
2.839081304057438498e-02
2.841562253707562158e-02
2.845150501206522575e-02
2.851727124525780740e-02
2.855828224412060995e-02
2.859451419056771929e-02
2.861942550763699536e-02
2.866126026496746207e-02
2.873494453305596233e-02
2.882770900492629892e-02
2.886212850183546633e-02
2.888622145392108834e-02
2.892670711156412888e-02
2.897766399390074715e-02
2.901808578759398211e-02
2.905311999667356190e-02
2.907853672224341990e-02
2.914386232726611653e-02
2.922488540457435571e-02
2.926245693786561769e-02
2.927331399820739741e-02
2.933324334624198837e-02
2.935881357762475802e-02
2.941372517530372113e-02
2.945122350031630781e-02
2.952755073309616327e-02
2.957589892979638896e-02
2.959027300537388563e-02
2.964676122137646641e-02
2.967106138360610726e-02
2.975238899010844776e-02
2.976371585325316566e-02
2.979577364355383631e-02
2.983985135651385026e-02
2.988116046954325533e-02
2.995335669002832310e-02
3.001388666521547302e-02
3.006939203327631954e-02
3.010199227899038391e-02
3.015982090230632032e-02
3.021737641604537936e-02
3.025292301853542073e-02
3.030019618435129264e-02
3.031916006702752367e-02
3.039162836825055197e-02
3.040249751780071952e-02
3.044131305736945403e-02
3.048784443292005403e-02
3.050009499804781990e-02
3.059380671451849415e-02
3.066576594674479475e-02
3.069592326926093642e-02
3.073446168871796572e-02
3.078105737153500471e-02
3.082239127899919981e-02
3.084989065807141120e-02
3.092336552654066997e-02
3.097370014867991198e-02
3.099449804897014618e-02
3.104112377078342699e-02
3.108830054296145284e-02
3.111759870888205007e-02
3.125187808616755603e-02
3.127242050786431526e-02
3.131151233959855729e-02
3.132100414155704338e-02
3.134265531256596321e-02
3.144574701393338528e-02
3.151060241330985029e-02
3.154557843564041036e-02
3.160589245009637338e-02
3.166836536564610061e-02
3.170830632259180604e-02
3.173469605387201076e-02
3.179218741753971067e-02
3.181632107183940406e-02
3.192219690828410755e-02
3.193813698412289320e-02
3.200740028112294966e-02
3.202710710591366583e-02
3.206058094918489559e-02
3.208814326301112629e-02
3.214877948878624991e-02
3.219947529399819902e-02
3.228560135977271567e-02
3.234124148955565964e-02
3.241415057187892190e-02
3.244033391053775112e-02
3.252289840863122061e-02
3.257484846128410466e-02
3.260394766511836434e-02
3.273095341888591914e-02
3.274388693230861208e-02
3.278204676876103618e-02
3.282799688649016417e-02
3.290799806060229482e-02
3.296680709725092334e-02
3.298935505026841936e-02
3.303037506607280765e-02
3.308018402068359926e-02
3.313315816734997699e-02
3.315947472723121403e-02
3.329443762170088833e-02
3.331810235483864679e-02
3.337658010255173391e-02
3.343692249456731158e-02
3.346715652805327262e-02
3.352121845811775747e-02
3.356019290361435953e-02
3.361200739683910255e-02
3.365881536127962592e-02
3.368298514513629049e-02
3.371578295773969974e-02
3.374092754730449728e-02
3.381150958673362350e-02
3.386545036785727075e-02
3.394758211471727433e-02
3.398382200280149201e-02
3.408387016541097186e-02
3.412779292664132325e-02
3.418644599130818418e-02
3.421747607243284112e-02
3.423894878017009341e-02
3.426163499763896364e-02
3.443617800459375378e-02
3.444560096193537146e-02
3.449034464999117117e-02
3.451947947060571287e-02
3.460441758641506077e-02
3.465742804638761304e-02
3.469320555396415012e-02
3.471150518397515122e-02
3.483219786169764604e-02
3.488628977470791676e-02
3.493775720617239844e-02
3.496036439581686611e-02
3.511257726048320343e-02
3.513720255710904572e-02
3.514837564065109027e-02
3.522000470596051147e-02
3.525408747931963599e-02
3.526647652340093864e-02
3.537878359444605880e-02
3.546754923369187934e-02
3.550005699353121769e-02
3.554183335790470077e-02
3.557291392177863720e-02
3.564605449893262779e-02
3.569104216677677910e-02
3.577538773967193358e-02
3.584254979305813438e-02
3.593599705362312408e-02
3.594809192720090085e-02
3.600644621820359159e-02
3.607244572690413570e-02
3.608578999921107505e-02
3.621039602297184551e-02
3.622802523148256626e-02
3.629212211329817250e-02
3.632744000814355084e-02
3.636879598396187963e-02
3.646270227028448191e-02
3.653658709695709744e-02
3.656908843482608445e-02
3.662998492949098156e-02
3.668488639290775483e-02
3.679565196862293747e-02
3.680856862712214572e-02
3.688083779541997259e-02
3.697824304904734349e-02
3.704321365504655017e-02
3.705674694453950369e-02
3.714126269695802729e-02
3.717608849346731165e-02
3.727693241762956161e-02
3.728758591652749088e-02
3.735319973528140186e-02
3.745047788437621400e-02
3.746470077066495208e-02
3.755428351331616815e-02
3.757946279299050063e-02
3.761905235977918566e-02
3.771348630540617697e-02
3.780886112989052111e-02
3.783217329413479657e-02
3.792571586449337145e-02
3.795948384077547921e-02
3.808840379599669201e-02
3.814244929594901024e-02
3.833142998764792198e-02
3.835400475323077346e-02
3.838178132298666889e-02
3.840961774271442475e-02
3.849514149541230501e-02
3.858561230747245552e-02
3.864089894602388414e-02
3.867747606756556655e-02
3.877211768184617158e-02
3.890123767566931734e-02
3.895162217057562826e-02
3.901458671268505374e-02
3.905340902801270053e-02
3.913726445820384092e-02
3.924516974296029387e-02
3.932962220407883180e-02
3.942932105106831259e-02
3.952953090942739472e-02
3.959810761185212497e-02
3.962470521566099219e-02
3.973897153410414773e-02
3.978314159659464971e-02
3.985364378839845872e-02
3.997437864183481238e-02
4.000779643150009779e-02
4.014355641774843692e-02
4.025005972105669128e-02
4.033475280451473410e-02
4.037180982979578919e-02
4.045945473003238063e-02
4.054736780162724458e-02
4.061081082816039856e-02
4.064442467611967952e-02
4.078738365664617144e-02
4.085369649180752016e-02
4.095677632137297713e-02
4.098816418657536681e-02
4.119332376706066196e-02
4.123389361074437237e-02
4.123650269873490454e-02
4.141707614383047242e-02
4.151387845504521390e-02
4.166332674652049872e-02
4.168697836413665092e-02
4.180698469697637781e-02
4.190007368137585453e-02
4.205422311908936506e-02
4.211726519393092089e-02
4.218558280346410005e-02
4.234260887269159640e-02
4.250818892764268719e-02
4.259249203575755927e-02
4.265066327847812783e-02
4.281380940067931740e-02
4.300682763181863655e-02
4.308987270698965560e-02
4.328192743243233775e-02
4.350692437000335672e-02
4.362413159666398560e-02
4.384142791071199419e-02
