-4.427904724379681106e-02
-4.361654100243760046e-02
-4.348864598118586111e-02
-4.346161107589709832e-02
-4.291448949056898832e-02
-4.288760545866446283e-02
-4.273389211165682516e-02
-4.266036574085994848e-02
-4.259842199395124512e-02
-4.253968746735681261e-02
-4.230793637836653687e-02
-4.219021593749636839e-02
-4.206030160760032555e-02
-4.204107675182724990e-02
-4.186279030385233607e-02
-4.181356127303774428e-02
-4.178513000008123729e-02
-4.171728457947494750e-02
-4.152286759765314028e-02
-4.141407483893075336e-02
-4.131769600394567810e-02
-4.124784177889347786e-02
-4.116609059205966759e-02
-4.111531271372608626e-02
-4.093053217628165458e-02
-4.089720636102284201e-02
-4.083563118592734020e-02
-4.061721072037003527e-02
-4.057448491528572315e-02
-4.054099479340812773e-02
-4.043569908589397105e-02
-4.039136687840388928e-02
-4.025430456044530592e-02
-4.011312622720122206e-02
-4.004788805897707693e-02
-3.997570822433615251e-02
-3.992437055522411044e-02
-3.984446968335577516e-02
-3.975342161033682681e-02
-3.972790025572855294e-02
-3.960846333003713998e-02
-3.954829755957381399e-02
-3.944646905122321801e-02
-3.934629306282187711e-02
-3.931756844097380327e-02
-3.924051309508976015e-02
-3.920919505594551435e-02
-3.912210049392478989e-02
-3.910114960225233305e-02
-3.892222120998090756e-02
-3.887314639023407153e-02
-3.881105523872117880e-02
-3.875940828362272467e-02
-3.864966053406876378e-02
-3.858006568415922599e-02
-3.850191880442673659e-02
-3.843005640518901145e-02
-3.836163640937743230e-02
-3.834408948103251724e-02
-3.821925318956690548e-02
-3.819494557046999167e-02
-3.816251246575400047e-02
-3.812307590296258597e-02
-3.803036639844323968e-02
-3.797689264933246100e-02
-3.793032634134044234e-02
-3.782556706393068457e-02
-3.774661579070855144e-02
-3.758941303496594888e-02
-3.752255744530181431e-02
-3.747443696731395796e-02
-3.745058514860513665e-02
-3.734478935953645939e-02
-3.732504893198508589e-02
-3.725832950411256395e-02
-3.721589044862876061e-02
-3.713850131941323629e-02
-3.708479956828944490e-02
-3.700243622628865414e-02
-3.690032523483731397e-02
-3.680106472050569122e-02
-3.675199180235926011e-02
-3.671508290940996011e-02
-3.669994325024474729e-02
-3.663039296603323725e-02
-3.655324910410105710e-02
-3.648610739035999112e-02
-3.643983948048715171e-02
-3.640931978467396024e-02
-3.633482695734721601e-02
-3.624891312685232792e-02
-3.620579400988093582e-02
-3.615988537900167998e-02
-3.611983566816075880e-02
-3.604256258322352524e-02
-3.594896790323014873e-02
-3.589756738426467392e-02
-3.580843141148308539e-02
-3.573166404293568604e-02
-3.570968784595394269e-02
-3.570345828431389229e-02
-3.562268634727808886e-02
-3.558663076853266910e-02
-3.554933813871177795e-02
-3.545961556359724515e-02
-3.538107022646268252e-02
-3.535218354812360436e-02
-3.530610995771223115e-02
-3.527322502424727613e-02
-3.520683757674920866e-02
-3.513245257103746189e-02
-3.510428165916595206e-02
-3.500633118140727279e-02
-3.496077272225200927e-02
-3.489771428376545193e-02
-3.484990736677385376e-02
-3.480238333393917416e-02
-3.478160914838659273e-02
-3.474733097391027870e-02
-3.473033008718204306e-02
-3.461754856167991584e-02
-3.460561191582204460e-02
-3.450417394771616159e-02
-3.442585287144206418e-02
-3.435771568241060420e-02
-3.434965080118140834e-02
-3.434441085769322083e-02
-3.426845491585710918e-02
-3.415837204597944876e-02
-3.408936474812332418e-02
-3.404327275955665311e-02
-3.400974018102028568e-02
-3.398620073587627771e-02
-3.393916431554344637e-02
-3.384605610774781698e-02
-3.384010844146562863e-02
-3.377183193463281774e-02
-3.374444424420321165e-02
-3.368729723048619062e-02
-3.364472825844434800e-02
-3.349124228459487984e-02
-3.346833485781586237e-02
-3.339308729825363892e-02
-3.336946883048559631e-02
-3.329255148642507739e-02
-3.324837847171262933e-02
-3.324452089838286079e-02
-3.320649005822491617e-02
-3.306947298190625328e-02
-3.304397353625884021e-02
-3.301655134843432121e-02
-3.296797647006011883e-02
-3.293951299429757895e-02
-3.286634257266879411e-02
-3.285024350515562686e-02
-3.273948243347502007e-02
-3.265976902353265321e-02
-3.264267034626961578e-02
-3.259896936949852747e-02
-3.253043827924263776e-02
-3.249743298535371500e-02
-3.243578109320142955e-02
-3.235527653921937280e-02
-3.231580789351556210e-02
-3.227072375276888311e-02
-3.221941072492174457e-02
-3.216839584545129471e-02
-3.215211209245918966e-02
-3.210198527325761053e-02
-3.208492831340983842e-02
-3.198032769008409687e-02
-3.192731359409732572e-02
-3.187559577802908523e-02
-3.181994352227400513e-02
-3.175242565378558202e-02
-3.173904365398879518e-02
-3.167678782602331017e-02
-3.165528672942618388e-02
-3.160683072889720197e-02
-3.153327124534188730e-02
-3.149284210401528949e-02
-3.142911923259041757e-02
-3.141746904264230977e-02
-3.137890560526214456e-02
-3.130241746492658239e-02
-3.121716735058659847e-02
-3.115834790165086451e-02
-3.114557737101737722e-02
-3.104629647274268628e-02
-3.103860751732235093e-02
-3.099060037552768196e-02
-3.095257326823304053e-02
-3.094682239211695926e-02
-3.088260639090902385e-02
-3.085116422271281036e-02
-3.078651758826952620e-02
-3.074793094823352960e-02
-3.072648108830725727e-02
-3.064452626461017584e-02
-3.061837116044437146e-02
-3.058925808759099113e-02
-3.048690778940029225e-02
-3.043341480474341665e-02
-3.041373871144550586e-02
-3.036430265732158185e-02
-3.033034458860144750e-02
-3.028833670895010599e-02
-3.024137529777835495e-02
-3.019720490956163614e-02
-3.014155217933648864e-02
-3.007188247974741657e-02
-3.003450575934829905e-02
-2.997115700558411824e-02
-2.994879119738017362e-02
-2.989739105448819406e-02
-2.988298534117447836e-02
-2.982754496515576184e-02
-2.976898810579042820e-02
-2.972504364261863152e-02
-2.967946621388817263e-02
-2.966294008673459048e-02
-2.956470622364758272e-02
-2.951893945806585706e-02
-2.949169697537217666e-02
-2.945790954432644937e-02
-2.937991248598639110e-02
-2.931847058338366355e-02
-2.931216685991536522e-02
-2.926019126778817842e-02
-2.920017592999866324e-02
-2.918007409518795850e-02
-2.911872566983938343e-02
-2.906863337421658824e-02
-2.903231450441929110e-02
-2.896374205957689962e-02
-2.890589923753785970e-02
-2.884824744304804317e-02
-2.881397999346316241e-02
-2.876709202563216064e-02
-2.875378056309467467e-02
-2.873175573713524292e-02
-2.864041020286327635e-02
-2.862389597618376566e-02
-2.859509431944193616e-02
-2.851504182406267018e-02
-2.848627711166082724e-02
-2.845207465594256149e-02
-2.843568936182055279e-02
-2.833804105069835655e-02
-2.828778381334191502e-02
-2.826847856516584434e-02
-2.823341371305029476e-02
-2.821676964955323677e-02
-2.812722507169503061e-02
-2.810181057194155452e-02
-2.804248365301659218e-02
-2.800897052968839840e-02
-2.792253963143451548e-02
-2.789048166385727986e-02
-2.788243346668735356e-02
-2.783637362002723548e-02
-2.777091733089106368e-02
-2.775609990175329292e-02
-2.767412050746926450e-02
-2.763770375324093101e-02
-2.760426661868619833e-02
-2.754519258482881691e-02
-2.750537654113873257e-02
-2.747633168545638577e-02
-2.741103417671219081e-02
-2.738331458117101297e-02
-2.734882157164515368e-02
-2.729392346745328560e-02
-2.728713900624064187e-02
-2.726493901508300621e-02
-2.715824574907746425e-02
-2.713718803008294267e-02
-2.708030468447330391e-02
-2.704367276130440617e-02
-2.698557590208333287e-02
-2.693862289647860897e-02
-2.688459299182730314e-02
-2.686729978142244485e-02
-2.679636069918686289e-02
-2.677993732810135183e-02
-2.671876349193555780e-02
-2.668925121793603097e-02
-2.665947433159804314e-02
-2.662641584182090168e-02
-2.656943480714182154e-02
-2.656304088816700826e-02
-2.651604164836544528e-02
-2.647416489128229591e-02
-2.646457274001296628e-02
-2.640298734594240943e-02
-2.636195448813166350e-02
-2.629088862566473714e-02
-2.627748905738828619e-02
-2.618599216865035231e-02
-2.616939157617723111e-02
-2.610901097626103229e-02
-2.606766037089587595e-02
-2.602606651652377215e-02
-2.601512104333884162e-02
-2.598390429757597986e-02
-2.594942208579108234e-02
-2.588889488465918182e-02
-2.579455701300820830e-02
-2.577991165323613096e-02
-2.575162555833845901e-02
-2.567011620436308872e-02
-2.562955382996524867e-02
-2.558063840064426012e-02
-2.554434477907772949e-02
-2.552224851923983254e-02
-2.546395377224454706e-02
-2.543335684400260810e-02
-2.540514401414899204e-02
-2.534811988993896162e-02
-2.531677910371908993e-02
-2.531503806343695512e-02
-2.527825372888222247e-02
-2.522139942190529394e-02
-2.521462700617602831e-02
-2.515235271528126412e-02
-2.510344925916285080e-02
-2.507710298526569931e-02
-2.503980311081310806e-02
-2.497789194097867552e-02
-2.493132034231909308e-02
-2.490480334999132725e-02
-2.480250536494569419e-02
-2.476185906171736104e-02
-2.473090412846365438e-02
-2.466566132912342488e-02
-2.464058845606616546e-02
-2.460653535431845187e-02
-2.458278294076753079e-02
-2.455894331136712627e-02
-2.448852399397653118e-02
-2.445632590703220380e-02
-2.441092404421908030e-02
-2.439281722160387134e-02
-2.436418302599146699e-02
-2.432514479984903416e-02
-2.429934806080284379e-02
-2.422945750307667692e-02
-2.419758559538552969e-02
-2.412730264398848731e-02
-2.407354853295614119e-02
-2.406008953527668734e-02
-2.403292891209798943e-02
-2.400082162886444173e-02
-2.397596138276800876e-02
-2.393573796279072075e-02
-2.388969444934318717e-02
-2.383172997144980543e-02
-2.381295975010810917e-02
-2.378088175562061840e-02
-2.373539240422582394e-02
-2.370204231578246223e-02
-2.364422443678158153e-02
-2.355201004126282471e-02
-2.352975416232234995e-02
-2.349596768643771524e-02
-2.347813883241172198e-02
-2.344363351947622437e-02
-2.338024915630599818e-02
-2.336105541208634284e-02
-2.334350245876684604e-02
-2.332789628991572065e-02
-2.323995088376933429e-02
-2.319861425301130223e-02
-2.315667801195362210e-02
-2.313286412192131630e-02
-2.307479694226850786e-02
-2.301773348894298882e-02
-2.299167129076237076e-02
-2.297397350481729036e-02
-2.294172988811175526e-02
-2.290909982395293587e-02
-2.285032561919896413e-02
-2.283403569035209399e-02
-2.279626650505870225e-02
-2.269821479762247282e-02
-2.267771227480946603e-02
-2.263983687469181896e-02
-2.261394887814128368e-02
-2.253215582474557208e-02
-2.250044747900283720e-02
-2.248839239340600857e-02
-2.242806203221481623e-02
-2.238847412777613538e-02
-2.234877633576852138e-02
-2.230122432363532831e-02
-2.228044274987037512e-02
-2.223985243589627833e-02
-2.220346572911928440e-02
-2.212776580062657955e-02
-2.207473827614655354e-02
-2.205897939017438872e-02
-2.201050159431197292e-02
-2.198305330358118689e-02
-2.196966350180777627e-02
-2.194305045373327531e-02
-2.188847560992506283e-02
-2.183249757129709923e-02
-2.178988139117065889e-02
-2.174727421618328355e-02
-2.164098811595271260e-02
-2.163316826866394649e-02
-2.161543132763044800e-02
-2.156458217191899521e-02
-2.155190738068670300e-02
-2.150076130651747477e-02
-2.146773988242564948e-02
-2.144655853279803237e-02
-2.142295483331023431e-02
-2.137738409074824500e-02
-2.130060902045431692e-02
-2.124311115208260201e-02
-2.122234666246941917e-02
-2.117390897958687512e-02
-2.116599792841441369e-02
-2.112918850464480872e-02
-2.107408481707984116e-02
-2.105836600057421279e-02
-2.099876754434503584e-02
-2.096462217400559686e-02
-2.094313735165953885e-02
-2.091099099663529248e-02
-2.082652914376468059e-02
-2.082512193704185929e-02
-2.075128023152665591e-02
-2.072223917947759245e-02
-2.071859125271844834e-02
-2.063127206286899731e-02
-2.060753560582418223e-02
-2.059686854585582663e-02
-2.054901839640121269e-02
-2.051060064245090186e-02
-2.048208279542915178e-02
-2.040252700526845944e-02
-2.036432908734366054e-02
-2.034761801438238205e-02
-2.033129155800054294e-02
-2.029529286299511584e-02
-2.022047910537234927e-02
-2.021217719064425170e-02
-2.017557994722961323e-02
-2.013917104694220792e-02
-2.010755826637859386e-02
-2.005674395189089090e-02
-2.003309379531296314e-02
-2.001346848301883280e-02
-1.992071096976757993e-02
-1.988217134509538686e-02
-1.986684923921308576e-02
-1.983104773980204696e-02
-1.977662633688492821e-02
-1.974995449420758123e-02
-1.971024113100421776e-02
-1.970210591807240036e-02
-1.961684133896643076e-02
-1.958089681088191064e-02
-1.956726961494131833e-02
-1.953826914686583247e-02
-1.947935460563857829e-02
-1.946314562231557521e-02
-1.944291726367775031e-02
-1.940147044659843237e-02
-1.934789128994246488e-02
-1.931396556120363803e-02
-1.927752639223422743e-02
-1.923270242080899264e-02
-1.918655343421687628e-02
-1.915088793514369350e-02
-1.911077584808150084e-02
-1.908211213367157211e-02
-1.904707653038576268e-02
-1.902223769978270140e-02
-1.894335345345915522e-02
-1.889147401487075925e-02
-1.887689073572840909e-02
-1.884130991296122451e-02
-1.880102193554678697e-02
-1.875865699565194833e-02
-1.869628183739932212e-02
-1.866027343536595315e-02
-1.863533719575267977e-02
-1.860614741939308620e-02
-1.857045977580285001e-02
-1.855455011373178045e-02
-1.853343783643434523e-02
-1.850720451731118973e-02
-1.844044818115372214e-02
-1.837941771872288535e-02
-1.834630323576121047e-02
-1.830230932460836027e-02
-1.829027715538425816e-02
-1.827679161677320946e-02
-1.822557297458029038e-02
-1.820453187049378418e-02
-1.812803928187539659e-02
-1.811484912354182492e-02
-1.808855703842712076e-02
-1.804856989150494320e-02
-1.800874265996781423e-02
-1.796601154043886081e-02
-1.794673297185507901e-02
-1.790514679913041488e-02
-1.786591044960906399e-02
-1.783189579603344441e-02
-1.780768685985991209e-02
-1.773305094292686526e-02
-1.766310999599049122e-02
-1.763301794525546501e-02
-1.762857706750241282e-02
-1.759064146689673716e-02
-1.757041244421275045e-02
-1.753946707247705863e-02
-1.752982308226956956e-02
-1.742569554126697368e-02
-1.740532780527559095e-02
-1.736345712575523489e-02
-1.734342868476672003e-02
-1.729183480501017903e-02
-1.727162461360924259e-02
-1.726429242037739661e-02
-1.721080990575606789e-02
-1.716826700985393805e-02
-1.713400977195154648e-02
-1.711238761065565772e-02
-1.702724138899543160e-02
-1.699375203140557344e-02
-1.697173354716720664e-02
-1.694236253541047538e-02
-1.687639669671977746e-02
-1.685619300973137391e-02
-1.683432219813705069e-02
-1.680869647037193729e-02
-1.676283894963070606e-02
-1.672838722008163082e-02
-1.669437066810056450e-02
-1.665435122775916696e-02
-1.663277374553972718e-02
-1.662150371590908823e-02
-1.657040109034236749e-02
-1.653182380274767840e-02
-1.650008886447263887e-02
-1.643334755972234232e-02
-1.639887150074286273e-02
-1.637549890555236448e-02
-1.636025910707426811e-02
-1.634104875912690408e-02
-1.628171340545351425e-02
-1.624949811247161646e-02
-1.619356822849729247e-02
-1.616310303822595870e-02
-1.611394066779065284e-02
-1.608704554904480735e-02
-1.606162808761891006e-02
-1.602219598119822286e-02
-1.597001946442149628e-02
-1.596061042039178396e-02
-1.588746147111743875e-02
-1.587013943822614473e-02
-1.585921491483924597e-02
-1.583459894044055016e-02
-1.575147221365037764e-02
-1.572917705435394539e-02
-1.570720077177919366e-02
-1.565825189449508367e-02
-1.562984205487445710e-02
-1.560184632779549121e-02
-1.556957480316679444e-02
-1.549798742445712522e-02
-1.546393334555746200e-02
-1.545450788550673318e-02
-1.540429195921319029e-02
-1.537317191564257710e-02
-1.530012358935122635e-02
-1.528856148778069690e-02
-1.524830777313463184e-02
-1.522893418679858654e-02
-1.519699427270399146e-02
-1.515150986353593250e-02
-1.512260669892837028e-02
-1.509152184643245201e-02
-1.502050763051930929e-02
-1.498220565671352748e-02
-1.495664285977501944e-02
-1.494607657107129006e-02
-1.491586984013358597e-02
-1.486776647871201201e-02
-1.483300455682828867e-02
-1.475431854429265326e-02
-1.473741525044638435e-02
-1.467030247345110609e-02
-1.466469647204463392e-02
-1.462662548656762027e-02
-1.455709652649643526e-02
-1.451802848685873962e-02
-1.451402372169550981e-02
-1.448350652592039940e-02
-1.444572916037382103e-02
-1.442146249581183898e-02
-1.440596665853086100e-02
-1.437018120256842654e-02
-1.432435709709790721e-02
-1.430149249221877340e-02
-1.426565843584025849e-02
-1.423969852104628106e-02
-1.417196179183037412e-02
-1.410675721468583090e-02
-1.410252204631100466e-02
-1.407279781170199182e-02
-1.401712980735220736e-02
-1.396829497611726083e-02
-1.393912629052904834e-02
-1.389187175799291157e-02
-1.383616470846669999e-02
-1.382374616958545639e-02
-1.379453699000458139e-02
-1.373095956455900983e-02
-1.372118064929357499e-02
-1.368322848925593999e-02
-1.366141558339907698e-02
-1.362506061102322467e-02
-1.355426045690711484e-02
-1.354203955861563342e-02
-1.352755212834705345e-02
-1.349999258539584177e-02
-1.347285957705332028e-02
-1.345925944805434309e-02
-1.341887741259625497e-02
-1.335076357404257029e-02
-1.330933267653433560e-02
-1.327183887890122545e-02
-1.326645546157631875e-02
-1.319564214110054319e-02
-1.318456126566233157e-02
-1.315063085987789974e-02
-1.310729264020809963e-02
-1.309724206675304259e-02
-1.305122563874437994e-02
-1.302859919231200495e-02
-1.297773576518635071e-02
-1.292696746321512526e-02
-1.288304139680473970e-02
-1.286062109314734317e-02
-1.282284838799776019e-02
-1.277778944270061001e-02
-1.274152974101520550e-02
-1.272166002774536772e-02
-1.268979398749374432e-02
-1.268185590585768976e-02
-1.262235285511385113e-02
-1.256157995189486655e-02
-1.254000530561528125e-02
-1.250174944594345874e-02
-1.248450894069500113e-02
-1.245350741407653603e-02
-1.243516200794527425e-02
-1.238908438362629726e-02
-1.231276508273833337e-02
-1.229652889968079615e-02
-1.229034352687571191e-02
-1.222199668683564451e-02
-1.217601576112608240e-02
-1.215852315630382673e-02
-1.211842919627112262e-02
-1.205882050074813354e-02
-1.203078266902502316e-02
-1.202806545953325271e-02
-1.194436092919196751e-02
-1.193252932401316253e-02
-1.191424201345464041e-02
-1.185308747510428924e-02
-1.184163445060480366e-02
-1.182221073984886933e-02
-1.176038501877012601e-02
-1.173023213402455550e-02
-1.170528679976115538e-02
-1.168163346749644636e-02
-1.164576446539923420e-02
-1.161225803331835012e-02
-1.157992323185126106e-02
-1.152448837213114995e-02
-1.149113402209153874e-02
-1.142135717725131783e-02
-1.138302735221183304e-02
-1.136588018558975025e-02
-1.135844480308384821e-02
-1.131472551931947922e-02
-1.128699961937956395e-02
-1.125783712538528866e-02
-1.120149658261323199e-02
-1.117499742668501446e-02
-1.114493833822467229e-02
-1.111136260268487039e-02
-1.108604175117743409e-02
-1.104345625489728915e-02
-1.099700155206300226e-02
-1.093053494815230883e-02
-1.090052838047575121e-02
-1.087910729213044207e-02
-1.085224592817685824e-02
-1.079955247348736956e-02
-1.076883415566868597e-02
-1.071592581206653148e-02
-1.070314710046598762e-02
-1.066604244506002934e-02
-1.063205428371928087e-02
-1.059384644611423634e-02
-1.056178545828513095e-02
-1.051358458179225096e-02
-1.049082644426789154e-02
-1.046078341563886661e-02
-1.041599996380534153e-02
-1.035904989903426235e-02
-1.029906819756437782e-02
-1.028868672040261778e-02
-1.026831737923502089e-02
-1.024911665276000833e-02
-1.021773451267163867e-02
-1.019618424791047737e-02
-1.011633085664689208e-02
-1.008329990297569811e-02
-1.002141035763272521e-02
-1.000702682539388738e-02
-9.969740624458907699e-03
-9.962422161888584426e-03
-9.956288460186433001e-03
-9.915746072254944671e-03
-9.898061323279427198e-03
-9.860356513473863063e-03
-9.774339713497002743e-03
-9.757642264419266395e-03
-9.710737998035536694e-03
-9.676904653650101121e-03
-9.638101079469461874e-03
-9.615714826150723385e-03
-9.600514011826792246e-03
-9.581422521461793046e-03
-9.499405511407640890e-03
-9.467151385216135070e-03
-9.426648243010472134e-03
-9.386827596706295851e-03
-9.338910508970324834e-03
-9.327517358730729596e-03
-9.311603565607546804e-03
-9.293075803844941599e-03
-9.235344372583801850e-03
-9.178139294670909290e-03
-9.157214935301765182e-03
-9.091051220511660313e-03
-9.080314595013343204e-03
-9.057713957732355450e-03
-9.032216510571466211e-03
-9.003882381792888481e-03
-8.959537044144870108e-03
-8.919266349001404512e-03
-8.890361632542509093e-03
-8.852778461745933539e-03
-8.825765449740750890e-03
-8.816369857532339524e-03
-8.769636897489042210e-03
-8.758373385236625439e-03
-8.710585793880665922e-03
-8.661773990015409277e-03
-8.647889071943628755e-03
-8.571324908512626198e-03
-8.569102025436916778e-03
-8.534723418786376373e-03
-8.516384003369367392e-03
-8.492561122355614389e-03
-8.464836743559436133e-03
-8.354241347738227200e-03
-8.343089710087321989e-03
-8.318939787923744500e-03
-8.277076718876745856e-03
-8.241319178932162912e-03
-8.194714593685386086e-03
-8.161532382901419760e-03
-8.114189366060108391e-03
-8.105371463045364308e-03
-8.055752924784361294e-03
-8.026228262714579093e-03
-7.988727690409527446e-03
-7.962610302156544750e-03
-7.911982676585955360e-03
-7.889622832295476243e-03
-7.843608695226447769e-03
-7.828253752668785231e-03
-7.778558953405634475e-03
-7.721051484578085600e-03
-7.700005912739904708e-03
-7.656418805469497428e-03
-7.644455074346651752e-03
-7.626147253041306445e-03
-7.598624730933410155e-03
-7.549348299759040502e-03
-7.533292700575922388e-03
-7.504816797419801289e-03
-7.447687559295628618e-03
-7.377023502474649476e-03
-7.349199850786727363e-03
-7.335937267808573768e-03
-7.312917959456237925e-03
-7.268343188975701433e-03
-7.245647683959284199e-03
-7.203962577469253357e-03
-7.165405176691189149e-03
-7.134002420312817068e-03
-7.105195074186964645e-03
-7.066488628144831398e-03
-7.062216293755660054e-03
-7.012039680452553971e-03
-6.969301027021347628e-03
-6.928861812600627113e-03
-6.914780795259565377e-03
-6.875070800372211702e-03
-6.786229043949442569e-03
-6.778536690169634053e-03
-6.745080962453931309e-03
-6.727902979786500211e-03
-6.695820777631714127e-03
-6.663544424010772217e-03
-6.621447012705880542e-03
-6.574692068258571574e-03
-6.553691014675693330e-03
-6.507491462573287630e-03
-6.467828867867544441e-03
-6.445749739079810123e-03
-6.390986090552821727e-03
-6.371626643593631539e-03
-6.316218362504895205e-03
-6.299953566191705129e-03
-6.241894407120654464e-03
-6.222830090722112489e-03
-6.220746032166367748e-03
-6.200553246196435775e-03
-6.161845149626242815e-03
-6.145184380387871091e-03
-6.115656074752540659e-03
-6.043854429622339854e-03
-6.020968350425193009e-03
-6.000023377185878179e-03
-5.950448506992182286e-03
-5.912479329668620526e-03
-5.872281052300318618e-03
-5.856662218381463413e-03
-5.812908649206174373e-03
-5.786656722173028240e-03
-5.745025214437793001e-03
-5.736100420645619084e-03
-5.681134585543329112e-03
-5.612632637661501070e-03
-5.598671086296618665e-03
-5.595108474154258070e-03
-5.574779173604622190e-03
-5.515442550260605051e-03
-5.476442478782467434e-03
-5.445206480119050597e-03
-5.411313144679835881e-03
-5.405251250005154405e-03
-5.375343701252241480e-03
-5.368531174014832229e-03
-5.299182873572717140e-03
-5.245293269799828142e-03
-5.217850666769690247e-03
-5.193963538961522339e-03
-5.156756084363179823e-03
-5.118037006347589749e-03
-5.099802606979138460e-03
-5.052112673924551677e-03
-5.041931875473562932e-03
-5.006316505495089601e-03
-4.989918442736889122e-03
-4.931663601239023170e-03
-4.891280869122549557e-03
-4.886646279730569135e-03
-4.835856090200977252e-03
-4.816937578841866234e-03
-4.794646588751460409e-03
-4.750025372920269051e-03
-4.724811848256436214e-03
-4.656786298092100047e-03
-4.636127118501556094e-03
-4.592081181935339651e-03
-4.543941777332216950e-03
-4.527858381907612362e-03
-4.473977978267130139e-03
-4.469370535644027684e-03
-4.383946772087011189e-03
-4.359993611806630906e-03
-4.350831284948539907e-03
-4.290452878649099813e-03
-4.275304913633959022e-03
-4.269337029995758266e-03
-4.219961449858653305e-03
-4.159282301682456183e-03
-4.123665759662718464e-03
-4.051975348089044762e-03
-4.028411619964757454e-03
-4.007689187583330856e-03
-3.988756017333784133e-03
-3.974282369482917340e-03
-3.926453849685174538e-03
-3.873426142314978938e-03
-3.850636205426218733e-03
-3.822680579555689639e-03
-3.811508606145226803e-03
-3.764890695729040688e-03
-3.724725392299730372e-03
-3.719463379659880466e-03
-3.628553490964409826e-03
-3.614315511129535721e-03
-3.608227438815565357e-03
-3.539798453662855362e-03
-3.516710096011502716e-03
-3.505394163777998326e-03
-3.426000583307196173e-03
-3.408703284733615498e-03
-3.361600570153576006e-03
-3.319603180398408848e-03
-3.243920107503270572e-03
-3.234419321423709793e-03
-3.215928321788057414e-03
-3.190639397718920620e-03
-3.160604458958397780e-03
-3.150529055164669277e-03
-3.140089249952021742e-03
-3.073334030080359693e-03
-3.013104217912080697e-03
-2.987666244947225196e-03
-2.935912408525379047e-03
-2.924180799230330103e-03
-2.902163540201721167e-03
-2.822623244378617401e-03
-2.804522236440819011e-03
-2.766699811667604723e-03
-2.755223427470956856e-03
-2.733491636425863184e-03
-2.699874946666818397e-03
-2.664566789276752619e-03
-2.646140874478515592e-03
-2.614312967043443299e-03
-2.549046433018405111e-03
-2.522426331654515404e-03
-2.506474438160652147e-03
-2.472523133847842874e-03
-2.425229666791161882e-03
-2.396798576693278532e-03
-2.372035185892327341e-03
-2.343584948022061146e-03
-2.275298988518742373e-03
-2.255059581157908919e-03
-2.190640178094836396e-03
-2.155646611698765203e-03
-2.148421915770906774e-03
-2.121183196634240584e-03
-2.093500108427149512e-03
-2.074738477976546813e-03
-2.028617163555818115e-03
-2.010278733018298729e-03
-1.945703251903065263e-03
-1.918903583145752621e-03
-1.881694296500064896e-03
-1.847849013238368450e-03
-1.841176744940881691e-03
-1.768228433955261426e-03
-1.734844851463323385e-03
-1.699973433395331581e-03
-1.657782720592617482e-03
-1.595156778243869873e-03
-1.581474977957759076e-03
-1.545433673708274417e-03
-1.505290632723747584e-03
-1.485004059621894716e-03
-1.463453901315614567e-03
-1.403530534604455378e-03
-1.389606632033635108e-03
-1.374073941431872090e-03
-1.316359736653924294e-03
-1.309094016194070403e-03
-1.278965338123059245e-03
-1.251919912669805391e-03
-1.201142564901484409e-03
-1.182687233761268346e-03
-1.111601752881900308e-03
-1.082587083372101413e-03
-1.058719799888098749e-03
-1.010092245089624138e-03
-9.536426138904721900e-04
-9.386582004465753373e-04
-9.060111063247612475e-04
-8.583852996338889102e-04
-8.516799869496474848e-04
-8.028822538612876650e-04
-7.776006659660368017e-04
-7.662114201944362525e-04
-7.233085377429184252e-04
-6.927011419178256838e-04
-6.700435979880098531e-04
-6.531493751125589655e-04
-5.913287766687794341e-04
-5.352475742956152747e-04
-5.284403202524607561e-04
-4.839534403701597370e-04
-4.451121825991131878e-04
-4.066789490554636641e-04
-3.813169611514597248e-04
-3.361688710109475824e-04
-3.079002579377220199e-04
-2.495787402832808847e-04
-2.322805370209033240e-04
-2.034628982033066108e-04
-1.929135919721523286e-04
-1.342474217922104158e-04
-1.089846044895305329e-04
-6.382241243721781449e-05
-2.946321745558792189e-05
-1.123982949182785600e-05
3.601286932610891519e-05
7.160580829331832098e-05
8.795336827538351274e-05
1.245231250665470983e-04
1.629222679487666323e-04
1.826559116876001613e-04
2.498905333925456346e-04
2.837254410846597077e-04
3.096382810496100635e-04
3.378813459409809390e-04
3.917558029887327226e-04
4.304354200841726424e-04
4.529079063320589965e-04
4.616822027892289199e-04
5.125402568733531230e-04
5.318808331407140618e-04
6.038999108369772113e-04
6.233898444871695558e-04
6.421955468181398405e-04
6.555509062122116858e-04
7.035479961297345843e-04
7.493713045257210242e-04
7.597498853055480476e-04
8.103856055250647150e-04
8.223106607639613748e-04
8.569355543959448086e-04
8.818936745634857119e-04
9.664853602610502673e-04
9.780603439695724401e-04
1.036718341269302806e-03
1.050298449058508551e-03
1.091948457399932954e-03
1.139310641888751285e-03
1.186932766375830119e-03
1.198253365396754122e-03
1.221230613333546076e-03
1.289042840237532121e-03
1.319442940873180028e-03
1.341944146334922774e-03
1.383479186379698092e-03
1.413183705714532749e-03
1.445373691474374951e-03
1.472215374289360815e-03
1.486903236533278997e-03
1.541502296635260992e-03
1.582988993437987272e-03
1.585182700380241083e-03
1.612925344951062368e-03
1.633299150509461397e-03
1.702364986413914139e-03
1.727976479431360271e-03
1.749518567407360066e-03
1.774657875299486985e-03
1.825174733860863941e-03
1.828489637883682272e-03
1.883568490082538748e-03
1.895908807506956886e-03
1.943631404730600297e-03
1.966139654963289761e-03
2.037848546292300982e-03
2.082797626963696185e-03
2.125124105023034043e-03
2.153867473587725307e-03
2.185808679431083899e-03
2.218260596629701917e-03
2.261302836303238223e-03
2.310602090458699701e-03
2.327961316353257745e-03
2.369317770111672040e-03
2.396501460347759144e-03
2.415971376648730698e-03
2.444261258028691819e-03
2.489790003978806406e-03
2.540181258567415171e-03
2.560615956114701761e-03
2.574490878649752373e-03
2.585762099660229418e-03
2.630847879037914901e-03
2.666823443409281104e-03
2.720811370288534706e-03
2.736192662927705924e-03
2.768766825533856748e-03
2.791925065811705266e-03
2.826815599983435647e-03
2.875714927662222781e-03
2.892168206907286526e-03
2.916287845011451482e-03
3.022108138933604117e-03
3.034372446027535242e-03
3.048680352850450040e-03
3.076737774635831570e-03
3.090619952031579184e-03
3.174954491584847712e-03
3.203595172186352470e-03
3.241958650637265932e-03
3.269226356131604318e-03
3.306256115337717714e-03
3.311614477329945152e-03
3.342662255760462438e-03
3.403885624947367884e-03
3.421757711597232191e-03
3.437201848622474781e-03
3.479539045818410940e-03
3.527284500365496754e-03
3.578421781681882883e-03
3.582666802156025607e-03
3.589637645961660153e-03
3.642751384794847089e-03
3.679055061607758477e-03
3.707757269693865657e-03
3.777498242910342675e-03
3.810895931862734887e-03
3.851440399018224089e-03
3.865804398285691348e-03
3.883118197904907379e-03
3.932888432054903842e-03
3.967493738801570156e-03
4.003241244385526837e-03
4.012282221715779244e-03
4.021934063859591672e-03
4.082557843286278160e-03
4.094017558015201896e-03
4.149309339613351660e-03
4.171060592252898505e-03
4.200042889302731466e-03
4.249004403030885377e-03
4.271072632249258046e-03
4.324279841860468807e-03
4.350933874978845858e-03
4.377363687054617626e-03
4.425004085985491907e-03
4.465600818322443787e-03
4.486528607628126677e-03
4.524788429858679975e-03
4.570689057494544023e-03
4.596558232896213320e-03
4.604855119366188521e-03
4.670055411173073233e-03
4.706374353021323259e-03
4.738157685985592768e-03
4.750659299433899509e-03
4.795897768634984140e-03
4.842222070505198227e-03
4.882427649834598406e-03
4.909891825418025157e-03
4.945445807111509273e-03
4.968997698538830249e-03
4.988557511801589191e-03
5.047163687869235006e-03
5.118221566107391055e-03
5.124739394133080890e-03
5.207862005608777933e-03
5.214633609353416452e-03
5.228946723934378531e-03
5.245390447140734110e-03
5.291412273731277774e-03
5.344120563692053918e-03
5.379752139484383910e-03
5.400373370457938610e-03
5.431662636157547942e-03
5.443277420138900938e-03
5.491120132684529538e-03
5.519327296486094443e-03
5.537118483195920503e-03
5.577030366053337129e-03
5.623893390439569165e-03
5.633611660788434561e-03
5.670606547922282109e-03
5.729475365360082832e-03
5.743482752295657467e-03
5.761076898190766946e-03
5.820829704383793934e-03
5.863887707336784549e-03
5.903911229818059950e-03
5.911475341507433680e-03
5.961052143274637484e-03
5.988464397103612780e-03
6.003236545358222459e-03
6.049855475398950924e-03
6.107604773234679395e-03
6.129156275341305499e-03
6.175678514866162275e-03
6.205651679894693892e-03
6.263050831525224585e-03
6.293890079497205595e-03
6.301714845763198986e-03
6.371045683745622280e-03
6.414534369556315618e-03
6.446032951398128659e-03
6.468715949216413685e-03
6.498745765857807076e-03
6.522341439208650428e-03
6.543378417644111870e-03
6.595038764730162123e-03
6.623316529113081226e-03
6.649461926717500221e-03
6.688555534976417874e-03
6.693813307479624941e-03
6.762534614802770058e-03
6.785829080229457792e-03
6.813843677348535750e-03
6.840643662997407393e-03
6.880503966806015073e-03
6.918102523253950344e-03
7.000599377011910984e-03
7.004142868993188699e-03
7.017987745467157458e-03
7.057136894744059537e-03
7.106920950657348059e-03
7.160611932014373550e-03
7.163970992023133318e-03
7.227524860871381053e-03
7.243081891191415975e-03
7.266081570963590398e-03
7.295950428345928003e-03
7.335909897448208462e-03
7.391189709363686113e-03
7.407778221355850595e-03
7.453469887810775310e-03
7.493835968053832314e-03
7.549119252561534155e-03
7.567250106050337106e-03
7.605283939308178989e-03
7.623166329915400351e-03
7.646119913507482165e-03
7.658189026920356711e-03
7.691634100171779870e-03
7.741853736924907310e-03
7.774009854460465184e-03
7.840837268458576356e-03
7.874072463723312543e-03
7.911383213223580416e-03
7.956368214310867784e-03
7.979212505646676723e-03
8.023773296566054369e-03
8.087492220689843081e-03
8.128956685326519174e-03
8.145611686883156774e-03
8.165365206727507458e-03
8.184640058775788027e-03
8.238051869958568432e-03
8.245386912775895180e-03
8.289900325980613383e-03
8.311039478690414664e-03
8.355311611080017131e-03
8.382195131103643837e-03
8.459809295081388569e-03
8.468779856274867915e-03
8.494433899496793908e-03
8.535347924110300855e-03
8.555885596679840138e-03
8.609335379815449135e-03
8.640779113202122497e-03
8.671468847693666882e-03
8.726855881201868795e-03
8.756721458319873669e-03
8.774602436785391979e-03
8.826712577165619564e-03
8.876362557857219240e-03
8.917482306180939122e-03
8.956618834924726102e-03
8.996805432841724348e-03
9.028464412358267258e-03
9.047941415772458446e-03
9.070457188674040452e-03
9.095179212986196499e-03
9.103817644073227203e-03
9.234853161311147932e-03
9.259840752190775029e-03
9.277011633966224941e-03
9.284319293602518244e-03
9.304349170492718854e-03
9.372378370111461229e-03
9.419434903534551831e-03
9.449133407868298348e-03
9.473801552381751895e-03
9.530945953600591589e-03
9.554997173698807911e-03
9.582271211506794562e-03
9.615745692096581629e-03
9.630369903118995989e-03
9.677501232186695029e-03
9.691210775244629358e-03
9.757369864084871475e-03
9.785694606530949760e-03
9.818245370632522687e-03
9.850767103719706291e-03
9.883077771133990524e-03
9.912603717686431851e-03
9.951856221106206504e-03
9.978591095767893812e-03
1.000813139733662191e-02
1.005393934625853011e-02
1.008339514431684167e-02
1.012222604399891195e-02
1.019867040915385312e-02
1.021133131873498169e-02
1.023645035614680412e-02
1.025852903451588728e-02
1.029107182166245742e-02
1.033460732253657817e-02
1.035698011815363619e-02
1.039158672019895729e-02
1.040646991546602743e-02
1.045725395703382687e-02
1.051512567710124156e-02
1.054848070740501895e-02
1.055084136444831532e-02
1.058069154372744299e-02
1.062582008663975897e-02
1.068159905222366805e-02
1.071916744544764225e-02
1.076623630371171744e-02
1.081455368084149188e-02
1.083444444818433723e-02
1.085773249899246555e-02
1.088831235961509186e-02
1.095328778872033983e-02
1.099299117795784868e-02
1.101174953450822190e-02
1.103221766033152078e-02
1.108130878825914004e-02
1.112766155377896068e-02
1.118004088460383509e-02
1.118774859160443294e-02
1.123308758468443552e-02
1.129029898202800822e-02
1.131108375646668572e-02
1.132498893395764497e-02
1.134336549046913167e-02
1.139100498999701637e-02
1.143198344299415671e-02
1.147912347473243298e-02
1.149400857949476641e-02
1.152669926113431519e-02
1.153506276721203913e-02
1.158417125325341551e-02
1.164533530080668136e-02
1.170729648273618854e-02
1.173159419510061419e-02
1.177967319868312122e-02
1.180860624146981563e-02
1.182759718315773770e-02
1.185800986382655464e-02
1.191054736623791029e-02
1.191749607008221919e-02
1.196676336681431682e-02
1.198039046074690465e-02
1.201473988002480821e-02
1.202512277491206774e-02
1.207400519900129338e-02
1.210451080920730768e-02
1.218831238895543186e-02
1.219562568282002261e-02
1.220726841426883133e-02
1.228918250343116400e-02
1.231166786701989348e-02
1.235674946719148362e-02
1.238069760116228095e-02
1.241076234126390829e-02
1.242694633596930567e-02
1.247966305382561085e-02
1.254619505673431820e-02
1.256374789682043573e-02
1.258593669291008764e-02
1.264352702727697397e-02
1.265852097014178411e-02
1.270615796636576783e-02
1.272997629596212509e-02
1.277582929030903792e-02
1.279425799510349945e-02
1.280342855868068716e-02
1.286337784360350005e-02
1.289582740695741948e-02
1.292065424346525507e-02
1.296225094539031099e-02
1.301283907639330314e-02
1.303317890160113172e-02
1.304519201879371197e-02
1.309693069761715470e-02
1.312667725597697031e-02
1.320280803688732296e-02
1.324712565806271218e-02
1.326357756161749765e-02
1.328603833740762616e-02
1.332397231204280295e-02
1.333315092641969811e-02
1.338084393036880447e-02
1.341067726120731551e-02
1.343016321250807034e-02
1.349276660986513561e-02
1.350415752898786320e-02
1.353870511737152726e-02
1.357970715815122291e-02
1.360245607142689973e-02
1.365917766840777856e-02
1.369417980566361645e-02
1.374116412547722946e-02
1.378244973500559502e-02
1.378867345168336214e-02
1.386184885819727666e-02
1.387812480351230046e-02
1.394261821715378838e-02
1.397328522296265377e-02
1.398344921152843388e-02
1.402167375914001139e-02
1.406358366323581972e-02
1.409276601129736371e-02
1.415412300836375696e-02
1.418424781110795910e-02
1.419241884361893344e-02
1.423833458507959768e-02
1.429090521713979704e-02
1.429649305200939371e-02
1.435600217144712525e-02
1.437022146436486673e-02
1.438262006855484630e-02
1.439967837090374084e-02
1.449462108108108375e-02
1.452283025329995786e-02
1.454567530285700259e-02
1.458668622338520245e-02
1.460891927463545126e-02
1.467589942803488277e-02
1.468591950115601119e-02
1.478749736941957840e-02
1.479733534757671741e-02
1.481391580397231969e-02
1.486054948547740201e-02
1.488332716781512466e-02
1.491557003451205593e-02
1.494423391435926833e-02
1.501811688613594563e-02
1.507605101180838070e-02
1.508458744873695731e-02
1.512541887797893767e-02
1.516177102609490845e-02
1.521087773110610213e-02
1.524388717996948833e-02
1.527462817173839971e-02
1.529489538370328375e-02
1.532569017786961953e-02
1.534992834518714329e-02
1.537709539757063648e-02
1.541209691255467779e-02
1.544713970808828975e-02
1.546174535861805782e-02
1.553350792808336212e-02
1.554861306241371414e-02
1.557601176785162675e-02
1.561573851272149600e-02
1.565014239892777853e-02
1.567987674133225831e-02
1.573931509538437773e-02
1.583079233373037298e-02
1.584356942783739924e-02
1.590869765047756360e-02
1.591571786599382810e-02
1.595775975413732395e-02
1.598904118778940106e-02
1.602261502962012626e-02
1.604697081794433447e-02
1.609579151951623377e-02
1.610873606175582118e-02
1.616133967064471710e-02
1.619280879552668223e-02
1.623270544352606662e-02
1.628110272589484986e-02
1.628754278688332446e-02
1.635569912747184343e-02
1.639742173722216409e-02
1.640728972583994916e-02
1.646993994308682679e-02
1.651008463960680975e-02
1.655421441129125565e-02
1.660304047122133919e-02
1.663113290874199471e-02
1.665809684740330102e-02
1.667446537057497638e-02
1.672120228966922362e-02
1.676039311730819284e-02
1.680478515861865904e-02
1.684741112663247151e-02
1.687446088631745084e-02
1.690429005761902997e-02
1.697602891078749815e-02
1.702509139006708194e-02
1.706963034441031854e-02
1.707523042041852318e-02
1.709614849562209396e-02
1.712242570109056769e-02
1.718148728224844213e-02
1.720696731251660644e-02
1.723575013680813187e-02
1.726000237823799993e-02
1.730596536125307214e-02
1.735517355994830452e-02
1.736424979790842510e-02
1.741590326969223376e-02
1.745953698357510797e-02
1.749524042523250070e-02
1.755210997744288334e-02
1.756948266386349281e-02
1.759523201206236384e-02
1.762255477727973918e-02
1.764350070907295259e-02
1.770456106594984341e-02
1.775462859793940779e-02
1.780080030866719454e-02
1.783174717082328109e-02
1.784963369024761964e-02
1.788542166366142300e-02
1.789912936934608817e-02
1.792388085211155113e-02
1.796620535516798775e-02
1.802603753803517020e-02
1.804332233515371434e-02
1.806496695215415241e-02
1.809288264186212358e-02
1.814854693661720544e-02
1.819137026360953535e-02
1.820230724302759895e-02
1.825663043366535648e-02
1.825793354492948051e-02
1.833063032434063128e-02
1.836025789661044003e-02
1.840663719961591407e-02
1.842959272714289262e-02
1.851204392270986224e-02
1.855223653408785700e-02
1.857950205177837100e-02
1.859536637440874218e-02
1.866495237011643951e-02
1.871038544071284074e-02
1.872852666377124511e-02
1.878890500632082391e-02
1.881840485090096812e-02
1.887470938298220144e-02
1.890533645029188539e-02
1.891932005983019277e-02
1.893256763278092919e-02
1.896663352362239902e-02
1.902628039166255267e-02
1.909447932776175277e-02
1.911516212973555021e-02
1.913603775246920657e-02
1.915440718236283146e-02
1.923813026674992682e-02
1.926528804033742631e-02
1.929824400470235221e-02
1.932718116060688426e-02
1.934850077660003886e-02
1.940117215999763792e-02
1.946970236430399168e-02
1.947746782515804437e-02
1.952293592169629735e-02
1.953451107128382699e-02
1.961398585373069423e-02
1.965917187772204394e-02
1.968203177177084776e-02
1.973261798112774593e-02
1.973963376912756668e-02
1.976780991217776465e-02
1.979003958016363474e-02
1.982845392022387215e-02
1.986695675515203971e-02
1.992356450067064508e-02
1.995044122989277774e-02
2.000232853592961990e-02
2.006715451076495141e-02
2.009399551761121422e-02
2.014339704531701095e-02
2.015294850785993158e-02
2.020020707688555128e-02
2.024966561571591578e-02
2.029722634675256918e-02
2.030651528495769700e-02
2.033382344255824092e-02
2.040544349910557859e-02
2.044097252659984876e-02
2.049121742620908793e-02
2.053052440035344622e-02
2.053650613910751321e-02
2.057813378742823218e-02
2.064088871452260388e-02
2.065618557250901988e-02
2.067455057202745305e-02
2.078746440712169255e-02
2.079719548328927067e-02
2.085001800182955181e-02
2.087553408956968268e-02
2.091333584440769125e-02
2.095701429293095330e-02
2.096507215929669515e-02
2.103761803671238759e-02
2.107830171538428721e-02
2.110574380023098537e-02
2.118204956652998752e-02
2.121404748500012316e-02
2.123976661382556697e-02
2.126001943256610599e-02
2.129137489079703169e-02
2.133309817230906458e-02
2.137663192184877103e-02
2.139722918759003403e-02
2.142626255202687707e-02
2.146070323501530694e-02
2.153046820276524262e-02
2.154517156144959700e-02
2.159196540390939320e-02
2.162262844502919543e-02
2.167055171605394848e-02
2.169821026042931256e-02
2.175329270056475944e-02
2.179590315310115170e-02
2.184570081908248848e-02
2.189751356310163863e-02
2.192368310701601347e-02
2.195007795495750383e-02
2.199257167678045702e-02
2.200050656623992948e-02
2.207096204083031782e-02
2.211267928984623349e-02
2.215022990544762704e-02
2.217060270051650350e-02
2.221954905131095365e-02
2.224543746850943249e-02
2.226428018053770025e-02
2.232517410476144229e-02
2.235582917939587036e-02
2.237682966138111393e-02
2.243943266737925823e-02
2.247360717962816959e-02
2.250005689037386583e-02
2.259241847327031483e-02
2.261565633788407276e-02
2.264808043000295090e-02
2.269047095764563718e-02
2.271724790066618690e-02
2.273630178727002391e-02
2.277838843268326086e-02
2.284319300180973761e-02
2.284593434432724904e-02
2.292207910992517805e-02
2.293247298281023139e-02
2.300292914933597596e-02
2.302131551071315285e-02
2.307265527187132501e-02
2.311286305959287316e-02
2.316332583896985736e-02
2.324653749963417199e-02
2.325708033784951168e-02
2.328733676900798799e-02
2.331023799401989866e-02
2.336366733818375299e-02
2.343779129623980648e-02
2.345670597423660936e-02
2.348692832152943222e-02
2.352260442789384440e-02
2.358674083890839948e-02
2.362165627052578015e-02
2.365389286863564186e-02
2.369519317933591745e-02
2.369894192471332789e-02
2.373851061567669798e-02
2.375558942421597194e-02
2.384371663610541231e-02
2.390423986883877250e-02
2.391976969459963173e-02
2.399179954956782296e-02
2.400521403904843851e-02
2.406925904961700405e-02
2.408824273773291572e-02
2.412132857476357098e-02
2.415535415023414845e-02
2.421716804939707049e-02
2.423035201661086907e-02
2.431595331842725458e-02
2.432331053880354768e-02
2.437241137687507983e-02
2.438427848097900544e-02
2.444318921967481364e-02
2.445328944002445742e-02
2.448674424885901452e-02
2.452901184532937581e-02
2.455506942852560270e-02
2.465292447848815849e-02
2.466616180787059923e-02
2.469242288032244548e-02
2.475580633039524067e-02
2.480273078809190970e-02
2.483759673072341925e-02
2.491655582045023895e-02
2.495103277080834570e-02
2.500545693657686697e-02
2.503460323516206246e-02
2.504261719627576266e-02
2.510949728805633718e-02
2.516533161726956791e-02
2.521503610621628894e-02
2.524328084898424737e-02
2.528154232036350715e-02
2.532633670141185706e-02
2.535689892931107872e-02
2.538532332714082615e-02
2.542862429532090005e-02
2.546720114954575606e-02
2.549469497984771862e-02
2.552304310385575953e-02
2.558489994118810090e-02
2.566132959070931488e-02
2.573374278850491803e-02
2.577299141562704871e-02
2.578333069540065386e-02
2.585985825181271250e-02
2.589139344535520276e-02
2.591872161250649564e-02
2.595714186073375465e-02
2.602185832452124509e-02
2.607485054996587504e-02
2.609038146151845122e-02
2.613002165036857824e-02
2.616680274398644479e-02
2.624581058582643039e-02
2.625554909032258924e-02
2.629378375907966831e-02
2.632427760680228906e-02
2.638078410070779367e-02
2.643842249865994629e-02
2.646697894750650593e-02
2.651887561692796089e-02
2.654224392571512617e-02
2.658712009305650922e-02
2.664293387305433428e-02
2.669629371721876296e-02
2.670446321069538942e-02
2.673794731693397361e-02
2.678170011008014842e-02
2.680939683637289031e-02
2.687201725372478228e-02
2.689465300969853812e-02
2.693973734991723934e-02
2.696496662264999747e-02
2.707045217669895934e-02
2.708863454079984273e-02
2.710908757294874447e-02
2.713227499750936120e-02
2.718206608721326217e-02
2.727538312334598300e-02
2.732360455130783405e-02
2.734649194450246984e-02
2.743006736927340247e-02
2.744551964424324364e-02
2.746534727064000106e-02
2.750370835712587919e-02
2.756639229491229803e-02
2.758619410906708661e-02
2.761194650977624038e-02
2.763949687058847929e-02
2.770112169396000620e-02
2.777471243622735980e-02
2.778619591438928962e-02
2.787308956627301479e-02
2.789217405629309740e-02
2.799579430612571945e-02
2.804705289301158075e-02
2.805891709628609981e-02
2.810384194689358878e-02
2.812510209153172916e-02
2.818103988266132051e-02
2.822015143075761942e-02
2.826832699772356683e-02
2.828271579483728621e-02
2.835864403816205914e-02
2.840374119584690438e-02
2.842450592827313119e-02
2.848544439268053952e-02
2.852195623632466578e-02
2.855541208539112003e-02
2.858172152485134732e-02
2.866683964632982251e-02
2.872473686162170178e-02
2.880801360623060428e-02
2.883761778688937599e-02
2.885610387116592512e-02
2.888279955341396810e-02
2.894551546806212877e-02
2.903062550252770782e-02
2.904029111090913190e-02
2.908160115445302188e-02
2.910244890705093387e-02
2.914817410330269171e-02
2.918734191907670222e-02
2.923828997830451790e-02
2.931541586250253906e-02
2.939723127908203809e-02
2.941276035747535100e-02
2.945347772165186895e-02
2.951125850741245435e-02
2.956401417925750424e-02
2.957321029569170978e-02
2.959467060060553406e-02
2.963390720907702752e-02
2.968592805566372048e-02
2.978896356727270961e-02
2.981468717472437330e-02
2.987011657332562173e-02
2.990234541204776428e-02
2.996227440317853624e-02
2.998240456155480682e-02
3.005614312648913558e-02
3.006156389481947147e-02
3.007655830774626227e-02
3.016104127172796606e-02
3.021239911861654456e-02
3.028696888900724721e-02
3.032008927825058028e-02
3.036957045030159313e-02
3.044946627022276225e-02
3.046032664181791763e-02
3.050177433746345534e-02
3.054452052840857940e-02
3.060343683456407532e-02
3.062462973598600868e-02
3.066957696723660379e-02
3.070604792127416827e-02
3.077117179603595584e-02
3.083838654618513767e-02
3.084662313664771061e-02
3.087813570237834745e-02
3.093756669259690659e-02
3.099650844643887793e-02
3.102436395863494845e-02
3.107357202074079519e-02
3.112934600336856455e-02
3.116253564835547510e-02
3.122395987668935904e-02
3.128428983640461902e-02
3.131825862192984256e-02
3.139223954300048025e-02
3.139742280739544339e-02
3.147418080105408161e-02
3.152051181393542012e-02
3.158503732152315169e-02
3.164383862672492942e-02
3.170070219042846887e-02
3.171801589710579461e-02
3.174987001315716928e-02
3.179355896772861900e-02
3.183430515771682595e-02
3.185318517142501221e-02
3.192698971650954898e-02
3.202223582459112067e-02
3.203550718716557250e-02
3.207981282592169830e-02
3.212781652673157157e-02
3.215406572481837449e-02
3.223947990174463873e-02
3.227448038337787928e-02
3.231538924637220034e-02
3.239315791057363614e-02
3.240706346640509494e-02
3.247422752687189468e-02
3.254178717008322091e-02
3.258141225929068324e-02
3.264011010606437946e-02
3.269167021772932669e-02
3.276836025327144186e-02
3.277773763585865863e-02
3.285694250925333404e-02
3.290435005850864819e-02
3.296278067464124273e-02
3.301325202569654199e-02
3.303842868751506040e-02
3.309588925390632291e-02
3.311605580253048492e-02
3.317090543224857774e-02
3.320422582023170588e-02
3.331917128730531308e-02
3.334314670738884601e-02
3.341468043815651323e-02
3.343638142757687087e-02
3.350361939864125727e-02
3.354898131806290790e-02
3.358779079680999230e-02
3.362868646856204125e-02
3.368381362046805189e-02
3.373575151540806477e-02
3.377279659522861022e-02
3.384855080437822183e-02
3.392544008379663745e-02
3.395179840264499899e-02
3.400770273945655925e-02
3.410157690916601481e-02
3.413049376389879624e-02
3.423699626960332448e-02
3.425023849509768736e-02
3.428261496534119185e-02
3.429805018288521745e-02
3.439683047697787710e-02
3.441196460790837963e-02
3.442836263189522072e-02
3.453916628807525424e-02
3.459147398084794905e-02
3.464273852292837352e-02
3.465894220837654333e-02
3.472840544778865030e-02
3.480222505990602372e-02
3.480976480662574535e-02
3.484057969773219493e-02
3.489889297777440391e-02
3.496724940457422715e-02
3.508433801478000325e-02
3.515312757209130418e-02
3.521366716411492709e-02
3.522941310794229508e-02
3.536921104585494247e-02
3.538712221916340273e-02
3.541840259710574840e-02
3.549786339920212724e-02
3.552503839942784680e-02
3.555501800451296018e-02
3.570017653223584581e-02
3.573271948189749719e-02
3.579139991312350888e-02
3.584152753155906562e-02
3.588019569721432461e-02
3.594348266085899829e-02
3.597619717607816042e-02
3.603240572739672271e-02
3.608885725310134740e-02
3.612603696695979028e-02
3.620029129469067714e-02
3.625158535754576666e-02
3.631741808247124226e-02
3.634685939375639774e-02
3.651223562465838457e-02
3.661152500436633955e-02
3.666244821116579344e-02
3.667918834411613982e-02
3.678663814654864472e-02
3.682283565563803512e-02
3.684326076484837481e-02
3.692250185680153590e-02
3.695902370007836391e-02
3.709564726046274408e-02
3.715246961913215573e-02
3.719466905617573038e-02
3.723264847156038115e-02
3.726613261338155431e-02
3.737515155301076447e-02
3.744930256416498238e-02
3.749627932981706296e-02
3.755339926560798819e-02
3.760694277566067195e-02
3.769535014477607554e-02
3.775432124172599380e-02
3.782729570320576135e-02
3.788622559295255071e-02
3.801982111373683471e-02
3.804706420055686822e-02
3.807174634896146048e-02
3.815596039245248983e-02
3.821225336208668166e-02
3.822532041737774361e-02
3.843428580424142899e-02
3.846339426656435190e-02
3.850757305919427081e-02
3.859908770030320846e-02
3.870843619707699246e-02
3.876781900843716960e-02
3.883835103484989393e-02
3.893624241606712805e-02
3.898015250602687026e-02
3.903560938113471990e-02
3.910246968366253018e-02
3.920910484595695883e-02
3.928999521786602500e-02
3.933019272680446377e-02
3.944857773902529091e-02
3.948623846470855625e-02
3.960743348943403241e-02
3.964112571696597892e-02
3.978663410064548628e-02
3.991443125013717508e-02
3.996001179502600004e-02
4.002057511426442005e-02
4.006977188365465348e-02
4.015388176363479666e-02
4.026149149291431001e-02
4.036898047664874006e-02
4.042515870676112455e-02
4.050003450672141903e-02
4.058819416201570052e-02
4.063189544080669097e-02
4.074977314710660770e-02
4.079854534794277038e-02
4.086381155068249255e-02
4.092535720552546025e-02
4.104269127747854629e-02
4.114700159515290168e-02
4.126868711555674307e-02
4.134135438963686127e-02
4.139051833333338981e-02
4.153594069169267572e-02
4.158665769202943979e-02
4.169413682906150664e-02
4.172696516650990090e-02
4.190792330221056183e-02
4.202081111222016885e-02
4.214083041691867038e-02
4.222142871294003869e-02
4.227948822858876299e-02
4.241859006626325090e-02
4.261887003058376783e-02
4.280246191301238790e-02
4.295661805410843498e-02
4.303338551133267798e-02
4.311755962688213623e-02
4.334988519067320412e-02
4.341473912737410512e-02
4.371856484529806214e-02
4.397861589218416550e-02
