-4.362635548319898637e-02
-4.354195877919142532e-02
-4.338815175583379119e-02
-4.325268110164996738e-02
-4.315775749136940842e-02
-4.297691775993688762e-02
-4.266743093788954305e-02
-4.256650847021895001e-02
-4.253593070169962853e-02
-4.237559110754402641e-02
-4.232842747555169705e-02
-4.218075946548702215e-02
-4.206819368352418542e-02
-4.193703511965526931e-02
-4.187306555680715692e-02
-4.174362265552512830e-02
-4.165407092592455368e-02
-4.158183898535206674e-02
-4.145561432775378419e-02
-4.142209449463923887e-02
-4.127075902997547757e-02
-4.123763000893240771e-02
-4.106063053926754108e-02
-4.102652732969643695e-02
-4.084156435723448192e-02
-4.078567076802566693e-02
-4.063065700881914044e-02
-4.061610391713868506e-02
-4.056928880232340412e-02
-4.045975898376615032e-02
-4.036418117511722525e-02
-4.028157747297867602e-02
-4.024983164720591367e-02
-4.013491433094963645e-02
-4.012638510020537924e-02
-4.004025031569444226e-02
-4.002617404968051434e-02
-3.990924995203137121e-02
-3.979147123121000440e-02
-3.969906175277045784e-02
-3.960041351787557673e-02
-3.957011244322954785e-02
-3.949636971115258466e-02
-3.941211534866560090e-02
-3.934726321329292537e-02
-3.927271407913065365e-02
-3.919771446320166608e-02
-3.909621711274947203e-02
-3.900302420013219973e-02
-3.890649462698077266e-02
-3.882993976334307706e-02
-3.880609704135719318e-02
-3.875354974522834950e-02
-3.866841838717030577e-02
-3.857778215086586637e-02
-3.850148203236274796e-02
-3.846774257642598949e-02
-3.841466404912672467e-02
-3.829881556814478116e-02
-3.821819607286154608e-02
-3.812594663450746824e-02
-3.807344740073215217e-02
-3.800733835333091476e-02
-3.789606160263038481e-02
-3.780971770879737459e-02
-3.777435194359052284e-02
-3.774025294091501448e-02
-3.768523553499477513e-02
-3.768058271659090186e-02
-3.757885310138259910e-02
-3.752231091598985657e-02
-3.743993323881379676e-02
-3.733430465313026386e-02
-3.732435975425738017e-02
-3.728538711008790724e-02
-3.726391966290227425e-02
-3.723188799350669875e-02
-3.710503084213789826e-02
-3.707834065748667057e-02
-3.699672238587634748e-02
-3.693266226776277528e-02
-3.681534514494039234e-02
-3.678322987639241759e-02
-3.674611085414358075e-02
-3.671100532488774659e-02
-3.658891555614787738e-02
-3.653792429877129183e-02
-3.640494241594813968e-02
-3.639356072268855324e-02
-3.632938623295668690e-02
-3.627457296917242779e-02
-3.623449631666118137e-02
-3.615751294233608693e-02
-3.609259829127853952e-02
-3.605407810981750560e-02
-3.597382557889727134e-02
-3.593216778241448833e-02
-3.584325885733027212e-02
-3.575718778500936584e-02
-3.572174658807018843e-02
-3.567083734991333827e-02
-3.561379638726983043e-02
-3.553071878537575334e-02
-3.551433915218931564e-02
-3.546796974885708248e-02
-3.539273324856877234e-02
-3.536072760380204461e-02
-3.533038392931490274e-02
-3.529073045627344196e-02
-3.525523101326355491e-02
-3.514420695288457408e-02
-3.511735896182319183e-02
-3.502886486506280594e-02
-3.500083997340415476e-02
-3.493610786267252466e-02
-3.483426081814283010e-02
-3.476358580892863204e-02
-3.472070359530093214e-02
-3.469760058924239304e-02
-3.461972393652461982e-02
-3.458874700523210943e-02
-3.458187959698522801e-02
-3.447586698077346329e-02
-3.439855199356315479e-02
-3.437001740582789483e-02
-3.433428262533406300e-02
-3.432581212202327758e-02
-3.423677962166212646e-02
-3.413874469932612343e-02
-3.411737628776754377e-02
-3.402902196096479343e-02
-3.400572875520642413e-02
-3.399211334468992679e-02
-3.391009362179630421e-02
-3.383739879088067115e-02
-3.383232058331536729e-02
-3.370344639275640874e-02
-3.367323588256498912e-02
-3.364487544962756205e-02
-3.356147522242349662e-02
-3.351851831820079619e-02
-3.347766841452553405e-02
-3.338716459437360978e-02
-3.333419667704521500e-02
-3.332110383882101040e-02
-3.328074817960000736e-02
-3.318142321660497857e-02
-3.314026189736097444e-02
-3.310241425312084040e-02
-3.302334540157494946e-02
-3.300235458726613613e-02
-3.297332656674248352e-02
-3.291981408051992963e-02
-3.289698806187321689e-02
-3.282326511884699899e-02
-3.280604387926699256e-02
-3.272552974590826891e-02
-3.268783377459936329e-02
-3.263280615654537420e-02
-3.260213320238718876e-02
-3.254556811047207981e-02
-3.254196980966354152e-02
-3.245248560494398693e-02
-3.236488510098588234e-02
-3.233351172945137658e-02
-3.223580431920966549e-02
-3.218649453552982487e-02
-3.215079132639694220e-02
-3.212541361622174574e-02
-3.209543469757256129e-02
-3.202753745485761167e-02
-3.198501888722644904e-02
-3.194886978301188923e-02
-3.191434328122043362e-02
-3.180263939175137500e-02
-3.176921393323536152e-02
-3.172640115443384201e-02
-3.171686684363311803e-02
-3.164185792736505520e-02
-3.157099115378832893e-02
-3.152021294525821776e-02
-3.143483098090035094e-02
-3.141967491685017377e-02
-3.134410210538810665e-02
-3.131666568804654383e-02
-3.130552046185165055e-02
-3.125725703021905305e-02
-3.121165412314857307e-02
-3.114475631328636474e-02
-3.110077452807911286e-02
-3.105882613421120236e-02
-3.101750860366823959e-02
-3.096522823569197030e-02
-3.094191947712955637e-02
-3.086180074504017018e-02
-3.084555457621915645e-02
-3.077855074899264048e-02
-3.072269466389321996e-02
-3.068441138198078205e-02
-3.064173675446228359e-02
-3.062165027174433563e-02
-3.055840123344343018e-02
-3.049651556979038683e-02
-3.041540423101638316e-02
-3.039838362577417658e-02
-3.035536093424536300e-02
-3.030558355111572649e-02
-3.028462107928215838e-02
-3.020676538351432100e-02
-3.018410156345651199e-02
-3.015522519333982063e-02
-3.010239563642112468e-02
-3.004026505953831874e-02
-3.000305268676931383e-02
-2.993531489098995996e-02
-2.991206917558529577e-02
-2.988434672676110876e-02
-2.981039781113934903e-02
-2.974467198394788181e-02
-2.970361106121563108e-02
-2.965657304960237980e-02
-2.962786368075073784e-02
-2.957724491098080374e-02
-2.954366988798628677e-02
-2.951058193840834162e-02
-2.945402687608976791e-02
-2.944506480164446258e-02
-2.938018057571573083e-02
-2.935626909477739507e-02
-2.932471617170713182e-02
-2.921822727533313763e-02
-2.920031567532841224e-02
-2.910901598154944786e-02
-2.908392195938662439e-02
-2.905433002143816348e-02
-2.899255096496070744e-02
-2.897838992152834692e-02
-2.892283801681719627e-02
-2.886349655679056048e-02
-2.881419890354702112e-02
-2.875407840990321442e-02
-2.867102111822879620e-02
-2.863999066625239759e-02
-2.859385472231579239e-02
-2.853697170836259206e-02
-2.849218083514948319e-02
-2.846160414333814490e-02
-2.845448522348570722e-02
-2.834866177611031907e-02
-2.833033936704969918e-02
-2.832698216178524547e-02
-2.827089407209493546e-02
-2.823269148406158668e-02
-2.818743404005293052e-02
-2.814511142831964408e-02
-2.809962497178643964e-02
-2.806885244456171213e-02
-2.799187970970365077e-02
-2.795533498622114824e-02
-2.789200422276093966e-02
-2.787739340140285571e-02
-2.782452221324365274e-02
-2.777229917284470065e-02
-2.774067590910978681e-02
-2.768827357250613561e-02
-2.763476308087000136e-02
-2.758349205486830200e-02
-2.752359792755823889e-02
-2.746679556121243634e-02
-2.744054450913579329e-02
-2.733954476542546641e-02
-2.731898478499292238e-02
-2.726248888876119103e-02
-2.720708232052491959e-02
-2.717738914343580461e-02
-2.716535109296224978e-02
-2.706990509115253171e-02
-2.704607430990460179e-02
-2.701688893625676241e-02
-2.699262689550522079e-02
-2.696310262483578996e-02
-2.693671795439386493e-02
-2.688792016864268580e-02
-2.683429264923139004e-02
-2.681145818163715305e-02
-2.669963707662786206e-02
-2.666563322453429849e-02
-2.661279869218881669e-02
-2.658602635234286193e-02
-2.656569942983980775e-02
-2.654780295989433991e-02
-2.648664179099484081e-02
-2.642094338216759153e-02
-2.637946722655873724e-02
-2.632690857279377725e-02
-2.629191300154156904e-02
-2.628396389233447761e-02
-2.626324626042161187e-02
-2.623762974958623179e-02
-2.614142206326278486e-02
-2.613889652855385520e-02
-2.609395585835952436e-02
-2.601577253519025967e-02
-2.598435114365229767e-02
-2.589296398482621511e-02
-2.585802514495693510e-02
-2.581606896648318966e-02
-2.579592607812926375e-02
-2.576040834071765748e-02
-2.573476420047983784e-02
-2.569555657637671853e-02
-2.568275118778295604e-02
-2.557566475718052457e-02
-2.555671223509286411e-02
-2.551669150221090934e-02
-2.548974467819430795e-02
-2.543479283669090180e-02
-2.540816992548812492e-02
-2.538574690225146868e-02
-2.533072585749043121e-02
-2.531027763047167395e-02
-2.525883022842105238e-02
-2.521439447055270899e-02
-2.516669509572896923e-02
-2.516096517959725415e-02
-2.510171304586109042e-02
-2.507567987360030323e-02
-2.501449100077467180e-02
-2.492870320940148224e-02
-2.489993768235821206e-02
-2.486287995782007418e-02
-2.481280965417749160e-02
-2.478500033181038273e-02
-2.476735515879452398e-02
-2.473588342295250306e-02
-2.471228132048634146e-02
-2.466063048708720673e-02
-2.461926080086281055e-02
-2.460228858144275499e-02
-2.455317096419385933e-02
-2.452332511816692970e-02
-2.449582368730793616e-02
-2.446396874759061701e-02
-2.441096222116779027e-02
-2.434362776843232087e-02
-2.429896371989678436e-02
-2.425107248644700966e-02
-2.421044381305829940e-02
-2.414978593684770358e-02
-2.413388142271816542e-02
-2.410298355800723213e-02
-2.409006090038967596e-02
-2.401596638849881268e-02
-2.396687353874677254e-02
-2.388129057640683145e-02
-2.386540126675627468e-02
-2.385163666816889072e-02
-2.377531939681766862e-02
-2.373673210528099917e-02
-2.371404616103309562e-02
-2.369335547971999564e-02
-2.368187197293868812e-02
-2.364610484487298173e-02
-2.359307004682896503e-02
-2.352823084642225240e-02
-2.349980244347581182e-02
-2.345198010930315061e-02
-2.340317155231903465e-02
-2.337398798358677338e-02
-2.335282519440371254e-02
-2.328263962841894963e-02
-2.324719474532022448e-02
-2.320732584749590766e-02
-2.314894143328212472e-02
-2.309893767237205034e-02
-2.307574016989417595e-02
-2.302484620737427212e-02
-2.297369762739599405e-02
-2.293912685242243885e-02
-2.289026779757432836e-02
-2.283272065777225066e-02
-2.281543522926948037e-02
-2.278195028026516397e-02
-2.274729725153083401e-02
-2.268283423408201660e-02
-2.263286533435522260e-02
-2.263072188434870832e-02
-2.259871236704325687e-02
-2.258608804729951222e-02
-2.251949949522353417e-02
-2.244037090512455632e-02
-2.241682056395891132e-02
-2.239302040649849071e-02
-2.235688590157288921e-02
-2.234038151803856287e-02
-2.224177244389988553e-02
-2.220359451444692614e-02
-2.218923868162019086e-02
-2.215868246524795374e-02
-2.208062355516866512e-02
-2.204685815527329326e-02
-2.201495243611126598e-02
-2.194823246258929828e-02
-2.194363898431099871e-02
-2.190309005440417220e-02
-2.186264292422732819e-02
-2.182633477012907788e-02
-2.178277593984343299e-02
-2.176547746676851108e-02
-2.171451252130868897e-02
-2.169249679110514875e-02
-2.164546415040437266e-02
-2.159473626477273478e-02
-2.153790405327429824e-02
-2.152804438863619926e-02
-2.145462342524778049e-02
-2.143813064478029828e-02
-2.142214896457159470e-02
-2.139621406813983426e-02
-2.134913971192764146e-02
-2.132355438885200419e-02
-2.125022113360682322e-02
-2.122129305008366162e-02
-2.116644589306727886e-02
-2.113838914998980231e-02
-2.110508684265399379e-02
-2.107797699147981318e-02
-2.101541216324711095e-02
-2.098969650641506826e-02
-2.093944872402418722e-02
-2.090606574621516056e-02
-2.084073824228799970e-02
-2.081025065714502131e-02
-2.079482485032566053e-02
-2.077628063987733975e-02
-2.074571074979022697e-02
-2.069831857903324523e-02
-2.063158103050599657e-02
-2.060584442749316403e-02
-2.056980180711516851e-02
-2.054740140118699668e-02
-2.052015672792559947e-02
-2.042368237425852204e-02
-2.041274632081412424e-02
-2.039611280938365481e-02
-2.034728063505942749e-02
-2.031721483703606904e-02
-2.028982464490608831e-02
-2.028137772900287170e-02
-2.024261669783627288e-02
-2.019522633255591698e-02
-2.015097781551791409e-02
-2.007714116131010737e-02
-2.006051303762047128e-02
-1.999391797365293252e-02
-1.998353341722402740e-02
-1.991186404917305239e-02
-1.985713303233630628e-02
-1.981247335570302665e-02
-1.978423727212155064e-02
-1.975962028417120250e-02
-1.970131406289189063e-02
-1.965956304695452850e-02
-1.963430492703160946e-02
-1.962445307067926456e-02
-1.952917203605857022e-02
-1.952079725848059055e-02
-1.948645339967886025e-02
-1.944291600222115141e-02
-1.939265797374330191e-02
-1.937207805075674694e-02
-1.931956443016605990e-02
-1.930150852482569179e-02
-1.927201689758841971e-02
-1.924540120957368358e-02
-1.922594523837893588e-02
-1.918793064142389898e-02
-1.917645537395731153e-02
-1.913577643279103929e-02
-1.907047793522892096e-02
-1.901306436069569519e-02
-1.897892130258396759e-02
-1.895471484543241256e-02
-1.888146900793425537e-02
-1.882457117622145931e-02
-1.881888211567268876e-02
-1.878345161629977472e-02
-1.874370406889246110e-02
-1.870915686363348873e-02
-1.866269844916680631e-02
-1.864325906667187172e-02
-1.860026894814421905e-02
-1.855327478419434989e-02
-1.854255029353089543e-02
-1.848690741663959469e-02
-1.841104507542184673e-02
-1.839595996156809243e-02
-1.837645390258731137e-02
-1.831121004184116732e-02
-1.828963625082465072e-02
-1.826665169020639731e-02
-1.823722223503622397e-02
-1.819723647024663882e-02
-1.815835261464673195e-02
-1.811846887067363604e-02
-1.808922059112499578e-02
-1.805401830667687293e-02
-1.800232618102285548e-02
-1.796440190840043263e-02
-1.793699454986313196e-02
-1.789196961461876276e-02
-1.788102038897595655e-02
-1.785058448289337032e-02
-1.777062708536111119e-02
-1.776054568523297711e-02
-1.773238874471541604e-02
-1.769780372579361424e-02
-1.766177717499719038e-02
-1.757706163824778942e-02
-1.755665048427608108e-02
-1.754042481873197348e-02
-1.750916404268626839e-02
-1.746868321969923671e-02
-1.745482199236810666e-02
-1.740630429008372879e-02
-1.734113595378528050e-02
-1.732506080648141267e-02
-1.726880652863482801e-02
-1.723790192962825277e-02
-1.720552830031746305e-02
-1.719466285151989224e-02
-1.714666753591367193e-02
-1.712042860989684487e-02
-1.705863912934313734e-02
-1.701693610668800552e-02
-1.698539607950145039e-02
-1.694999963812448066e-02
-1.691415316520404957e-02
-1.689251364733482252e-02
-1.685969560706516990e-02
-1.682425709237402728e-02
-1.679704855390703674e-02
-1.673532807127764074e-02
-1.672559730497608088e-02
-1.666851945245923297e-02
-1.664193454489741250e-02
-1.661471841592457310e-02
-1.659219414269378495e-02
-1.651702701790946567e-02
-1.650535428097201981e-02
-1.646133416876945782e-02
-1.644604626606729555e-02
-1.642219841182927104e-02
-1.638651589370967998e-02
-1.629642990825692569e-02
-1.628527519578636812e-02
-1.626358059758914107e-02
-1.617615336291778477e-02
-1.613746727612450776e-02
-1.607534862877160395e-02
-1.605737938456552882e-02
-1.602147539824574918e-02
-1.598010689381596655e-02
-1.595878288570330011e-02
-1.590948782085502625e-02
-1.589006523418115199e-02
-1.586882535038533146e-02
-1.581928010749438299e-02
-1.578494811069444323e-02
-1.571838035026691671e-02
-1.564774973080731990e-02
-1.563388014326278982e-02
-1.562214708138441079e-02
-1.560040546353310721e-02
-1.554445528361755868e-02
-1.551210285149894584e-02
-1.548842308437006418e-02
-1.546527061644271082e-02
-1.541563322237753109e-02
-1.536150181884942713e-02
-1.534182967190312122e-02
-1.528745697785337775e-02
-1.527350991658021385e-02
-1.526212182399517593e-02
-1.518469196672632415e-02
-1.515438677172687224e-02
-1.512493763544250046e-02
-1.511848980036846132e-02
-1.506576369713315960e-02
-1.502142135708303683e-02
-1.494293350296310545e-02
-1.493213968044641675e-02
-1.489121650618968097e-02
-1.487237564746578256e-02
-1.486030307237559168e-02
-1.480536139522461991e-02
-1.479543305981737174e-02
-1.475967258261019072e-02
-1.471471005543883818e-02
-1.467923031235222886e-02
-1.463660948121294630e-02
-1.460833625131089698e-02
-1.454815512186780763e-02
-1.453075963272648131e-02
-1.450278847682603955e-02
-1.442558021796266562e-02
-1.438977861538349654e-02
-1.434799811250875995e-02
-1.431207579663483324e-02
-1.428467099179500654e-02
-1.427130598402520135e-02
-1.422834514076276244e-02
-1.420933330438912783e-02
-1.416773750739993426e-02
-1.413539608931835279e-02
-1.412061077848204491e-02
-1.410413063419562081e-02
-1.404760385857509696e-02
-1.399893323427031655e-02
-1.394870518571433328e-02
-1.393396113571745455e-02
-1.389846718215695907e-02
-1.386426102813790272e-02
-1.384062979371524990e-02
-1.381851072154171092e-02
-1.377604780187646587e-02
-1.375114602878360626e-02
-1.370031382130289244e-02
-1.364712963573973085e-02
-1.360868228216282998e-02
-1.355897447513713591e-02
-1.353421778303928041e-02
-1.348961983615177065e-02
-1.345869627372831695e-02
-1.344592992990695408e-02
-1.340203893255727252e-02
-1.338356884087160172e-02
-1.335231068516328293e-02
-1.329888341538976691e-02
-1.324716898685605881e-02
-1.323139510949950665e-02
-1.319989420025659971e-02
-1.313130711464347358e-02
-1.311021921202448239e-02
-1.307396637409456545e-02
-1.303937521531080106e-02
-1.301337075468627508e-02
-1.300059004865389799e-02
-1.292318881829102560e-02
-1.291191534756081470e-02
-1.287287464765828580e-02
-1.284856879526911043e-02
-1.277012350503950629e-02
-1.276082935185427966e-02
-1.272469417156031103e-02
-1.270932063008915758e-02
-1.267974710314506703e-02
-1.264575396764005405e-02
-1.257602122197212791e-02
-1.254212395433479746e-02
-1.251727438550762767e-02
-1.248948216515619221e-02
-1.247299745570451014e-02
-1.246279755530165304e-02
-1.242438314060023002e-02
-1.238137609787045776e-02
-1.232658513137296734e-02
-1.230950750392857153e-02
-1.228059756429938053e-02
-1.221146343229832440e-02
-1.216336808405557753e-02
-1.212105859499066664e-02
-1.208813304048387931e-02
-1.207810019427345109e-02
-1.204399858002092559e-02
-1.199259129020682942e-02
-1.195527854833743076e-02
-1.191471514589383801e-02
-1.187193685926338747e-02
-1.186617747799883528e-02
-1.184939292587840719e-02
-1.179218032158015246e-02
-1.176532895879205121e-02
-1.171447529564840703e-02
-1.169386066593272946e-02
-1.165240748257620300e-02
-1.158956130654396031e-02
-1.158519238306884164e-02
-1.155330958099728793e-02
-1.152521294603033215e-02
-1.145458811126255638e-02
-1.140540685658683259e-02
-1.138017855432083697e-02
-1.134319701967085280e-02
-1.128278289045931380e-02
-1.126946879922672250e-02
-1.121520649878183541e-02
-1.116594630356520547e-02
-1.114203323739863805e-02
-1.112010090029884497e-02
-1.108212088705365014e-02
-1.105249460084150280e-02
-1.102997971312860703e-02
-1.100059310601608081e-02
-1.098124621200789568e-02
-1.095241718728524015e-02
-1.092989050287182344e-02
-1.088625181120598563e-02
-1.084658085307895967e-02
-1.080684045361494927e-02
-1.077103099970029391e-02
-1.073751663036015026e-02
-1.070673490915122726e-02
-1.066984684684684805e-02
-1.064018670664134032e-02
-1.057343092881974159e-02
-1.056576867533325255e-02
-1.054256566515799493e-02
-1.051496467676791419e-02
-1.047047301585256850e-02
-1.044065618664069030e-02
-1.040715192855360544e-02
-1.033804111073657189e-02
-1.032373291968886192e-02
-1.025834178968268971e-02
-1.024509305283217292e-02
-1.023868585118094948e-02
-1.016965242123773518e-02
-1.012784155080656036e-02
-1.011269849788298987e-02
-1.004951795886344611e-02
-1.001961234006558572e-02
-9.969769342179572724e-03
-9.928219492676677513e-03
-9.915022953043400172e-03
-9.870589616371631611e-03
-9.807556199450112935e-03
-9.780217260849636066e-03
-9.748103303820589496e-03
-9.702596441128464450e-03
-9.690135582055146163e-03
-9.660874902250909252e-03
-9.629333654704573878e-03
-9.588274825879211302e-03
-9.540131474900955671e-03
-9.524058065869612025e-03
-9.486948106444908699e-03
-9.449655056156977886e-03
-9.420658443319027478e-03
-9.392031968396611502e-03
-9.365774962047710914e-03
-9.327342136101066800e-03
-9.240216701919977751e-03
-9.218718682915147053e-03
-9.193239336814429397e-03
-9.177894112623014022e-03
-9.107013965433683259e-03
-9.101083913818324225e-03
-9.071214827030993355e-03
-9.042319482640759007e-03
-8.997428080631780789e-03
-8.947892815181960821e-03
-8.922240419104429665e-03
-8.910316988862064871e-03
-8.853724568824902427e-03
-8.813020082013064277e-03
-8.790165537992901054e-03
-8.771387395331684336e-03
-8.731162754002508644e-03
-8.679235230028078604e-03
-8.669661993144360534e-03
-8.629551300915335246e-03
-8.596761015549198720e-03
-8.575540136849996165e-03
-8.517406708469493076e-03
-8.495699057638913393e-03
-8.465246183656465959e-03
-8.407030162979087923e-03
-8.375188984004331566e-03
-8.349672364973465336e-03
-8.300333691322943352e-03
-8.291125085377543460e-03
-8.265018134083465529e-03
-8.217518665106955666e-03
-8.158249444500366432e-03
-8.141790571068428101e-03
-8.116558601859712521e-03
-8.087238544450193328e-03
-8.014253873275926227e-03
-7.983568719617880824e-03
-7.973845228445368763e-03
-7.948790634111170539e-03
-7.930006062691487279e-03
-7.883500349182153560e-03
-7.827954775983157754e-03
-7.802110223517531862e-03
-7.763614798171412923e-03
-7.740979116515204865e-03
-7.688403650626994892e-03
-7.664002152933635861e-03
-7.625587279247770384e-03
-7.594108911541552764e-03
-7.567702542620531776e-03
-7.531596362503225131e-03
-7.502895231589817512e-03
-7.447673263735352274e-03
-7.417155408747612942e-03
-7.368638042066525881e-03
-7.334324839538150509e-03
-7.299255144105959089e-03
-7.279684678769463187e-03
-7.238031813193895707e-03
-7.216004847868490515e-03
-7.169180314450650238e-03
-7.167553718032402751e-03
-7.089903964037090438e-03
-7.063056644479942352e-03
-7.041849472175951315e-03
-6.990634726725891181e-03
-6.972099531190150724e-03
-6.939267051935251070e-03
-6.897690093251886839e-03
-6.849417974273467463e-03
-6.819118876184982088e-03
-6.794242343919524620e-03
-6.770030260713097610e-03
-6.733103734377803191e-03
-6.719089882619840200e-03
-6.661186324380999856e-03
-6.652657541078815621e-03
-6.638489522798799065e-03
-6.563096015043626101e-03
-6.536257989201607090e-03
-6.519371555344451348e-03
-6.481046112900431914e-03
-6.431193010668625684e-03
-6.353650787950983723e-03
-6.317831277994395180e-03
-6.294376081137159455e-03
-6.239120415647686317e-03
-6.223340802688091290e-03
-6.173492656266512529e-03
-6.145381323241463217e-03
-6.109631628683721317e-03
-6.106241890047711847e-03
-6.053670422837328230e-03
-6.046907176172055046e-03
-5.988172665982136565e-03
-5.965329544079564505e-03
-5.938667677866880587e-03
-5.887646128148482129e-03
-5.849757161153687317e-03
-5.831259752672170345e-03
-5.799521839040906387e-03
-5.742104785546929199e-03
-5.705491424429283420e-03
-5.675974638473428938e-03
-5.615722186375952940e-03
-5.573525518779653964e-03
-5.563590860360997925e-03
-5.526436710677468285e-03
-5.502033443497310848e-03
-5.492224358072313531e-03
-5.450749886541522010e-03
-5.413256432366611234e-03
-5.362666110686993733e-03
-5.337136213172769504e-03
-5.304374711909322013e-03
-5.255226832021081367e-03
-5.208295134748752893e-03
-5.183363149163598867e-03
-5.173149746751579126e-03
-5.161956162755037408e-03
-5.143593442152267180e-03
-5.104182454376777166e-03
-5.050403240471479718e-03
-5.048864645953312670e-03
-4.996469241872368398e-03
-4.921078077384031212e-03
-4.879161892724459375e-03
-4.837406239234397741e-03
-4.807717253330748286e-03
-4.786197033092937092e-03
-4.764484616506416484e-03
-4.745340153766103818e-03
-4.712051570085656720e-03
-4.669764838673402287e-03
-4.646033867252722695e-03
-4.606179200125411211e-03
-4.581663379837036532e-03
-4.561252004332371282e-03
-4.517471209140795294e-03
-4.488456107264844619e-03
-4.434748639791240461e-03
-4.429295113176562500e-03
-4.394923207881635749e-03
-4.350995773851260712e-03
-4.326017628402837288e-03
-4.297077158960885095e-03
-4.244595722682309273e-03
-4.226542933687937528e-03
-4.183921595427647459e-03
-4.173978056133761765e-03
-4.122172449074632851e-03
-4.060803638066709693e-03
-4.030788328763500357e-03
-4.022474050368303987e-03
-3.973396521364489474e-03
-3.938537416482842772e-03
-3.909192224437652192e-03
-3.858643516071463483e-03
-3.833437780698841814e-03
-3.771959951733062227e-03
-3.746631308958464981e-03
-3.729624021221635954e-03
-3.692329571075204323e-03
-3.677930835089819172e-03
-3.621823975733821140e-03
-3.610268731805682703e-03
-3.589474937398634026e-03
-3.579390467418917376e-03
-3.552770610294991426e-03
-3.502755356025384712e-03
-3.454641471576545657e-03
-3.385320741121324289e-03
-3.370795822640800746e-03
-3.359567990260276926e-03
-3.324513919632180597e-03
-3.298875391775734842e-03
-3.253532389639293438e-03
-3.190182975312221784e-03
-3.152754976586665068e-03
-3.148556308681672942e-03
-3.054013957960055852e-03
-3.022747454255869139e-03
-2.997849080894743074e-03
-2.979636714430201980e-03
-2.921979418848441069e-03
-2.893672907763963301e-03
-2.849115358749806492e-03
-2.806804059361019989e-03
-2.763724715477818440e-03
-2.717622459247421608e-03
-2.663843773808620852e-03
-2.642472752344015088e-03
-2.610858163486680112e-03
-2.584185102004599773e-03
-2.562526210285162847e-03
-2.552330800583633898e-03
-2.515482638099756068e-03
-2.457380220858075646e-03
-2.436631047021254812e-03
-2.375215341205308764e-03
-2.345442902350278799e-03
-2.300094493900277804e-03
-2.283846503566194786e-03
-2.260288757494014616e-03
-2.237385298472455673e-03
-2.221451866223299841e-03
-2.154159478391589472e-03
-2.141310170297028651e-03
-2.120992511097813307e-03
-2.092426891763010319e-03
-2.055888868095108891e-03
-2.034002264551400350e-03
-1.984399325654038430e-03
-1.933174405033636148e-03
-1.894725161539083207e-03
-1.861777574242622644e-03
-1.823528873831763934e-03
-1.807228852450621943e-03
-1.756130528560664698e-03
-1.692931878267232978e-03
-1.676009046847921815e-03
-1.650547392169027109e-03
-1.623124806997855137e-03
-1.576087724238225919e-03
-1.570884161131497507e-03
-1.509627146520915557e-03
-1.493516813886884174e-03
-1.469586177640128891e-03
-1.385273429939487674e-03
-1.319363814764384479e-03
-1.290851349837147943e-03
-1.257811867017422872e-03
-1.221546928003506942e-03
-1.194638183020201461e-03
-1.154241637943267734e-03
-1.147316790489129453e-03
-1.113733667268764329e-03
-1.083301512167141652e-03
-1.021986646579567783e-03
-9.958226116445452816e-04
-9.684539885783401527e-04
-9.358953202047616418e-04
-8.944884103097196096e-04
-8.768293984670163035e-04
-8.476041423588206525e-04
-8.157566957201219755e-04
-7.581380385572509227e-04
-7.431575050465286190e-04
-6.876190768201976547e-04
-6.580271889072749616e-04
-6.213395366439381038e-04
-5.916998428046031265e-04
-5.791388736696339093e-04
-5.435647503782752108e-04
-5.089926759271309930e-04
-4.898316636562430586e-04
-4.473298044394584589e-04
-3.951262367231018254e-04
-3.630034395209582915e-04
-3.451208617077695137e-04
-3.067735519914878222e-04
-2.646636952993355733e-04
-2.280745370625088437e-04
-2.045344224713125216e-04
-1.843092790094174444e-04
-1.205337005837233511e-04
-1.014628772772395801e-04
-8.483181325581017616e-05
-3.196510998183468453e-05
-7.714062115346008168e-06
5.150576390682383361e-05
6.609784564897982454e-05
8.227257691372238892e-05
1.114872413762843148e-04
1.544326192115868461e-04
1.836588195710426056e-04
2.431606459238839558e-04
2.912604574680137740e-04
3.104428030636416477e-04
3.382413523869105885e-04
3.627349059126472796e-04
3.845035586053017324e-04
4.224059122854012939e-04
4.385883819218950523e-04
4.973257759372869298e-04
5.297079268584102552e-04
5.846845333384013575e-04
6.016062119171815834e-04
6.569178869727985114e-04
6.641478642083759997e-04
6.777816202989317071e-04
7.059649947060365116e-04
7.425183631951846018e-04
7.991452588558652570e-04
8.162663981807232643e-04
8.208726158586964481e-04
8.689577234813672174e-04
9.113087522985484313e-04
9.618798608630235638e-04
9.856314622100300661e-04
1.045359038951875624e-03
1.053104666980940332e-03
1.079860545050655195e-03
1.094654896114193943e-03
1.185407619242696917e-03
1.204619070333604264e-03
1.242167410317640509e-03
1.252299523412050801e-03
1.265857166996705099e-03
1.294330804793682871e-03
1.337041437763622628e-03
1.366806538286319738e-03
1.412851141729929349e-03
1.446196266755553263e-03
1.462820442243038940e-03
1.513810484254299185e-03
1.570380148833865281e-03
1.603181105050013140e-03
1.651399916924318600e-03
1.685028001953012061e-03
1.701308142468815942e-03
1.716655984941426903e-03
1.769906513382181945e-03
1.789284808242061096e-03
1.854571688853100817e-03
1.894721424080189186e-03
1.909733922402490590e-03
1.953139223605867766e-03
1.998306141492641429e-03
2.047173483096122355e-03
2.074590068771851783e-03
2.098866326431477781e-03
2.126406569329229550e-03
2.152974708611935396e-03
2.193876021042636369e-03
2.244975521566197965e-03
2.265350733227333192e-03
2.269149038275073034e-03
2.319055773214625128e-03
2.370250966259763569e-03
2.408326257285361982e-03
2.461449723752921846e-03
2.484298541662912675e-03
2.498126566349808449e-03
2.518065366413849235e-03
2.548164130614793185e-03
2.599223792097554112e-03
2.609582092760163747e-03
2.695469576424352077e-03
2.720270083285724130e-03
2.748377527499953638e-03
2.759814244521159154e-03
2.781839072068750199e-03
2.804366867945478920e-03
2.842675879425999707e-03
2.872270301930988576e-03
2.919482028695708723e-03
2.931894049993441671e-03
2.980266819582783229e-03
3.011743056077920838e-03
3.014204560063465151e-03
3.061685822796376358e-03
3.092546425543793616e-03
3.103548065828730732e-03
3.161170929583896876e-03
3.195724159984943743e-03
3.224145956978707959e-03
3.257928331225315617e-03
3.285657548717558791e-03
3.328673587840912974e-03
3.345766447141347404e-03
3.380749052720877310e-03
3.421965955080276487e-03
3.453331097104159371e-03
3.485738047289584519e-03
3.524571366305351283e-03
3.539064086238775421e-03
3.599700922318407360e-03
3.615408386561627403e-03
3.680973417240634548e-03
3.714693633297052634e-03
3.742062532039462826e-03
3.748939351764953281e-03
3.803165521142381697e-03
3.835423620518676503e-03
3.855850906900410748e-03
3.895448590579489098e-03
3.946855064638669398e-03
3.964878975240895657e-03
3.978291257159038974e-03
4.015598388899074833e-03
4.037718442160049062e-03
4.084147320402068369e-03
4.114380167330614589e-03
4.195891168021470205e-03
4.228601278672190593e-03
4.251899738618057298e-03
4.263295543663119143e-03
4.280517826955109600e-03
4.335418953040382460e-03
4.398822930619761089e-03
4.406727367564055621e-03
4.453921210295128975e-03
4.481897444591260819e-03
4.513836452683732750e-03
4.549085372750302433e-03
4.606587704803337749e-03
4.616056648226609868e-03
4.649816696437338547e-03
4.704022508492057900e-03
4.738067479254644103e-03
4.762636114217017567e-03
4.794779375243832416e-03
4.826363151567617145e-03
4.836504625815744862e-03
4.873696591581411740e-03
4.901745200687452654e-03
4.928666177106004291e-03
4.973541262984715328e-03
5.018412672519934579e-03
5.034545229247987426e-03
5.109041974242276192e-03
5.147563798911275641e-03
5.177782317425081576e-03
5.184043840170025723e-03
5.195192149324486322e-03
5.256338400351317358e-03
5.284345661855974728e-03
5.338388184017040655e-03
5.374104387474269023e-03
5.377462904500735115e-03
5.424423888331733092e-03
5.472942063632386424e-03
5.494982374185877413e-03
5.542283294186319681e-03
5.556655547481518208e-03
5.572481184794935219e-03
5.649622433739953653e-03
5.731684003926783288e-03
5.741662540650940491e-03
5.764303199925503371e-03
5.813174881667711007e-03
5.834438596860760419e-03
5.842072457776458470e-03
5.893002886538414344e-03
5.910130228906147927e-03
5.989912965839124838e-03
6.010627139333610779e-03
6.028469991108407859e-03
6.078809879081262767e-03
6.090078434678533256e-03
6.144450306039404841e-03
6.156180533159145117e-03
6.197603929393980492e-03
6.245986331394635938e-03
6.272650452899073553e-03
6.321071806407475673e-03
6.356299594355811246e-03
6.361517107156404970e-03
6.396398964887278771e-03
6.435932497797938398e-03
6.491898037683241363e-03
6.512238554184989620e-03
6.569235537455250101e-03
6.582369835614817165e-03
6.609739173658390511e-03
6.645357012342565511e-03
6.676731032105837071e-03
6.714153766358568233e-03
6.754343748103591553e-03
6.805121645714444500e-03
6.855284027830709642e-03
6.875996689688371188e-03
6.907911821352362945e-03
6.949560748334435677e-03
6.978347775164203855e-03
6.997497791264286823e-03
7.027182508548588530e-03
7.070737456219240019e-03
7.119105164017843282e-03
7.143736771002245044e-03
7.146217757508233938e-03
7.189474999595010449e-03
7.219953775321858239e-03
7.240094610612863961e-03
7.287326398930932779e-03
7.342767868236420303e-03
7.395188111546704621e-03
7.411941952714599935e-03
7.424962694752939435e-03
7.453458017316463846e-03
7.513717399954479743e-03
7.540919051271323219e-03
7.621235509590157907e-03
7.642250572181068756e-03
7.656287660307388963e-03
7.700550564028785933e-03
7.725879672143034539e-03
7.765626978274139079e-03
7.788728209266869429e-03
7.866461140945354286e-03
7.896337986257587552e-03
7.911832059291029270e-03
7.946003860544652991e-03
8.012877590394661825e-03
8.037010913631910392e-03
8.073505057551768824e-03
8.112600057950792795e-03
8.130923231203571883e-03
8.174317139943714991e-03
8.202652790067776339e-03
8.236931276698847282e-03
8.264381416944303199e-03
8.289470396421074957e-03
8.325939450382232460e-03
8.342060246913713534e-03
8.378348578263333790e-03
8.408241795564035115e-03
8.431191528812725586e-03
8.474936589803245060e-03
8.503178245666452584e-03
8.569453648005530624e-03
8.611071482384408116e-03
8.630111265465459716e-03
8.658338041499989007e-03
8.695966924466764711e-03
8.721155018576955478e-03
8.793977760273423774e-03
8.827306562613880872e-03
8.839901180745938017e-03
8.882222527299173456e-03
8.922922637512842661e-03
8.956482375767209000e-03
8.976734570433547722e-03
9.014529174509445381e-03
9.036503987880100189e-03
9.060484891388734252e-03
9.104415232512883330e-03
9.135404421800301031e-03
9.142010284771849224e-03
9.163914531266297014e-03
9.201238447108371632e-03
9.282270637690357568e-03
9.308960456247260262e-03
9.338979534251326195e-03
9.386836179299034785e-03
9.442445402412806901e-03
9.463609438181043096e-03
9.507349079320399216e-03
9.540366745790136022e-03
9.563651247863120056e-03
9.578265502325494438e-03
9.617842813951170064e-03
9.682070209907597466e-03
9.702845485830011510e-03
9.714114648114684572e-03
9.731220286812974907e-03
9.755121980228761286e-03
9.809940054723891717e-03
9.824370951118214373e-03
9.891898054127845966e-03
9.900122374794893820e-03
9.944404070451348318e-03
9.986782040514992007e-03
1.006493669191776963e-02
1.007157313040046853e-02
1.011874369459528529e-02
1.016416750076223723e-02
1.018121935584870470e-02
1.024152950385178590e-02
1.025121318562579459e-02
1.028430932209426288e-02
1.031929529433682491e-02
1.035872043266542267e-02
1.037882493534032086e-02
1.042728755044446468e-02
1.044495243304350250e-02
1.049628051951628782e-02
1.053196471585967492e-02
1.056030924992745930e-02
1.060782666832675407e-02
1.062470777947102304e-02
1.063285337389129927e-02
1.067548558865683526e-02
1.073123348493244117e-02
1.074059703011014631e-02
1.078242501792391062e-02
1.082299705484671658e-02
1.083420113792058284e-02
1.093655395123447130e-02
1.095078308318284642e-02
1.098984724465992477e-02
1.103104350798357440e-02
1.104179080685822011e-02
1.109423396796505729e-02
1.111306248067728437e-02
1.115787337876733391e-02
1.119213623808434574e-02
1.121869987297737653e-02
1.124959894007281080e-02
1.126342684442235668e-02
1.129942472784577732e-02
1.133598350164945201e-02
1.137471518129946034e-02
1.140322825199164072e-02
1.144962118957430774e-02
1.150530379749807770e-02
1.155197106879925217e-02
1.156262261917519706e-02
1.158264678692845669e-02
1.162317580264770299e-02
1.165066135737399117e-02
1.169436499966134205e-02
1.173669596549329827e-02
1.179474538397333808e-02
1.180748065455037611e-02
1.184601362166424685e-02
1.186606680920669794e-02
1.194749247532394219e-02
1.197631715887356382e-02
1.200618612634904089e-02
1.204870270111268842e-02
1.208914850292699440e-02
1.210611677625580973e-02
1.213340586676068047e-02
1.217096640329816230e-02
1.219978834022242102e-02
1.221360312259542856e-02
1.224365894481103424e-02
1.230678325588539790e-02
1.236116716862977090e-02
1.238052630468637096e-02
1.245058214572706233e-02
1.248092299577547443e-02
1.248716879696757862e-02
1.253008141394096678e-02
1.255315891904322176e-02
1.257093582774267831e-02
1.264922131534658607e-02
1.266227009219117634e-02
1.267052468361658420e-02
1.272396985851536981e-02
1.276248077192856240e-02
1.278963437267688005e-02
1.282643594634249630e-02
1.286392131971402994e-02
1.287744835656227764e-02
1.288494392939909181e-02
1.299948315779667074e-02
1.302724062108221240e-02
1.303798510757289524e-02
1.310754693645378374e-02
1.313213481608023481e-02
1.315827028983132876e-02
1.318814561873936711e-02
1.320928733675817354e-02
1.323458625500344328e-02
1.330103724944433664e-02
1.332759339514106266e-02
1.337957034529164285e-02
1.341976859373335794e-02
1.342698823144992774e-02
1.345807515621019051e-02
1.348365448833520330e-02
1.350877372881702579e-02
1.354841233961910640e-02
1.360225585225696525e-02
1.360661242798814202e-02
1.363247850828828121e-02
1.368033070950986328e-02
1.369946522905896545e-02
1.375186050848021223e-02
1.383615732290428835e-02
1.388481821670402121e-02
1.391534873973300154e-02
1.392616688809020231e-02
1.394895567193360150e-02
1.401794623977643123e-02
1.402147205198721845e-02
1.405559085207623397e-02
1.407847956049298500e-02
1.412599020060399842e-02
1.415604780393225036e-02
1.416872082839231405e-02
1.422244818814589508e-02
1.427875518466311180e-02
1.430010100924714207e-02
1.433317564444049064e-02
1.436539740582480108e-02
1.445376739103820980e-02
1.448787357767271008e-02
1.450050835865583816e-02
1.452808911280840248e-02
1.456172863369513230e-02
1.461404525798427889e-02
1.466892857526393840e-02
1.469838164264705704e-02
1.473431640973721368e-02
1.475235299743204130e-02
1.479791495220485198e-02
1.484074457572291672e-02
1.486317500392840205e-02
1.489957073479147333e-02
1.492233259989805480e-02
1.497554695471895597e-02
1.502934223935175478e-02
1.505254963935223449e-02
1.511708002123268724e-02
1.513288156031916860e-02
1.515296504638049581e-02
1.517922880506574271e-02
1.520197597508369559e-02
1.520921397186173439e-02
1.528281070076155379e-02
1.533795258311784065e-02
1.535309457828401211e-02
1.537805180916217498e-02
1.544324261315925713e-02
1.546254957311316361e-02
1.549042010711272448e-02
1.551834682865566896e-02
1.555154099075879877e-02
1.559601060195148214e-02
1.563600020314772146e-02
1.568632823821642860e-02
1.570965074488769528e-02
1.576450581413932003e-02
1.577964276938243621e-02
1.581018438968851206e-02
1.582848179019643794e-02
1.591104635196823741e-02
1.593166971422639577e-02
1.597409106420108124e-02
1.601667064892643710e-02
1.604652111646505050e-02
1.605635948367934232e-02
1.611750139130526879e-02
1.616868945864192997e-02
1.623691344875977799e-02
1.624065873429275664e-02
1.627569528312911712e-02
1.632223498366449851e-02
1.634027096833181453e-02
1.638822681505763823e-02
1.640374202754817795e-02
1.648152181904139965e-02
1.651946250067799771e-02
1.654778807893858214e-02
1.655777465408353466e-02
1.662547812230480079e-02
1.663135099488541671e-02
1.666180674380782559e-02
1.669089157035318766e-02
1.671864624976483402e-02
1.676494223459338434e-02
1.676997806666048751e-02
1.682102072103643098e-02
1.687475968951034772e-02
1.691223608723280841e-02
1.699826892934044875e-02
1.702780328559481277e-02
1.706248562952114578e-02
1.707942533813300995e-02
1.710709285346356801e-02
1.714633068476660929e-02
1.717921656024459093e-02
1.721442089801335229e-02
1.723995957833466403e-02
1.728450281153850326e-02
1.735965383592296893e-02
1.740676687543257425e-02
1.742054304623454758e-02
1.746732018342757667e-02
1.749561777641772675e-02
1.752056106388369047e-02
1.760402142904255590e-02
1.761917793866525986e-02
1.764110629239246109e-02
1.768533027504718552e-02
1.772516529537357041e-02
1.774364868746146351e-02
1.775357160035816520e-02
1.782552086621040296e-02
1.789972511834072785e-02
1.793506391835338054e-02
1.795535929965859714e-02
1.797822615702091009e-02
1.801289555426354577e-02
1.802550133482970496e-02
1.805587144639564726e-02
1.811548757052663244e-02
1.816850064115557023e-02
1.821467584357609054e-02
1.825072387170095442e-02
1.828560488971299469e-02
1.829776512569466357e-02
1.832505288307567301e-02
1.836242796755209114e-02
1.844049055902075712e-02
1.850011100531853692e-02
1.852436031080352541e-02
1.859142844598076980e-02
1.859840649418354960e-02
1.863994652699832097e-02
1.867797136479672909e-02
1.873149720203955843e-02
1.874360496690554573e-02
1.875718932806393069e-02
1.879130368439360307e-02
1.882263356301752330e-02
1.888143614104917725e-02
1.893012317502410988e-02
1.896180862707072534e-02
1.900169154802407862e-02
1.904606671336690066e-02
1.906872630829060250e-02
1.911214793327094610e-02
1.912630144868480292e-02
1.915313732968533869e-02
1.917638806708102731e-02
1.921732120097440280e-02
1.930722921380105192e-02
1.933380948010522335e-02
1.935800816387940604e-02
1.938931952504898207e-02
1.940317121712397536e-02
1.949577805765310284e-02
1.955530035214207360e-02
1.958542351715842483e-02
1.959268412231453954e-02
1.962296811665959276e-02
1.965116221723456000e-02
1.966618294127874325e-02
1.970186381745607854e-02
1.975645554983816374e-02
1.977719444347088296e-02
1.981907664765373417e-02
1.986440813106374326e-02
1.989676596587495322e-02
1.995660791150691976e-02
2.004668183504978995e-02
2.005824970450640482e-02
2.010501436661514540e-02
2.013924817934540160e-02
2.017212934180655573e-02
2.022107952513330781e-02
2.025471041112904963e-02
2.026149914474406968e-02
2.031324789955550603e-02
2.034094396772612168e-02
2.037854668735989555e-02
2.038288975869519473e-02
2.044473560695583142e-02
2.048137278769566680e-02
2.050608575587650403e-02
2.053429369437692609e-02
2.059254217992119787e-02
2.065759633125062097e-02
2.066289838943769289e-02
2.071735110395414928e-02
2.078184865576195028e-02
2.079926178750690288e-02
2.082383029870830612e-02
2.087322691600972113e-02
2.091617499529201465e-02
2.094427172977498045e-02
2.097141622004025999e-02
2.099125516526066659e-02
2.102445397858353215e-02
2.110868666115436887e-02
2.112067231933772646e-02
2.116489252573288196e-02
2.117889783067948214e-02
2.124155578369894132e-02
2.132078029882299164e-02
2.136784741119922629e-02
2.139262424892711401e-02
2.142483280120830585e-02
2.146106750020830914e-02
2.149752707510042479e-02
2.152319115456479207e-02
2.156864211430187250e-02
2.164363650615441087e-02
2.166420543160244364e-02
2.169231880321281433e-02
2.170929177402167870e-02
2.173229662556738426e-02
2.181011588840658932e-02
2.185378157126444815e-02
2.189699021684383615e-02
2.192290074257149252e-02
2.196707939773261120e-02
2.200071135723778715e-02
2.206394026450766988e-02
2.207169889624726461e-02
2.212147537081128948e-02
2.213288412554757084e-02
2.216995264883304256e-02
2.222698719455958732e-02
2.227165901977191595e-02
2.229216067916187094e-02
2.235469250250331913e-02
2.237251796072588922e-02
2.239927784238623237e-02
2.248771674501308729e-02
2.249619069498489526e-02
2.252312529377243494e-02
2.260589370842996243e-02
2.265345968468372370e-02
2.266659511753850442e-02
2.271213588113977361e-02
2.274037579634997225e-02
2.274268307246052334e-02
2.284238887542243759e-02
2.286841179318493261e-02
2.291654908334323296e-02
2.295636664308098665e-02
2.296995130912382610e-02
2.302361615005640849e-02
2.306264726443256821e-02
2.309426386201131678e-02
2.314138945723295815e-02
2.320148553618390022e-02
2.323385908710731695e-02
2.324463939026652839e-02
2.330389416507763073e-02
2.335661956466681191e-02
2.338423172074345288e-02
2.342942603514163238e-02
2.345398660183726711e-02
2.348510329483101053e-02
2.354816997228801126e-02
2.357249510500929873e-02
2.359954734989082314e-02
2.367338406865483399e-02
2.370433800836500848e-02
2.373336696209271679e-02
2.375230891191384974e-02
2.385732799923932779e-02
2.388290260707933571e-02
2.392155442228885084e-02
2.397171398550924579e-02
2.398858301978252366e-02
2.402081476066886961e-02
2.409281217183486742e-02
2.412476605008114644e-02
2.419115949962212520e-02
2.421760568127170193e-02
2.426084142114250455e-02
2.432191743099911332e-02
2.433315798581326544e-02
2.440315851397066582e-02
2.441943919346496392e-02
2.449074276306385453e-02
2.450470830894130661e-02
2.455460650315559670e-02
2.456288553017638848e-02
2.466051672974202066e-02
2.468415988989329860e-02
2.472389135305131172e-02
2.477524619431730607e-02
2.481717579700975715e-02
2.482814266380625398e-02
2.488232102104840152e-02
2.495991106528725259e-02
2.499928430569506310e-02
2.503816759705609907e-02
2.506657981705909255e-02
2.509023147916402199e-02
2.510745136984047707e-02
2.512284750651875773e-02
2.515364382469525290e-02
2.525359839315910460e-02
2.525842531392529650e-02
2.533643709049997889e-02
2.535318233476494681e-02
2.541684145628676089e-02
2.544180727894092275e-02
2.545730801515199565e-02
2.547919727835694717e-02
2.554145725856019761e-02
2.557868622076170037e-02
2.562064545444188088e-02
2.564298371630908957e-02
2.573392974949008719e-02
2.575664803731794739e-02
2.579622163002434285e-02
2.584460046824015034e-02
2.585669582429593605e-02
2.591727318448180592e-02
2.595482009160702402e-02
2.597663047067044761e-02
2.600368708815379085e-02
2.605991847449527776e-02
2.612030695611121389e-02
2.620165382679172372e-02
2.623070629697843437e-02
2.624407550879837708e-02
2.630659684165612480e-02
2.634184839024177049e-02
2.641246261544462695e-02
2.643707548365653581e-02
2.648044786046161239e-02
2.653060483920083659e-02
2.654377167075108040e-02
2.661077693731712587e-02
2.667548372181029193e-02
2.670629987582730236e-02
2.676086417630477859e-02
2.681669743377011403e-02
2.684494272793627387e-02
2.687451376554981022e-02
2.689937073116359725e-02
2.695073104714488035e-02
2.700061350103112601e-02
2.704288164590186103e-02
2.704847255273007053e-02
2.709345438214358012e-02
2.714540033302491676e-02
2.718414067175886975e-02
2.719930933523923705e-02
2.723661644420629843e-02
2.731250124911403440e-02
2.734627837112322407e-02
2.738112830366917078e-02
2.746543741486323978e-02
2.748865297028897300e-02
2.753817624325729033e-02
2.757036210914359103e-02
2.764271122723068602e-02
2.766862689534093853e-02
2.777225111137326605e-02
2.778840970606968538e-02
2.783320488493621833e-02
2.785650583315166934e-02
2.788743086126619850e-02
2.793421713366606163e-02
2.796477733898631440e-02
2.800311358601185324e-02
2.806611471450041681e-02
2.808459931422658054e-02
2.820255378850846512e-02
2.824687984004498748e-02
2.825550415573391955e-02
2.833343212003815517e-02
2.836740750396753510e-02
2.840185021452263855e-02
2.844077805358841138e-02
2.845765548789286684e-02
2.855249538344561619e-02
2.860281701745980010e-02
2.862145944884748189e-02
2.869041769150713905e-02
2.874131084640526787e-02
2.874875786485115922e-02
2.878091936610484639e-02
2.888704545543352778e-02
2.890020314032211435e-02
2.892051753573545575e-02
2.900385472511482834e-02
2.904131426887190254e-02
2.912168359843184118e-02
2.914294493122950719e-02
2.918075704130590475e-02
2.918388907601292617e-02
2.923378977594669192e-02
2.931263650232919168e-02
2.935263061076302457e-02
2.935640930515049166e-02
2.944977799854388636e-02
2.947103680440124607e-02
2.950835851838716495e-02
2.955678451336149828e-02
2.958452006252450944e-02
2.963044799396317985e-02
2.964198448186483939e-02
2.975298111116696231e-02
2.979395375136639768e-02
2.985360566579721431e-02
2.986958826882324392e-02
2.994121296917610225e-02
2.997157827262602464e-02
3.002238404909300315e-02
3.005027922985403083e-02
3.011764245947955859e-02
3.016464439801358824e-02
3.020955894167167213e-02
3.023794388480110715e-02
3.027722396963444806e-02
3.034929917545261049e-02
3.038145618425224306e-02
3.039912891807805898e-02
3.044839942334022498e-02
3.049612442431482578e-02
3.054766618697825689e-02
3.057197543100748441e-02
3.060424488808783511e-02
3.070870269300120595e-02
3.071021829875057729e-02
3.080526749100406803e-02
3.086479986929376376e-02
3.088960572786796088e-02
3.092808663581009601e-02
3.096857336475918390e-02
3.101559795025595617e-02
3.104435053135924660e-02
3.108660490602692741e-02
3.114389068385649273e-02
3.120254438982729417e-02
3.125319289545340495e-02
3.127341478100124916e-02
3.132842439913327559e-02
3.137222631265084577e-02
3.140424519061205816e-02
3.143237965960249403e-02
3.150125590364895312e-02
3.157555672767471677e-02
3.170318491007206169e-02
3.174524879356616092e-02
3.178150814463162610e-02
3.180615290735986506e-02
3.184832440472201015e-02
3.188328531748977485e-02
3.192965075714537110e-02
3.200323043382458793e-02
3.202597596687439124e-02
3.207424519576625166e-02
3.212925634407830244e-02
3.218795618502556799e-02
3.221600782508285410e-02
3.225887359309125707e-02
3.230179713936395802e-02
3.236288980700709889e-02
3.247055568216285215e-02
3.249813966730207004e-02
3.253309749703105214e-02
3.259732843793392704e-02
3.263878160144743912e-02
3.269597536974217650e-02
3.277345016560283264e-02
3.280957740691273217e-02
3.285591040872955226e-02
3.290868571327779102e-02
3.301310421147674729e-02
3.305092445785640792e-02
3.306375863364936080e-02
3.314861908699232029e-02
3.318966264411365302e-02
3.323290446709684792e-02
3.328414700286173866e-02
3.335640234548185867e-02
3.337251583124573734e-02
3.341059211766659459e-02
3.347004568120655332e-02
3.350883190607295559e-02
3.355065795262006378e-02
3.362378624817454614e-02
3.370655842956295917e-02
3.373146405444343854e-02
3.379072882975180797e-02
3.386648327935211367e-02
3.389070412752814843e-02
3.392880557098869321e-02
3.400906336545560932e-02
3.404294061241913000e-02
3.411682178402940246e-02
3.416517129639153050e-02
3.424927775232114446e-02
3.430407309795557164e-02
3.439601981830966992e-02
3.440033152610792733e-02
3.441947359457862149e-02
3.450748479219228892e-02
3.454230276728861154e-02
3.460489798782623999e-02
3.462354513413826856e-02
3.468695795825439687e-02
3.479723377528581851e-02
3.482284439125712949e-02
3.491314733696469080e-02
3.492710467554267090e-02
3.496911539806744906e-02
3.503553566630592669e-02
3.513027552962978001e-02
3.516660805136816864e-02
3.518412258207159055e-02
3.522435692535529073e-02
3.531110969203423572e-02
3.535413050110611938e-02
3.541314514032878336e-02
3.545027152299790041e-02
3.553539538529169178e-02
3.556869137976518408e-02
3.565071966698980799e-02
3.566150104893257150e-02
3.571451043610622544e-02
3.577636649776516631e-02
3.584590949633929824e-02
3.588004866068578852e-02
3.598057457488827715e-02
3.604666562172773731e-02
3.605569076455006350e-02
3.605910835035095602e-02
3.616505806600683187e-02
3.624843149703558393e-02
3.627255701337440963e-02
3.631814051442441155e-02
3.641588036507765330e-02
3.651235173936438760e-02
3.653448978900390026e-02
3.660871831296226564e-02
3.670654348660105232e-02
3.676409376303312743e-02
3.680735764652379172e-02
3.689301546675259613e-02
3.691446659728689350e-02
3.696179723411669588e-02
3.698958162527061361e-02
3.707246248577094477e-02
3.708833698685932295e-02
3.714944812381992117e-02
3.723560179905276851e-02
3.735037372932518279e-02
3.746263694622165713e-02
3.747545572469944408e-02
3.763027555061016632e-02
3.763430140911049743e-02
3.769229300207584121e-02
3.775823111518418485e-02
3.782525164206766710e-02
3.790505569344729958e-02
3.795562420296722667e-02
3.801974926062310495e-02
3.804430211222532138e-02
3.818187681605193090e-02
3.824063887039094722e-02
3.825674612069539932e-02
3.838420252349027811e-02
3.844177889161507627e-02
3.849148284739477288e-02
3.858284798679828542e-02
3.868688273418661311e-02
3.872152598858390887e-02
3.876263853861005443e-02
3.884451172898748667e-02
3.900835416069380057e-02
3.907287552654453017e-02
3.913857048364673824e-02
3.915783178048924673e-02
3.920092660692994779e-02
3.923670465070301649e-02
3.926882168204294532e-02
3.942783464002776878e-02
3.945198599166542530e-02
3.952206152669309608e-02
3.961138451064197957e-02
3.972125972954733408e-02
3.977691805028579775e-02
3.991457642669495737e-02
4.001170772252782282e-02
4.004973190623187934e-02
4.010716725533194221e-02
4.021446488457826318e-02
4.044499904946540630e-02
4.050759184350332526e-02
4.057428929980758103e-02
4.062237673970789387e-02
4.072740146173735309e-02
4.083439852975128542e-02
4.087661597595446811e-02
4.092654306418476440e-02
4.108246271215707651e-02
4.123602431551853104e-02
4.129111941304535599e-02
4.137656263260568179e-02
4.151405660444450196e-02
4.168225173179303245e-02
4.177684933808009649e-02
4.184295155916833292e-02
4.190337431457724637e-02
4.210966496986082164e-02
4.212306179613680562e-02
4.216445371084089760e-02
4.232292738639870794e-02
4.240748475435798803e-02
4.249492881985336007e-02
4.267018332149669080e-02
4.277141179314958991e-02
4.309227438826790380e-02
4.315921085337406926e-02
4.318929905730865826e-02
4.341573154756121766e-02
4.360169840099297617e-02
4.382426981323241794e-02
4.409338127975695465e-02
