-4.423846147831351355e-02
-4.405967046680992621e-02
-4.339524895958658812e-02
-4.326297097578159223e-02
-4.321977146479228510e-02
-4.315667208448894371e-02
-4.300800149587796772e-02
-4.292168030622859481e-02
-4.270575563144748954e-02
-4.255847530484875574e-02
-4.247835517334425798e-02
-4.225981432598771570e-02
-4.215876219466497404e-02
-4.207019532044555671e-02
-4.198410459640208175e-02
-4.189182995459564407e-02
-4.172571780866945329e-02
-4.164809626844156315e-02
-4.152502334608675072e-02
-4.143409540255715146e-02
-4.131599456319565156e-02
-4.115962567536207012e-02
-4.112053249923231651e-02
-4.092961665483691586e-02
-4.081733316160508773e-02
-4.069551129399731626e-02
-4.063186011467457420e-02
-4.060284055884370163e-02
-4.054766207640619208e-02
-4.046471067345619455e-02
-4.037873886823612618e-02
-4.022614002235263414e-02
-4.020337478889132732e-02
-4.004286425398493471e-02
-4.001014492752417995e-02
-3.991786500050029107e-02
-3.986075341729390653e-02
-3.984083532715914505e-02
-3.966017556748648032e-02
-3.961698088174834403e-02
-3.956771575969108418e-02
-3.950612935613732890e-02
-3.938664598541886941e-02
-3.929742672562627076e-02
-3.926531290297256144e-02
-3.922425090538405462e-02
-3.913614430506878739e-02
-3.909469128908302921e-02
-3.900707344546755495e-02
-3.893006424181473524e-02
-3.889302437334012097e-02
-3.875236943149755475e-02
-3.870936761499936540e-02
-3.861473653074409818e-02
-3.854788682292507873e-02
-3.852087172410433719e-02
-3.845480354052034644e-02
-3.833655396130521142e-02
-3.828639685209552640e-02
-3.822798541412224249e-02
-3.818755537148154494e-02
-3.811393104573591178e-02
-3.802257828337422124e-02
-3.790199851626711164e-02
-3.783560224430440599e-02
-3.775963373068771251e-02
-3.769214413657539370e-02
-3.762993327039276803e-02
-3.759418000142791122e-02
-3.751507171435742444e-02
-3.744022921477438426e-02
-3.734593672412140491e-02
-3.728047584399411113e-02
-3.723920941010262775e-02
-3.714946985950071112e-02
-3.712764159987550633e-02
-3.706852171789720707e-02
-3.702348657462114362e-02
-3.697805449493144631e-02
-3.693901836894435131e-02
-3.687745336194834384e-02
-3.676414365481758817e-02
-3.667767199130737843e-02
-3.667214775537888660e-02
-3.660324994134412507e-02
-3.647229518552643629e-02
-3.641870332483256728e-02
-3.635975368886889408e-02
-3.630545937724996564e-02
-3.629152358149837637e-02
-3.626126176985435684e-02
-3.617937528523641755e-02
-3.611980224065527295e-02
-3.610452000994255478e-02
-3.599270389416495824e-02
-3.596250075673652902e-02
-3.588758576456275301e-02
-3.583348407014848996e-02
-3.578326194250509851e-02
-3.573557402543562495e-02
-3.566846558787942212e-02
-3.564496439732400823e-02
-3.556964661437710812e-02
-3.555663241661721069e-02
-3.553710357240121021e-02
-3.543097416570060304e-02
-3.534845576763945285e-02
-3.528975815621290119e-02
-3.521535460787237476e-02
-3.510273229490321056e-02
-3.503690206959196585e-02
-3.499453998993570791e-02
-3.496448531530707560e-02
-3.492101614863854508e-02
-3.487230563937025740e-02
-3.484729205754253517e-02
-3.478013925611449925e-02
-3.473332479725996236e-02
-3.472649163072692724e-02
-3.467551152395689784e-02
-3.459213345160759567e-02
-3.451302858603184226e-02
-3.446878270396904614e-02
-3.437864862117594178e-02
-3.435397335875710334e-02
-3.428380151665279957e-02
-3.420253063623952816e-02
-3.418348675572727147e-02
-3.411589565899477566e-02
-3.409295552522728645e-02
-3.405428143803201219e-02
-3.402272286685852076e-02
-3.397569864958114444e-02
-3.390878396795435346e-02
-3.384617270962624047e-02
-3.379729727142443546e-02
-3.370466680952081961e-02
-3.367170420193603408e-02
-3.361547821095117738e-02
-3.357019347357102779e-02
-3.351609265587220804e-02
-3.346612476561659777e-02
-3.341808531604920779e-02
-3.337934733806940946e-02
-3.332825294504063174e-02
-3.326961170640300308e-02
-3.325712301778784019e-02
-3.321602213501569090e-02
-3.310486627785984293e-02
-3.307224187376495844e-02
-3.298322443674227972e-02
-3.295561665742111762e-02
-3.289775005580797967e-02
-3.285245803168216489e-02
-3.280893576028091896e-02
-3.276417188514323814e-02
-3.269117235272355620e-02
-3.267442930416642605e-02
-3.265996414995765706e-02
-3.257549266573385449e-02
-3.256647260436933838e-02
-3.244861712444700730e-02
-3.238353906861202169e-02
-3.234994815037339072e-02
-3.226548195321578272e-02
-3.219988251145631392e-02
-3.216900010540160726e-02
-3.208664915669566520e-02
-3.205414359331989343e-02
-3.202190576374046305e-02
-3.201356491535300303e-02
-3.197570980100236659e-02
-3.188606458796190007e-02
-3.185913686515921828e-02
-3.181098227880475166e-02
-3.173661980421005335e-02
-3.169506112549667909e-02
-3.163209447030738281e-02
-3.159352460923562506e-02
-3.155600922501342054e-02
-3.146380694805798323e-02
-3.142043530391484124e-02
-3.137599063843504038e-02
-3.131143443550402083e-02
-3.127771949990725692e-02
-3.125635097237090126e-02
-3.115283714596268558e-02
-3.114951543731115172e-02
-3.108080627743603497e-02
-3.105910081899158556e-02
-3.104177856491157836e-02
-3.094865871984931946e-02
-3.091351496222038975e-02
-3.085819097266456063e-02
-3.079486825492465732e-02
-3.079410343372646769e-02
-3.070974722132293125e-02
-3.063255622860480698e-02
-3.060930310867607598e-02
-3.054177654659288171e-02
-3.051033006584320112e-02
-3.047090286882493324e-02
-3.044487429732371450e-02
-3.035521149751183381e-02
-3.030636733552420983e-02
-3.028007927928679302e-02
-3.025822101103199310e-02
-3.016984624443220381e-02
-3.011257164630838992e-02
-3.006797130205244098e-02
-3.003430969693293359e-02
-2.995696103743781397e-02
-2.995294099068358112e-02
-2.993107564513854471e-02
-2.987345749389021948e-02
-2.981227201464825560e-02
-2.979292994422323704e-02
-2.975467503547085668e-02
-2.974006836374114282e-02
-2.966535568945405030e-02
-2.961121720884334410e-02
-2.957113280557945381e-02
-2.954004642955359097e-02
-2.945673016322822996e-02
-2.941957165514575215e-02
-2.938635005466661357e-02
-2.932435068000519701e-02
-2.931415400575210911e-02
-2.924297346729482633e-02
-2.917995290871393255e-02
-2.912738553361047741e-02
-2.907060999336029058e-02
-2.906043958853782305e-02
-2.901308473369529350e-02
-2.898423927405235564e-02
-2.897324770111595754e-02
-2.891237678222291843e-02
-2.885715669209975437e-02
-2.884214606706082124e-02
-2.878477649747181524e-02
-2.876136502316044632e-02
-2.867339234778408866e-02
-2.866863028532391083e-02
-2.862567022887244766e-02
-2.858955161149005775e-02
-2.852945114239721289e-02
-2.850661969989526368e-02
-2.845058079293974473e-02
-2.838282294645897222e-02
-2.831692382112546355e-02
-2.828496562365639261e-02
-2.821573844330177092e-02
-2.817901862686339465e-02
-2.814642643414920833e-02
-2.812617080142940443e-02
-2.810243698596860337e-02
-2.804515189118585855e-02
-2.800559838295248877e-02
-2.792774289577906049e-02
-2.790098315911193269e-02
-2.788532155650025324e-02
-2.787858723360175234e-02
-2.779496835928929252e-02
-2.777956031477178678e-02
-2.768676239840133640e-02
-2.762922066023630607e-02
-2.758611707301380014e-02
-2.757389082312865225e-02
-2.751845274898738827e-02
-2.747456893631597397e-02
-2.744541822145175197e-02
-2.738713432744061677e-02
-2.734669195889400523e-02
-2.726085221704069653e-02
-2.723231034445310061e-02
-2.720563579655655567e-02
-2.717708297058092984e-02
-2.712059362264310214e-02
-2.709293114370021210e-02
-2.706299473489951618e-02
-2.702523799662873150e-02
-2.696749296216863212e-02
-2.690592732297210007e-02
-2.686980628496625848e-02
-2.682010080412302114e-02
-2.676788981699534595e-02
-2.671365776977852047e-02
-2.666465915452385232e-02
-2.664823367969137297e-02
-2.657786671565322278e-02
-2.657056930913610782e-02
-2.650262691590456188e-02
-2.644999114028117118e-02
-2.642590926690190772e-02
-2.638284559174770491e-02
-2.631496216984087824e-02
-2.628936224944301500e-02
-2.625866152206554269e-02
-2.624347980275780132e-02
-2.617112738008007047e-02
-2.615340282499712191e-02
-2.607978392682562541e-02
-2.604155944849956272e-02
-2.600682113567242756e-02
-2.597693106349408670e-02
-2.593157160952722431e-02
-2.591785485274444162e-02
-2.586070999646954138e-02
-2.575877523755888687e-02
-2.573489558135240787e-02
-2.566991043850596482e-02
-2.563025491634303779e-02
-2.561458567687944013e-02
-2.557469611911309879e-02
-2.554381301322612013e-02
-2.547011134522412373e-02
-2.543976879754405659e-02
-2.541468599039435269e-02
-2.533205376317426011e-02
-2.529656479518355150e-02
-2.522398137987696617e-02
-2.519234832983167222e-02
-2.517302699077894265e-02
-2.512869673359175923e-02
-2.509390880780927244e-02
-2.506457142208052408e-02
-2.504831579212899242e-02
-2.500766814455174930e-02
-2.495598070951738148e-02
-2.487834985596063669e-02
-2.486802852845884648e-02
-2.481462269184251182e-02
-2.478663901081787357e-02
-2.474828909034361424e-02
-2.469127668753283086e-02
-2.464818863397936349e-02
-2.462456067756116709e-02
-2.457439258408516611e-02
-2.455561750165557652e-02
-2.453468669142157277e-02
-2.450063859867305724e-02
-2.446475599913613963e-02
-2.442667766785293348e-02
-2.437293985096860779e-02
-2.436553200489703294e-02
-2.422872088386585424e-02
-2.419483160539751335e-02
-2.417600188717541551e-02
-2.416541544093461780e-02
-2.411444371982365137e-02
-2.409886663932343798e-02
-2.408659073410363005e-02
-2.402969676577039818e-02
-2.399204245039941036e-02
-2.394696965520944770e-02
-2.388970931870367312e-02
-2.387635102309506457e-02
-2.384417304861501802e-02
-2.379566484271044072e-02
-2.373671205784706403e-02
-2.372203124049088868e-02
-2.369819964365709603e-02
-2.361377740482545687e-02
-2.357471340230725063e-02
-2.354745519160365494e-02
-2.351049633163168617e-02
-2.343987680295582868e-02
-2.342211932285856446e-02
-2.338861513148441512e-02
-2.332977311386090838e-02
-2.332345423760552594e-02
-2.327186824864358253e-02
-2.323008595154766459e-02
-2.318336803789063788e-02
-2.316549965320643598e-02
-2.311111077316326326e-02
-2.310417843412647387e-02
-2.303249502050233252e-02
-2.297878331626879503e-02
-2.294713084522297109e-02
-2.288035978803684700e-02
-2.285869624721309154e-02
-2.280790089491870412e-02
-2.277313051394289425e-02
-2.277042545503450699e-02
-2.273939887487035072e-02
-2.266854100675774406e-02
-2.259542996116204253e-02
-2.257886384515114114e-02
-2.254311626618733452e-02
-2.249604735708585559e-02
-2.247446647812075329e-02
-2.242367073784729339e-02
-2.237863210470124667e-02
-2.232102023012337219e-02
-2.230719677181535257e-02
-2.229523456420385435e-02
-2.223327608777908235e-02
-2.219347655002245484e-02
-2.215295702736529496e-02
-2.214564112690051850e-02
-2.207573374911472527e-02
-2.205667301131750829e-02
-2.201870033215982264e-02
-2.191105268116221375e-02
-2.186838622158373407e-02
-2.183808013925023911e-02
-2.179437747046438639e-02
-2.178862747348993267e-02
-2.170939783218807026e-02
-2.167324477054865389e-02
-2.165910529764419890e-02
-2.159887355520628827e-02
-2.157703902372273136e-02
-2.153102933873200439e-02
-2.151721867684447745e-02
-2.148091889014243708e-02
-2.141630144192087706e-02
-2.136273376770062710e-02
-2.133057687767545355e-02
-2.128824038602391416e-02
-2.125076472202131264e-02
-2.122514327471540160e-02
-2.117461218492974057e-02
-2.114544403663026761e-02
-2.111335198955765005e-02
-2.110409313741020212e-02
-2.102665431496445955e-02
-2.097547716389480676e-02
-2.092714724856151523e-02
-2.089177173148443548e-02
-2.088665911281079729e-02
-2.082127141537055276e-02
-2.078992483166997723e-02
-2.074628856135568925e-02
-2.072191068047070026e-02
-2.069096586786058414e-02
-2.064043340851670627e-02
-2.061437876466581248e-02
-2.057566774588126882e-02
-2.052835697904291032e-02
-2.051009546011903564e-02
-2.045788991091368816e-02
-2.044153069331287875e-02
-2.035724573832138271e-02
-2.032075774805564353e-02
-2.029678692374310006e-02
-2.024614269839239422e-02
-2.023670014363646366e-02
-2.018433764920583851e-02
-2.016875901666477858e-02
-2.011712062456014888e-02
-2.010311042771443027e-02
-2.005607620786771170e-02
-2.001710509483327696e-02
-1.997480960441911507e-02
-1.991979373882900653e-02
-1.989452236122111334e-02
-1.986796427445775351e-02
-1.985231542378576228e-02
-1.978900492493856217e-02
-1.974612170635659317e-02
-1.967038443116844032e-02
-1.964082537473537879e-02
-1.957346407837439253e-02
-1.956218343484257549e-02
-1.955523485339975831e-02
-1.949713523885120148e-02
-1.946396618500585360e-02
-1.943921571201936982e-02
-1.941309566678872667e-02
-1.936930783059539682e-02
-1.934235655970459669e-02
-1.930954646258821808e-02
-1.927114983096759118e-02
-1.925225763905202836e-02
-1.921129594334372581e-02
-1.917111292174080231e-02
-1.912675724783302958e-02
-1.911408508842158196e-02
-1.905401833427468675e-02
-1.904008783766374113e-02
-1.900987324353555635e-02
-1.895791361815405210e-02
-1.891432524219279279e-02
-1.888778033873818318e-02
-1.881845562444824441e-02
-1.879097317495550395e-02
-1.870942559128392635e-02
-1.866849803007038580e-02
-1.865038083464585703e-02
-1.860009043791918323e-02
-1.858708120094854435e-02
-1.853871081623548189e-02
-1.851054849215960640e-02
-1.849007402513804313e-02
-1.842043506039856698e-02
-1.838829402882934116e-02
-1.835897962888512203e-02
-1.828807176942619239e-02
-1.827382774124623049e-02
-1.826958970359917472e-02
-1.820187574681515416e-02
-1.813539648112678579e-02
-1.811803951068790067e-02
-1.809090501997374922e-02
-1.805879782464459016e-02
-1.803240674499512197e-02
-1.800326641817480075e-02
-1.795274166741617217e-02
-1.793875606502910725e-02
-1.790011993869065898e-02
-1.784554838406033836e-02
-1.783619267347327092e-02
-1.779698147365561464e-02
-1.775419247909644505e-02
-1.772976191341555860e-02
-1.769262889315170728e-02
-1.766379631469798539e-02
-1.758369839645282373e-02
-1.750658374345782919e-02
-1.750007655240112467e-02
-1.745029771133368990e-02
-1.743611229688260544e-02
-1.739460483190719345e-02
-1.737799921870078826e-02
-1.732858272995929996e-02
-1.727314645563757592e-02
-1.721708118217186653e-02
-1.718191343521247028e-02
-1.716722296721944971e-02
-1.713939590702201823e-02
-1.710386143171276421e-02
-1.708098839290654938e-02
-1.704900596806940838e-02
-1.700973599460766511e-02
-1.699777885556316703e-02
-1.694059375035922993e-02
-1.691648634010867180e-02
-1.682139358661077777e-02
-1.680840583471362656e-02
-1.676714170340378243e-02
-1.671882088774394315e-02
-1.669976313472923413e-02
-1.667882358324094400e-02
-1.662882131049386175e-02
-1.658543900146770486e-02
-1.652230644098347245e-02
-1.651310404703925164e-02
-1.648013589670246914e-02
-1.643998174871693155e-02
-1.641690295367844235e-02
-1.637804537516667977e-02
-1.634880910413327726e-02
-1.629323436988144164e-02
-1.625884030874760744e-02
-1.621065976384917715e-02
-1.618542804394569948e-02
-1.615499107042853849e-02
-1.611718469345079993e-02
-1.606711495575086426e-02
-1.605625502591939008e-02
-1.601397026879637295e-02
-1.598453964404820959e-02
-1.596401370626037916e-02
-1.589310291763914446e-02
-1.587611376669326169e-02
-1.580755225962488658e-02
-1.574772024070288795e-02
-1.572622568083038852e-02
-1.570277790586633790e-02
-1.568018868533203880e-02
-1.565559631473932567e-02
-1.558460449171475241e-02
-1.555938471258810733e-02
-1.552762844884107013e-02
-1.548110230321398002e-02
-1.546859818632304734e-02
-1.541699960157038446e-02
-1.537868051951147251e-02
-1.531374198143621579e-02
-1.530807705603261584e-02
-1.528815131107113916e-02
-1.522967016394338041e-02
-1.520666891584959192e-02
-1.517969036698134898e-02
-1.516946163194281098e-02
-1.510782943383146872e-02
-1.507089863154065582e-02
-1.505048671983343078e-02
-1.501806416560536733e-02
-1.497942632934336042e-02
-1.492685825125796180e-02
-1.490133067302000514e-02
-1.487460862669577090e-02
-1.480146217078325520e-02
-1.478260115052426951e-02
-1.472752740729533702e-02
-1.469710181280351434e-02
-1.466722207092452206e-02
-1.464272036305274728e-02
-1.459262391628651789e-02
-1.456196636956726478e-02
-1.452932859257945186e-02
-1.448703109482077540e-02
-1.443872347481954012e-02
-1.440179126324961888e-02
-1.436606394884316559e-02
-1.433817830156994093e-02
-1.428251186606503166e-02
-1.423626917527112679e-02
-1.420371219226918523e-02
-1.417318383446118310e-02
-1.410079608197605840e-02
-1.409299453551670495e-02
-1.405791106725896508e-02
-1.403389156023869891e-02
-1.399333126855333009e-02
-1.396281214133270575e-02
-1.394779272734898018e-02
-1.391553181574035902e-02
-1.390802148144601978e-02
-1.388907254184340578e-02
-1.384777879948476641e-02
-1.375686336476136459e-02
-1.372451576973075273e-02
-1.368468714569897292e-02
-1.366667547581969407e-02
-1.364520746172166732e-02
-1.360776602038504292e-02
-1.355874926541030673e-02
-1.354572068818109092e-02
-1.351527893901915793e-02
-1.346002292928440494e-02
-1.344142275511707799e-02
-1.340280975518850885e-02
-1.337652557602834504e-02
-1.332757974633804778e-02
-1.329520943222895282e-02
-1.327465235976256659e-02
-1.323127981982031957e-02
-1.318731420578572386e-02
-1.316321550707740505e-02
-1.309664686750218639e-02
-1.308500964408977618e-02
-1.305182615525174103e-02
-1.298231360135722670e-02
-1.293297423240833202e-02
-1.291035705639003231e-02
-1.288858377728696429e-02
-1.286911992655986013e-02
-1.283128874739137074e-02
-1.281202878635630781e-02
-1.280012707611176762e-02
-1.276695807648556280e-02
-1.272173265100604370e-02
-1.269720929156050587e-02
-1.262268466983687380e-02
-1.256356620358633353e-02
-1.253907098956686013e-02
-1.250880983951972204e-02
-1.248506129997548238e-02
-1.244747754488824409e-02
-1.242079533729517279e-02
-1.239604657553907557e-02
-1.235168705982231732e-02
-1.230804485241402887e-02
-1.229677683549846613e-02
-1.225326442595849226e-02
-1.219535671947232988e-02
-1.216381607054445486e-02
-1.215046874655947677e-02
-1.208132081241936225e-02
-1.206720974634717565e-02
-1.203838978444963376e-02
-1.202138294027582134e-02
-1.198483000268058506e-02
-1.193676949242356185e-02
-1.191612533609130199e-02
-1.184787701644654176e-02
-1.181153763255463757e-02
-1.178659663367536380e-02
-1.175194500191324362e-02
-1.174507864839161204e-02
-1.170742607847907561e-02
-1.163539830704704396e-02
-1.162606645721227239e-02
-1.159215698318657832e-02
-1.153141239115882712e-02
-1.148527993081212978e-02
-1.147671047339325276e-02
-1.145628137567628914e-02
-1.142765258145337151e-02
-1.137370181116256242e-02
-1.131713323963136515e-02
-1.127142110866084443e-02
-1.124583820539321391e-02
-1.120053242584537374e-02
-1.116749762630177625e-02
-1.114624296845658294e-02
-1.109325324961020140e-02
-1.105121746680068004e-02
-1.099533144197776570e-02
-1.097664426408814092e-02
-1.094683484321861203e-02
-1.093054313996941543e-02
-1.088250385048130861e-02
-1.085259319631154060e-02
-1.081756025624447740e-02
-1.080114676512563404e-02
-1.075671439923321995e-02
-1.071123338368188890e-02
-1.069607653345877422e-02
-1.068164972082494626e-02
-1.062705102737258704e-02
-1.059280943110341329e-02
-1.050723636214203997e-02
-1.049631211093630077e-02
-1.046678722794789143e-02
-1.044048654069812399e-02
-1.038732197785335008e-02
-1.036226653015908002e-02
-1.035999310683104364e-02
-1.032023263941350688e-02
-1.027729036116668479e-02
-1.020247576545258751e-02
-1.018513296073796960e-02
-1.016756196584799044e-02
-1.014829671769808435e-02
-1.009562213496974399e-02
-1.008662076105041119e-02
-1.006819415868344392e-02
-1.002240686525954737e-02
-9.994796517097103219e-03
-9.925472334525535165e-03
-9.903746723086383902e-03
-9.852372992839588187e-03
-9.847454264819454836e-03
-9.815332447352187809e-03
-9.796745344391869989e-03
-9.748204150924420427e-03
-9.709321114343957837e-03
-9.684815108944372017e-03
-9.657379417681286049e-03
-9.618485640329535458e-03
-9.606671628282381636e-03
-9.568923937900803908e-03
-9.518356878095745807e-03
-9.478474341900765265e-03
-9.411456482693598968e-03
-9.380989321647681747e-03
-9.371181101896256319e-03
-9.305340214873569077e-03
-9.273650840989074856e-03
-9.265994019634096052e-03
-9.228356744078975576e-03
-9.202237936757201586e-03
-9.166538114085350658e-03
-9.120142310954322540e-03
-9.085147781563182243e-03
-9.079048864881920575e-03
-9.026623341145954479e-03
-8.984701545154859942e-03
-8.962238536646172787e-03
-8.934651201913919663e-03
-8.915814885975512777e-03
-8.885394724209880885e-03
-8.812353165506442085e-03
-8.780597017149813915e-03
-8.742555017443795484e-03
-8.695498080531860116e-03
-8.679607245163778809e-03
-8.652307238228799241e-03
-8.551131358001428859e-03
-8.534647747811154386e-03
-8.491652311833556080e-03
-8.473880172418481876e-03
-8.430446893778427431e-03
-8.402731899814160771e-03
-8.377701954408610721e-03
-8.310567263179869865e-03
-8.272388338154863796e-03
-8.257749198560364323e-03
-8.198915282714250644e-03
-8.143739553375240262e-03
-8.139700234435802081e-03
-8.125276034981133294e-03
-8.080686093184599045e-03
-8.049946049563572528e-03
-8.006459074895040315e-03
-7.994126133187442682e-03
-7.988295920126795360e-03
-7.964431578069090106e-03
-7.905574456885540099e-03
-7.878214149213880538e-03
-7.791590208297109743e-03
-7.775111720813588853e-03
-7.752548761965029865e-03
-7.720121942876456526e-03
-7.668223944782491010e-03
-7.644706470008673718e-03
-7.621987540699125437e-03
-7.536790260359883635e-03
-7.516201357881251675e-03
-7.470907368161454169e-03
-7.437167882659004650e-03
-7.420161645031747404e-03
-7.385978432485741305e-03
-7.346841350634633096e-03
-7.304330630913264712e-03
-7.276729673885335564e-03
-7.258291114025429772e-03
-7.214897751509401214e-03
-7.206742559051666427e-03
-7.165953786879027294e-03
-7.135721752374595168e-03
-7.095703771573124048e-03
-7.068289680351183546e-03
-7.023416224780923249e-03
-7.001875262919590032e-03
-6.954220455174232179e-03
-6.926671297655085172e-03
-6.882934245477460682e-03
-6.857347401307423672e-03
-6.826868966039323014e-03
-6.786295416894636348e-03
-6.748340854112702680e-03
-6.735731837443701200e-03
-6.643642035985783748e-03
-6.598660553789573342e-03
-6.574191019784442376e-03
-6.540925723362138802e-03
-6.521100541833743831e-03
-6.489549550545503989e-03
-6.437954654933204963e-03
-6.357550167775067283e-03
-6.345069399688191454e-03
-6.340118033105227383e-03
-6.321280651162259831e-03
-6.283356139878197924e-03
-6.278493766672750900e-03
-6.235775814044869532e-03
-6.228894005686904517e-03
-6.152676796231778579e-03
-6.132982173938871483e-03
-6.129373430819608747e-03
-6.111411283914618131e-03
-6.079585260767303781e-03
-6.026235257168221192e-03
-5.980530872901303717e-03
-5.947832430564214609e-03
-5.870519732687950500e-03
-5.840763766643811486e-03
-5.805988011998965831e-03
-5.779140947877714138e-03
-5.714770315452983272e-03
-5.698861016256847808e-03
-5.682739187831753642e-03
-5.624830858966378862e-03
-5.588727530036224043e-03
-5.564319954050500790e-03
-5.515500036456521399e-03
-5.501619661349249797e-03
-5.417453350435546058e-03
-5.407472852933001110e-03
-5.327975785980989046e-03
-5.291223222979828458e-03
-5.272287792387212770e-03
-5.261855859975649898e-03
-5.234903019213104150e-03
-5.198648838868872094e-03
-5.185222338216822352e-03
-5.171438910320144342e-03
-5.135602451676298322e-03
-5.079989166464364027e-03
-5.052500784223827937e-03
-5.032339743481288943e-03
-5.004751231901613355e-03
-4.952999784510830894e-03
-4.933359215242147031e-03
-4.851712486598049393e-03
-4.817895635212528400e-03
-4.800749190686321756e-03
-4.793600064608265210e-03
-4.743865444900144390e-03
-4.713931529911156819e-03
-4.688382258963019918e-03
-4.644397414696476573e-03
-4.607268339656652931e-03
-4.574767295974000066e-03
-4.542948394787933025e-03
-4.507381709860890096e-03
-4.484902460632629942e-03
-4.427763062588399232e-03
-4.392055549192921786e-03
-4.381901181884231312e-03
-4.351394787530295932e-03
-4.306593231939125944e-03
-4.247260317734990326e-03
-4.197780174298301401e-03
-4.196401801981419419e-03
-4.173065471020765901e-03
-4.140619382157685602e-03
-4.112392983101932631e-03
-4.088045777771697094e-03
-4.043344021599189382e-03
-4.026070310904889156e-03
-3.954248531286651443e-03
-3.923269355943173435e-03
-3.856381503806564481e-03
-3.854144880440018954e-03
-3.840368069621595201e-03
-3.796626996507644191e-03
-3.779350084233365839e-03
-3.710907974627198659e-03
-3.670999593077677991e-03
-3.651246592852150537e-03
-3.604910329682188466e-03
-3.569996890189066751e-03
-3.540214784666393787e-03
-3.505749005955184107e-03
-3.476216915921407583e-03
-3.462943910102195006e-03
-3.427275052478246601e-03
-3.382217721333208738e-03
-3.339789010485912611e-03
-3.311117409379235078e-03
-3.263466772431937880e-03
-3.212667048912595108e-03
-3.176569818474282453e-03
-3.096791599597534164e-03
-3.067882506678827441e-03
-3.036298911978994267e-03
-3.007455759337779744e-03
-2.983173381824568912e-03
-2.969876345908480878e-03
-2.915334743564191016e-03
-2.907644050329856629e-03
-2.841914372704406905e-03
-2.817273576027767065e-03
-2.787805086699059361e-03
-2.738481529079479521e-03
-2.715719555321195397e-03
-2.710694946575783505e-03
-2.644051032500937398e-03
-2.612567090052917047e-03
-2.570927682006170483e-03
-2.546704462071530672e-03
-2.523424966030171027e-03
-2.496144729037418162e-03
-2.456455904623310905e-03
-2.445628088040557088e-03
-2.395934677117434776e-03
-2.363606147616174793e-03
-2.334946245680693741e-03
-2.308464592053938950e-03
-2.286232894827228395e-03
-2.256862439895581871e-03
-2.210160390998331444e-03
-2.158938412403195364e-03
-2.141450466489691097e-03
-2.100878365618253588e-03
-2.068899360215184849e-03
-2.020901266842036609e-03
-2.011543055398042242e-03
-1.954123454290496165e-03
-1.936729549326508641e-03
-1.882838621586423351e-03
-1.861529815431294324e-03
-1.808069022744776804e-03
-1.792560256480037846e-03
-1.761554098353762879e-03
-1.715062659155565253e-03
-1.690499270275073410e-03
-1.663151796171260079e-03
-1.631377507392861061e-03
-1.593538528511205532e-03
-1.560778065443392103e-03
-1.537704169993001427e-03
-1.526036421481558351e-03
-1.478576145895373799e-03
-1.432984254323516450e-03
-1.405041518359757781e-03
-1.365556034085095398e-03
-1.357103892254943669e-03
-1.343391218404168001e-03
-1.316912604156947504e-03
-1.271180330526574436e-03
-1.254522651233823264e-03
-1.213335685458408197e-03
-1.172131583421669567e-03
-1.132824742521072780e-03
-1.076801998148527433e-03
-1.030997209922797104e-03
-1.016012174700525262e-03
-9.513222557814941804e-04
-9.317018014736885801e-04
-9.062582135167602171e-04
-8.817603584570946149e-04
-8.599576912193458191e-04
-7.883053475663041832e-04
-7.772091683752326528e-04
-7.567414679317927169e-04
-6.956714822649253966e-04
-6.571242821351839548e-04
-6.425824985008931744e-04
-5.936796199976411776e-04
-5.798685142389299607e-04
-5.499634004865427929e-04
-5.111479196254313517e-04
-4.900474259453837470e-04
-4.569281367879537395e-04
-4.392450766443865839e-04
-3.688896163794129620e-04
-3.253331717878410836e-04
-2.931810597862783015e-04
-2.919810942589653470e-04
-2.611509132993066027e-04
-2.068358997252284237e-04
-1.624121001345756965e-04
-1.423713589535286264e-04
-9.147918736569615576e-05
-6.737513273914495023e-05
-5.496250524172323489e-05
-2.101356900803829869e-07
4.148419642510339398e-05
8.280806223267880568e-05
9.173430080515351760e-05
1.312523184610820727e-04
1.727163377854946751e-04
2.221168530086835573e-04
2.533687567227864467e-04
3.050346125159133495e-04
3.199068580242347341e-04
3.711531021759276465e-04
4.061851414931695451e-04
4.146595266059358888e-04
4.722904737190009765e-04
4.977429634153013316e-04
5.330156343320816177e-04
5.563694560232741813e-04
5.874861572462591105e-04
6.247034803741479021e-04
6.594812406045495864e-04
6.776641664354145179e-04
6.999867700465867062e-04
7.706739389402730107e-04
8.088366754896297861e-04
8.438560912105933648e-04
9.001477392185483657e-04
9.125110455894182727e-04
9.276227205494256981e-04
9.733377390233874165e-04
9.974761755118443859e-04
1.017935529826653014e-03
1.088640579549071587e-03
1.110831864258606146e-03
1.142073464039277449e-03
1.170810028461841817e-03
1.199318080498250425e-03
1.235243997532678006e-03
1.266282266409025567e-03
1.300372529414396813e-03
1.325347571360371715e-03
1.368462601131868002e-03
1.390515541292577971e-03
1.444396060905761472e-03
1.468587717921859478e-03
1.532322056903433162e-03
1.548568060759310727e-03
1.585767611939013430e-03
1.610871411770024159e-03
1.625466477599281844e-03
1.701769272082674861e-03
1.737764982570198097e-03
1.745633404012011903e-03
1.804789304949005503e-03
1.839309242057048576e-03
1.866310975934912459e-03
1.900779356581391378e-03
1.931307757171057352e-03
1.950511041364917609e-03
1.962161282717035573e-03
1.982398758625114783e-03
2.020632007186514041e-03
2.053338264363736669e-03
2.062670326569117623e-03
2.083031881788089540e-03
2.120802808665831537e-03
2.177123069564751087e-03
2.222600406189707226e-03
2.241195348509249317e-03
2.265550394979599230e-03
2.319703403949317788e-03
2.333095626289648488e-03
2.413630522588990253e-03
2.441995770684760991e-03
2.461816991013139090e-03
2.500121643443366411e-03
2.514403388771509033e-03
2.542469450245982317e-03
2.586586840599725771e-03
2.635354925272811837e-03
2.656592304020940955e-03
2.684366674769513798e-03
2.720569742564803422e-03
2.748782618645879711e-03
2.778964215472799412e-03
2.823129377939240410e-03
2.859556568549121054e-03
2.865615432201685641e-03
2.915422668244298417e-03
2.995199429652408742e-03
3.022388660911735914e-03
3.045523945818450536e-03
3.049444823073883468e-03
3.087239308910143427e-03
3.159445635641747879e-03
3.207551391898423761e-03
3.223639943257042718e-03
3.248963945649426931e-03
3.284602108191001044e-03
3.327407282926790177e-03
3.329326282330991559e-03
3.364691794791031115e-03
3.406931857467365970e-03
3.451493549108585780e-03
3.493841180526890446e-03
3.496594995705612583e-03
3.551179472417928789e-03
3.594994512518119318e-03
3.608339150083963390e-03
3.634619493900196306e-03
3.695273165830908688e-03
3.726594859370001983e-03
3.759719579674905207e-03
3.796551129386136793e-03
3.814973988562722282e-03
3.847799750298275603e-03
3.914924724582082016e-03
3.939823751996899930e-03
3.950092075327261455e-03
3.978347059634734784e-03
4.021400001461666353e-03
4.105764891664643625e-03
4.134397311563875986e-03
4.150525000835169134e-03
4.213509291910764488e-03
4.235321857839861003e-03
4.251709422675937003e-03
4.291490046377540932e-03
4.319466896522464877e-03
4.352369100551856801e-03
4.407192008309358290e-03
4.460610519085990607e-03
4.518072397818584211e-03
4.537411124841486849e-03
4.571754815746480703e-03
4.593672435143737916e-03
4.641452560586638645e-03
4.663743256267355135e-03
4.678401656159371196e-03
4.745858177325493199e-03
4.754188783844402050e-03
4.787906756064547534e-03
4.801192979314441306e-03
4.833060644612213567e-03
4.850656635672251013e-03
4.886850773776678022e-03
4.921986648150661336e-03
5.001268084584102429e-03
5.038854321950432189e-03
5.113219731611749926e-03
5.159500244224788854e-03
5.181682646774384872e-03
5.199958648672476161e-03
5.223663791354231194e-03
5.258835888702855996e-03
5.279807612187528178e-03
5.349791700496858878e-03
5.358216132133212205e-03
5.379871493409125668e-03
5.435703795051572383e-03
5.454532010572003993e-03
5.466773919556478130e-03
5.526296646168742631e-03
5.583466058720189772e-03
5.618971512108010893e-03
5.641412408328723427e-03
5.668090820856817175e-03
5.674332694759006215e-03
5.708571243262346856e-03
5.730244484115107166e-03
5.770138104430807928e-03
5.812528568448259783e-03
5.855267576541294677e-03
5.862376713202442288e-03
5.891565951190970256e-03
5.940498615103394220e-03
5.999478810816145924e-03
6.035225600052080905e-03
6.048524046425718739e-03
6.062782118205884384e-03
6.123115189404227700e-03
6.139435913932202865e-03
6.176587354579637229e-03
6.196092132106943706e-03
6.202719341320887987e-03
6.245130990276902792e-03
6.293562077939286910e-03
6.333065344630170457e-03
6.400849274994568038e-03
6.404093413390011050e-03
6.419984780462099569e-03
6.510755858664540527e-03
6.520775256311676232e-03
6.559172417516285700e-03
6.599861338472859384e-03
6.606627607765059966e-03
6.637456428091432006e-03
6.712619463978792417e-03
6.718303191999358374e-03
6.739818563424584616e-03
6.775591823600280068e-03
6.815036468797508636e-03
6.861374155197121592e-03
6.893048216701169739e-03
6.937370980259262646e-03
6.955561046995394417e-03
6.984194942580044391e-03
7.053489974465823598e-03
7.090466916584456034e-03
7.125482804160796803e-03
7.149658375096811826e-03
7.153967790590770592e-03
7.212007155484007059e-03
7.227285385339302960e-03
7.259147713816317335e-03
7.292185203924185337e-03
7.326277083445234192e-03
7.376033804448440742e-03
7.404117455148219451e-03
7.426317381085255354e-03
7.460897326016466616e-03
7.494985574526548747e-03
7.530025847955125473e-03
7.564160999617266026e-03
7.640196510007230164e-03
7.648604828637974896e-03
7.701802727310272552e-03
7.721826914148367457e-03
7.733277176042804672e-03
7.781108479100963017e-03
7.811068100090088999e-03
7.827344005909935704e-03
7.903370466516370513e-03
7.960516738295888781e-03
7.992029550959907358e-03
8.011079877474376956e-03
8.061865426698606660e-03
8.082937312148180675e-03
8.098224698207494646e-03
8.128413227504899599e-03
8.155779760094301889e-03
8.193451471210637382e-03
8.235372853092800746e-03
8.271413406190926410e-03
8.303409417038403253e-03
8.325066355314233654e-03
8.364054509656087405e-03
8.401461415307256292e-03
8.436087089480147350e-03
8.447229677973544168e-03
8.502546225969466812e-03
8.525896733607546060e-03
8.552684824686103762e-03
8.616456016712651864e-03
8.665767078096889633e-03
8.706510565889504297e-03
8.728611080446235446e-03
8.761853040853799512e-03
8.778460400723647056e-03
8.823827238740266504e-03
8.832796269186123442e-03
8.892932715269002975e-03
8.943933631630303013e-03
8.966410678247991803e-03
8.995714597779893434e-03
9.045629696051627269e-03
9.081299966438005286e-03
9.089538047231067452e-03
9.099774480019921091e-03
9.122831824857135369e-03
9.153808398660499834e-03
9.228779907051874037e-03
9.245572458136933416e-03
9.314094191641227385e-03
9.341623705877414099e-03
9.363703378467879562e-03
9.403668811270310054e-03
9.447723467750619372e-03
9.458475121506895733e-03
9.493306787574576702e-03
9.505423664743124085e-03
9.594254402701490186e-03
9.605778988526847764e-03
9.648978503087678182e-03
9.662984773763129420e-03
9.724209106788521753e-03
9.777423822687184365e-03
9.786332965981600282e-03
9.819163192995295636e-03
9.862201259889879709e-03
9.911919947131333369e-03
9.944919677845706629e-03
9.997242513453517485e-03
1.000988086804909666e-02
1.004053228569178925e-02
1.006631742630945993e-02
1.011956996487624674e-02
1.015235846808142280e-02
1.019079162437744671e-02
1.022796686534165750e-02
1.025893886702322795e-02
1.028040336358552673e-02
1.034624610406478795e-02
1.035408292269923355e-02
1.038419522525061561e-02
1.043595832462445964e-02
1.047583147316377521e-02
1.049443032156092623e-02
1.053132326989492454e-02
1.055836849238181267e-02
1.056486058879528046e-02
1.059118412613661332e-02
1.063450616464230690e-02
1.065454355199404145e-02
1.069278011430507304e-02
1.073392348595308791e-02
1.073738346905766042e-02
1.076923447102290723e-02
1.080007174815820342e-02
1.087747757906672337e-02
1.094733421967299114e-02
1.099135614873720038e-02
1.100868514773694316e-02
1.102877559687692223e-02
1.104748295868656846e-02
1.110671716284200583e-02
1.115936500386752878e-02
1.117927016147880412e-02
1.120801416082788625e-02
1.121342297132403749e-02
1.125553891445954351e-02
1.129834548436802442e-02
1.135161124974938193e-02
1.139524114787646147e-02
1.141316420952277408e-02
1.143585408695014724e-02
1.147477562314315296e-02
1.148472843744819706e-02
1.153057549851726864e-02
1.159877156220835356e-02
1.161116187553927481e-02
1.165432425357640703e-02
1.168491067599896661e-02
1.174953650831608160e-02
1.178374975416976965e-02
1.181112510415709485e-02
1.184823179132151252e-02
1.190882251259338213e-02
1.191288978882889746e-02
1.194529341536530037e-02
1.200597161304941748e-02
1.203413697248504992e-02
1.208798381856510118e-02
1.210166756525026845e-02
1.216711704136950144e-02
1.221045291014676709e-02
1.227269761374794044e-02
1.228043052793912834e-02
1.229768263314328161e-02
1.235313685954948781e-02
1.237719362384351492e-02
1.241234260392509552e-02
1.242278317557933554e-02
1.246384739075463710e-02
1.250350822501951342e-02
1.255006043038443125e-02
1.257742736272192061e-02
1.260114908874125986e-02
1.262263092074175988e-02
1.266960817382296357e-02
1.272074351035707741e-02
1.273761582902280774e-02
1.279261475654455346e-02
1.282330978186716972e-02
1.287707448186154423e-02
1.289271272084657055e-02
1.291071800408667182e-02
1.297523758779482901e-02
1.300167684618138211e-02
1.301734828858991735e-02
1.302177260983838208e-02
1.306233655539498946e-02
1.312000931056424118e-02
1.314402743231585929e-02
1.318994034725863400e-02
1.320507589542456797e-02
1.323942982856449700e-02
1.327791481680411570e-02
1.332445187429649736e-02
1.339853824633188695e-02
1.341622037077940324e-02
1.348251948280353857e-02
1.349143277312213861e-02
1.350850773392018624e-02
1.354533539020635891e-02
1.357971877277351982e-02
1.366329190855206620e-02
1.368964601558400780e-02
1.373469562421293123e-02
1.376181055877451556e-02
1.381942456655742453e-02
1.383465465469733459e-02
1.389146405915449821e-02
1.390915760149677265e-02
1.394525223329555474e-02
1.398475455184966000e-02
1.399150715615407603e-02
1.405603005818543451e-02
1.406986709800111396e-02
1.409326594379555452e-02
1.411898376304631525e-02
1.416324250223821232e-02
1.421811995519241950e-02
1.423127841117256126e-02
1.426270347190055320e-02
1.427687598838038932e-02
1.437015459246668639e-02
1.441757818514629620e-02
1.444911323057947346e-02
1.448182778952353776e-02
1.449687929684650815e-02
1.451691599164241231e-02
1.456494345259956927e-02
1.460487403866890695e-02
1.463027727702865578e-02
1.467501138346197220e-02
1.469457883369547357e-02
1.473131059090540540e-02
1.476761812569503396e-02
1.479640661050847170e-02
1.485958891738785835e-02
1.490346595645529980e-02
1.491211199233185951e-02
1.495388512857099249e-02
1.501902761340902746e-02
1.506922717640874106e-02
1.507589402525142536e-02
1.512295264345600229e-02
1.517797901756451871e-02
1.519512016259112058e-02
1.522957692133247720e-02
1.525609607236943360e-02
1.529663736286485456e-02
1.534076665692394800e-02
1.535134244908965308e-02
1.540927537268076651e-02
1.543802449875456874e-02
1.547969760010618930e-02
1.548924571907749938e-02
1.552938341314671379e-02
1.558094056875368970e-02
1.560997176519285032e-02
1.563496304925235392e-02
1.567294718112103441e-02
1.569308485329038230e-02
1.575789450604938094e-02
1.578429072725543239e-02
1.583238890436602930e-02
1.585930102584535289e-02
1.593440556113214640e-02
1.595642875596634327e-02
1.598044038201596601e-02
1.602165188637911727e-02
1.604952059464865091e-02
1.605861664414801049e-02
1.606895591828254657e-02
1.616240751049532326e-02
1.622430875818355392e-02
1.623378990608251304e-02
1.628110077488740051e-02
1.632226981942694680e-02
1.632805130633999818e-02
1.639254912051006305e-02
1.640513900761193453e-02
1.642700229060544553e-02
1.648994412618044400e-02
1.651696057630941752e-02
1.659242235597462381e-02
1.662331941749851244e-02
1.665865717295612544e-02
1.667968149984648887e-02
1.673001431173018125e-02
1.677973577618305581e-02
1.682370897348162489e-02
1.685307510742424519e-02
1.689098717676938699e-02
1.691791777971853386e-02
1.695095653662036239e-02
1.699498290875000456e-02
1.702906689243782745e-02
1.707421732626494132e-02
1.707650251275139378e-02
1.712183299042676146e-02
1.721022733344773278e-02
1.722779917305729616e-02
1.725368556737481157e-02
1.729454439341209654e-02
1.732562069217570902e-02
1.735519253445191867e-02
1.737042893719254258e-02
1.740259721802879175e-02
1.746541328976374680e-02
1.747910283265443482e-02
1.751709781436256927e-02
1.757407463991596253e-02
1.758969219856872448e-02
1.761966465183935696e-02
1.766661082089242968e-02
1.771867756179275333e-02
1.773136906156612055e-02
1.778424694241697440e-02
1.780485376222129199e-02
1.782381250030865352e-02
1.783511078304879025e-02
1.788788570514230139e-02
1.793506642190908704e-02
1.796966714370878265e-02
1.806043702773771700e-02
1.808895059840077632e-02
1.815294045064536066e-02
1.818437356295544982e-02
1.821277301197212276e-02
1.823088059722323406e-02
1.825245471044471476e-02
1.827253578069711754e-02
1.831710771055701167e-02
1.833712181554726997e-02
1.836817866742346955e-02
1.844875311426344769e-02
1.851247401685385957e-02
1.851995273547597451e-02
1.856459368508181496e-02
1.857411966097720704e-02
1.863267549717144075e-02
1.869254961643212684e-02
1.871592645674218999e-02
1.875400031637549855e-02
1.876654694268506396e-02
1.880047487754618607e-02
1.885837087441608398e-02
1.888892145953450716e-02
1.892794022314108274e-02
1.899242934175469910e-02
1.899791586529607501e-02
1.901845432523173798e-02
1.905289201242236011e-02
1.911686112218180175e-02
1.914277209930890719e-02
1.915336294398357550e-02
1.923911344845072660e-02
1.925223032269000184e-02
1.930408889773905026e-02
1.933748568808854942e-02
1.937490768442018049e-02
1.938787245265802608e-02
1.945137381515001790e-02
1.946819177940845372e-02
1.952646572733330102e-02
1.955401994715638692e-02
1.958857963794341864e-02
1.960676084800367508e-02
1.965327400343896969e-02
1.969671400259949065e-02
1.974245333795065713e-02
1.976768402095606739e-02
1.979486709947449879e-02
1.983122587490120103e-02
1.984834111540405288e-02
1.991887095053837195e-02
1.996726566564292066e-02
1.998523498951744470e-02
2.005917692067420502e-02
2.010076626479374851e-02
2.012188156648421836e-02
2.016572486175389686e-02
2.019830811531954373e-02
2.021528905890986050e-02
2.025978722307070212e-02
2.028837627251110776e-02
2.031767062374331689e-02
2.034467704629358206e-02
2.044018175118041472e-02
2.047102583026157163e-02
2.050052038486150155e-02
2.056309316564660858e-02
2.057923946038156190e-02
2.062790555363534090e-02
2.068887908445845095e-02
2.069302718241634517e-02
2.076966208609826170e-02
2.079707319142437213e-02
2.083098269859303547e-02
2.087742340278568934e-02
2.088774754032226080e-02
2.093601728945572102e-02
2.096545503558239210e-02
2.099633322753222467e-02
2.104761871653372529e-02
2.106096353408957664e-02
2.108566872223011091e-02
2.114172685772851279e-02
2.119899039424941178e-02
2.123533066862535665e-02
2.128378907135006909e-02
2.131126920428489530e-02
2.134626182385976692e-02
2.137333283969219955e-02
2.140868659084340861e-02
2.144904685327186575e-02
2.150932931292177247e-02
2.156284381541724582e-02
2.159018897160399839e-02
2.163599305901345304e-02
2.166938410401488685e-02
2.172119189616538923e-02
2.173406786541118990e-02
2.177564620433051351e-02
2.179071883868429968e-02
2.183761849915309347e-02
2.188767880968023674e-02
2.190774519599261033e-02
2.195626542322788241e-02
2.199477016876267774e-02
2.201577116302361886e-02
2.206888151512104504e-02
2.211364882441471669e-02
2.216079659709077609e-02
2.217816000224425571e-02
2.223839660627397255e-02
2.227975319131069235e-02
2.229139409894333179e-02
2.232194573011935662e-02
2.238857555767675978e-02
2.241335911060761757e-02
2.242505570811633223e-02
2.251235411722087368e-02
2.254590117523320308e-02
2.261382912496810726e-02
2.261879027176733406e-02
2.265661584909427206e-02
2.271637678105963357e-02
2.273410035855571651e-02
2.282444124819281439e-02
2.284529336281952358e-02
2.287061196231465407e-02
2.290146392916126220e-02
2.294909274303542218e-02
2.299661517638084199e-02
2.303083392577988733e-02
2.306814570649303592e-02
2.309970076953556453e-02
2.313854104757841895e-02
2.317830062163997104e-02
2.322116553201696368e-02
2.328604292842541973e-02
2.335581699161725505e-02
2.337645906755463424e-02
2.341938541879956884e-02
2.344577063428900793e-02
2.347869890735647044e-02
2.353164910923964681e-02
2.357281428882353203e-02
2.360898744969018581e-02
2.364682070734488994e-02
2.366341261955811834e-02
2.371482434922234789e-02
2.375821365170378840e-02
2.377527666119906569e-02
2.378079302671470482e-02
2.391055121167456540e-02
2.392487613304741106e-02
2.395584490168253464e-02
2.398860497221248084e-02
2.402302133098356551e-02
2.411103651724161301e-02
2.414866808465937487e-02
2.418537878650673170e-02
2.419753319661903726e-02
2.426241694465301052e-02
2.432020217617202051e-02
2.435943333356500526e-02
2.436552719130726657e-02
2.444380748185213253e-02
2.448808868291484434e-02
2.450611458181490426e-02
2.459418993394427502e-02
2.461728926297132927e-02
2.465292627557544997e-02
2.468122191532625895e-02
2.473611008311464229e-02
2.478073108428780272e-02
2.484222122304691194e-02
2.489494811793697970e-02
2.489959731025085179e-02
2.493945534127008437e-02
2.495413747947434688e-02
2.499920912134553225e-02
2.502655896825038695e-02
2.509071416911543354e-02
2.515237031522371547e-02
2.516863706381559582e-02
2.523110462233801865e-02
2.526735606491682662e-02
2.532501745139725813e-02
2.533257519471183994e-02
2.538473745733324169e-02
2.542885684056584578e-02
2.544896325929739411e-02
2.550067301962331834e-02
2.556065356633472826e-02
2.559571798815802463e-02
2.562048212906702788e-02
2.566311014525692741e-02
2.570310603490617157e-02
2.570997469555293125e-02
2.576966113968942595e-02
2.586713479758479678e-02
2.588376154115598279e-02
2.590138712967050144e-02
2.593544103705898440e-02
2.597630869439026755e-02
2.601198409652674681e-02
2.607011740925301718e-02
2.612767517081451482e-02
2.617999937729427462e-02
2.621087791271606640e-02
2.625660295852730308e-02
2.628873020327318621e-02
2.633942847745264493e-02
2.638407340079187285e-02
2.640858592732884397e-02
2.642196140327476156e-02
2.648028458200774385e-02
2.654453363136364055e-02
2.655287519074405606e-02
2.660197630889648765e-02
2.667434784516097002e-02
2.670527277064697544e-02
2.672289822037195520e-02
2.680784380765047215e-02
2.683962355336735536e-02
2.687065693479130310e-02
2.689373880796014360e-02
2.697388283245255244e-02
2.701726221090292035e-02
2.705873304058928341e-02
2.707852431540824084e-02
2.712502634707053550e-02
2.717604363403487711e-02
2.718090334682492226e-02
2.721825793916257674e-02
2.728252595814369130e-02
2.729421972272947847e-02
2.736392425145654783e-02
2.741422682659108365e-02
2.743177411050401471e-02
2.750269405721077198e-02
2.756126269467263495e-02
2.758064778114988416e-02
2.762223955918212751e-02
2.764780536583631362e-02
2.769161934328927266e-02
2.774667610507474194e-02
2.784761624171563574e-02
2.787041268415740153e-02
2.795664381965557929e-02
2.796567529515263037e-02
2.800803772648073967e-02
2.800971743078174009e-02
2.804876734400283539e-02
2.810488691146618284e-02
2.816109853154374204e-02
2.818200542437032316e-02
2.824117627381880422e-02
2.826281502514446653e-02
2.838950592216764324e-02
2.840118909793826196e-02
2.842612857868513990e-02
2.846230842813772186e-02
2.849854838237485949e-02
2.855001503922338993e-02
2.860448174840291707e-02
2.865421497157814509e-02
2.873945287563611783e-02
2.877044465500864026e-02
2.877567449162719490e-02
2.883390324153072698e-02
2.889420904758209160e-02
2.894045053521365762e-02
2.900485840401077417e-02
2.902051753807932677e-02
2.902886476524603118e-02
2.906991435259319995e-02
2.912515609192058499e-02
2.916587588538850986e-02
2.921105500897637139e-02
2.926093316733411470e-02
2.934577105844677486e-02
2.935865176369341009e-02
2.944297241761440614e-02
2.948377853985010080e-02
2.953474284549209572e-02
2.956718931106460183e-02
2.959152929710597013e-02
2.963324443062126043e-02
2.973158412197648634e-02
2.975706883175840284e-02
2.981992542988282091e-02
2.987646301336794111e-02
2.991018395148327402e-02
2.993857276096139469e-02
3.000301352895954829e-02
3.004255276297758750e-02
3.009344215505607711e-02
3.016151544663696338e-02
3.021202224943578957e-02
3.028586634758978838e-02
3.030510201800786646e-02
3.035294475203033707e-02
3.040531857427219986e-02
3.044089098236687010e-02
3.050102742914044540e-02
3.053194763886445465e-02
3.060442618070567666e-02
3.062218887932211669e-02
3.067057974880733548e-02
3.075150302098015806e-02
3.077650882107202043e-02
3.085917630374201623e-02
3.086952474517264816e-02
3.091873931125063354e-02
3.094351800974555824e-02
3.099858456773424073e-02
3.104294192553850446e-02
3.111995208821913619e-02
3.113418563973383707e-02
3.117826460920603351e-02
3.120821120729248832e-02
3.122660009406723336e-02
3.127281600706257464e-02
3.137391767356783462e-02
3.138882932183931912e-02
3.140774962293291922e-02
3.144570116928951942e-02
3.149327590503138430e-02
3.155380944056635634e-02
3.159121073517772577e-02
3.165674495145750361e-02
3.169692918154486810e-02
3.176437134250468391e-02
3.181983329720790288e-02
3.185612974737860037e-02
3.187684126124475797e-02
3.191439736585949261e-02
3.200969800315729696e-02
3.205743701712537863e-02
3.209508455770252594e-02
3.213191040953038147e-02
3.218388927157672663e-02
3.222275305323306360e-02
3.225163413540012985e-02
3.230971943133103402e-02
3.235683787040567749e-02
3.241469814766172186e-02
3.248600762305179496e-02
3.255770277143544417e-02
3.258427889301458713e-02
3.263547911724235667e-02
3.271584705314201785e-02
3.273096834694697727e-02
3.278528129380310630e-02
3.284242339777956182e-02
3.289279489082499314e-02
3.291345520873859010e-02
3.296789618450814141e-02
3.301832525153660519e-02
3.306637825935121455e-02
3.311876308675987257e-02
3.317141735290345811e-02
3.323218841317510108e-02
3.328543170977387583e-02
3.337885232007963693e-02
3.339830777416999408e-02
3.344009457710735850e-02
3.346764344466557350e-02
3.355211698883955179e-02
3.356864556245910819e-02
3.365237415254726527e-02
3.371450295310566420e-02
3.375328090495464256e-02
3.385610896770577249e-02
3.388173829970227841e-02
3.392563698616702511e-02
3.397219070237879335e-02
3.403402317897800955e-02
3.410456779712194020e-02
3.418195160442134839e-02
3.423895471850361971e-02
3.427152180035251267e-02
3.432705222889145119e-02
3.438421616342932086e-02
3.439163709958735493e-02
3.443533658624969851e-02
3.453367494454070985e-02
3.460535566987729683e-02
3.466901745308589855e-02
3.473124536753951358e-02
3.474275896942453229e-02
3.478163222238447871e-02
3.484228551781091976e-02
3.485704487575583266e-02
3.497482484044425743e-02
3.500306058416503135e-02
3.506433551469180510e-02
3.509463001454047465e-02
3.517285841964495202e-02
3.521489180247382167e-02
3.525947046924172990e-02
3.533118938786170005e-02
3.536815527055213459e-02
3.542765079875156292e-02
3.549482713518992832e-02
3.556299103265766343e-02
3.564369328574840817e-02
3.566862980121902893e-02
3.572323414047162693e-02
3.573773316603647693e-02
3.579886463882533260e-02
3.591007319390990965e-02
3.592470439978749652e-02
3.606126224129533459e-02
3.611596983771618585e-02
3.614753913542182590e-02
3.618978442617540314e-02
3.622882465045201145e-02
3.625993966180706546e-02
3.635100769153591649e-02
3.642606017353407222e-02
3.646132350492286428e-02
3.653093008712281903e-02
3.661876342793721206e-02
3.662539596610912829e-02
3.672956670454716188e-02
3.678262955017336938e-02
3.686839780020974289e-02
3.690199138555457642e-02
3.700444524286872899e-02
3.704615382817696978e-02
3.715053028085282816e-02
3.718786993934231067e-02
3.721223473365596612e-02
3.730745609258078604e-02
3.738961814250933019e-02
3.745988903750643861e-02
3.752551843352623651e-02
3.759634243153665845e-02
3.764713373783792200e-02
3.772988262097534684e-02
3.776434696501217853e-02
3.784393857710538489e-02
3.788623734066418752e-02
3.800159539900732630e-02
3.803750369853980268e-02
3.813481775050187733e-02
3.818724198596517433e-02
3.824229888761897928e-02
3.830250737425439089e-02
3.833474358101039703e-02
3.849211887308624791e-02
3.854035931495810446e-02
3.856497309508195859e-02
3.861252198726523865e-02
3.870572512742360277e-02
3.875281940395642472e-02
3.879354171092885828e-02
3.891936840139913201e-02
3.897522860973078734e-02
3.903945137445319347e-02
3.912553809712680797e-02
3.919026950830492573e-02
3.926712286668754964e-02
3.932219692490025731e-02
3.939148684716715920e-02
3.948073983831736078e-02
3.955086021459367635e-02
3.966172334555478213e-02
3.970428782740349077e-02
3.989060354336825681e-02
3.996876926073256175e-02
4.001049806089802124e-02
4.014150272718990109e-02
4.022832394336747081e-02
4.026244063704872284e-02
4.028588783146055952e-02
4.037538636844938827e-02
4.041570666390662675e-02
4.058145987609437094e-02
4.069164047149832764e-02
4.079575833881291663e-02
4.092931141450437821e-02
4.096727608140874471e-02
4.099079982582243958e-02
4.111976276074948838e-02
4.123782896178126989e-02
4.131339068190428843e-02
4.132453813332383208e-02
4.149053401365837557e-02
4.157865991122385030e-02
4.170285985376157023e-02
4.183074877621036775e-02
4.191796260672912833e-02
4.201389614741690703e-02
4.207219681103006176e-02
4.219383973218814726e-02
4.233560493265828978e-02
4.248069724612441034e-02
4.263408498161995464e-02
4.276756533853900977e-02
4.284280238523040935e-02
4.305189270657226036e-02
4.320964610280758622e-02
4.349038666337863568e-02
4.352039469066147637e-02
4.379060627610179696e-02
4.393916694366005460e-02
