-4.381444604814872107e-02
-4.367931680138674444e-02
-4.333335865655144059e-02
-4.302442546047701571e-02
-4.299522708686503297e-02
-4.273048224766859415e-02
-4.261568385119708646e-02
-4.253647883661336448e-02
-4.245469926087901136e-02
-4.233764423162016816e-02
-4.223549101819205204e-02
-4.220228092518005236e-02
-4.202051350753727849e-02
-4.192955347844674191e-02
-4.184720165942503595e-02
-4.169935568451510477e-02
-4.159352319494816902e-02
-4.156675422856978552e-02
-4.143042308668037216e-02
-4.136454987630539676e-02
-4.121954005586656727e-02
-4.109690254498356982e-02
-4.102693427853894986e-02
-4.099472043966754381e-02
-4.091610230648703994e-02
-4.083517245584123573e-02
-4.067955936444362514e-02
-4.062882942069548364e-02
-4.053174362177336398e-02
-4.038245354560467126e-02
-4.035385391047036086e-02
-4.021880302618286579e-02
-4.020367345923668567e-02
-4.012243903067707479e-02
-4.006584546793940521e-02
-4.001310165555855419e-02
-3.993040747983553351e-02
-3.979507618585195750e-02
-3.975147463555264715e-02
-3.970102229070105598e-02
-3.967591578542316311e-02
-3.958759185933359570e-02
-3.948861941279747934e-02
-3.938160431019612634e-02
-3.930990045659456950e-02
-3.926448852525450672e-02
-3.916943979804461684e-02
-3.911749933565000087e-02
-3.904820004872553568e-02
-3.902454461821552867e-02
-3.894310922033449029e-02
-3.887610039148113594e-02
-3.882116722315704510e-02
-3.874311645556838268e-02
-3.863088870547942699e-02
-3.859817685584316510e-02
-3.846433480969386337e-02
-3.838750116809801910e-02
-3.834391463700453223e-02
-3.829841312205722187e-02
-3.820054384259494173e-02
-3.816642971910681748e-02
-3.812366566905757426e-02
-3.803447876723277388e-02
-3.792210399467624976e-02
-3.787304637054266648e-02
-3.781581070364153918e-02
-3.773808492062812742e-02
-3.767059380333884211e-02
-3.758307332716468580e-02
-3.754931654979111466e-02
-3.749950424876732219e-02
-3.742898020780485724e-02
-3.735895093666249250e-02
-3.728382013467965855e-02
-3.722499487850463445e-02
-3.720597048295350151e-02
-3.710760030480993177e-02
-3.706415447128737911e-02
-3.703815602263477169e-02
-3.690552394620164739e-02
-3.684844159423119464e-02
-3.680558419157949762e-02
-3.678656505883266814e-02
-3.661376043397659291e-02
-3.654147505047554423e-02
-3.652552426616516301e-02
-3.647705858782544081e-02
-3.641361299203644403e-02
-3.631650944928381530e-02
-3.624544729765077911e-02
-3.616020544227960959e-02
-3.611104826979487370e-02
-3.606367636687151518e-02
-3.602996275964819722e-02
-3.595128928124744633e-02
-3.591897154910865531e-02
-3.586794926069401118e-02
-3.583190182714923039e-02
-3.578216573852879834e-02
-3.571412883602428229e-02
-3.563872944654446207e-02
-3.557741028635148794e-02
-3.553811257735558365e-02
-3.542531319810419271e-02
-3.538239161910271269e-02
-3.532222533180644913e-02
-3.524228982489870793e-02
-3.524021690953204472e-02
-3.517798263821756560e-02
-3.510408491243457996e-02
-3.505547416025888569e-02
-3.501640224434635074e-02
-3.494063890046504584e-02
-3.492664436140122119e-02
-3.487329827751345368e-02
-3.479550939441918012e-02
-3.473484049770774601e-02
-3.466929822538243611e-02
-3.459673866923081154e-02
-3.453927229506436464e-02
-3.448691647884162548e-02
-3.446523876757345839e-02
-3.436449912264143147e-02
-3.431969441271338211e-02
-3.422769476373301728e-02
-3.416161006916079712e-02
-3.414071554888659793e-02
-3.412288169334552757e-02
-3.410467147531313914e-02
-3.402770850310170292e-02
-3.399550763190074820e-02
-3.396221941071791983e-02
-3.389621299805253146e-02
-3.387792579414560662e-02
-3.383723816065467571e-02
-3.374721023636790412e-02
-3.365560130327484994e-02
-3.363648989583961635e-02
-3.360986475049081851e-02
-3.356409149471670933e-02
-3.350951021789335543e-02
-3.342569591521546424e-02
-3.339068725638020402e-02
-3.331545922717535357e-02
-3.328579917292487367e-02
-3.316423025679741260e-02
-3.314602287041437667e-02
-3.310893471975711461e-02
-3.306899272591191236e-02
-3.302318175201444245e-02
-3.298805719291860589e-02
-3.290472683817858429e-02
-3.281546690538755806e-02
-3.276062053417409109e-02
-3.271502970609916489e-02
-3.269431393422106424e-02
-3.262176824641180306e-02
-3.258550019908876272e-02
-3.253301597251013338e-02
-3.250409339663724168e-02
-3.246134366002260269e-02
-3.240803002376951153e-02
-3.238784426881127776e-02
-3.235960495303033535e-02
-3.228233895728990083e-02
-3.222432560166619414e-02
-3.219330174373487286e-02
-3.209919225601949588e-02
-3.208006629673815918e-02
-3.201523911791267357e-02
-3.193579752880731926e-02
-3.191523505711214154e-02
-3.189069441279631517e-02
-3.176907109545489688e-02
-3.174008472962635413e-02
-3.166088898010320507e-02
-3.163442131232001298e-02
-3.159396307100338641e-02
-3.155589706123240051e-02
-3.148118580998247873e-02
-3.144838639249498968e-02
-3.141816800621439337e-02
-3.137137632241358137e-02
-3.135082601650771017e-02
-3.130720227995351101e-02
-3.120265597517352107e-02
-3.120030513347219273e-02
-3.117594397178299198e-02
-3.105414850041577843e-02
-3.101812165790404988e-02
-3.099392542713374013e-02
-3.096739657931054865e-02
-3.094524938096857372e-02
-3.086760331715109745e-02
-3.085264769751024094e-02
-3.074578537381703405e-02
-3.073194298031944882e-02
-3.063811082393000720e-02
-3.058750083073845383e-02
-3.057976638553436960e-02
-3.053057256767864949e-02
-3.048761673431586369e-02
-3.046648309745692007e-02
-3.039239203347781151e-02
-3.032485248128988925e-02
-3.030869514603799428e-02
-3.028306021619984675e-02
-3.018850940003682884e-02
-3.016082301836162105e-02
-3.014271235261768711e-02
-3.007995504120546115e-02
-3.003895063318385086e-02
-2.997950643306556903e-02
-2.992720394918670784e-02
-2.981720556419455159e-02
-2.980532543987879368e-02
-2.976393417291727309e-02
-2.973710070392456689e-02
-2.970392914398799211e-02
-2.965329068801151116e-02
-2.957318573664150657e-02
-2.954250644777678056e-02
-2.951141890314384897e-02
-2.942233078283450556e-02
-2.937101100678944296e-02
-2.932949506812029469e-02
-2.926577035690180670e-02
-2.923980973492792609e-02
-2.921734894065830881e-02
-2.915276049250295834e-02
-2.913836500906858903e-02
-2.908938587941475168e-02
-2.904998738818211773e-02
-2.902363149215405821e-02
-2.895261114965299101e-02
-2.892635060536267316e-02
-2.890650994977917582e-02
-2.883080101139164075e-02
-2.878947821804692109e-02
-2.875613433835138427e-02
-2.871125041641335238e-02
-2.861864987701369725e-02
-2.858353937051576199e-02
-2.857197993089339444e-02
-2.850891968538795188e-02
-2.847619513155172366e-02
-2.844042661775560837e-02
-2.839362167708481613e-02
-2.833104779038763191e-02
-2.830813505243018682e-02
-2.826588009061553608e-02
-2.821695769879790927e-02
-2.817410811988676697e-02
-2.811165417128396599e-02
-2.806085380417066774e-02
-2.803847946564737986e-02
-2.798542503980043505e-02
-2.794810517730856453e-02
-2.792086938819712816e-02
-2.789441932991860301e-02
-2.780734124153474290e-02
-2.777005578562016103e-02
-2.774749372148779120e-02
-2.768679001747748059e-02
-2.761452720496415658e-02
-2.755728364813527648e-02
-2.753046465017627148e-02
-2.752111530052562052e-02
-2.742198757484806335e-02
-2.741354280165777396e-02
-2.733360407944043780e-02
-2.729957533293321872e-02
-2.726873224853895716e-02
-2.721868217209100216e-02
-2.720437196129627325e-02
-2.714621282398445648e-02
-2.711249275072290243e-02
-2.703751985026992335e-02
-2.702661913619941111e-02
-2.696084624329182083e-02
-2.694944059961939392e-02
-2.688627563436173443e-02
-2.687476494142339647e-02
-2.679490154540491165e-02
-2.673727834885206156e-02
-2.671063275066817497e-02
-2.667039385806955695e-02
-2.659492044747016962e-02
-2.658023831873067289e-02
-2.651502204841481303e-02
-2.648188553327997588e-02
-2.646508149117017192e-02
-2.643903474686484095e-02
-2.640945652531756158e-02
-2.632888655849322662e-02
-2.627768346109632391e-02
-2.626702814131099198e-02
-2.622429673143000448e-02
-2.620940288306791710e-02
-2.611558309290512928e-02
-2.609802084568490360e-02
-2.604303865921166888e-02
-2.599765510043712188e-02
-2.594437490193494608e-02
-2.592991396632866874e-02
-2.589944293667936770e-02
-2.585246279349717735e-02
-2.581812540118883642e-02
-2.579031759842091709e-02
-2.574426139025847229e-02
-2.572921783576241975e-02
-2.565161364358409940e-02
-2.560284537703855570e-02
-2.557450435127945829e-02
-2.552642231790763772e-02
-2.547736241079013447e-02
-2.544817422688819275e-02
-2.540841187119895553e-02
-2.537834723800802550e-02
-2.533583199477885614e-02
-2.528136105344761311e-02
-2.526016812238689180e-02
-2.519413996503596515e-02
-2.516970450496598677e-02
-2.512502352868017930e-02
-2.505325358646461748e-02
-2.503429654014318814e-02
-2.500026506971015500e-02
-2.496896882593533165e-02
-2.492957019547543257e-02
-2.489247777181564925e-02
-2.483478861566230586e-02
-2.480741222073200997e-02
-2.479084900139528341e-02
-2.475446550991973124e-02
-2.468294338268572918e-02
-2.464588385659385525e-02
-2.462569348586817267e-02
-2.455537061042739264e-02
-2.452290569991023850e-02
-2.449822697105772870e-02
-2.441631254797634390e-02
-2.438242396841255183e-02
-2.436352217845237991e-02
-2.426495266976562773e-02
-2.425351007034361878e-02
-2.421205047754141845e-02
-2.417233803512231632e-02
-2.413089807324261468e-02
-2.409591930081142128e-02
-2.407945094998796207e-02
-2.403324625076435836e-02
-2.400145685528784836e-02
-2.395674084444756116e-02
-2.391225144034272651e-02
-2.387630459689496498e-02
-2.379091098505231247e-02
-2.377533521461353688e-02
-2.373110971480881654e-02
-2.372591566538094845e-02
-2.363910715028217854e-02
-2.362616930170240506e-02
-2.361509226711130255e-02
-2.357261525338062019e-02
-2.348987661091402751e-02
-2.345241496949807686e-02
-2.343443971974417533e-02
-2.337614496430693092e-02
-2.333490724313024359e-02
-2.331562904030559658e-02
-2.325472228210359246e-02
-2.320795875879447245e-02
-2.315548958435279664e-02
-2.308847440128518683e-02
-2.307632427846466674e-02
-2.306515594237095249e-02
-2.301267483903531377e-02
-2.297840707064082236e-02
-2.292333636752265022e-02
-2.287589507475586148e-02
-2.284573840024251359e-02
-2.282711126975724147e-02
-2.274859614904606656e-02
-2.270594209297495739e-02
-2.268540080745744258e-02
-2.266417645031864811e-02
-2.261674204117020484e-02
-2.261111667554408650e-02
-2.251586578741216621e-02
-2.250320566817631124e-02
-2.246323074795619074e-02
-2.243209190726487209e-02
-2.239114036723382356e-02
-2.235999671826029850e-02
-2.229868327965356736e-02
-2.225544437447305596e-02
-2.223269636604457630e-02
-2.218093809185234938e-02
-2.214325127416711531e-02
-2.210549756457419121e-02
-2.206942668264076993e-02
-2.203910665812264247e-02
-2.199215353533976944e-02
-2.194365101144798644e-02
-2.193090895800701642e-02
-2.189213988713450271e-02
-2.184404815174982931e-02
-2.180963900510518236e-02
-2.174604257418562975e-02
-2.169731298197595873e-02
-2.166246183057815577e-02
-2.161886252935046188e-02
-2.158522331100219335e-02
-2.155687794347576833e-02
-2.153795366626982261e-02
-2.146164508492016954e-02
-2.142672576017386199e-02
-2.138605565767927319e-02
-2.134955758832482453e-02
-2.132581196616472816e-02
-2.127249370027933101e-02
-2.122680088467564577e-02
-2.117475356970940220e-02
-2.115530603894735795e-02
-2.111192596030347923e-02
-2.108226721321964162e-02
-2.102719943278848549e-02
-2.100344093520662564e-02
-2.097338478963293312e-02
-2.092290139680278577e-02
-2.084484473922254208e-02
-2.082412980921770351e-02
-2.077517916678838991e-02
-2.073748525562727277e-02
-2.071446325292424992e-02
-2.068113290921592962e-02
-2.064770950595230109e-02
-2.059666392715626959e-02
-2.058186956095594752e-02
-2.053958895629630702e-02
-2.049494368965409236e-02
-2.046970095949645144e-02
-2.044136049962153381e-02
-2.040193322128575418e-02
-2.038330463744986512e-02
-2.031044792591525650e-02
-2.029809269309826650e-02
-2.024593978143145179e-02
-2.021330204236643571e-02
-2.020654032827125593e-02
-2.015393511906635876e-02
-2.011055418330646646e-02
-2.006938572546005523e-02
-2.005234116942940584e-02
-1.996362946702042937e-02
-1.990996584142322792e-02
-1.989829565672342898e-02
-1.986636762250291316e-02
-1.980033344769817349e-02
-1.974812335669356295e-02
-1.971428553045686746e-02
-1.968496986680771596e-02
-1.966479489618383134e-02
-1.964134517628916485e-02
-1.961812173139096394e-02
-1.954804537077372076e-02
-1.949684802419685697e-02
-1.945674782832017627e-02
-1.943791705561137215e-02
-1.938637002160269185e-02
-1.932618063911679951e-02
-1.932353990815890293e-02
-1.929899287226308213e-02
-1.924719098019399624e-02
-1.919124945029888549e-02
-1.917705020169085950e-02
-1.914011692070403947e-02
-1.911702670978232543e-02
-1.906434981074207544e-02
-1.905302539982129881e-02
-1.899997095940644115e-02
-1.895988031918117642e-02
-1.894524114895251160e-02
-1.890826343428707312e-02
-1.882553562643581382e-02
-1.880453610883048646e-02
-1.875322337015918051e-02
-1.872176837871813646e-02
-1.871003469040575379e-02
-1.868862440103270448e-02
-1.858845345750243655e-02
-1.857397145623279622e-02
-1.853566151971064793e-02
-1.851378439473601312e-02
-1.850195199770363758e-02
-1.845996706248981267e-02
-1.840473039987051626e-02
-1.836093913108407041e-02
-1.831534867153324087e-02
-1.829860558720959249e-02
-1.821036147392785312e-02
-1.818902762817574403e-02
-1.816320533995553071e-02
-1.814098732096993544e-02
-1.810452819555217682e-02
-1.809903819336753511e-02
-1.807595072146600187e-02
-1.800471297505637849e-02
-1.799484725479889163e-02
-1.798054044442345609e-02
-1.792895965588697446e-02
-1.790441891271502689e-02
-1.785575647435832039e-02
-1.783583465732220194e-02
-1.779750137277628583e-02
-1.769411787280981280e-02
-1.765321588888453183e-02
-1.762457797180807043e-02
-1.759392589836909770e-02
-1.755834673628675277e-02
-1.752559658317022484e-02
-1.748503114997427416e-02
-1.746269679209765113e-02
-1.742643432358392461e-02
-1.739798618490488724e-02
-1.738042127326886246e-02
-1.734579011145901545e-02
-1.729767460715792710e-02
-1.727236302181590563e-02
-1.723449022436403591e-02
-1.718252430054476726e-02
-1.717045083712217049e-02
-1.710515232768916594e-02
-1.706035897754147601e-02
-1.703286534325883575e-02
-1.698752883597741403e-02
-1.696000841741229087e-02
-1.693516537360957239e-02
-1.689164738921886469e-02
-1.681829827027069360e-02
-1.679141925599601445e-02
-1.674369341499029606e-02
-1.672055080685171460e-02
-1.667898057012431184e-02
-1.662467246661149256e-02
-1.659260113959277333e-02
-1.656089858744880933e-02
-1.653837285629350742e-02
-1.646232855313609772e-02
-1.645528745250619124e-02
-1.641240501428949117e-02
-1.632482854547745443e-02
-1.628515854597777784e-02
-1.625958552225817422e-02
-1.623961065761315298e-02
-1.620536772476201606e-02
-1.614896150991506490e-02
-1.612332412692546804e-02
-1.608349798285414398e-02
-1.607598719907144674e-02
-1.602426924936969574e-02
-1.599803145836186519e-02
-1.595429890963753414e-02
-1.592948175137133895e-02
-1.587378817667548653e-02
-1.583983666677097127e-02
-1.581244207523433559e-02
-1.578646022834715931e-02
-1.572596657145778482e-02
-1.571524149640461318e-02
-1.566699864281511506e-02
-1.564939798955771594e-02
-1.560069433726451668e-02
-1.555053178278859721e-02
-1.548783259247968683e-02
-1.547620773998706172e-02
-1.544747256254314430e-02
-1.539786035406976589e-02
-1.537408186671047720e-02
-1.533579234225122996e-02
-1.531604579201467989e-02
-1.526816518053527617e-02
-1.523530590832432134e-02
-1.519122231605490869e-02
-1.514796771623716336e-02
-1.510961849814199294e-02
-1.508784404231262172e-02
-1.507593268458039953e-02
-1.502969614213629616e-02
-1.501343336352181645e-02
-1.498118147497732970e-02
-1.492532394670681266e-02
-1.489549783354913309e-02
-1.483115568135099684e-02
-1.481160379264508109e-02
-1.475045482053651859e-02
-1.474678897992274564e-02
-1.469267702833184676e-02
-1.467537868048262098e-02
-1.460714328870935282e-02
-1.457512375255209762e-02
-1.451058407980562043e-02
-1.447997863343013399e-02
-1.447249669133548154e-02
-1.440401306980347226e-02
-1.437579222269288852e-02
-1.432285037608914402e-02
-1.429663586952390625e-02
-1.429340906659847324e-02
-1.422933557597600047e-02
-1.421169246284696014e-02
-1.418361543141249959e-02
-1.417622820456031565e-02
-1.412304394926494448e-02
-1.409407722188178204e-02
-1.407600338696666023e-02
-1.400860827408596625e-02
-1.399352722435737335e-02
-1.388197766656226566e-02
-1.384672348671003687e-02
-1.382761277710561898e-02
-1.377742075919288593e-02
-1.376524930885786140e-02
-1.371784564695688324e-02
-1.368572954438328215e-02
-1.366059992038931060e-02
-1.363220263001404045e-02
-1.358522531320725986e-02
-1.355485754048863650e-02
-1.349217088313960956e-02
-1.348008891489819831e-02
-1.343983478025043143e-02
-1.342044523145232565e-02
-1.339486622277185832e-02
-1.331033866022222033e-02
-1.325848024174736128e-02
-1.323367546477195039e-02
-1.321527028519898020e-02
-1.318039953048753994e-02
-1.316674709853867323e-02
-1.314726638142923489e-02
-1.309823650724037565e-02
-1.305978884146552846e-02
-1.304640811486162261e-02
-1.299693569843837597e-02
-1.296794588251062690e-02
-1.293976166793756565e-02
-1.293470483110966199e-02
-1.285809961928981171e-02
-1.281499758215314672e-02
-1.276867781410336022e-02
-1.275062498407416103e-02
-1.273059201973111496e-02
-1.270335166717694378e-02
-1.266826321664094555e-02
-1.265510942300495864e-02
-1.261873825104954487e-02
-1.255876232948456746e-02
-1.251361366278651299e-02
-1.246680965402820543e-02
-1.244724310426144863e-02
-1.241661210777954445e-02
-1.238759484857173548e-02
-1.236541903483863968e-02
-1.230250128544299257e-02
-1.225937684850232808e-02
-1.222380015497233005e-02
-1.219899109357659717e-02
-1.218736776908265450e-02
-1.214023816515423515e-02
-1.207567221520503345e-02
-1.202477895914697351e-02
-1.199885872257908104e-02
-1.196608485756997693e-02
-1.195093607253548684e-02
-1.190016280827645850e-02
-1.186475237079929156e-02
-1.182880431642668352e-02
-1.179171569647565095e-02
-1.175878491369806295e-02
-1.174625442726066199e-02
-1.169870133369291763e-02
-1.168591721320141018e-02
-1.164888699729080442e-02
-1.159448155027057240e-02
-1.153597536433033192e-02
-1.151247765834503139e-02
-1.149577077395838066e-02
-1.143346341966672980e-02
-1.142795840575684327e-02
-1.135672703616378947e-02
-1.132242074614990025e-02
-1.129921922276371123e-02
-1.128224762858490160e-02
-1.126732518981104700e-02
-1.124165196402309580e-02
-1.122081007461460389e-02
-1.116069138016742048e-02
-1.114339202553045298e-02
-1.111984629602807625e-02
-1.109400962695648862e-02
-1.105707302934335473e-02
-1.099404904318792252e-02
-1.097935264146131240e-02
-1.092058015575406334e-02
-1.086559458006996007e-02
-1.085358484334048544e-02
-1.078455531419296280e-02
-1.075551744005500548e-02
-1.071441767942310150e-02
-1.068947243718152383e-02
-1.064412670709119491e-02
-1.057916974179821945e-02
-1.057233415046116183e-02
-1.052895810561692465e-02
-1.049569804694687122e-02
-1.047298341515836596e-02
-1.046210105254645126e-02
-1.043015812131478648e-02
-1.039157918030159111e-02
-1.034923915974846932e-02
-1.031981290377192127e-02
-1.025262800103874349e-02
-1.024788984417349981e-02
-1.015824619718700035e-02
-1.012680782774018871e-02
-1.012482775945469995e-02
-1.009294100924109684e-02
-1.006781179541785948e-02
-1.001715640817105873e-02
-9.981273026596522435e-03
-9.947458936122173870e-03
-9.922724085166919478e-03
-9.892178376342691121e-03
-9.861957138310666060e-03
-9.848899396380764518e-03
-9.784165288624014495e-03
-9.695588551886626452e-03
-9.682429893196158738e-03
-9.644868816518076260e-03
-9.624838300657651696e-03
-9.603902308107923821e-03
-9.560174777807987564e-03
-9.518230823798512832e-03
-9.505452788037070666e-03
-9.470339035211005480e-03
-9.430673538329584563e-03
-9.394899407496186058e-03
-9.365190110309356067e-03
-9.300805812284406934e-03
-9.296768867671483666e-03
-9.284008230248082597e-03
-9.203579321457086571e-03
-9.189778013413458721e-03
-9.159278893649277706e-03
-9.130535020256000389e-03
-9.098929238593428392e-03
-9.049294056139503897e-03
-9.030356481604818325e-03
-8.994287386418680155e-03
-8.960029977267617088e-03
-8.905792670939455952e-03
-8.861889726963823738e-03
-8.844739456520287618e-03
-8.820917247140690892e-03
-8.771723503804892269e-03
-8.717125870908809526e-03
-8.694015459210453767e-03
-8.680863214458782798e-03
-8.612085638363046677e-03
-8.597033884404357493e-03
-8.541101278934619054e-03
-8.514788569397019682e-03
-8.484396425282429016e-03
-8.475372545258121754e-03
-8.422633703424657614e-03
-8.382516343692306832e-03
-8.332382611995850855e-03
-8.307120869261060137e-03
-8.293639197055988066e-03
-8.279866569142750599e-03
-8.223175839182302743e-03
-8.162724607544776315e-03
-8.130313020253984377e-03
-8.114438493608723199e-03
-8.096841279753090939e-03
-8.037006150314277703e-03
-8.027316986144143393e-03
-8.008006299141345180e-03
-7.970775392837524051e-03
-7.920494067529640012e-03
-7.866988198049502251e-03
-7.833899131004885830e-03
-7.816107339744029006e-03
-7.796945894352680893e-03
-7.779048044854448493e-03
-7.690041276067080545e-03
-7.678112999209941308e-03
-7.602486550060345676e-03
-7.585871927528927035e-03
-7.572446889787580460e-03
-7.547653617951450081e-03
-7.514675009906994670e-03
-7.495482887608353496e-03
-7.445804563900461359e-03
-7.431994458073778488e-03
-7.362616858866957367e-03
-7.346359525927625457e-03
-7.320171746873153050e-03
-7.248856792744270972e-03
-7.241261258125322037e-03
-7.204442954998301930e-03
-7.173434088996836176e-03
-7.136519668153594106e-03
-7.067961786452116313e-03
-7.060253574032073452e-03
-7.028036542096862717e-03
-7.004464745403834319e-03
-6.990572316047521072e-03
-6.937135618295414523e-03
-6.893754496791789331e-03
-6.855485773991652591e-03
-6.827999271022344718e-03
-6.799449028003356522e-03
-6.770868297925606259e-03
-6.747559228984233680e-03
-6.709620813075446721e-03
-6.686918465796300864e-03
-6.642063928763646853e-03
-6.621885983802208199e-03
-6.575952848551595668e-03
-6.551770912693641313e-03
-6.504945587512265225e-03
-6.482330024840566793e-03
-6.440662982171211325e-03
-6.396666415024957614e-03
-6.383904528048938917e-03
-6.358674859508839892e-03
-6.296323524030923192e-03
-6.256101302521783689e-03
-6.237929146896508542e-03
-6.191153156446486429e-03
-6.173548529878813626e-03
-6.123208388774761292e-03
-6.081531670305739129e-03
-6.051777941945020618e-03
-5.999395839660364924e-03
-5.970444566341199730e-03
-5.950778927953861638e-03
-5.910105193228324533e-03
-5.875891969555904586e-03
-5.835470993155042300e-03
-5.816661568887907148e-03
-5.782070342873320279e-03
-5.738000040523409326e-03
-5.698114693616643071e-03
-5.680677980725989430e-03
-5.616666623144141515e-03
-5.602583155456383399e-03
-5.572567762888867154e-03
-5.547125998044528938e-03
-5.527406382132911584e-03
-5.483645133132093556e-03
-5.452004135857131846e-03
-5.439658900631908454e-03
-5.400097631825231427e-03
-5.362466851821844592e-03
-5.276674740076742372e-03
-5.248651748027562645e-03
-5.201974383389840542e-03
-5.168578318630269799e-03
-5.145883890465614841e-03
-5.102195729804321483e-03
-5.068166529828949628e-03
-5.048463951037418518e-03
-5.000609796362440879e-03
-4.958628513622564266e-03
-4.924899813075180911e-03
-4.897332729611189941e-03
-4.855147783776730779e-03
-4.813334327125992802e-03
-4.782908791741986854e-03
-4.768473303059873707e-03
-4.718109413599750647e-03
-4.686456086832485081e-03
-4.681239655531941463e-03
-4.613068827658877748e-03
-4.587682296988637720e-03
-4.561102127788355456e-03
-4.530479928105623187e-03
-4.497395511076852231e-03
-4.455475038890368764e-03
-4.437174021842271374e-03
-4.401034606631465396e-03
-4.346117581027423259e-03
-4.317903978769014293e-03
-4.265037956315124480e-03
-4.240495768228080484e-03
-4.183031302321959383e-03
-4.142515548856869935e-03
-4.117445188060694580e-03
-4.068711745403075231e-03
-4.048031759621090533e-03
-4.033834174107443771e-03
-4.023623541621026284e-03
-3.972134530595041423e-03
-3.941996867882381975e-03
-3.922528149011822625e-03
-3.894861083223378605e-03
-3.857084174114401055e-03
-3.805899590883063139e-03
-3.788844081189434929e-03
-3.781290347003744400e-03
-3.735821037523499779e-03
-3.689026920111721387e-03
-3.677363430469521039e-03
-3.651834915132620360e-03
-3.616195862221863351e-03
-3.542032366828159074e-03
-3.521542898994657698e-03
-3.492653552271935292e-03
-3.473705786343953168e-03
-3.415903379931139149e-03
-3.356912211284283562e-03
-3.333300096540706397e-03
-3.285327534593353738e-03
-3.261771401947356590e-03
-3.215859649014221004e-03
-3.181573669331831319e-03
-3.172460575510069065e-03
-3.149596067310811605e-03
-3.133109054543387409e-03
-3.115451109963570352e-03
-3.044680621731024866e-03
-3.013367840832013693e-03
-2.977782947111210204e-03
-2.970660413709790351e-03
-2.933098036666377268e-03
-2.908355391991144893e-03
-2.854720801448708874e-03
-2.817897479413314799e-03
-2.803466780373704576e-03
-2.751738958647534719e-03
-2.736403549374228500e-03
-2.692960706598937666e-03
-2.649597093040591787e-03
-2.610291984547427786e-03
-2.599578801503634254e-03
-2.560772110728136083e-03
-2.507362805022539474e-03
-2.467876500713824927e-03
-2.436519419200654929e-03
-2.418603418750050766e-03
-2.365331849880867969e-03
-2.339372454002750044e-03
-2.263322431136163999e-03
-2.247973533497941469e-03
-2.198326586802767414e-03
-2.173159785373987227e-03
-2.152677074245358101e-03
-2.104966375410021861e-03
-2.084341154966229924e-03
-2.057658933984326047e-03
-2.041070222840652478e-03
-2.007630641997290230e-03
-1.985590418794658859e-03
-1.916023716997503025e-03
-1.885622197185973705e-03
-1.832198838800689440e-03
-1.810587672886847807e-03
-1.780178767332712443e-03
-1.736485191190321239e-03
-1.709977025927173931e-03
-1.701043224283007270e-03
-1.684207869172181776e-03
-1.622978278599793156e-03
-1.578641150558201959e-03
-1.561303718511991871e-03
-1.523619189179154692e-03
-1.495105252701550919e-03
-1.475550443385292409e-03
-1.444735637332152491e-03
-1.389153324479034095e-03
-1.365335618488582904e-03
-1.343822088725975510e-03
-1.269628248793640713e-03
-1.237164686239892617e-03
-1.195356396569187928e-03
-1.164953028740923525e-03
-1.134967663698887479e-03
-1.091011652270994182e-03
-1.058222864592430357e-03
-1.038197223654606155e-03
-1.016662189719592458e-03
-1.014994752900954872e-03
-9.286241407881415258e-04
-8.944545916413554126e-04
-8.725089588935702615e-04
-8.384364189584237468e-04
-8.196210931162460286e-04
-7.453302053001199974e-04
-7.341463008047642092e-04
-7.189348219319617941e-04
-6.408352311154839279e-04
-6.211683481355128895e-04
-6.019088328085135144e-04
-5.619771179303088187e-04
-5.429973579823545128e-04
-5.254394719204261805e-04
-4.662924000804968762e-04
-4.376469845576868201e-04
-4.245478702458931964e-04
-3.526546471678311946e-04
-3.459908653125519850e-04
-3.080908362216773651e-04
-2.816800137654176524e-04
-2.211219860793082537e-04
-1.925526673483364992e-04
-1.726537906391760794e-04
-1.337148408843988421e-04
-1.067359168265625321e-04
-8.624307899086314732e-05
-6.554166643569801017e-05
3.148733006611872910e-05
4.005188483714145040e-05
9.379655583245251446e-05
1.211708576466431644e-04
1.659438721918471676e-04
1.901710873939575146e-04
2.514339616539205198e-04
2.559345646770523836e-04
2.807484633489634620e-04
2.949211761458211999e-04
3.397419721032636747e-04
3.792537988577715144e-04
4.214034024193907151e-04
4.626131193299066980e-04
4.686162380391839999e-04
4.770129366922044520e-04
5.394140675330251749e-04
5.717275379228467383e-04
6.048575747231160890e-04
6.367239637191941370e-04
6.415193373298488499e-04
6.862737470049910067e-04
7.164835265132493041e-04
7.442900482920473265e-04
8.077449015097455404e-04
8.349678512096542389e-04
8.805829195130124775e-04
8.978366352107566622e-04
9.361167605948658103e-04
9.576184206708966955e-04
9.920111446416546644e-04
1.034534585726572210e-03
1.063541409614894399e-03
1.087602743459473035e-03
1.129523370862799136e-03
1.183010301675057729e-03
1.195909693628775068e-03
1.271192468034330458e-03
1.313565531462793090e-03
1.331769295886690374e-03
1.361970658196894448e-03
1.399832469521829562e-03
1.427548781689540625e-03
1.437218916977465186e-03
1.488749160738142997e-03
1.528188519572519976e-03
1.570582332412610947e-03
1.609475670887791036e-03
1.646167458895228270e-03
1.698290255787420627e-03
1.725569881379452860e-03
1.749892184597237306e-03
1.801934950207990677e-03
1.818161287510340618e-03
1.871875090264748208e-03
1.896785419174536885e-03
1.911598994245647430e-03
1.978997182534671540e-03
2.030179753043293532e-03
2.053516106067091763e-03
2.084737536126563418e-03
2.109033729835936219e-03
2.185677133501308551e-03
2.198051058438397695e-03
2.218642262937853618e-03
2.245959323363928579e-03
2.278247898825259184e-03
2.331640340101207454e-03
2.355292685173077712e-03
2.370766281284325538e-03
2.427660127766165590e-03
2.468085359042998961e-03
2.484919241755808878e-03
2.512425452965250366e-03
2.540523115857205600e-03
2.578827250003893571e-03
2.596864484070804217e-03
2.618451627347338079e-03
2.681080383574337405e-03
2.694081637210208290e-03
2.726221619790006670e-03
2.774872831409180927e-03
2.831336042674724700e-03
2.844339983033371700e-03
2.908027825996131830e-03
2.965969828662908848e-03
3.004516605672620175e-03
3.027065476924665349e-03
3.054148166620417135e-03
3.091551264611762731e-03
3.126365002798854771e-03
3.151823807383533071e-03
3.180108572880477932e-03
3.210915116152674234e-03
3.242907128757884731e-03
3.279382183642099314e-03
3.305361320053253581e-03
3.316533790952415958e-03
3.355684843625996588e-03
3.392436718235245559e-03
3.407351077137336752e-03
3.455700380035333415e-03
3.489815323731742212e-03
3.505587589201301143e-03
3.548309461739326386e-03
3.578496698706440382e-03
3.618123386356479794e-03
3.668949415795401056e-03
3.710844324989012732e-03
3.750842758164251323e-03
3.793381323744516621e-03
3.818449064256806708e-03
3.827557889349740648e-03
3.891115191573486787e-03
3.900385694195299905e-03
3.914314031495701347e-03
3.977294861198412204e-03
4.019116606944730247e-03
4.050466781981452644e-03
4.077559152767873570e-03
4.086446740259726436e-03
4.168846735695637580e-03
4.176173122988700859e-03
4.227696503107888221e-03
4.259496206296900338e-03
4.294603833499007796e-03
4.325440157017617498e-03
4.385942248964247100e-03
4.400284673002411578e-03
4.414905561097981664e-03
4.455587666889388766e-03
4.512530460909490969e-03
4.536722467463749110e-03
4.545906297265901730e-03
4.575824209449729299e-03
4.635893571809376196e-03
4.686785740296725566e-03
4.723207614746110887e-03
4.737042858406148582e-03
4.774004053377994827e-03
4.798021201955968845e-03
4.830290457622957861e-03
4.844613197277939862e-03
4.884774500551854019e-03
4.905277422793613042e-03
4.926819441469821453e-03
4.965035105902895415e-03
5.040358530776214638e-03
5.062428750671079877e-03
5.083400548382976253e-03
5.151749167408740254e-03
5.211346966801619178e-03
5.248690284857943089e-03
5.285125504081203754e-03
5.290831314279030931e-03
5.340653811949401704e-03
5.356596222005614340e-03
5.395254304480369238e-03
5.418995339646407589e-03
5.465535178799108863e-03
5.472727996167748264e-03
5.509500068185948715e-03
5.573705947169073187e-03
5.589014080143742992e-03
5.593924724802706687e-03
5.632805081050433135e-03
5.682500125763659087e-03
5.710476233033457034e-03
5.735065364788303859e-03
5.743705973602235282e-03
5.749887821906539756e-03
5.846116417450116301e-03
5.902554019417381725e-03
5.913538069182380612e-03
5.927467099753174970e-03
5.982685420887622237e-03
6.003878554357725342e-03
6.036697350753263830e-03
6.058462325774533787e-03
6.091933550682928841e-03
6.115273818444851017e-03
6.152246247094081411e-03
6.231940593939688279e-03
6.246574277883603678e-03
6.270666367402275530e-03
6.313450703625236166e-03
6.353322596234209363e-03
6.367305907229954542e-03
6.409797968956573028e-03
6.429296386074489361e-03
6.489688207299068937e-03
6.526647987521189825e-03
6.541123204581048532e-03
6.585250341065186468e-03
6.639364271815349772e-03
6.660050995056054739e-03
6.681668578228393100e-03
6.699907658395888761e-03
6.765981416300670057e-03
6.791550985438742256e-03
6.814499402551845060e-03
6.856413055435463082e-03
6.910535213259851386e-03
6.931696619227472461e-03
6.964477155483066693e-03
6.994171425021456813e-03
7.029459152254718436e-03
7.086678108432395776e-03
7.134823323807413381e-03
7.157257540337595182e-03
7.189065998986387228e-03
7.204621112762325114e-03
7.265197738112283248e-03
7.292613649985076919e-03
7.319759494103408697e-03
7.357691984319480495e-03
7.394247487749152324e-03
7.420767801742961939e-03
7.444908096087032509e-03
7.478759137077070802e-03
7.528553911107199563e-03
7.551492333517403725e-03
7.586964694756418923e-03
7.612672035430314080e-03
7.616091351995450329e-03
7.653834928348246351e-03
7.700843500351326962e-03
7.743674755457275599e-03
7.757157241204602934e-03
7.775483437203903857e-03
7.819740937663027455e-03
7.865198868946453314e-03
7.899579752127074486e-03
7.959059933393615102e-03
7.999595725960055928e-03
8.045956197827160844e-03
8.078262396499159143e-03
8.093213023632563063e-03
8.126890463714684168e-03
8.130055586971570922e-03
8.150484855925267669e-03
8.243642668406478413e-03
8.248330886199606651e-03
8.271417989875146787e-03
8.297683304254982462e-03
8.352214769230670646e-03
8.364443173648393459e-03
8.381631741942164454e-03
8.453288962888362568e-03
8.502440142341301937e-03
8.564303356609901871e-03
8.585061951482142809e-03
8.603391681310470010e-03
8.629387715681627324e-03
8.643108542868108146e-03
8.689106628806743046e-03
8.726472321006387145e-03
8.760278321597883555e-03
8.787327047173670511e-03
8.819204171306606679e-03
8.884685829960577499e-03
8.953411696352629734e-03
8.967028110471253824e-03
8.982890814296321663e-03
9.015642762272369284e-03
9.037711372365539800e-03
9.087077585618922107e-03
9.124179957593481563e-03
9.143217103635484233e-03
9.205917272745833824e-03
9.234765960675617863e-03
9.294147064897525720e-03
9.353721743079400699e-03
9.358541294090643933e-03
9.401905933382840100e-03
9.418113719565317579e-03
9.447548526991705539e-03
9.498688450747968387e-03
9.527660875392765516e-03
9.573934341723768296e-03
9.612108391803013061e-03
9.620240822833376476e-03
9.681028237879000728e-03
9.695382120597667922e-03
9.743204455737477371e-03
9.795598410916940210e-03
9.824925608057210463e-03
9.852060881079328578e-03
9.876170402117348188e-03
9.918038653004867741e-03
9.949693692596571146e-03
9.953344300455475857e-03
1.001477207664432448e-02
1.005765541679147328e-02
1.008647462504553942e-02
1.011606313159402366e-02
1.014878307093036551e-02
1.019868617206550789e-02
1.020653105636845463e-02
1.027065976955057747e-02
1.028111489498697954e-02
1.032901039831972054e-02
1.034721875211978663e-02
1.036500688580077253e-02
1.040804394285410085e-02
1.044015162674005216e-02
1.046725921574491805e-02
1.051663503306359340e-02
1.054791116306108209e-02
1.056533153643143125e-02
1.063006346674286173e-02
1.066709359592152989e-02
1.068970151153064013e-02
1.073134924859000389e-02
1.074595350763216280e-02
1.080615065710992945e-02
1.084878661211101207e-02
1.087275426841670042e-02
1.087556977118911243e-02
1.092470063533254078e-02
1.094683024926178423e-02
1.099140449774499602e-02
1.104462381441672671e-02
1.108892893147427408e-02
1.110004028690371805e-02
1.116059767387581579e-02
1.117835582493042351e-02
1.122045987697569205e-02
1.124415377719237795e-02
1.127231627451425432e-02
1.133438898354323897e-02
1.135374957282611792e-02
1.137868020434924625e-02
1.143706470674543674e-02
1.145734796567361886e-02
1.149511322237095449e-02
1.152154460537139352e-02
1.157494810791460244e-02
1.162338269843664167e-02
1.164341345861846962e-02
1.166767268306642333e-02
1.167836392148625252e-02
1.175799634262000327e-02
1.180370172095337490e-02
1.182604630070603277e-02
1.184693743142702614e-02
1.187576629621439964e-02
1.190063220447799136e-02
1.200150170024858777e-02
1.201208768670198115e-02
1.204215293457696657e-02
1.207756764933220345e-02
1.208285406014491387e-02
1.214970255363905481e-02
1.219282361891920775e-02
1.222420739374580588e-02
1.223951196003888672e-02
1.228721904677505285e-02
1.229092291592705569e-02
1.235333348264693216e-02
1.236089195608511271e-02
1.241289071908590648e-02
1.243131931503926348e-02
1.248069239580799385e-02
1.254121313828213298e-02
1.256346712363966105e-02
1.258552881457716821e-02
1.262577983134364860e-02
1.267154178368447986e-02
1.271767540715243623e-02
1.274430412732686056e-02
1.275789722580387107e-02
1.279827737553796731e-02
1.284824653746512862e-02
1.285306921953998337e-02
1.291511058278354412e-02
1.292725922975597810e-02
1.296622994785932674e-02
1.297896386994367920e-02
1.303796891562873650e-02
1.309764520040779257e-02
1.310519820984860050e-02
1.317132463088208777e-02
1.319608310618861080e-02
1.322027804925305847e-02
1.323566726283851268e-02
1.326901946567171815e-02
1.330724742028746403e-02
1.335391316255079772e-02
1.339314323364209670e-02
1.341923067999195932e-02
1.348176921917686871e-02
1.350037387996564330e-02
1.355964829335248693e-02
1.356177359079045221e-02
1.360892550665539560e-02
1.364276671729790398e-02
1.368110609648893507e-02
1.371697159518961602e-02
1.375580654404775019e-02
1.378234543193791392e-02
1.382353319652836199e-02
1.386427270776721676e-02
1.389923437393708952e-02
1.393295059649497618e-02
1.399194196437957005e-02
1.400604299142573644e-02
1.404135722584548551e-02
1.407531554895089312e-02
1.409000618540132144e-02
1.410777037168055824e-02
1.417050943691394553e-02
1.423150792557678276e-02
1.427100360248179794e-02
1.427454834279249726e-02
1.432719739507347205e-02
1.434709092302794906e-02
1.437355120977184403e-02
1.440774889285005751e-02
1.447590015689217968e-02
1.448461846749658603e-02
1.451447663101733052e-02
1.457767057606990622e-02
1.459344554727777694e-02
1.461983642971464992e-02
1.465886495777587485e-02
1.470160980496133286e-02
1.475104083372748461e-02
1.478140048276691855e-02
1.483455451743199115e-02
1.486606283821387438e-02
1.490849625786935459e-02
1.495073657949880230e-02
1.497187171473695483e-02
1.501425527315785637e-02
1.504965422976603344e-02
1.507423772016024122e-02
1.509418540794345114e-02
1.512889372496407925e-02
1.515534621949318934e-02
1.521768544933191879e-02
1.525171109578549525e-02
1.527919342708542252e-02
1.534125384221137270e-02
1.537466493287382129e-02
1.538825574070152614e-02
1.541168462700178744e-02
1.542811427016206778e-02
1.547135792383091610e-02
1.550312299991858482e-02
1.558304999033639435e-02
1.560300442420392737e-02
1.563224599033859880e-02
1.565664884328643938e-02
1.570771910091125698e-02
1.572355754030546268e-02
1.576054186485757388e-02
1.577943890894480464e-02
1.586421914439029718e-02
1.589060109080608560e-02
1.593178690762156804e-02
1.596635271577169848e-02
1.601594696812370933e-02
1.606923151888284274e-02
1.610556946398252268e-02
1.613625404104735567e-02
1.616809641682417920e-02
1.621236339448848401e-02
1.624550545630455700e-02
1.625965255256921205e-02
1.630259580928255375e-02
1.638716290634395154e-02
1.640301824030389669e-02
1.642322697839938145e-02
1.649496860075695334e-02
1.651561964570791297e-02
1.656324942061505878e-02
1.658385790700714346e-02
1.661908821411500758e-02
1.666327888930811685e-02
1.668645206404164791e-02
1.672266830452008926e-02
1.676162592662586853e-02
1.679157269060574734e-02
1.683181825608500229e-02
1.685574104532289869e-02
1.691270799012654924e-02
1.693615542847651603e-02
1.697906451335083264e-02
1.698840582514841296e-02
1.702967719809655306e-02
1.704113697520255599e-02
1.709449220976455575e-02
1.713232817681184517e-02
1.715500714241783436e-02
1.717748004585552962e-02
1.727158366483322674e-02
1.728900434460490729e-02
1.734119543173210515e-02
1.739343604098185850e-02
1.740553992258606422e-02
1.744406482282317289e-02
1.746823075030806000e-02
1.749802879455157958e-02
1.755758325024770611e-02
1.760556432894426135e-02
1.762454733051826289e-02
1.765216086238129145e-02
1.770763346586822287e-02
1.776178823831572537e-02
1.776837973517269784e-02
1.780138118889030771e-02
1.787129348275511703e-02
1.793879431707483263e-02
1.794207816701123837e-02
1.796633500776853923e-02
1.802432814842251652e-02
1.804434858142877837e-02
1.805859046521249983e-02
1.810962563225297986e-02
1.816569064016781976e-02
1.820003980925399834e-02
1.822283332124892408e-02
1.825811226905085793e-02
1.829382298767419368e-02
1.834267065383727788e-02
1.835078721727627024e-02
1.841645671533455667e-02
1.844201836296252561e-02
1.849314766450128877e-02
1.855136693928044825e-02
1.857758270887374663e-02
1.861514587234285728e-02
1.863638401017968585e-02
1.868772956458468817e-02
1.871310837262544352e-02
1.875173374527935866e-02
1.879555070719788820e-02
1.885142033461056216e-02
1.889798142030658587e-02
1.891392071350329884e-02
1.896545573804573476e-02
1.901467154737468412e-02
1.903236874403525444e-02
1.906973210217374412e-02
1.911097476138280682e-02
1.912721361331568351e-02
1.914947221123134910e-02
1.917496288882400771e-02
1.925733229551859771e-02
1.927084787882307401e-02
1.929405147183335667e-02
1.935576802665962132e-02
1.936604782798254445e-02
1.939522875139251465e-02
1.943894787341224339e-02
1.947836878545826031e-02
1.953047141522640598e-02
1.957687083712705833e-02
1.964070315710346806e-02
1.968349744066066886e-02
1.973103411827095352e-02
1.973644776226421427e-02
1.978709391777633969e-02
1.982323841942226772e-02
1.987814060235549088e-02
1.990772628847339853e-02
1.993480845686102995e-02
1.994110185046448283e-02
1.997844150327250656e-02
2.004271149004059616e-02
2.008294318499902545e-02
2.010564701951789157e-02
2.015575308202511087e-02
2.017726661819964698e-02
2.020283138266356499e-02
2.026622959073230701e-02
2.030406657511872257e-02
2.033323862298267587e-02
2.039077233144706222e-02
2.040774210828302446e-02
2.043475135860978523e-02
2.046996597082781713e-02
2.055122723549215186e-02
2.057579115683905169e-02
2.059969292981246591e-02
2.063517812894178488e-02
2.070812257880500634e-02
2.074482208630014715e-02
2.077602169600408985e-02
2.079881357651846424e-02
2.084408447740254688e-02
2.088473113447161800e-02
2.089440989278598670e-02
2.098103428691432126e-02
2.098332408172492308e-02
2.104819237874892487e-02
2.105151114089279935e-02
2.110660017959502255e-02
2.114450078739704003e-02
2.116927445568142496e-02
2.121742200437058690e-02
2.128990877809627119e-02
2.132643482728806272e-02
2.136946810834695551e-02
2.137519802141356340e-02
2.142794546919832635e-02
2.148723588700605924e-02
2.152374521252434572e-02
2.154466959548726260e-02
2.159812200457810957e-02
2.163663472173792471e-02
2.165632493216936710e-02
2.170174292727173118e-02
2.173677865489942809e-02
2.174371940756731833e-02
2.183632354914220516e-02
2.185505436877956467e-02
2.186526103333803761e-02
2.194120876680043242e-02
2.196197687613044708e-02
2.200851213960362471e-02
2.204956702434188870e-02
2.211320210724457974e-02
2.215259057193833675e-02
2.219157708255523748e-02
2.219712018088585218e-02
2.225264708464185295e-02
2.230302340305912942e-02
2.232729410891788266e-02
2.236401860721417764e-02
2.241549893855462189e-02
2.243828172397044352e-02
2.248158421288848005e-02
2.250031145424451900e-02
2.256263163917853615e-02
2.260413163406041828e-02
2.262801488886892823e-02
2.268563838124660476e-02
2.273953299233807610e-02
2.277011487117187177e-02
2.280910938386402145e-02
2.283505353079710518e-02
2.287772766300947072e-02
2.292476470183704013e-02
2.294514135159747906e-02
2.297391399899884751e-02
2.301911581261050985e-02
2.305503465257167928e-02
2.308995487397681734e-02
2.316831037245908886e-02
2.320942833572345321e-02
2.321754725166330288e-02
2.326296381178885250e-02
2.329635647568012100e-02
2.332276710034686742e-02
2.342325049004809548e-02
2.349221543889922631e-02
2.351157276420773670e-02
2.352715827640900967e-02
2.355031367237319859e-02
2.357416739678465725e-02
2.361771801068481003e-02
2.366242834732149719e-02
2.368276922942869414e-02
2.374443077319414799e-02
2.374896294611657591e-02
2.377655479986550205e-02
2.384118669367643953e-02
2.386134388738574488e-02
2.389367101083862688e-02
2.393540171202289055e-02
2.394867365561674163e-02
2.400357057256073331e-02
2.402667545641111457e-02
2.405181477817549401e-02
2.411549715574387923e-02
2.422559626302229346e-02
2.425393555129203363e-02
2.427363083868137525e-02
2.431747002538896946e-02
2.435075872972257416e-02
2.436851642023861800e-02
2.439559004630011477e-02
2.446061604382925372e-02
2.450972898713799433e-02
2.452163832526399120e-02
2.463178653125819989e-02
2.465279618298465633e-02
2.467358882316761717e-02
2.473325951997191671e-02
2.476870760719543027e-02
2.480807952325779150e-02
2.484020792530852381e-02
2.489366282845435763e-02
2.490554125579713327e-02
2.495744774513950631e-02
2.497768363254338278e-02
2.498304851854644265e-02
2.504346093725828490e-02
2.506819322493537144e-02
2.508893184532216478e-02
2.518925963874089902e-02
2.521919101085671674e-02
2.528564920258818266e-02
2.530945786748589957e-02
2.539802509495291127e-02
2.540951199131029001e-02
2.546169647416212170e-02
2.554104681397580817e-02
2.558486931472319856e-02
2.563606399403709629e-02
2.566339145923797124e-02
2.569363522968946822e-02
2.573677661253573681e-02
2.574460698874117201e-02
2.580606757931164577e-02
2.587227369851148942e-02
2.593791825970294049e-02
2.596964679979802196e-02
2.600331914736237968e-02
2.602620701242698564e-02
2.609664212437048589e-02
2.612633665378532102e-02
2.617955764617598685e-02
2.618752025457832602e-02
2.625481832838535978e-02
2.629826767411630808e-02
2.633369678860250640e-02
2.638547993061295463e-02
2.646512703760412616e-02
2.647917418239234197e-02
2.651932716690780234e-02
2.658461830734524384e-02
2.660843485751142323e-02
2.666175033050764351e-02
2.669933392914038139e-02
2.670159992346951214e-02
2.677269200902758148e-02
2.679211919255248750e-02
2.682254246947358631e-02
2.692064852071128500e-02
2.694809860445450747e-02
2.700701846296205133e-02
2.703309445031917835e-02
2.708045703438499360e-02
2.711886468907808226e-02
2.714437626242956897e-02
2.719581245795019489e-02
2.722235052487940316e-02
2.729740837589748892e-02
2.731522288072365731e-02
2.733182408877276454e-02
2.738527570282194706e-02
2.741468951056444739e-02
2.744963451072812699e-02
2.751472904155513252e-02
2.755463027460439140e-02
2.757010094751056670e-02
2.762372630580523999e-02
2.767921336161524234e-02
2.772836624332080530e-02
2.775116981191583926e-02
2.780048554348427819e-02
2.786800705624747562e-02
2.789314263008763409e-02
2.794846044418059297e-02
2.796177372210420162e-02
2.807746756982011649e-02
2.809656897150860852e-02
2.811562750704097585e-02
2.815761053494527863e-02
2.819997201911103243e-02
2.827113823254062339e-02
2.830597848456164675e-02
2.832435304670605572e-02
2.837774632748859410e-02
2.840243879121398182e-02
2.851122755646868026e-02
2.853780468020661668e-02
2.859711475140576734e-02
2.862398058294165701e-02
2.862852325781296489e-02
2.867397687854638527e-02
2.872783858902185766e-02
2.879474586458700275e-02
2.883566152838425850e-02
2.886817924272499711e-02
2.894875450396383262e-02
2.899107063683064797e-02
2.899810070344739643e-02
2.907135391330735105e-02
2.909273457535379095e-02
2.912890280616269728e-02
2.922680422195882491e-02
2.925431505775787436e-02
2.929102814582615691e-02
2.937680650971496651e-02
2.941955407430911842e-02
2.944820989028724967e-02
2.947374059015916287e-02
2.952536331389212648e-02
2.957646372240798141e-02
2.962539966194040544e-02
2.970008248235644216e-02
2.977712255094644087e-02
2.982023963589513355e-02
2.983484975993677332e-02
2.990341399019987023e-02
2.995494329827186678e-02
2.999006995708628290e-02
3.003388449955140746e-02
3.009148408180038411e-02
3.016605053592970667e-02
3.017607252751360047e-02
3.024742988544642727e-02
3.029778410274655900e-02
3.033873116360756225e-02
3.037978724721577400e-02
3.042894424329401631e-02
3.047833500298391049e-02
3.050183274950568624e-02
3.052619440668618081e-02
3.056621760443960917e-02
3.064413454067712456e-02
3.066605738039484413e-02
3.074433919356900705e-02
3.076712153702575517e-02
3.081693212753000913e-02
3.082250153168599946e-02
3.089819180016273314e-02
3.093332476309302442e-02
3.096519456730207481e-02
3.099307355901915334e-02
3.102244927200415239e-02
3.109944942708580892e-02
3.114440918696415733e-02
3.122452013635520704e-02
3.123500062894614751e-02
3.130328726441021503e-02
3.138058604638777754e-02
3.139825956299106130e-02
3.142934644753027362e-02
3.147388988703828105e-02
3.151272562698192309e-02
3.155188039070157269e-02
3.162163572734388861e-02
3.169507891169578984e-02
3.175057022973236387e-02
3.182891397533733208e-02
3.184575728583125681e-02
3.190984401486569866e-02
3.192711162171534001e-02
3.197804819011584171e-02
3.202842770340054435e-02
3.207944514640784922e-02
3.211698100840820747e-02
3.218095841245151995e-02
3.225585441152355182e-02
3.229962279621825111e-02
3.236859901340180534e-02
3.242036498380383019e-02
3.245361793278404849e-02
3.250628667154272650e-02
3.255749298071438508e-02
3.258355253354257297e-02
3.264398115606002848e-02
3.274371324857022758e-02
3.277925387999879731e-02
3.282938525751019632e-02
3.286045734936859919e-02
3.295526118557079442e-02
3.298482217059557631e-02
3.301841699462219892e-02
3.305335129262712557e-02
3.315175329719211028e-02
3.319114514068109700e-02
3.324865783449888063e-02
3.327188218491748672e-02
3.331675896897548506e-02
3.332796010778839996e-02
3.340885141615661247e-02
3.354218653699270192e-02
3.360208577777607647e-02
3.362342218294656071e-02
3.364466496226359293e-02
3.368556163465423470e-02
3.379391799229371912e-02
3.382057737749204901e-02
3.382693532145641252e-02
3.388428246637407298e-02
3.398373373041727041e-02
3.399241063848035954e-02
3.406802669957997853e-02
3.412509584981193722e-02
3.419524211730640140e-02
3.425284944100935591e-02
3.427666638646140879e-02
3.435734660867955509e-02
3.438765287527974918e-02
3.444514543346744589e-02
3.448195707143299898e-02
3.449138189466984666e-02
3.459530915420761660e-02
3.472742022825134334e-02
3.476879503386885728e-02
3.480443818105256881e-02
3.485887729830466908e-02
3.492987806447871851e-02
3.498951272022830100e-02
3.505302615994247695e-02
3.509156896091750882e-02
3.514242838941700198e-02
3.521083548116774042e-02
3.528830615604178211e-02
3.535068046008484066e-02
3.538501664860065760e-02
3.540656129137943753e-02
3.548696741911627067e-02
3.554962428262105345e-02
3.557634219263530739e-02
3.566647956527125435e-02
3.575524835584330263e-02
3.577930062816864210e-02
3.584267622858962332e-02
3.587985580883955999e-02
3.591935225833475798e-02
3.605990250311843365e-02
3.606496360269113854e-02
3.611708869956244822e-02
3.613743797805953062e-02
3.618041485025691451e-02
3.627154098377292218e-02
3.631248190090667627e-02
3.636154649535215666e-02
3.646188626784150483e-02
3.653455316789389062e-02
3.654290438322899820e-02
3.660136082432789012e-02
3.667216638562891678e-02
3.673278601093935697e-02
3.682471233358697305e-02
3.684158242143843742e-02
3.695326756612823255e-02
3.705231496697578009e-02
3.713370231952645845e-02
3.718190224767756180e-02
3.721335483865557264e-02
3.725308107635186272e-02
3.731465491489508596e-02
3.738989302172408130e-02
3.745268274866807995e-02
3.755566561639553380e-02
3.759601630196386657e-02
3.768096324874150443e-02
3.772930813372314673e-02
3.775026246442719086e-02
3.786449780093181783e-02
3.796637327570760723e-02
3.799671127061168135e-02
3.801222653362349574e-02
3.806183721121615682e-02
3.810195766794082645e-02
3.819719614741130115e-02
3.827527163076770850e-02
3.831184680985785102e-02
3.840218192722384682e-02
3.847104575964862411e-02
3.856719006521344695e-02
3.873216857299505156e-02
3.875704917278018774e-02
3.875939123571669337e-02
3.890651039426352292e-02
3.891273642357660767e-02
3.902647393993428221e-02
3.910460314454502345e-02
3.918457244557981695e-02
3.931447657769845949e-02
3.934219819305218024e-02
3.948809368992219071e-02
3.950165015614508224e-02
3.953121509114612686e-02
3.965721738793568513e-02
3.971852946721847466e-02
3.985736777487329519e-02
3.989557215391327516e-02
3.994424336530870423e-02
3.998211796093427417e-02
4.004168268420227328e-02
4.011458325497817279e-02
4.023044757425323775e-02
4.030367554319312651e-02
4.045482889683640892e-02
4.047208515430801568e-02
4.050406020543228375e-02
4.054589984094204153e-02
4.062578431483709201e-02
4.068755251317759947e-02
4.078574825014402022e-02
4.089185966716254311e-02
4.103769414586664471e-02
4.110540432293387919e-02
4.118321205475366370e-02
4.132090071317669200e-02
4.140475112170053512e-02
4.143386359666903496e-02
4.153294967305938556e-02
4.172602369295022595e-02
4.175144345701108789e-02
4.185276312806570503e-02
4.206426857974591288e-02
4.210702313516884177e-02
4.216183891169880682e-02
4.233979063873865439e-02
4.243729027915137814e-02
4.259935660428059573e-02
4.271763542575278405e-02
4.281579462331353697e-02
4.286903991648427503e-02
4.290868027092383657e-02
4.317572920543123749e-02
4.351357174410831058e-02
4.372134532386189737e-02
4.380338806084371761e-02
