-4.414579890265931533e-02
-4.392688554439802551e-02
-4.381293935925806987e-02
-4.368838949066946448e-02
-4.312293629059866379e-02
-4.301403867201569753e-02
-4.297252845518297754e-02
-4.256828882478080195e-02
-4.254181468694077234e-02
-4.246893537030284327e-02
-4.238913685101693141e-02
-4.227997728174960612e-02
-4.217580219589613794e-02
-4.207812036817056706e-02
-4.193851917620138731e-02
-4.180947745681300176e-02
-4.163600400177869254e-02
-4.154435621911990728e-02
-4.142542289848549081e-02
-4.138188833038210224e-02
-4.121110733497607148e-02
-4.113816698949316480e-02
-4.102696155455478472e-02
-4.087526733123469230e-02
-4.081194570021137724e-02
-4.074551763105200425e-02
-4.068639252448096044e-02
-4.056700190679799617e-02
-4.049014428301211249e-02
-4.041612391871046012e-02
-4.035106383908528688e-02
-4.021817691046139509e-02
-4.011742303034501050e-02
-4.001824996295869075e-02
-3.995701231681220850e-02
-3.988449716443556725e-02
-3.977741425909216144e-02
-3.970622125628446575e-02
-3.966811051553153361e-02
-3.961533875362033968e-02
-3.948868981746436052e-02
-3.944650308855624649e-02
-3.935097308307222014e-02
-3.931615642093459068e-02
-3.922377408207688293e-02
-3.917066176918958254e-02
-3.912662947629783061e-02
-3.904326183302249398e-02
-3.893918198264725156e-02
-3.892017562593935026e-02
-3.887223320770581692e-02
-3.881979046543711925e-02
-3.874282701854149524e-02
-3.868369018568569573e-02
-3.850503785948442698e-02
-3.846821088602235539e-02
-3.839894456349356860e-02
-3.834843267737655936e-02
-3.828723220640384284e-02
-3.824876335364757463e-02
-3.823552043739984752e-02
-3.812935592185101585e-02
-3.805954615409543745e-02
-3.792157339414736067e-02
-3.784595920710689260e-02
-3.776626829567909793e-02
-3.766215521107520170e-02
-3.762659043821802579e-02
-3.758427716504174343e-02
-3.751862304128488618e-02
-3.739926633525762073e-02
-3.735507317134571792e-02
-3.730406975251514962e-02
-3.725947148040641144e-02
-3.719162064316895722e-02
-3.717135653780592047e-02
-3.710919563304562740e-02
-3.703289738906623274e-02
-3.700649160859877107e-02
-3.697325455729850996e-02
-3.691210412971480254e-02
-3.679470857803069511e-02
-3.672585755139287644e-02
-3.671305807892738526e-02
-3.662907300564144375e-02
-3.656021846745641235e-02
-3.652777945382314206e-02
-3.646687669859274838e-02
-3.639559962002405363e-02
-3.637409178389141434e-02
-3.622662571667192855e-02
-3.617609405852918042e-02
-3.612776091700436315e-02
-3.606911643980660609e-02
-3.604354833179522488e-02
-3.602082185236413214e-02
-3.595816973998449545e-02
-3.591531469516167502e-02
-3.580801252873546531e-02
-3.574479627980482049e-02
-3.568132243945913717e-02
-3.565280237763181898e-02
-3.562399173317852552e-02
-3.554142482257103414e-02
-3.545846747730577869e-02
-3.541292335547541192e-02
-3.534853331503200885e-02
-3.530716779519978143e-02
-3.525257795059117544e-02
-3.518162316792789596e-02
-3.514796401207546939e-02
-3.510678284582589154e-02
-3.503512818298971931e-02
-3.492822220510900799e-02
-3.482874593873190594e-02
-3.481358366662552078e-02
-3.474787835258732333e-02
-3.471978072196546528e-02
-3.466158769946140611e-02
-3.460851766730701357e-02
-3.451176904809173662e-02
-3.449910794652338852e-02
-3.437769138768115296e-02
-3.435601061959076691e-02
-3.431671361789623287e-02
-3.427233139365775533e-02
-3.420365425482687488e-02
-3.416235329247500202e-02
-3.414827656896733676e-02
-3.405995536685047648e-02
-3.402736257672132197e-02
-3.396039765617309830e-02
-3.387163855599538420e-02
-3.384592092526091112e-02
-3.381022867141955657e-02
-3.369750648165226181e-02
-3.366761992236220330e-02
-3.362588730797114872e-02
-3.358372025694526114e-02
-3.350119586481706963e-02
-3.349413352945641159e-02
-3.342558331855965265e-02
-3.342160811879698462e-02
-3.332234363993594878e-02
-3.328420454725768141e-02
-3.324572597761575599e-02
-3.322584719722773694e-02
-3.318845457725982939e-02
-3.314477664954839503e-02
-3.306098639618644530e-02
-3.300083087032947005e-02
-3.297199297196682505e-02
-3.289964398543354651e-02
-3.289089806354857093e-02
-3.279132621447396895e-02
-3.276292997899089843e-02
-3.274067705454711957e-02
-3.269853432781520686e-02
-3.262969577842792651e-02
-3.253511098866516960e-02
-3.252736229210648200e-02
-3.245254781472015765e-02
-3.239833910560487029e-02
-3.235950095351754902e-02
-3.232664557374306802e-02
-3.231727264311801823e-02
-3.224212830328109652e-02
-3.215341936424671865e-02
-3.211846569092026427e-02
-3.208719063561492335e-02
-3.205235885868677748e-02
-3.192279937070751500e-02
-3.189510935064140268e-02
-3.188547138269570702e-02
-3.181381711348660324e-02
-3.179789218266629997e-02
-3.170336052454095915e-02
-3.168240186256777308e-02
-3.164965687862670435e-02
-3.158988185110328528e-02
-3.153492437374834367e-02
-3.150174514998793640e-02
-3.146394388321713947e-02
-3.136141500509335989e-02
-3.129758600953903153e-02
-3.128278633712282264e-02
-3.121321882971695230e-02
-3.118672387957142911e-02
-3.117040473737303641e-02
-3.111108615836603863e-02
-3.107681145094721639e-02
-3.103189383182054784e-02
-3.094073605768252883e-02
-3.092268896515933813e-02
-3.086239289752268355e-02
-3.083561846601294912e-02
-3.079845499110107215e-02
-3.075519390807890385e-02
-3.066379218023394110e-02
-3.061611600997566837e-02
-3.056573537030027668e-02
-3.053741647290802996e-02
-3.049165121741327644e-02
-3.040451904689292148e-02
-3.035101879890887352e-02
-3.031231534283578347e-02
-3.029232810053548303e-02
-3.024756493456734474e-02
-3.020363381444761755e-02
-3.013918062314292420e-02
-3.005482275599525785e-02
-3.000895120118901582e-02
-3.000345018507665287e-02
-2.993548351089338200e-02
-2.992783631506558406e-02
-2.990252686743295057e-02
-2.985855962038746689e-02
-2.980006354098435617e-02
-2.975367662415789177e-02
-2.969036685499530648e-02
-2.965233393790523558e-02
-2.961410335594451271e-02
-2.956926148135289451e-02
-2.952762748639400914e-02
-2.950955812552128604e-02
-2.941989016575143057e-02
-2.941683150393478025e-02
-2.935300694683961806e-02
-2.929736893253434560e-02
-2.923618175201883607e-02
-2.919365877388923475e-02
-2.915409922444129817e-02
-2.913575575248685337e-02
-2.904658193372526911e-02
-2.903604951857959027e-02
-2.895315861581177277e-02
-2.891298235210519249e-02
-2.890059685512900295e-02
-2.882796237370213038e-02
-2.876703326550745718e-02
-2.872359870450702860e-02
-2.868965358216373635e-02
-2.862450694681372906e-02
-2.858266697620800989e-02
-2.853560448174780745e-02
-2.851308062591253328e-02
-2.846238114696955299e-02
-2.843949147672482358e-02
-2.838625435942294245e-02
-2.831666693541355639e-02
-2.828928799452781404e-02
-2.821474869009400407e-02
-2.819368870014769476e-02
-2.813853918345141786e-02
-2.810127849633686434e-02
-2.809217614980514394e-02
-2.805267818179896927e-02
-2.799675075438222069e-02
-2.795923053452278179e-02
-2.794863369431054706e-02
-2.788174720240962912e-02
-2.782811455095415137e-02
-2.775099816079956358e-02
-2.771313057840742167e-02
-2.769904595616648132e-02
-2.767500034994136576e-02
-2.763531459349774511e-02
-2.755679104697599316e-02
-2.748114858875915639e-02
-2.744440661383695801e-02
-2.742741899492574451e-02
-2.739389733342730004e-02
-2.736766887538445367e-02
-2.732854896457430002e-02
-2.729219100208461063e-02
-2.721029062618616351e-02
-2.719225894758490678e-02
-2.716699153426525154e-02
-2.710772178727397300e-02
-2.706436110556677613e-02
-2.697649216375875084e-02
-2.692793393521230802e-02
-2.686878718511959141e-02
-2.686134829502925120e-02
-2.676667066310100748e-02
-2.673046444192144974e-02
-2.670256599125097469e-02
-2.666315309925913410e-02
-2.659694142654253982e-02
-2.657270803485316940e-02
-2.656616291061470250e-02
-2.648032752105750065e-02
-2.647466707323070309e-02
-2.640852432128612190e-02
-2.639788494223739568e-02
-2.637514208220660683e-02
-2.632229172230376307e-02
-2.629054484225082020e-02
-2.621731084838233375e-02
-2.618885315517539836e-02
-2.615328723321727264e-02
-2.609245250213040532e-02
-2.608824015674814090e-02
-2.603351033366349543e-02
-2.598876515866090781e-02
-2.592234951398361686e-02
-2.588515072224958913e-02
-2.580360166133493713e-02
-2.575785645335938387e-02
-2.574948055325859686e-02
-2.567879294473476154e-02
-2.565261547193896027e-02
-2.562248220344642141e-02
-2.559095692195420546e-02
-2.557973310347144702e-02
-2.555047345523446881e-02
-2.549398663952694502e-02
-2.542501888102375110e-02
-2.537426121518692249e-02
-2.530079395826053540e-02
-2.528602915095377185e-02
-2.526070590210637359e-02
-2.522460953192919367e-02
-2.520974334125761218e-02
-2.519355481559139645e-02
-2.511726994861325155e-02
-2.510642026947007902e-02
-2.504614780352561534e-02
-2.502831042943332029e-02
-2.497292228979992174e-02
-2.495427532495996317e-02
-2.487493643413859340e-02
-2.484697309470725035e-02
-2.481139229923312248e-02
-2.475018953000257191e-02
-2.473732355379458514e-02
-2.469651648067918565e-02
-2.465296205942239111e-02
-2.463062118428488087e-02
-2.460003020083033343e-02
-2.455384897546960404e-02
-2.455192162169485270e-02
-2.449695678885265016e-02
-2.442641984161364813e-02
-2.440159920170927380e-02
-2.433634526399598014e-02
-2.432914261536450740e-02
-2.423400274310122393e-02
-2.419113889005357690e-02
-2.409592946605269848e-02
-2.406315892435652304e-02
-2.400811607022801733e-02
-2.397946796192214694e-02
-2.395937950862901678e-02
-2.392204954720318633e-02
-2.388047363040082111e-02
-2.384602271523567421e-02
-2.381601688221086574e-02
-2.377350407305038604e-02
-2.373486647614526934e-02
-2.371623250428883320e-02
-2.366533366799138116e-02
-2.361515027757735835e-02
-2.353108698827375417e-02
-2.352301941129526439e-02
-2.352090290308073497e-02
-2.348478463340720676e-02
-2.343178190357918939e-02
-2.338962225328457267e-02
-2.337732687703096210e-02
-2.330076156597770537e-02
-2.326704931165004056e-02
-2.323432402196898630e-02
-2.320715948854347455e-02
-2.316489240364605004e-02
-2.311354328386552512e-02
-2.309355796034269839e-02
-2.302605594376633258e-02
-2.298103331209556607e-02
-2.295656772453265326e-02
-2.293003745055926385e-02
-2.286922818036380214e-02
-2.285208281895836913e-02
-2.279166683498633911e-02
-2.273721317295989558e-02
-2.271084146894687683e-02
-2.267638974134641647e-02
-2.263129640475365287e-02
-2.261210577167242081e-02
-2.256053005798363403e-02
-2.252154771620247867e-02
-2.247079182349800627e-02
-2.245546270149623158e-02
-2.244348699204378600e-02
-2.237899133629863216e-02
-2.229099338174329176e-02
-2.227339431962642793e-02
-2.221065374519247751e-02
-2.219125213335456162e-02
-2.216003514609722960e-02
-2.213283069378890744e-02
-2.212171460060805700e-02
-2.207012640537687337e-02
-2.202659505975723686e-02
-2.197900814569890907e-02
-2.195085043276023828e-02
-2.192376502923999368e-02
-2.189233605981348932e-02
-2.185706833448500253e-02
-2.179628909202606032e-02
-2.175043697379186458e-02
-2.171017085657033982e-02
-2.169384203556582943e-02
-2.164572027922859188e-02
-2.160138552899786013e-02
-2.157742016095350046e-02
-2.152422579728232449e-02
-2.150598736977701875e-02
-2.144085069207876323e-02
-2.140450664567331712e-02
-2.134400145185350040e-02
-2.131688407998141854e-02
-2.123565023991758061e-02
-2.119385504697286760e-02
-2.117142068045328382e-02
-2.113405185546852333e-02
-2.108956953048963384e-02
-2.104326635357450792e-02
-2.103602069434914665e-02
-2.099328645259549916e-02
-2.094981291182083580e-02
-2.093054410880827373e-02
-2.090814567997290735e-02
-2.083706497835409802e-02
-2.082260333982274142e-02
-2.077860394502309763e-02
-2.074381060963781734e-02
-2.071178061283740837e-02
-2.064552690804540361e-02
-2.058786256102359061e-02
-2.057240083273611034e-02
-2.050603379301981985e-02
-2.048161999030545175e-02
-2.044838508025969767e-02
-2.040636291334323518e-02
-2.038976627108235809e-02
-2.033210023528705598e-02
-2.030248858993750211e-02
-2.028807291268666657e-02
-2.020635925745925196e-02
-2.017283953006594396e-02
-2.014921504504979186e-02
-2.008970151381149483e-02
-2.003494532799053249e-02
-2.000219574379733661e-02
-1.995266209118730025e-02
-1.994302905452501051e-02
-1.988680977654700907e-02
-1.986165492675782962e-02
-1.983913091992052860e-02
-1.976203528396189291e-02
-1.969849280985353640e-02
-1.966311633671717976e-02
-1.962281059909290470e-02
-1.959807518984730060e-02
-1.958300749309659777e-02
-1.955001386075655434e-02
-1.948038920492633705e-02
-1.945865637682909002e-02
-1.941698400219026358e-02
-1.937257538156429704e-02
-1.933776818367346009e-02
-1.929334056922272014e-02
-1.927376105529181316e-02
-1.921712522976396983e-02
-1.917613312790845612e-02
-1.914870221257779226e-02
-1.909323195269652107e-02
-1.907157845493241688e-02
-1.904976113798100001e-02
-1.900790150977361981e-02
-1.897231087366212099e-02
-1.894774037929009003e-02
-1.891941777990646320e-02
-1.889299517385113064e-02
-1.887651682087582508e-02
-1.883145443927921117e-02
-1.877618156454722090e-02
-1.874623615115308603e-02
-1.871070620183299532e-02
-1.863527760738691030e-02
-1.858814398428445744e-02
-1.853915102604405257e-02
-1.850917953264663227e-02
-1.850486175717873730e-02
-1.848019789022483164e-02
-1.840512027096713119e-02
-1.837203397865277976e-02
-1.836175480375287425e-02
-1.834386982194895557e-02
-1.829798631940722856e-02
-1.826195993262984957e-02
-1.822479990498883026e-02
-1.821259164692002469e-02
-1.816188521745719722e-02
-1.811912766480950829e-02
-1.803774167858294628e-02
-1.803099111628346518e-02
-1.799626589910315044e-02
-1.796681817929518185e-02
-1.792965273040168436e-02
-1.790852788234965562e-02
-1.786222476568304074e-02
-1.785548538237459112e-02
-1.778456281545125542e-02
-1.774680186554038197e-02
-1.772187426907255448e-02
-1.770464025059223512e-02
-1.762057147531894546e-02
-1.758114023748104729e-02
-1.753135556943368270e-02
-1.750906635866888300e-02
-1.747469709368198315e-02
-1.745587515803109432e-02
-1.736907405634801477e-02
-1.732146920646771351e-02
-1.730432186844681891e-02
-1.728084691731395298e-02
-1.724838054527565515e-02
-1.718904935573283693e-02
-1.716821989445774244e-02
-1.711469726495743610e-02
-1.708471208366473676e-02
-1.703333734390244728e-02
-1.700553967642265060e-02
-1.698459007960141307e-02
-1.692648041422481486e-02
-1.691243804056391520e-02
-1.685715827284746740e-02
-1.682395826860936736e-02
-1.679787995960131328e-02
-1.675397452861494829e-02
-1.674172817917502290e-02
-1.668522395973128999e-02
-1.664791130531878202e-02
-1.662532339344866689e-02
-1.658220974588608954e-02
-1.653439886060591862e-02
-1.652501475170810655e-02
-1.649264827612646062e-02
-1.642797730015423466e-02
-1.639463587809030301e-02
-1.635511903133947745e-02
-1.633193277096897308e-02
-1.630480939378912281e-02
-1.625114439691967977e-02
-1.618967912098943224e-02
-1.616190981043397895e-02
-1.613907076421895043e-02
-1.609733902380217421e-02
-1.605020079509670433e-02
-1.599706827054750424e-02
-1.596810678915992071e-02
-1.594535691643674327e-02
-1.591610389549575136e-02
-1.589184460173246466e-02
-1.583735761229436434e-02
-1.579465055421753680e-02
-1.577358146089756150e-02
-1.574089043376541291e-02
-1.570924393164447111e-02
-1.568663415360867577e-02
-1.565120496589515048e-02
-1.561189951945401305e-02
-1.554005807820142693e-02
-1.549273810059340235e-02
-1.546199048022362833e-02
-1.544806295736285244e-02
-1.543732295118429437e-02
-1.539579779088182457e-02
-1.537995913862954915e-02
-1.535269011923488629e-02
-1.529101267732003826e-02
-1.526269879981687061e-02
-1.522472995459336377e-02
-1.516188863086246133e-02
-1.513416426615742799e-02
-1.506356471500862153e-02
-1.505999853791105750e-02
-1.498283188508349115e-02
-1.495695772518192655e-02
-1.491713820274865980e-02
-1.486873999082945902e-02
-1.484914737802298622e-02
-1.481749205608113087e-02
-1.479344509824708810e-02
-1.475277754574687815e-02
-1.467993967584416831e-02
-1.467595839305492304e-02
-1.462949062520758729e-02
-1.456508480284491973e-02
-1.451895105775960482e-02
-1.449046239562583327e-02
-1.446625610646640366e-02
-1.445231327364224737e-02
-1.439275105653590840e-02
-1.437250493697760263e-02
-1.434405628639277494e-02
-1.428971249000108440e-02
-1.425519513323890430e-02
-1.421302121850970789e-02
-1.420272325175686058e-02
-1.415619979547338807e-02
-1.410318688932934127e-02
-1.408124798440904372e-02
-1.405135106547126742e-02
-1.402409747453960825e-02
-1.398362043288415429e-02
-1.396776162691057074e-02
-1.394129716592293691e-02
-1.388573496919567538e-02
-1.387520497135835348e-02
-1.384433082991005405e-02
-1.381949153494856607e-02
-1.377449844271304985e-02
-1.373355855386873027e-02
-1.369957561457289461e-02
-1.365709961051064271e-02
-1.360866236690820748e-02
-1.357753068475431486e-02
-1.357026575533845994e-02
-1.351559483538542113e-02
-1.349286009521339508e-02
-1.341527586910408291e-02
-1.339751755589083625e-02
-1.338133379445003400e-02
-1.334652256782007870e-02
-1.331745501786302244e-02
-1.329364750266777417e-02
-1.326934341434695547e-02
-1.323004086358890545e-02
-1.315239169170175602e-02
-1.313028563552988068e-02
-1.306629866059041793e-02
-1.305150262810871042e-02
-1.303866027750893129e-02
-1.300759386965959045e-02
-1.297915075199269214e-02
-1.292837596256295879e-02
-1.287818967672306643e-02
-1.284333350556045306e-02
-1.278287161371299656e-02
-1.276302863397675916e-02
-1.275079639439073362e-02
-1.271606336063102471e-02
-1.270313374558788670e-02
-1.264741270451506805e-02
-1.261509996126850691e-02
-1.258806243616036880e-02
-1.255364249925487209e-02
-1.250106693172990148e-02
-1.247802581720608255e-02
-1.239184042470266485e-02
-1.238722228962763246e-02
-1.234679368042489005e-02
-1.230511108199531037e-02
-1.229942226536987794e-02
-1.226377863504123783e-02
-1.223195861409321489e-02
-1.220085178083333589e-02
-1.216683533622148726e-02
-1.214116484433230662e-02
-1.206721095602257370e-02
-1.202624666853153133e-02
-1.201650853062131812e-02
-1.198440285627820102e-02
-1.193886404439479382e-02
-1.191971234473443442e-02
-1.186697177043303554e-02
-1.182420869030964897e-02
-1.180141395319680292e-02
-1.175694004173871016e-02
-1.173618050049402700e-02
-1.169772327549368877e-02
-1.165811675000766670e-02
-1.162776047588846666e-02
-1.157744169926664020e-02
-1.154999926405301212e-02
-1.150408494321520335e-02
-1.149989261789611562e-02
-1.144755173175989599e-02
-1.142239579952036843e-02
-1.139756491921371795e-02
-1.135753560687561940e-02
-1.132842784492381696e-02
-1.130758885489020933e-02
-1.127278628503949193e-02
-1.123568206997110734e-02
-1.120696951023480298e-02
-1.113723096337996404e-02
-1.112460331777342763e-02
-1.108149682749887989e-02
-1.104011117879741787e-02
-1.100644452512970772e-02
-1.095996892270862874e-02
-1.092039801202425962e-02
-1.087975570012637491e-02
-1.083874606117148608e-02
-1.080579344101155470e-02
-1.078153627085441310e-02
-1.076579409301454959e-02
-1.074125285910868151e-02
-1.068125482121593667e-02
-1.063767752410867129e-02
-1.059661291191208408e-02
-1.058117879877364283e-02
-1.054097572365658535e-02
-1.050885356238271187e-02
-1.044752197228008238e-02
-1.042660696744420433e-02
-1.041867492021142025e-02
-1.038693400197000273e-02
-1.032246324382772584e-02
-1.026876170872363311e-02
-1.022552179651684164e-02
-1.019610664443258014e-02
-1.016451042854290762e-02
-1.015636812982077808e-02
-1.011022988982030260e-02
-1.008311250213456307e-02
-1.004418525969711339e-02
-1.003190483927445670e-02
-9.993822142031276792e-03
-9.959223356469190658e-03
-9.920277549263736838e-03
-9.868707667843311035e-03
-9.859536289889005503e-03
-9.826135469392850708e-03
-9.757439301752643401e-03
-9.709927673432143524e-03
-9.665560153571388369e-03
-9.625631279533796228e-03
-9.623369961464315822e-03
-9.588339331163929155e-03
-9.516956104607428649e-03
-9.490928768931015252e-03
-9.477921177266172489e-03
-9.460299887512017142e-03
-9.393931915249014927e-03
-9.370146421730340958e-03
-9.352425522995807400e-03
-9.316782820870433274e-03
-9.252077214941862096e-03
-9.204173395131498223e-03
-9.199877399029691635e-03
-9.129373991539100480e-03
-9.093802078059787589e-03
-9.072514795437022078e-03
-9.069726274189881046e-03
-9.014600795532904526e-03
-8.993643114181602491e-03
-8.956748022728227773e-03
-8.906347044667630927e-03
-8.864201942389666675e-03
-8.847122586611513503e-03
-8.812151734717450779e-03
-8.769268656175594964e-03
-8.736632254577200718e-03
-8.712993310425347360e-03
-8.641293569786110199e-03
-8.597228249116493221e-03
-8.564770734421229756e-03
-8.539558063738282925e-03
-8.509548923284154451e-03
-8.456191865590718948e-03
-8.417761590555936785e-03
-8.397598804025378436e-03
-8.353709265355167488e-03
-8.324097261573060874e-03
-8.293710843874785299e-03
-8.271249971242436785e-03
-8.238071029330815143e-03
-8.154870125746763523e-03
-8.134211352748638157e-03
-8.108875754863492658e-03
-8.068866764675502665e-03
-8.047415855955471903e-03
-8.029082567749409871e-03
-7.980049994273097358e-03
-7.944667309355718868e-03
-7.915343551417115125e-03
-7.869309539946009457e-03
-7.858424214237883648e-03
-7.819347198647531513e-03
-7.775158709168522413e-03
-7.742939822556478557e-03
-7.722203459437434678e-03
-7.691838022609631502e-03
-7.658216880115004989e-03
-7.625785778433512470e-03
-7.580999513203916587e-03
-7.569176580748644863e-03
-7.523639620455599593e-03
-7.509497497674292796e-03
-7.475161243366875395e-03
-7.434698380681715318e-03
-7.376853781177142126e-03
-7.342760129995628236e-03
-7.309916074467968754e-03
-7.296316677195977853e-03
-7.273480615180524279e-03
-7.253768743900120171e-03
-7.174459036834110633e-03
-7.143206729246255431e-03
-7.111741110168829337e-03
-7.078389793744688067e-03
-7.023559368146174535e-03
-7.004222017946415239e-03
-6.971864907874222340e-03
-6.951636868035940622e-03
-6.922210116436797525e-03
-6.864764657791531943e-03
-6.842016324078822181e-03
-6.804520938011164935e-03
-6.757298262759342186e-03
-6.729724100157655903e-03
-6.671271260980648002e-03
-6.654481675846205674e-03
-6.624986648344297763e-03
-6.583347658842859419e-03
-6.562296373812156157e-03
-6.524482317406471617e-03
-6.480285599629474237e-03
-6.437776379094184084e-03
-6.426134252128672987e-03
-6.339234429180465487e-03
-6.313485880001337182e-03
-6.292355372792382377e-03
-6.271583637491634847e-03
-6.238959226332433348e-03
-6.207265897160387652e-03
-6.195971460671426123e-03
-6.158964568640529907e-03
-6.148105952720629014e-03
-6.117352245817673888e-03
-6.073674523771322581e-03
-6.025393515168822947e-03
-5.954242018034890636e-03
-5.942567155741051294e-03
-5.894101839021121357e-03
-5.877608960302671895e-03
-5.855094110170008456e-03
-5.820286643541414638e-03
-5.787689739356209444e-03
-5.763276134291754269e-03
-5.737978524651961981e-03
-5.655760969683960859e-03
-5.626743690833688888e-03
-5.617692369678950297e-03
-5.588911390625459288e-03
-5.559735833071182028e-03
-5.467709688222417708e-03
-5.454484111667651583e-03
-5.424198296233148121e-03
-5.406019420196191833e-03
-5.353104206389947689e-03
-5.346058549601699107e-03
-5.315677428446643170e-03
-5.279465011086073578e-03
-5.216681452683332582e-03
-5.191398555984182150e-03
-5.188083881944741647e-03
-5.149550505686029643e-03
-5.114122781151205811e-03
-5.067814727774739257e-03
-5.029696726291704029e-03
-4.989750484334093926e-03
-4.973382037994919860e-03
-4.901044866704622367e-03
-4.874088161330380857e-03
-4.838372774197055061e-03
-4.801431860625515399e-03
-4.780708892063673630e-03
-4.752070494251673174e-03
-4.739210542023506584e-03
-4.715119830622351536e-03
-4.645780432257603371e-03
-4.638338140244838842e-03
-4.606776807371678120e-03
-4.577760701779723038e-03
-4.528215985620345253e-03
-4.517599341634039381e-03
-4.489838417138227941e-03
-4.437029155920245785e-03
-4.417865353506722145e-03
-4.400752357607045501e-03
-4.352356926257605271e-03
-4.322389841823595473e-03
-4.280397861382886047e-03
-4.242107953026989960e-03
-4.213494274706858743e-03
-4.190460542500420472e-03
-4.161812400935629291e-03
-4.116142451766526683e-03
-4.073985196615873342e-03
-4.051109477451526018e-03
-4.010613833069334548e-03
-3.965055874988159500e-03
-3.923905266068502401e-03
-3.887050277487535087e-03
-3.850321708280373453e-03
-3.815909144517531763e-03
-3.788611185005348603e-03
-3.757794721083110821e-03
-3.733797113298880331e-03
-3.692727828381108749e-03
-3.671894187545005767e-03
-3.625070719317990357e-03
-3.558484351501133968e-03
-3.546801751678929637e-03
-3.528932141588031479e-03
-3.447298240483496080e-03
-3.444014722232862941e-03
-3.401514392590353469e-03
-3.376608329891933775e-03
-3.343937644201793857e-03
-3.286819516088018093e-03
-3.247454704766746577e-03
-3.213680594501757293e-03
-3.202305479064754355e-03
-3.101867228690480521e-03
-3.097897044550552113e-03
-3.077812861750849147e-03
-3.047725935601455511e-03
-3.000025362019616455e-03
-2.996819131035707851e-03
-2.945004463662251586e-03
-2.928681393037177710e-03
-2.905714242231655954e-03
-2.875138549287324565e-03
-2.850225501266522715e-03
-2.810418950870765663e-03
-2.786673101236723793e-03
-2.756544448318304016e-03
-2.728235712919153261e-03
-2.692862487203857846e-03
-2.655508354399502800e-03
-2.603316897952133707e-03
-2.571553311954231837e-03
-2.520379982733050427e-03
-2.502052777960647127e-03
-2.463808273162009562e-03
-2.433637475039135845e-03
-2.409111274900233458e-03
-2.371549364536941571e-03
-2.366554068049962680e-03
-2.332410388693079931e-03
-2.255382720159447487e-03
-2.225092773510309319e-03
-2.210099114434895679e-03
-2.194723111719912387e-03
-2.141592861995765887e-03
-2.092401522384854367e-03
-2.070741545298891619e-03
-2.033653328826226514e-03
-1.994403465529534687e-03
-1.980700733940237747e-03
-1.929609349764786026e-03
-1.888269133779367937e-03
-1.844953639784952318e-03
-1.836613826582686590e-03
-1.812381008378435160e-03
-1.753586326509437229e-03
-1.706781515419053671e-03
-1.689274032818651383e-03
-1.630395641725735463e-03
-1.602381140172543439e-03
-1.596250135966945398e-03
-1.559326663689041426e-03
-1.509402357974906194e-03
-1.480083367950390302e-03
-1.436524060254989804e-03
-1.393061642066857056e-03
-1.389195149938689689e-03
-1.330256607042057176e-03
-1.284091118160226403e-03
-1.272122711822102660e-03
-1.231028043472815522e-03
-1.217920702549529343e-03
-1.193547326865161120e-03
-1.184933583088764765e-03
-1.148568575321233347e-03
-1.094314135089647462e-03
-1.055294276739188663e-03
-1.045425576475790931e-03
-9.956521206075025828e-04
-9.873316008467672347e-04
-9.193358280369048506e-04
-8.776712798625838519e-04
-8.710733337438926428e-04
-8.218286272006333684e-04
-7.914789656300282765e-04
-7.276171922746249967e-04
-7.085437387494040529e-04
-6.761817325393269231e-04
-6.462920237493549385e-04
-6.290768790555965493e-04
-5.662399148752039800e-04
-5.373162333448261311e-04
-5.001689263576806132e-04
-4.804783206516383283e-04
-4.650601969420392785e-04
-4.401723763080554763e-04
-4.047476797577028232e-04
-3.393176865086950560e-04
-3.284133295941850080e-04
-2.531654304827907101e-04
-2.468581496989081907e-04
-2.020602085802344374e-04
-1.776294819668739389e-04
-1.073488128879420339e-04
-8.889380543130145137e-05
-4.399604038498314203e-05
1.572418561800812672e-05
2.794527597043373486e-05
4.862798212806288423e-05
8.143186899981030250e-05
1.019179012747507877e-04
1.446240689389220789e-04
1.907652620512944491e-04
2.498331541343202481e-04
2.953248159228579438e-04
3.118754171506654422e-04
3.767904592672252726e-04
3.948123612388257722e-04
4.107798249820376587e-04
4.260681779861052250e-04
4.667264591006881199e-04
4.963204811156251683e-04
5.381101062825433771e-04
5.763963125704064765e-04
6.088659927109539051e-04
6.375594146418614265e-04
6.535585849872120384e-04
6.737197063880505160e-04
7.171863163552869925e-04
7.433447878083024839e-04
8.032737352350620332e-04
8.522108311138162787e-04
8.933463428321011899e-04
9.431137027614479740e-04
9.641214655605702052e-04
1.011496176017803381e-03
1.033925650174874001e-03
1.078491520093472844e-03
1.090629796495493553e-03
1.110732288189515346e-03
1.133258438277432193e-03
1.138005852223480246e-03
1.190707514439901318e-03
1.224179879063142526e-03
1.295994973859526840e-03
1.339065794993839166e-03
1.366973147198866870e-03
1.411612158143356072e-03
1.421176952571319690e-03
1.450118585406029881e-03
1.523939365816922740e-03
1.539601125469672880e-03
1.581047014654378326e-03
1.634276557726396144e-03
1.644985478220554152e-03
1.687046730159901062e-03
1.718104743417119343e-03
1.720050924329786417e-03
1.765448441002308863e-03
1.797662826703925370e-03
1.833551964492739685e-03
1.861305536285129533e-03
1.891083979879859761e-03
1.953012283656253931e-03
1.978397486458930224e-03
2.004722539089653574e-03
2.043132184816260841e-03
2.061562802802232967e-03
2.082851575807997350e-03
2.096680080290324374e-03
2.159579403057727831e-03
2.211798910870660211e-03
2.223556889758736537e-03
2.274145683409407610e-03
2.300966559912507627e-03
2.312644211401217263e-03
2.353287972487204394e-03
2.402072396753897852e-03
2.428364294103346407e-03
2.463540397249862086e-03
2.482186169335170393e-03
2.517441337037497773e-03
2.591477933527020459e-03
2.614503965448343892e-03
2.635961891121599721e-03
2.663058314209452559e-03
2.717363239980576627e-03
2.772958196025496896e-03
2.796164940212547429e-03
2.823905675183549079e-03
2.880713838853697032e-03
2.905670021369115633e-03
2.942411289605737640e-03
2.974383133276683674e-03
3.010390333941248293e-03
3.018835534155512017e-03
3.047809832308144128e-03
3.090783064283424229e-03
3.119328067659901758e-03
3.156458152347633214e-03
3.173353984206850852e-03
3.225150716970408369e-03
3.255126007091186258e-03
3.265539746293072941e-03
3.283502488605653542e-03
3.314778339947520649e-03
3.412767013703053593e-03
3.422340113513899513e-03
3.440803011512460347e-03
3.464683048807590433e-03
3.516656105609142040e-03
3.557653903833886237e-03
3.580074457835842952e-03
3.627246907322327716e-03
3.658796049334570033e-03
3.672025743533825423e-03
3.707238655134051462e-03
3.741374880898721157e-03
3.767860145518737297e-03
3.784219131489511244e-03
3.790476572053810226e-03
3.849955248727806104e-03
3.855154531539391020e-03
3.907811791253582370e-03
3.918982267439000307e-03
3.985904423763138478e-03
4.029366524342857699e-03
4.052666396000597672e-03
4.101723207044847240e-03
4.122897900154545020e-03
4.180058200254230250e-03
4.218691290225891170e-03
4.238737248191225618e-03
4.248717482907612281e-03
4.298692981964653478e-03
4.374212533309977495e-03
4.401745708307589974e-03
4.407261711666081959e-03
4.450246219679023819e-03
4.484246071608100417e-03
4.510270226742022978e-03
4.523832430065981292e-03
4.568145723322079334e-03
4.627175891673471902e-03
4.656598370512255933e-03
4.711717927465932862e-03
4.732235058839547384e-03
4.751988033696076703e-03
4.777387607005237867e-03
4.799569502611796858e-03
4.881228586833647257e-03
4.896473988330356936e-03
4.923147612777810378e-03
4.945826291068352969e-03
4.978788955035562402e-03
5.043242823521288352e-03
5.082572176816669424e-03
5.102074928869246989e-03
5.158119086519891150e-03
5.182276450334540908e-03
5.203963481315289526e-03
5.217206517935672055e-03
5.234111978115366104e-03
5.311465438959400535e-03
5.343005834165069114e-03
5.356835905295820842e-03
5.377436051760466768e-03
5.427965377234129224e-03
5.495294144461683461e-03
5.519788595088478793e-03
5.536624083713089818e-03
5.580764672223921703e-03
5.592943958118653386e-03
5.648467620846760184e-03
5.676398930407632916e-03
5.703016563104182195e-03
5.725754810006361030e-03
5.737842207919299775e-03
5.763002210119912497e-03
5.861183726063872931e-03
5.903868172627372082e-03
5.921715965677854659e-03
5.940782986944249770e-03
5.957867870277534436e-03
6.008929315851772347e-03
6.041226069173687846e-03
6.087431508583777441e-03
6.096163375204370974e-03
6.138632383351137062e-03
6.158632983115966061e-03
6.204506946233243926e-03
6.296517639649759981e-03
6.303045963707294697e-03
6.336845797823189262e-03
6.363312684845049035e-03
6.375092795502254085e-03
6.431784642470256101e-03
6.461078928999601512e-03
6.513385121972250016e-03
6.551630917361755263e-03
6.573567446283646969e-03
6.612560243054397754e-03
6.653299707962812178e-03
6.691925074499203291e-03
6.711113262978790107e-03
6.785067816540371437e-03
6.841429390667146636e-03
6.870981451111156206e-03
6.889980575494262030e-03
6.924995814366393526e-03
6.962208163673574805e-03
6.974631964427237089e-03
7.037869165843133046e-03
7.054362917939031863e-03
7.096057254919080869e-03
7.124069652160766597e-03
7.167196812057360401e-03
7.187926365863682963e-03
7.256199637902170825e-03
7.258060720747504420e-03
7.296623761095667737e-03
7.335019317890397079e-03
7.368164382747908851e-03
7.420275000368316970e-03
7.430872132578652742e-03
7.452103763844261132e-03
7.524158575524087997e-03
7.547909582767598283e-03
7.572519831419443487e-03
7.590858204735680473e-03
7.633577907956563130e-03
7.652392067729196432e-03
7.708586526210631402e-03
7.720716305612614072e-03
7.755225625017930779e-03
7.783812793829214365e-03
7.824295012237679828e-03
7.849852601748027320e-03
7.893989126699673883e-03
7.934792924847503676e-03
7.966837240104152756e-03
8.015593357749884948e-03
8.051445961624738995e-03
8.075769292711611896e-03
8.092301844499966146e-03
8.149746392782411877e-03
8.168732375567009513e-03
8.192757108064460322e-03
8.243368406088635858e-03
8.264459439112905800e-03
8.313432676432291196e-03
8.352964378887942770e-03
8.397721853328583494e-03
8.454041928697461628e-03
8.474774951145640570e-03
8.512968477972809866e-03
8.541476859198504981e-03
8.591977883053504225e-03
8.595582777624835233e-03
8.614101476565286242e-03
8.627893716503350768e-03
8.722636800483782316e-03
8.749549195997956275e-03
8.793772217257080429e-03
8.800460998442661414e-03
8.825661013164877444e-03
8.866783605012437328e-03
8.877032752511759481e-03
8.930991171873839049e-03
8.977302014566522839e-03
9.019043444682460151e-03
9.029583774505420615e-03
9.064682264312801802e-03
9.080640044871645528e-03
9.095636399465079763e-03
9.141364190360068767e-03
9.231584137970193574e-03
9.268492459338006570e-03
9.310236252689525066e-03
9.337100022924375159e-03
9.365562578982477432e-03
9.383559072047102309e-03
9.434449606685529205e-03
9.466842219910669154e-03
9.504815364136325051e-03
9.515778011113968163e-03
9.551666522224652733e-03
9.566698091310613800e-03
9.581127196689010611e-03
9.711781517836210603e-03
9.718882226594432322e-03
9.749362928048895677e-03
9.763576029009542537e-03
9.801055137987582655e-03
9.818695736672019073e-03
9.887692902137628498e-03
9.910779435680971972e-03
9.925555697002878125e-03
9.954157461523832975e-03
1.000883630832335829e-02
1.003534685177778947e-02
1.008427477219715415e-02
1.011125696168615508e-02
1.012881168546977441e-02
1.015669221646454436e-02
1.019836402512791507e-02
1.020066257865558448e-02
1.023434139852313560e-02
1.029149007421614574e-02
1.032293055758642941e-02
1.036246793209689467e-02
1.042253436250171160e-02
1.043887342529756929e-02
1.049947314602129970e-02
1.055731628633205070e-02
1.057142940780041521e-02
1.062494479938878508e-02
1.063970375897401593e-02
1.066132048682448888e-02
1.071273656637404016e-02
1.073913428801897066e-02
1.078333508886849396e-02
1.081356092558665750e-02
1.081941989747171699e-02
1.085214561357348770e-02
1.087235547089746880e-02
1.092706729843696302e-02
1.095548861144441874e-02
1.103432780526545504e-02
1.103985636086075514e-02
1.107818126204863744e-02
1.114419659630078163e-02
1.116879005362968538e-02
1.119010801346753160e-02
1.123586924418082736e-02
1.126047735601472949e-02
1.129082906421520656e-02
1.130160297203484585e-02
1.132661649822051808e-02
1.136544627923569313e-02
1.139437954753319375e-02
1.143750979037050017e-02
1.148287572225625310e-02
1.150446427712428950e-02
1.154638390488410028e-02
1.160497123168431968e-02
1.160759455559185263e-02
1.166290306195009834e-02
1.169783212660432080e-02
1.172405177545046695e-02
1.174959827916213610e-02
1.178868169929708949e-02
1.184121505136108768e-02
1.186830630659872592e-02
1.190514485872272432e-02
1.191708959669923219e-02
1.193529061685438472e-02
1.197233575488797740e-02
1.199518280306118359e-02
1.208187432082665110e-02
1.211183681558679510e-02
1.214120933090968163e-02
1.216508175666012811e-02
1.221942715823266280e-02
1.224334015320969332e-02
1.227909206845991322e-02
1.232095893070107168e-02
1.237165068794616324e-02
1.238876782410354080e-02
1.245093157532473245e-02
1.252552465808690410e-02
1.252783538207531688e-02
1.254059333667709858e-02
1.261543695828951615e-02
1.263708715348145321e-02
1.267819069115614337e-02
1.270694349793882391e-02
1.274217867195527425e-02
1.277700161950904786e-02
1.279900192612623902e-02
1.285899473694047772e-02
1.290016355017632212e-02
1.290141823828960810e-02
1.293188672943636382e-02
1.297012947677895177e-02
1.301133880373363944e-02
1.301874638932880128e-02
1.305961435005030015e-02
1.310793735184915230e-02
1.314544981383230018e-02
1.318129891114645270e-02
1.321295093150476503e-02
1.323693300735903286e-02
1.326501192973594465e-02
1.327183850315039743e-02
1.332530620585034922e-02
1.336887929302542528e-02
1.341570806747744392e-02
1.342903571196841540e-02
1.348177697962113335e-02
1.351047268179691313e-02
1.351726414279758905e-02
1.355200749102648990e-02
1.362870880144384511e-02
1.366473985602628498e-02
1.369968900808533029e-02
1.375331608873783286e-02
1.377771735174179203e-02
1.379625556723673707e-02
1.382784674908476424e-02
1.391533402832068403e-02
1.396068930714309229e-02
1.398978907543097297e-02
1.403578950729210406e-02
1.408166401859334109e-02
1.410744740744989539e-02
1.416136544588489019e-02
1.417288257804803255e-02
1.424698230525882695e-02
1.426922591175354936e-02
1.431076014216130579e-02
1.431805867305919154e-02
1.435477544165269376e-02
1.437661517155918584e-02
1.442232185166009324e-02
1.448145606090062848e-02
1.451013073165517350e-02
1.454473273616417074e-02
1.456632178330995175e-02
1.459944658061864547e-02
1.464851876744532010e-02
1.469443091029373413e-02
1.474946924713268527e-02
1.477521715272559627e-02
1.479664542397911633e-02
1.484089177376654752e-02
1.485876844135225645e-02
1.488533557929553643e-02
1.492837390207243931e-02
1.494523543128939425e-02
1.498608033197064426e-02
1.501577170078791622e-02
1.506751618811948655e-02
1.511691445436308401e-02
1.514124646459531244e-02
1.518289971730970959e-02
1.520143140466399291e-02
1.522305875095501630e-02
1.526973843052124510e-02
1.528541352281395302e-02
1.533655989333256725e-02
1.537063443929394084e-02
1.539307297050255402e-02
1.544053689413260599e-02
1.547192720955902108e-02
1.550988559392437079e-02
1.553385456140902142e-02
1.557293849675788454e-02
1.564320589380875648e-02
1.566504474632246860e-02
1.568098740227009610e-02
1.571868801955671191e-02
1.575770329319126431e-02
1.583892312533945537e-02
1.586832941671440303e-02
1.589695359099226740e-02
1.594009257345645886e-02
1.595144148983453081e-02
1.601454226815523726e-02
1.606492520002681182e-02
1.608185082157168391e-02
1.618316144695780903e-02
1.618821719640472709e-02
1.622764609349397133e-02
1.624983216843299202e-02
1.626638769977153259e-02
1.630658057634116337e-02
1.635448266146250287e-02
1.637485943804084867e-02
1.642630494294585602e-02
1.644275770502439532e-02
1.647949358133076608e-02
1.650698672241546552e-02
1.654241313935420413e-02
1.657614257175202971e-02
1.662852318283418798e-02
1.667340689772257856e-02
1.669592578081436837e-02
1.673260612519116702e-02
1.677132837469822932e-02
1.680997871015787321e-02
1.684093748040235011e-02
1.686429461643751751e-02
1.689687702547640683e-02
1.692866712418681155e-02
1.694983838745851498e-02
1.699170328477793424e-02
1.703449541262283887e-02
1.707005004588483046e-02
1.712295777118614040e-02
1.713940560445261982e-02
1.716285670393000173e-02
1.719505522430504058e-02
1.722626594434071776e-02
1.728952616535920500e-02
1.732578254510257210e-02
1.736533668584322454e-02
1.737465355087928348e-02
1.738435418052621667e-02
1.742993329612876549e-02
1.744715893058200462e-02
1.748273986854784537e-02
1.750347710451027189e-02
1.758157975969011980e-02
1.765947593236625798e-02
1.767344242236605634e-02
1.768474920849523110e-02
1.770477935957661883e-02
1.773707729512394998e-02
1.780869747688985233e-02
1.784047319869682541e-02
1.787951620812358242e-02
1.796556186469639577e-02
1.800231516151650640e-02
1.803188432416122713e-02
1.808266182506649070e-02
1.810856823662125928e-02
1.814340473829309866e-02
1.817687711596008976e-02
1.818886096521463505e-02
1.824455105020216308e-02
1.828563746897636164e-02
1.833464855973054863e-02
1.836532800699513732e-02
1.842210659624993196e-02
1.845125149435145398e-02
1.845989600342114872e-02
1.852475948673548353e-02
1.856246810708987033e-02
1.862274900997837671e-02
1.863892757451056717e-02
1.866477382299542090e-02
1.872135229576746968e-02
1.874421451739244349e-02
1.878049742867793012e-02
1.880496811505503671e-02
1.881501876258150421e-02
1.888099002090433062e-02
1.890261016583362139e-02
1.895115964899080768e-02
1.903490827990011666e-02
1.904792852408099604e-02
1.906817997167885997e-02
1.910953841330318911e-02
1.914216680046678179e-02
1.920275424411811704e-02
1.922936260399427458e-02
1.927647597607223123e-02
1.928303778086611769e-02
1.931600461090276014e-02
1.935213526252827984e-02
1.938046778726927946e-02
1.944458384244096213e-02
1.946576013312919726e-02
1.954423169318619119e-02
1.959749090445909309e-02
1.961864052346128443e-02
1.964088132049127133e-02
1.966436401587818086e-02
1.969398753439551009e-02
1.971620990586912467e-02
1.977677931286413865e-02
1.987103715984179023e-02
1.988166642366549081e-02
1.992334842732635530e-02
1.995783283005977266e-02
1.998080442298344472e-02
2.003819231396917686e-02
2.008559070270571345e-02
2.010301810272502321e-02
2.014690934327180785e-02
2.020156657152499813e-02
2.023446486190810453e-02
2.025540371593459801e-02
2.030557450390514315e-02
2.034080578338194265e-02
2.038189695132856111e-02
2.039923067250506636e-02
2.044073353398334625e-02
2.045926707762331029e-02
2.048289609889795623e-02
2.050651738962766188e-02
2.057163102228334872e-02
2.062484603975686323e-02
2.067270886752317974e-02
2.072868446665837583e-02
2.073813085215417060e-02
2.074816106509474317e-02
2.079281347284019088e-02
2.083929587007137679e-02
2.087544623983554962e-02
2.090889692182348880e-02
2.093500851716277242e-02
2.097866458288678501e-02
2.099968462926282003e-02
2.103869089095971798e-02
2.108872804142051388e-02
2.117224694852578096e-02
2.123499904824942275e-02
2.126022311959200467e-02
2.127069788608127940e-02
2.129335620817498706e-02
2.134517445618808532e-02
2.141148692453188201e-02
2.143593571761882172e-02
2.144640366800493192e-02
2.154363444812398831e-02
2.155726030132813081e-02
2.164036903424007910e-02
2.164689728600195304e-02
2.165061161694880124e-02
2.170186312309341919e-02
2.176057955677739020e-02
2.177788895416152629e-02
2.181432990300919209e-02
2.184990086543116272e-02
2.190713111308375052e-02
2.193019884591003790e-02
2.195292550943343801e-02
2.203272931628292089e-02
2.207100768213788450e-02
2.208974241837463603e-02
2.215215354233077832e-02
2.216454100782720357e-02
2.216969020541083302e-02
2.222387127126020448e-02
2.228035253688036635e-02
2.237108318851828773e-02
2.239248990867002617e-02
2.241319541634604826e-02
2.243756366364290170e-02
2.249602896312636463e-02
2.253213141085978755e-02
2.257776915444071816e-02
2.262769756672409691e-02
2.264820553468040176e-02
2.269123916390013845e-02
2.275756695904162380e-02
2.280142677486214978e-02
2.281990079476058780e-02
2.285657150819613362e-02
2.291285265105321919e-02
2.295738696269573886e-02
2.298636616059097915e-02
2.305284328867995142e-02
2.312434591484938476e-02
2.314111075543140439e-02
2.318474000943539573e-02
2.322852145710314550e-02
2.328071615188985824e-02
2.331139499472864238e-02
2.332534678785301921e-02
2.335177419654532044e-02
2.339209747441643727e-02
2.345568782481483733e-02
2.348327724597353353e-02
2.355938860516925207e-02
2.360086566458978116e-02
2.364762721241225191e-02
2.366280216705483885e-02
2.367865447266081017e-02
2.375312307333206016e-02
2.378113792808377383e-02
2.384025201073556449e-02
2.385671703971452284e-02
2.388220661071389916e-02
2.392329139356878451e-02
2.395061633979206697e-02
2.400232018765927067e-02
2.402490125699544357e-02
2.407316444232888986e-02
2.411222087141537754e-02
2.414627476963654776e-02
2.419628248649974278e-02
2.423934105504451514e-02
2.429842585203258187e-02
2.431458897553885265e-02
2.439310568625725414e-02
2.441242102918751017e-02
2.443870087597304827e-02
2.449068681814318277e-02
2.451576847293520517e-02
2.452766238965086582e-02
2.457121546025182318e-02
2.461632509446426420e-02
2.463700646480336195e-02
2.471954921352940288e-02
2.478366865089803514e-02
2.481883961531181418e-02
2.484496983639179410e-02
2.486116789033182214e-02
2.492257413391795948e-02
2.494254898446136154e-02
2.499372347626571331e-02
2.500799614216374020e-02
2.508044057459169265e-02
2.513640279303505989e-02
2.514688275838536033e-02
2.516853474591580417e-02
2.522834229811490164e-02
2.524403668599629891e-02
2.530599143576043458e-02
2.535982722605190087e-02
2.538756657773010017e-02
2.543737980383936267e-02
2.548157714241253841e-02
2.553196162732625923e-02
2.556010762398220476e-02
2.558997894978816065e-02
2.569797893524656401e-02
2.571011824078357072e-02
2.576028409307876479e-02
2.578961000531072162e-02
2.587023177314147493e-02
2.590325580435380234e-02
2.592084818329805709e-02
2.597835412027430305e-02
2.601645846378138408e-02
2.604952584808918961e-02
2.608623273240148754e-02
2.612031693883642633e-02
2.615387622881945248e-02
2.622006665077047938e-02
2.630005662405456371e-02
2.631945500807745045e-02
2.635488480941014164e-02
2.638702066496136783e-02
2.642912563585215688e-02
2.650964869274325536e-02
2.654516132001397133e-02
2.657680871425121757e-02
2.662879498133680425e-02
2.665954951229597414e-02
2.671125508802359508e-02
2.673520377417240579e-02
2.680109553856666396e-02
2.683280049560446412e-02
2.687871085240363389e-02
2.692739373492476079e-02
2.697899036860740632e-02
2.700414506144912033e-02
2.705385480185722863e-02
2.707081777114894727e-02
2.714485553974323520e-02
2.720831191849831798e-02
2.724223787904402061e-02
2.727138496854683916e-02
2.731807060904961962e-02
2.732723435670957393e-02
2.741627822681976315e-02
2.746117994340736140e-02
2.749689751910086577e-02
2.752975829377871109e-02
2.754001083237628614e-02
2.759112521661236106e-02
2.762389709519345524e-02
2.765370688711669966e-02
2.768238707930116213e-02
2.780890827210254906e-02
2.783881501828979269e-02
2.786804688581180287e-02
2.790341827063805638e-02
2.798055108198753069e-02
2.799847297444387970e-02
2.801671083720395222e-02
2.811575738676161743e-02
2.815111257346666895e-02
2.818575791259321853e-02
2.824716403757931288e-02
2.829088226748573479e-02
2.833141735328295607e-02
2.836273884620543750e-02
2.839728065468139287e-02
2.844690544894981285e-02
2.846407959133639282e-02
2.856074168477925126e-02
2.858827117476784446e-02
2.864432279533216455e-02
2.867657347322213196e-02
2.875567559955924044e-02
2.879160542174047724e-02
2.882982724740742325e-02
2.888930322995699254e-02
2.889158718453200062e-02
2.891569091140646156e-02
2.897701452223304386e-02
2.900655646073305172e-02
2.902215752059745038e-02
2.911873335153611353e-02
2.916389001923113539e-02
2.920400038148853600e-02
2.923040967926049047e-02
2.924528193594630801e-02
2.934720319509838415e-02
2.937139574044186213e-02
2.939944777798887340e-02
2.948043886722445314e-02
2.949838187926987279e-02
2.953891711831114347e-02
2.961148216696120675e-02
2.965076549645966758e-02
2.971177442969184443e-02
2.979103167277908498e-02
2.979904413207319983e-02
2.985261983944843822e-02
2.991739606298643786e-02
2.994537628701503251e-02
2.995791395761089951e-02
3.004490824099188828e-02
3.006590164613169233e-02
3.009006346932579720e-02
3.016769281327242799e-02
3.023565641962047690e-02
3.029004479098300687e-02
3.031765980247911121e-02
3.036692339128523044e-02
3.042080185639695067e-02
3.048560093733646351e-02
3.052329316632739972e-02
3.054869279802822218e-02
3.060409153297829338e-02
3.063208894699400234e-02
3.069653375900658135e-02
3.075245003731917962e-02
3.080213679386544293e-02
3.083665877181929194e-02
3.087740652006425168e-02
3.094737062784598536e-02
3.099113843581861524e-02
3.101712435196399970e-02
3.108435902649678631e-02
3.114138498067790806e-02
3.119115389771968602e-02
3.124929720795917992e-02
3.128460430302935219e-02
3.134168755578455035e-02
3.137827094417958151e-02
3.148605843149685640e-02
3.151054479656466289e-02
3.156249070229602549e-02
3.164282811443684673e-02
3.166061142947237950e-02
3.172022972462241325e-02
3.174900886216525803e-02
3.179624865621846069e-02
3.182721301247794232e-02
3.190126737387877220e-02
3.192448336523789204e-02
3.199246129818437284e-02
3.204133199620158579e-02
3.205184083748103402e-02
3.213974021330490149e-02
3.221964185246047746e-02
3.225844535753714937e-02
3.226597914649000781e-02
3.231361586535154429e-02
3.236349894791469561e-02
3.238444238042489237e-02
3.246652392896017675e-02
3.254657577379736072e-02
3.256263690739485267e-02
3.260842678733052308e-02
3.262008743646873515e-02
3.270455033343945550e-02
3.273883075587154246e-02
3.277402401538559440e-02
3.278465290860403669e-02
3.283615922613156851e-02
3.292112631212342627e-02
3.297650926662703402e-02
3.302869933318913764e-02
3.308625037377806166e-02
3.312433003065717169e-02
3.319651118475955287e-02
3.327478127491657889e-02
3.330480303491155369e-02
3.334284993562330879e-02
3.338011378696239401e-02
3.343237783194263207e-02
3.347333220369219653e-02
3.352071021205232926e-02
3.359892484314767197e-02
3.362484669072728777e-02
3.371579472654794019e-02
3.373602588467380925e-02
3.382041651160695717e-02
3.386514903016880906e-02
3.389858531902741057e-02
3.398502255862793919e-02
3.402465754239385187e-02
3.411188123106345671e-02
3.414612445510863820e-02
3.416611590310599661e-02
3.418588608312247978e-02
3.423704001185671336e-02
3.427219366207037710e-02
3.432507055188450257e-02
3.439348550045233377e-02
3.444136477709987265e-02
3.452821006302984885e-02
3.453772098141163344e-02
3.463129245035773129e-02
3.473089710044169331e-02
3.475254794840068606e-02
3.477534072893277012e-02
3.486178886258013698e-02
3.495179721377891097e-02
3.500188531189248053e-02
3.505643576181561444e-02
3.507422251431586979e-02
3.510199415335285567e-02
3.517001863408793227e-02
3.522616203588259387e-02
3.525840134562212291e-02
3.531339357649953409e-02
3.537470713880219719e-02
3.545147863546265626e-02
3.553755082402587639e-02
3.563669554377073972e-02
3.566104613168274984e-02
3.573241468668177795e-02
3.575339922643846341e-02
3.584997672251769713e-02
3.588875703794784655e-02
3.591282539800019075e-02
3.595746483521442688e-02
3.604133590749412919e-02
3.607314541754893383e-02
3.621773945239694509e-02
3.626072486628973551e-02
3.632904646009171151e-02
3.633727702179657959e-02
3.642363278360022383e-02
3.646365023073844247e-02
3.657598814295213996e-02
3.662206658087811123e-02
3.669535598448158548e-02
3.673065802651169498e-02
3.678372327263779162e-02
3.689908480916264527e-02
3.691583592294536698e-02
3.695944494090812327e-02
3.701255797966449684e-02
3.708040366454196102e-02
3.717189622721343151e-02
3.719107480033054247e-02
3.723755053619768468e-02
3.735750399813803080e-02
3.737233221197236444e-02
3.742757034966275043e-02
3.753458280288948790e-02
3.760538853917027441e-02
3.766194903869166111e-02
3.772548700355039114e-02
3.778311516626938621e-02
3.789894333818013411e-02
3.798676641664080339e-02
3.802357993923609347e-02
3.805313246910071306e-02
3.809644001553513792e-02
3.812103791340137188e-02
3.823383198449614717e-02
3.823800481957406044e-02
3.829250942298179777e-02
3.841824663188007222e-02
3.845705267487441875e-02
3.851852269950498814e-02
3.865758596518111684e-02
3.869622432117072325e-02
3.878407614016792654e-02
3.883363555189266181e-02
3.886460050957102341e-02
3.897734104502544039e-02
3.900735551291978354e-02
3.918159073369805595e-02
3.923994697451766572e-02
3.928940988526131994e-02
3.941608417296983691e-02
3.947698942838636510e-02
3.951818314141067323e-02
3.963457365873357396e-02
3.976980453460002285e-02
3.982161518372068221e-02
3.989927216594157250e-02
3.992937881766286251e-02
3.999695357021378073e-02
4.011214469555493545e-02
4.016086031628310349e-02
4.026548462225593844e-02
4.034031978338077640e-02
4.037553211092683586e-02
4.045336889395878543e-02
4.051361583513607423e-02
4.060160411000321434e-02
4.064461567670054482e-02
4.076820729099906587e-02
4.084109496347670953e-02
4.093871844283199918e-02
4.108735467304842209e-02
4.111436404381010878e-02
4.119894689903937091e-02
4.133865062580267119e-02
4.145420927465939126e-02
4.155686719641539517e-02
4.168220702016756096e-02
4.181669016505475817e-02
4.188233470975068207e-02
4.201294878225456803e-02
4.210015886270497554e-02
4.218637134349683543e-02
4.230785242435303184e-02
4.243931073450300795e-02
4.268093152875745283e-02
4.273683068602508739e-02
4.287493273563332957e-02
4.314137558140344192e-02
4.319345741297591496e-02
4.327497412531303850e-02
4.345656567396905673e-02
4.371194805730659744e-02
4.397065329887172441e-02
