-4.395881764238609990e-02
-4.374382917356588185e-02
-4.342038794360884857e-02
-4.330934464304916215e-02
-4.309187129452889814e-02
-4.304359141549699008e-02
-4.287655968119710725e-02
-4.278784389419561240e-02
-4.272524310955589516e-02
-4.244086226322602018e-02
-4.227262433527579494e-02
-4.218845812077881563e-02
-4.195176372770872963e-02
-4.188479007636964485e-02
-4.174758312613686961e-02
-4.170668113848026437e-02
-4.168748378902847190e-02
-4.157254030792735533e-02
-4.148449026268265921e-02
-4.136017401146391270e-02
-4.126552050923351644e-02
-4.118892423085345617e-02
-4.104467495972346364e-02
-4.096124463392655790e-02
-4.087238574036355931e-02
-4.079372358519620795e-02
-4.066241306706841474e-02
-4.056033962799119458e-02
-4.048859343843711628e-02
-4.044584614782870818e-02
-4.038674153031950043e-02
-4.031841969410699528e-02
-4.013062504332366026e-02
-4.008884661944933647e-02
-3.995327221841252219e-02
-3.989980593503913292e-02
-3.988339192701470526e-02
-3.976196964791316873e-02
-3.971601456055821877e-02
-3.961199060738175570e-02
-3.956894227648667661e-02
-3.950234767229781480e-02
-3.941658426979006979e-02
-3.932151358154441223e-02
-3.926929130575958909e-02
-3.920720842439662929e-02
-3.909156963561302711e-02
-3.903442531385362124e-02
-3.894683530444694591e-02
-3.890239357413415727e-02
-3.883168724725629545e-02
-3.871733144458157361e-02
-3.868324324226877359e-02
-3.856211909591265863e-02
-3.846526994324202253e-02
-3.845149793955330436e-02
-3.842613693500302602e-02
-3.829643542534186262e-02
-3.828586491228677668e-02
-3.824898917326680081e-02
-3.814380574632919574e-02
-3.804522979582800751e-02
-3.800736097872822739e-02
-3.791509175061368725e-02
-3.787143075686735805e-02
-3.778035398694516711e-02
-3.774474723680976140e-02
-3.772553945322641711e-02
-3.766869529344261947e-02
-3.757246520075877005e-02
-3.753546899205582182e-02
-3.747341112648523015e-02
-3.743434539323211435e-02
-3.739905380563411652e-02
-3.724589541989917207e-02
-3.720931874834528669e-02
-3.709205701231205188e-02
-3.706406626043892011e-02
-3.696732261780007883e-02
-3.690089179583196793e-02
-3.685656848357036358e-02
-3.678989063486286931e-02
-3.675172225694049027e-02
-3.672346233025207407e-02
-3.660250240736435262e-02
-3.659075987458317719e-02
-3.653926247131614874e-02
-3.648230667527235099e-02
-3.640621990011335546e-02
-3.628355430791235792e-02
-3.622786945964662914e-02
-3.617592533098119845e-02
-3.611549455673197795e-02
-3.600473541826285789e-02
-3.598887866366209248e-02
-3.591327691296535007e-02
-3.585046405805612096e-02
-3.579305791036352380e-02
-3.573791609326525121e-02
-3.565856825654393353e-02
-3.563356194234004737e-02
-3.558823681747922546e-02
-3.555564801782693657e-02
-3.553563869724048890e-02
-3.544280533746045625e-02
-3.537941430055981107e-02
-3.532283349900123409e-02
-3.524312844841519243e-02
-3.517599580541011517e-02
-3.514321251200723528e-02
-3.512427161075269699e-02
-3.507379973809714169e-02
-3.497588190117297685e-02
-3.493655032978156688e-02
-3.489880798219392039e-02
-3.485982963959174952e-02
-3.479900205411280006e-02
-3.472836812470586620e-02
-3.465172783340721152e-02
-3.460696449078414644e-02
-3.456548908141248572e-02
-3.451926860465983488e-02
-3.441484950645644358e-02
-3.439336940602186199e-02
-3.436745427983555617e-02
-3.425723494990092627e-02
-3.424164480349636136e-02
-3.416762051300462066e-02
-3.410642563721076603e-02
-3.406159509497393156e-02
-3.401546622864756036e-02
-3.398538011889780386e-02
-3.394228505319263345e-02
-3.386483372254098928e-02
-3.383076326017003810e-02
-3.377012016081183676e-02
-3.370827390637473608e-02
-3.368843042551918077e-02
-3.362917220325387785e-02
-3.353705455812634739e-02
-3.352201657514545380e-02
-3.342489624024366085e-02
-3.340700994858129824e-02
-3.332368453990219859e-02
-3.329048616428351148e-02
-3.326835809260282606e-02
-3.326079773893864111e-02
-3.318093261128545607e-02
-3.316107300652454404e-02
-3.309746941926256653e-02
-3.303545917630106021e-02
-3.300759502183003846e-02
-3.298600669945074559e-02
-3.284338617084008732e-02
-3.275376954864999551e-02
-3.272483964873366957e-02
-3.270819322060661283e-02
-3.265533025558406410e-02
-3.261355375685479757e-02
-3.261051782844164720e-02
-3.254013313060501178e-02
-3.247609854730738183e-02
-3.240344254173291305e-02
-3.236137158376618111e-02
-3.233951352916974997e-02
-3.228632909326204642e-02
-3.223167653205025879e-02
-3.219575011163637590e-02
-3.216175505066530549e-02
-3.207513411664202757e-02
-3.205074062780405297e-02
-3.203398887718197224e-02
-3.195383457781951486e-02
-3.191505096758157772e-02
-3.188937634390220238e-02
-3.182047722402320256e-02
-3.174912086658267241e-02
-3.166988025972352488e-02
-3.164315344351117942e-02
-3.159213240081563262e-02
-3.151301585307107050e-02
-3.147975296536074941e-02
-3.142746221951875363e-02
-3.138891996513302335e-02
-3.131593047819189457e-02
-3.125898975509661115e-02
-3.122556943826084938e-02
-3.115538038294574791e-02
-3.113052396036013886e-02
-3.105722570654266199e-02
-3.102075140653365662e-02
-3.099044725208735182e-02
-3.094204833947733838e-02
-3.085054709585680066e-02
-3.082684489013356316e-02
-3.081706075471894041e-02
-3.069684223704077786e-02
-3.068576752603797281e-02
-3.066941294518056929e-02
-3.062487118686052501e-02
-3.058906864301184567e-02
-3.054929353242200746e-02
-3.046450756227472162e-02
-3.043981262189186104e-02
-3.039194789801793334e-02
-3.032430632901620543e-02
-3.028449069521468862e-02
-3.025825979672606275e-02
-3.016415607800967610e-02
-3.013065470934449958e-02
-3.008351444846534689e-02
-3.003566747956828292e-02
-2.999277233382340035e-02
-2.995088894623057843e-02
-2.993161821247207477e-02
-2.987470863904511525e-02
-2.986974040562401581e-02
-2.984761360199800206e-02
-2.978885027165802113e-02
-2.971753010051857852e-02
-2.967513803857872723e-02
-2.962152126276866929e-02
-2.960227552947310853e-02
-2.951936942642246001e-02
-2.947853645975749906e-02
-2.939520523319115800e-02
-2.937751235744267067e-02
-2.930159011773899452e-02
-2.926861648357942380e-02
-2.922689983260357005e-02
-2.919468542452208909e-02
-2.912240747885410513e-02
-2.911944495271218819e-02
-2.906100823073333797e-02
-2.898824438117787727e-02
-2.895706990187271040e-02
-2.888517190023751069e-02
-2.886780378368170377e-02
-2.883294521857831735e-02
-2.876195262513493722e-02
-2.875493025440995290e-02
-2.867462470256013779e-02
-2.861642571490012610e-02
-2.859498662198189933e-02
-2.857491570300447689e-02
-2.853361135342094568e-02
-2.850262672888210710e-02
-2.842381942538971598e-02
-2.838968215397035671e-02
-2.830845753178090965e-02
-2.826721906737715215e-02
-2.825259312364816408e-02
-2.818069230592138916e-02
-2.815809263234034937e-02
-2.810709459926396397e-02
-2.806432949559125797e-02
-2.802517637369485171e-02
-2.799340896643277496e-02
-2.792380129122598587e-02
-2.788001575398323106e-02
-2.785690434769702226e-02
-2.783984975740428150e-02
-2.777714258673100178e-02
-2.775081909851324219e-02
-2.770358498591352428e-02
-2.760936831261387447e-02
-2.758552528241648219e-02
-2.750552399487967217e-02
-2.747499910732261602e-02
-2.746474733509990038e-02
-2.742420931577612547e-02
-2.732224785997562980e-02
-2.729472468114095204e-02
-2.728019022895901771e-02
-2.721946427610512365e-02
-2.719205984982039567e-02
-2.715534220979915619e-02
-2.711216141898659115e-02
-2.703190951567613007e-02
-2.699661603667383863e-02
-2.696448339937252206e-02
-2.693094481663933434e-02
-2.687513716817621634e-02
-2.682027640451281961e-02
-2.680007428664284846e-02
-2.675854753454931859e-02
-2.674174003948862066e-02
-2.672456207566979020e-02
-2.665473417249868485e-02
-2.660891364938270179e-02
-2.654520695667706223e-02
-2.653391035915214982e-02
-2.648838460794519095e-02
-2.640704115937137636e-02
-2.637146277464745558e-02
-2.631942292119285667e-02
-2.631054539287368266e-02
-2.624255161181614920e-02
-2.620828364291302726e-02
-2.617181261764120470e-02
-2.612924370625660173e-02
-2.610649110015440463e-02
-2.606381889146324252e-02
-2.600316821091802968e-02
-2.600087365198875539e-02
-2.596285361859696286e-02
-2.595260786476153228e-02
-2.589269773625040710e-02
-2.584474680555995385e-02
-2.574012692912320058e-02
-2.571114327181611009e-02
-2.567852190163199058e-02
-2.561758130060007993e-02
-2.554493499472059240e-02
-2.551883220046850809e-02
-2.549250018284211425e-02
-2.545831942116427715e-02
-2.539095914283679561e-02
-2.533224764900075462e-02
-2.531638080111216216e-02
-2.527510065386055771e-02
-2.523382989338502844e-02
-2.520912871378847009e-02
-2.518352410500308142e-02
-2.510525173418251890e-02
-2.510057636262416972e-02
-2.508224535940636879e-02
-2.505284432363526909e-02
-2.496097870995800730e-02
-2.491915837797849947e-02
-2.486625663601655517e-02
-2.486088278522214506e-02
-2.481081215915495811e-02
-2.474217648593126859e-02
-2.472294366246648167e-02
-2.469525995643263513e-02
-2.462718006725631015e-02
-2.460267521639863258e-02
-2.455958235943289658e-02
-2.450203284840307694e-02
-2.446237109196096327e-02
-2.443523389654433595e-02
-2.442343524953638489e-02
-2.437155870381907397e-02
-2.434873284085467202e-02
-2.428277174901250293e-02
-2.425195677261835978e-02
-2.421818083259145299e-02
-2.415958249159717158e-02
-2.410887037341088307e-02
-2.408816220143079889e-02
-2.400377754033451716e-02
-2.396257700635609500e-02
-2.395351285801107510e-02
-2.387567979569253998e-02
-2.385386266263414892e-02
-2.384561323863727822e-02
-2.381156213687190409e-02
-2.375033044990949513e-02
-2.369951669931698660e-02
-2.367543206382228052e-02
-2.362762390638888446e-02
-2.358296242030751694e-02
-2.356325100628904254e-02
-2.347932169077360243e-02
-2.344604460909504792e-02
-2.341391372408576158e-02
-2.339146233259649724e-02
-2.335871046760472011e-02
-2.329888793276992109e-02
-2.329515561791447448e-02
-2.325070291071409251e-02
-2.323562953487154012e-02
-2.318343344309365880e-02
-2.314562228259250259e-02
-2.309031157748370547e-02
-2.306588394543267889e-02
-2.302145995877532061e-02
-2.300533603563429189e-02
-2.298015455518674297e-02
-2.293646082094963345e-02
-2.286253910687009380e-02
-2.283983602156219872e-02
-2.280574806005854563e-02
-2.276113507556749849e-02
-2.270908020897831683e-02
-2.263300209851108052e-02
-2.261779168249428498e-02
-2.255080149760850874e-02
-2.252486320482344900e-02
-2.245785638519638694e-02
-2.244564578677616523e-02
-2.238795825428915517e-02
-2.238509328085334579e-02
-2.230540455005102646e-02
-2.227651513995273017e-02
-2.225582444405642402e-02
-2.220799420376977015e-02
-2.219317296264319145e-02
-2.217171985999537645e-02
-2.212107415678763941e-02
-2.210878018637681477e-02
-2.205998747493714829e-02
-2.203273659081941144e-02
-2.197709095477240471e-02
-2.194702289837973178e-02
-2.191300508462621852e-02
-2.188294417200275024e-02
-2.182482246684111504e-02
-2.178151330146682607e-02
-2.174180786261841608e-02
-2.172888883477819277e-02
-2.166609781303012114e-02
-2.161361520476706710e-02
-2.154594841518733470e-02
-2.152300562819072643e-02
-2.148897713192947020e-02
-2.145351339755612735e-02
-2.140354872898754535e-02
-2.133319281065951256e-02
-2.128731192857437338e-02
-2.127083658090481860e-02
-2.121656645073805372e-02
-2.119972882349794446e-02
-2.114178557529416275e-02
-2.112698390924801911e-02
-2.111356546639205425e-02
-2.110657450959698908e-02
-2.106581390172781315e-02
-2.094519772129825944e-02
-2.091945109219204083e-02
-2.089980624661188016e-02
-2.082091353324112132e-02
-2.079021072718977362e-02
-2.078627649807197539e-02
-2.076089041998308363e-02
-2.072844630366466046e-02
-2.068666570599616422e-02
-2.059092363287515909e-02
-2.058321284960356809e-02
-2.053193285602430973e-02
-2.050531876337818860e-02
-2.044605016295372724e-02
-2.035781672277889656e-02
-2.033781373687317678e-02
-2.031074266365215722e-02
-2.029821490600054040e-02
-2.027027079561457418e-02
-2.023289579435211608e-02
-2.019812603536549553e-02
-2.019154901096432975e-02
-2.014780957561960323e-02
-2.007994580381577618e-02
-2.004002650793732312e-02
-2.001653203247297577e-02
-1.997857852690046454e-02
-1.996706422403680958e-02
-1.993161379507641176e-02
-1.985780936934277915e-02
-1.981720260202968903e-02
-1.980153833878265171e-02
-1.977442937061928835e-02
-1.971316054942736165e-02
-1.969261696459660357e-02
-1.962926124785349669e-02
-1.958247213698533634e-02
-1.956066881499148036e-02
-1.952172057659314758e-02
-1.949316345553759808e-02
-1.945978038630023083e-02
-1.941213729442268013e-02
-1.939716723737486617e-02
-1.937391321361114221e-02
-1.932206397673763218e-02
-1.929914124762462796e-02
-1.918215678512579653e-02
-1.916635086541403771e-02
-1.913470796056999587e-02
-1.910130841389950929e-02
-1.909048523395634467e-02
-1.902748758195660708e-02
-1.895402022752157301e-02
-1.892356186523010478e-02
-1.890206382913737701e-02
-1.888002286954526543e-02
-1.886163625237914296e-02
-1.882296418473036748e-02
-1.875542661606563813e-02
-1.872358955378869427e-02
-1.868906909138248057e-02
-1.863303129545454753e-02
-1.861160734068541614e-02
-1.855366804434941536e-02
-1.851768383773760504e-02
-1.848054351088904146e-02
-1.843917055272281322e-02
-1.840759276709489495e-02
-1.837934616012720443e-02
-1.833804122338685699e-02
-1.832005951945556155e-02
-1.825296671219457656e-02
-1.823433949663878090e-02
-1.815519810964028036e-02
-1.813609429394390932e-02
-1.808735767345517539e-02
-1.807565385564966973e-02
-1.801255653403646684e-02
-1.798918989686744060e-02
-1.795393539219216142e-02
-1.789277006536087872e-02
-1.786967486767018776e-02
-1.785549712860815333e-02
-1.781297878326000561e-02
-1.777960258428660026e-02
-1.774598166518848164e-02
-1.770142065061431139e-02
-1.768912033083288801e-02
-1.764037642978418668e-02
-1.760866381794930213e-02
-1.760225199615532768e-02
-1.755783124034372353e-02
-1.749128146370505441e-02
-1.747723557444655698e-02
-1.742960244830819155e-02
-1.740519774158701821e-02
-1.737016997528956566e-02
-1.733518127943285345e-02
-1.726981912617405954e-02
-1.726608522010459473e-02
-1.720644183819626874e-02
-1.716338734176785230e-02
-1.715062590351777022e-02
-1.711044772813178488e-02
-1.705541035756243454e-02
-1.702164976384184028e-02
-1.699501210090446218e-02
-1.697113279544759309e-02
-1.692418686999119445e-02
-1.690646170726936223e-02
-1.683339525600842032e-02
-1.681618098794090965e-02
-1.674214109081991267e-02
-1.668056575516850201e-02
-1.666941807205518308e-02
-1.663644578512059324e-02
-1.659387162744833943e-02
-1.655627583245621384e-02
-1.653497867810477945e-02
-1.648200771399282658e-02
-1.645348392574182833e-02
-1.642036586208192595e-02
-1.637540495100869159e-02
-1.632567670080658367e-02
-1.629717189464284163e-02
-1.628876147429695470e-02
-1.621969793817580607e-02
-1.621285471769010056e-02
-1.614346806394492684e-02
-1.614038190397273920e-02
-1.611142031939532746e-02
-1.607398847491072272e-02
-1.603243153797848791e-02
-1.600208294623358188e-02
-1.595239534605972717e-02
-1.594053666034426706e-02
-1.590268317156947817e-02
-1.586201284245000037e-02
-1.581187876269812137e-02
-1.579939254828736928e-02
-1.575991892902384867e-02
-1.569390609487992042e-02
-1.566679696140793610e-02
-1.562841327340819611e-02
-1.560077106496306383e-02
-1.556412281628408167e-02
-1.550978736908967086e-02
-1.548642966112500664e-02
-1.545154347915263064e-02
-1.541480541978300367e-02
-1.541417798558675743e-02
-1.533398541976277278e-02
-1.528715811807774237e-02
-1.527769298397453103e-02
-1.525483920160725961e-02
-1.517229240939326623e-02
-1.514822201380484207e-02
-1.511509938233204786e-02
-1.506109096643721071e-02
-1.505132012458128103e-02
-1.501497044958867433e-02
-1.498399896188734592e-02
-1.497272053920598207e-02
-1.494447690362587719e-02
-1.486863578628440895e-02
-1.482880897438712889e-02
-1.479436436379737499e-02
-1.475570089448437899e-02
-1.474550170894506525e-02
-1.472821208229307434e-02
-1.469430065581673814e-02
-1.467054368635724651e-02
-1.457594577635246656e-02
-1.453645566604835036e-02
-1.449187205547847017e-02
-1.445596788722168860e-02
-1.443421061569751321e-02
-1.435294018024440427e-02
-1.432179512416622939e-02
-1.427530825524103535e-02
-1.424526747206704934e-02
-1.418627346789328933e-02
-1.416659369492851046e-02
-1.413901808429516779e-02
-1.412087872369036101e-02
-1.408211108569794312e-02
-1.401847450663880508e-02
-1.399970087294821926e-02
-1.396847665573592440e-02
-1.394192407730263268e-02
-1.387582405433061654e-02
-1.384386897225897521e-02
-1.378946753743893160e-02
-1.378080804210976389e-02
-1.372473860342326643e-02
-1.370726349122532856e-02
-1.369368890842389240e-02
-1.363845451995310092e-02
-1.361039846233963978e-02
-1.358660549063934672e-02
-1.354046859148898101e-02
-1.349678020251292472e-02
-1.348674006287350034e-02
-1.346543592997524220e-02
-1.343288879846634212e-02
-1.339333249258991762e-02
-1.333309428839460700e-02
-1.331838446510701796e-02
-1.329976637113636229e-02
-1.327303539408872593e-02
-1.321866376985885577e-02
-1.318971496142738384e-02
-1.317825642201649397e-02
-1.313408757367901317e-02
-1.306145711205917298e-02
-1.303056926169419288e-02
-1.302284527664754853e-02
-1.298687748644823496e-02
-1.297251109706468696e-02
-1.290590241181858652e-02
-1.288994837090347810e-02
-1.286191999734365848e-02
-1.282777281975911940e-02
-1.279424664749834878e-02
-1.274463042494570694e-02
-1.271054156240031090e-02
-1.265030659784898912e-02
-1.264287351145467440e-02
-1.260950168779703673e-02
-1.256992111764745207e-02
-1.256632797567616179e-02
-1.251722641955541754e-02
-1.246947808283652842e-02
-1.244635873745212652e-02
-1.242486509140685799e-02
-1.240439646426250327e-02
-1.237570963728691457e-02
-1.237134743867680624e-02
-1.228948244229419867e-02
-1.227374532150726956e-02
-1.222256276816702236e-02
-1.220336235204540209e-02
-1.213410201133778739e-02
-1.205890802452800822e-02
-1.203244877712470948e-02
-1.200755547705299915e-02
-1.196507814156819692e-02
-1.193382508386435330e-02
-1.191759398898063066e-02
-1.183201981335084765e-02
-1.179806961108484029e-02
-1.177910421411758161e-02
-1.176747662925666307e-02
-1.172306548523187157e-02
-1.171615390490221391e-02
-1.168743254762729701e-02
-1.166078864230985813e-02
-1.160774904966252116e-02
-1.157430739740328285e-02
-1.157257397805593405e-02
-1.152688982488782148e-02
-1.145564091254084628e-02
-1.143986110317967049e-02
-1.138261912131490090e-02
-1.136730878900254343e-02
-1.134005445818240740e-02
-1.129970388074307691e-02
-1.128426340761470685e-02
-1.124537412823485572e-02
-1.117275297148792243e-02
-1.111067954632435212e-02
-1.106775878434697845e-02
-1.104522788978267410e-02
-1.101025891684501677e-02
-1.098252161962078727e-02
-1.094264885955218737e-02
-1.090864522057445087e-02
-1.089891588663906459e-02
-1.083035094637610149e-02
-1.080857112450981164e-02
-1.079519875310123132e-02
-1.077261432851797131e-02
-1.071190996871645290e-02
-1.069641104411934475e-02
-1.066934757662423884e-02
-1.061986415908697592e-02
-1.060473774035412126e-02
-1.056518011480602273e-02
-1.051418974567185777e-02
-1.047518792419850110e-02
-1.042875194227937084e-02
-1.039336396343347804e-02
-1.033308748173548258e-02
-1.030011284139641624e-02
-1.024980503377421505e-02
-1.023726018726950175e-02
-1.020657316823068636e-02
-1.019777720749238947e-02
-1.015041486242345033e-02
-1.010162865842630445e-02
-1.007855689256699147e-02
-1.006481630559920119e-02
-1.002094296406596044e-02
-1.000725428963511292e-02
-9.958441814509201573e-03
-9.894632821117379379e-03
-9.839430493557505333e-03
-9.818217267361661199e-03
-9.763781504616923790e-03
-9.749869417229786728e-03
-9.736514921932653416e-03
-9.715769117933511015e-03
-9.682399032959461069e-03
-9.680090898245763062e-03
-9.586428454714090303e-03
-9.559947319784762101e-03
-9.549690357180720332e-03
-9.514982230470226190e-03
-9.458157809563300100e-03
-9.421510692929218472e-03
-9.374321325223262946e-03
-9.329557002692773562e-03
-9.295958698935192707e-03
-9.251705446384718076e-03
-9.234637704589869489e-03
-9.220881335949778629e-03
-9.148370251314421817e-03
-9.128023456074996211e-03
-9.085279855754305883e-03
-9.062968094894966256e-03
-9.030432158968718093e-03
-8.976760680786656510e-03
-8.929454608831868465e-03
-8.903491233710812344e-03
-8.862282001976595075e-03
-8.823203067480928780e-03
-8.779687547696523112e-03
-8.770846752995425238e-03
-8.730770364994347790e-03
-8.709823094306189811e-03
-8.674891742858643201e-03
-8.663463059481400427e-03
-8.614769570519284145e-03
-8.563658132922789129e-03
-8.548743994223808457e-03
-8.490738722462563143e-03
-8.477680541408613712e-03
-8.419707251099667333e-03
-8.397084719378441336e-03
-8.367822106338696983e-03
-8.301301402388725284e-03
-8.286285225856235628e-03
-8.223106464601281917e-03
-8.214015790720388330e-03
-8.191434477570097225e-03
-8.141785209510222013e-03
-8.093618190155017073e-03
-8.053829799723943514e-03
-8.030493769580555191e-03
-7.978325190815368367e-03
-7.946793699968987892e-03
-7.934934054006166984e-03
-7.927468873221371962e-03
-7.890146735485650473e-03
-7.825750034777385206e-03
-7.800266198560023602e-03
-7.768215224243927436e-03
-7.727429017778807141e-03
-7.703523954200368340e-03
-7.658517572349651283e-03
-7.631680903600350854e-03
-7.606511433832494062e-03
-7.596627814594256525e-03
-7.536783754214005510e-03
-7.490158036431946234e-03
-7.469773917951911396e-03
-7.416701761010209212e-03
-7.390722915196225838e-03
-7.388519390930191506e-03
-7.314388443503762154e-03
-7.303245415661709788e-03
-7.268203139322707874e-03
-7.230265933708775704e-03
-7.207677932343315406e-03
-7.165525487253577609e-03
-7.148330615541763876e-03
-7.073461483354758633e-03
-7.051480288693624289e-03
-7.009313871642038583e-03
-6.982262450176368769e-03
-6.944819598510876789e-03
-6.922293388089717850e-03
-6.858504284392264588e-03
-6.826872966423938593e-03
-6.785565611537358426e-03
-6.759088690695087831e-03
-6.726805910121994893e-03
-6.706013665806070251e-03
-6.688178016606656506e-03
-6.652438142174152760e-03
-6.591933526689068568e-03
-6.581288718984349730e-03
-6.553788545405374137e-03
-6.504556646969580219e-03
-6.472714642104598730e-03
-6.452470179358169890e-03
-6.420679921989146804e-03
-6.376509842744489467e-03
-6.363660532770261218e-03
-6.328083722472292900e-03
-6.303202178158056820e-03
-6.258512395244064837e-03
-6.208138461480102593e-03
-6.187739300469684983e-03
-6.162335438448983405e-03
-6.106484866047628274e-03
-6.078484761089449594e-03
-6.032870393459861119e-03
-6.001352765637063026e-03
-5.964953723445290922e-03
-5.962922677410304774e-03
-5.900815117983067987e-03
-5.888796205390013118e-03
-5.838415137346774156e-03
-5.815754197436105895e-03
-5.767967888342932781e-03
-5.731792476484838875e-03
-5.707122040641837354e-03
-5.669523933449422889e-03
-5.635103022321502099e-03
-5.605308117560303324e-03
-5.578110265351338831e-03
-5.533878316727468792e-03
-5.504371621999480657e-03
-5.488857927616805181e-03
-5.462681097255188759e-03
-5.446241900543028272e-03
-5.388156051740079951e-03
-5.337593799704672126e-03
-5.334624821311772548e-03
-5.263272408018724972e-03
-5.232239228760836303e-03
-5.191102669777559325e-03
-5.151939191358906496e-03
-5.125914382611076146e-03
-5.109611465624667309e-03
-5.080374071591549009e-03
-5.054495010637134397e-03
-5.029712301275768641e-03
-4.973682904368575790e-03
-4.938849079142959043e-03
-4.888900387134806694e-03
-4.855939580436857521e-03
-4.826653186888416394e-03
-4.809274216958026732e-03
-4.769834714163626380e-03
-4.751923553991932968e-03
-4.697260865264145900e-03
-4.677870946222867192e-03
-4.635163304017211883e-03
-4.565657246385418887e-03
-4.550645033414600811e-03
-4.528752725499286987e-03
-4.473841012553326536e-03
-4.455804964279999440e-03
-4.439221168273986898e-03
-4.430022961992823548e-03
-4.398885060075531303e-03
-4.357447409180136358e-03
-4.301443794949314989e-03
-4.265986868097470901e-03
-4.242081200737574977e-03
-4.222316339877592480e-03
-4.208290184807996111e-03
-4.160061717630145900e-03
-4.136822702999671565e-03
-4.095686364825782723e-03
-4.032233878829665809e-03
-3.962010520952189557e-03
-3.941917568714166549e-03
-3.892831766718232549e-03
-3.882981514879128241e-03
-3.865719920140277006e-03
-3.836823364882659300e-03
-3.821232106283229540e-03
-3.776521939494116315e-03
-3.763975971053787860e-03
-3.732084589470086988e-03
-3.662228906481389962e-03
-3.607656893009921970e-03
-3.552658933009311942e-03
-3.529432695424751520e-03
-3.516033496211262190e-03
-3.414951015582395454e-03
-3.385473352790859414e-03
-3.368593744392922758e-03
-3.330704743267406259e-03
-3.300726727526948328e-03
-3.256343066132665835e-03
-3.245239149817996573e-03
-3.219067309312609749e-03
-3.198311364722667555e-03
-3.153388352488776473e-03
-3.135389460122414273e-03
-3.111632782986051889e-03
-3.056948844707352980e-03
-3.017199695066133478e-03
-2.987009204900113908e-03
-2.967075900200221231e-03
-2.949653206608702366e-03
-2.897997202253933900e-03
-2.854335323108631809e-03
-2.829490847079814755e-03
-2.788249378912644773e-03
-2.756860979451781265e-03
-2.731711152652303506e-03
-2.683924356283024643e-03
-2.650166028315080122e-03
-2.642332954185441438e-03
-2.615865710179805358e-03
-2.588380085605768502e-03
-2.508600304295763219e-03
-2.491248372243063790e-03
-2.454979496406320492e-03
-2.432892608560762414e-03
-2.408322813167287912e-03
-2.360630296960094382e-03
-2.347963175370144841e-03
-2.303948445124016312e-03
-2.273040145956128737e-03
-2.240244056508901033e-03
-2.226659130746457254e-03
-2.190496672601952542e-03
-2.147076592793127885e-03
-2.110024976387526660e-03
-2.065141673989274052e-03
-1.993405650526638810e-03
-1.958185149288118199e-03
-1.950552637482907536e-03
-1.909512641870980123e-03
-1.856460801804749212e-03
-1.830073995371872368e-03
-1.779774160573887980e-03
-1.752162089941733782e-03
-1.725189947761180537e-03
-1.706355071511413872e-03
-1.689194245284742803e-03
-1.626885516946801127e-03
-1.605972222276690325e-03
-1.572984259551742222e-03
-1.537790001081169476e-03
-1.492569823241771858e-03
-1.477629012881894821e-03
-1.439046712419783788e-03
-1.397285203443327352e-03
-1.361720254919821438e-03
-1.345827858594182691e-03
-1.290585887286059639e-03
-1.247141548497684342e-03
-1.206540620622198251e-03
-1.195734772794631619e-03
-1.186711687961271300e-03
-1.137668682465614936e-03
-1.126501067023743998e-03
-1.019524945447032246e-03
-9.979023025124451624e-04
-9.878936669687346864e-04
-9.331595095569076561e-04
-8.872578886912603578e-04
-8.766904959324011131e-04
-8.459354038997043967e-04
-8.312491053161505990e-04
-7.703665183455581838e-04
-7.476921068972103724e-04
-7.310381358959057918e-04
-6.921275494378910809e-04
-6.693513816275222222e-04
-6.667594632543084529e-04
-6.165052164619643947e-04
-5.819332413737418217e-04
-5.565984851491206920e-04
-5.146757785784891433e-04
-4.482959329419885044e-04
-4.228890405105741935e-04
-4.134641442377862087e-04
-3.745883798857567210e-04
-2.901257117920409082e-04
-2.853353525874254611e-04
-2.353159683451557351e-04
-2.279267126420087312e-04
-1.844400281591021822e-04
-1.643560281068560860e-04
-9.768321115717999096e-05
-6.632571985942289753e-05
-3.987489970043149741e-05
-8.063243461504700498e-06
2.157398208921648062e-05
8.641611426780984844e-05
9.741615254208313543e-05
1.571667857031307366e-04
1.663241673866726941e-04
1.850873941871076904e-04
2.211041716082244189e-04
2.853502909142085998e-04
2.929453496927571406e-04
3.059472658432196065e-04
3.423718360619363763e-04
3.825724057275340577e-04
4.002362943251893236e-04
4.430871697469265791e-04
4.982617274988674141e-04
5.285944516579979633e-04
5.576691616109897848e-04
5.875902186445915035e-04
6.492176931014358382e-04
7.196984374131257462e-04
7.354228054820326427e-04
7.548016819896424248e-04
7.640800520814156668e-04
7.928976887914359782e-04
8.333157588631821995e-04
8.757540097434321534e-04
9.215098226648282299e-04
9.343731169466460047e-04
1.001076925438850601e-03
1.044341302619774137e-03
1.081828431975665264e-03
1.104724660239909473e-03
1.137097111176988947e-03
1.160574662242727824e-03
1.212610866788743679e-03
1.232470875601806388e-03
1.253647779560475729e-03
1.283618099616454884e-03
1.331262262239423042e-03
1.340506260653859163e-03
1.368140645314752483e-03
1.439589015942499290e-03
1.457256068407626441e-03
1.470504708633629722e-03
1.541976351198484163e-03
1.579211812298554228e-03
1.598236503913853194e-03
1.636912222077781861e-03
1.662055290567900859e-03
1.676707652866082530e-03
1.705722695428696627e-03
1.736756516374349420e-03
1.781955062741150163e-03
1.793744759649908193e-03
1.821389658375747230e-03
1.912402040937635555e-03
1.947252049736841609e-03
1.979813967115160497e-03
1.993242408912851600e-03
2.050469402023259811e-03
2.060442661744621776e-03
2.100065354949777821e-03
2.129346202126912706e-03
2.154698239899406360e-03
2.174017497973201613e-03
2.217041084838741391e-03
2.218822457360801644e-03
2.326314273871609752e-03
2.344819636767626198e-03
2.369071140155202919e-03
2.410788355262999654e-03
2.435505117334021107e-03
2.471886133306344224e-03
2.505886662319407356e-03
2.520206271111211267e-03
2.546512348995795278e-03
2.572035648601018239e-03
2.617657276003207498e-03
2.649901799181009644e-03
2.681160550093299611e-03
2.758910860798916356e-03
2.791622085174554155e-03
2.814519807489458680e-03
2.847221174951846887e-03
2.908069851203162314e-03
2.947916144578132530e-03
2.971682346325650245e-03
2.997237267363114105e-03
3.007718053536268671e-03
3.045103340691406035e-03
3.073632259689980644e-03
3.132931380569730067e-03
3.155035897908457700e-03
3.212178024785222481e-03
3.245942776542504269e-03
3.275773683858244825e-03
3.329163313353107785e-03
3.360473347024795290e-03
3.372933012987556611e-03
3.418545659541428246e-03
3.448338666613351769e-03
3.474017437895961929e-03
3.486509624398675608e-03
3.522490694901947265e-03
3.555576662266883656e-03
3.578680738812882716e-03
3.634061646850959143e-03
3.675318705223018772e-03
3.685242668231152301e-03
3.737270645451647860e-03
3.743574916108876639e-03
3.806275623225061425e-03
3.822209477553422177e-03
3.870146577967381509e-03
3.896421782835286351e-03
3.931279957186807443e-03
3.943112829249588620e-03
3.974030381081694770e-03
4.013290938160724540e-03
4.054399356291020322e-03
4.094473062219304745e-03
4.125285024229445076e-03
4.172347322653856619e-03
4.217068057135939241e-03
4.266851186410028363e-03
4.283874244035054332e-03
4.304492416225622585e-03
4.366261822262236351e-03
4.385239536401446675e-03
4.422031795611301545e-03
4.463582702050288356e-03
4.489061948905723014e-03
4.548414172687889785e-03
4.579476426144475469e-03
4.606225944608106394e-03
4.626170446061219840e-03
4.684955983011604604e-03
4.706985575403942711e-03
4.738840066649652183e-03
4.795507974214787902e-03
4.816564581078032654e-03
4.878573140558438784e-03
4.885558057477205202e-03
4.934947625788700665e-03
4.960884731454083540e-03
5.004793267865049154e-03
5.027601277894154334e-03
5.074094923358640763e-03
5.086730600093203672e-03
5.119474692548612801e-03
5.165714871471109755e-03
5.192296819236393891e-03
5.244347489436998640e-03
5.254711262309335294e-03
5.285167029809184971e-03
5.307555479533317827e-03
5.341354107303310748e-03
5.401067876972229058e-03
5.432556668851735993e-03
5.459643163656255349e-03
5.501590723943890725e-03
5.545384881769502457e-03
5.553644387559166992e-03
5.570913265619599486e-03
5.577782607007465872e-03
5.665147266443275147e-03
5.673437685072273140e-03
5.706516917660971536e-03
5.771167602064147459e-03
5.799217933740263668e-03
5.845874636318161392e-03
5.871030401859106060e-03
5.875947049438509998e-03
5.930983476984679099e-03
5.955165117455986888e-03
5.985879571465308607e-03
6.012588650501990949e-03
6.046564368135841187e-03
6.101984778247528454e-03
6.119278554714507531e-03
6.174747847080719332e-03
6.199815509880408741e-03
6.245112588079723519e-03
6.266948848694338381e-03
6.329498686112188140e-03
6.364167970414533887e-03
6.372191206123338156e-03
6.418866336179603754e-03
6.434298754827751272e-03
6.479464867053343069e-03
6.525187093260454048e-03
6.547904708409061671e-03
6.620028430746875692e-03
6.659972555003987327e-03
6.668647161896199341e-03
6.704293217856791692e-03
6.752614497019302116e-03
6.779896888243695276e-03
6.803489894387193884e-03
6.821465161586453933e-03
6.843636833471134287e-03
6.883509462636319340e-03
6.934127365782205739e-03
6.980659311389609580e-03
7.022506744733141015e-03
7.080928298650554162e-03
7.110147079341342345e-03
7.138676823457975468e-03
7.177467895674660182e-03
7.191915361466683088e-03
7.224887252643827015e-03
7.259063147500962460e-03
7.299556658238287241e-03
7.340020048479916313e-03
7.356488017562754639e-03
7.377613681865173578e-03
7.395548799470593945e-03
7.427572369356011395e-03
7.444900723494671246e-03
7.507995691101520576e-03
7.523693877873320612e-03
7.554015695212557523e-03
7.638088747370525185e-03
7.653488387700727383e-03
7.667376114463924502e-03
7.710407078821051099e-03
7.755296238459539505e-03
7.796657251673529479e-03
7.824892849314068685e-03
7.841577964601650907e-03
7.873643854881689358e-03
7.929911203260841743e-03
7.953048748777589300e-03
7.986194411889030106e-03
8.017416100040716462e-03
8.065784164578053764e-03
8.096202704148075177e-03
8.106178769506922066e-03
8.155367065889321948e-03
8.170617270806373664e-03
8.204743679884263924e-03
8.248281376743419116e-03
8.280723649950843396e-03
8.311435457808942495e-03
8.344003611000905263e-03
8.363525679828729895e-03
8.402230146811993233e-03
8.429836981120283554e-03
8.482707800926513400e-03
8.498847714906209230e-03
8.549974563642894626e-03
8.617890719765998117e-03
8.629439015849976746e-03
8.677730024082222146e-03
8.693948121449666250e-03
8.715350409154229774e-03
8.730367268273695955e-03
8.780703726000997980e-03
8.808551094285847760e-03
8.867355245742983630e-03
8.889602450483537546e-03
8.911517273582298185e-03
8.929580622829749043e-03
8.979591055533918051e-03
9.029539085014050975e-03
9.104073307551452041e-03
9.130940990688110256e-03
9.134884933298562798e-03
9.189306391407352226e-03
9.225103157408428428e-03
9.252196229780143555e-03
9.285407725270703599e-03
9.339570720701831710e-03
9.363474660565487828e-03
9.414780171172436665e-03
9.435064985202681540e-03
9.461394224837901476e-03
9.493711083062348829e-03
9.515802605379573148e-03
9.563327052343160994e-03
9.596183479615764955e-03
9.639564969416513848e-03
9.690583568540611301e-03
9.699934370219910618e-03
9.718281816637813417e-03
9.770009856523849748e-03
9.798442225884020779e-03
9.832880632974785873e-03
9.853141958209197040e-03
9.881723179854041625e-03
9.919586051897702483e-03
1.000730352389336657e-02
1.002065709164104597e-02
1.002925469113581831e-02
1.011008410918057612e-02
1.012546970807648439e-02
1.020187870708804019e-02
1.024380379939322620e-02
1.026231551971391355e-02
1.028433966472234139e-02
1.034098115720451412e-02
1.036839996152384702e-02
1.037861064920739783e-02
1.044562196077933672e-02
1.046850992642832379e-02
1.048383391341550265e-02
1.051210262136838096e-02
1.054208424264697040e-02
1.058432770330214670e-02
1.061359747223978613e-02
1.063932021935357249e-02
1.067767346430099733e-02
1.071118948016409889e-02
1.074368231678284914e-02
1.077966221831008417e-02
1.081776113244799740e-02
1.084154692669899410e-02
1.088022109371911822e-02
1.090702313662542632e-02
1.092698403262980060e-02
1.098866593407098191e-02
1.103827493556040068e-02
1.107754300599128258e-02
1.110052300573017604e-02
1.112283555096275564e-02
1.115669841426348424e-02
1.119047556513839276e-02
1.123345963851063098e-02
1.124654193205931740e-02
1.127623506480834176e-02
1.127822983236788541e-02
1.136004234950804652e-02
1.138196321938526531e-02
1.142923556370527977e-02
1.145031023782886077e-02
1.149717669191363534e-02
1.152618677345338197e-02
1.158555836613253849e-02
1.164244967993826978e-02
1.167887811941466410e-02
1.170611973916783725e-02
1.173028929027018080e-02
1.177864517267285596e-02
1.179567157039444932e-02
1.187418133734183950e-02
1.190955019069999191e-02
1.191459665059511203e-02
1.195204288135774326e-02
1.196827601241778893e-02
1.202699736563254268e-02
1.205722958047988035e-02
1.207662101385454344e-02
1.212150985220759002e-02
1.213671570360952238e-02
1.218166214028578581e-02
1.223832834721462134e-02
1.225327149337333485e-02
1.229301235356292619e-02
1.233838314877695221e-02
1.237563487911838914e-02
1.238246383534323709e-02
1.241904654783984943e-02
1.243935509468370448e-02
1.250525112368468250e-02
1.254963435202150444e-02
1.256970551817962641e-02
1.260778096692919889e-02
1.264592853979652244e-02
1.266842337445834264e-02
1.270219578189872751e-02
1.271815110400654689e-02
1.272919652638669109e-02
1.278377294933465656e-02
1.284463469315469224e-02
1.285512747768701065e-02
1.288323803064359702e-02
1.293118680458157574e-02
1.297216084504554910e-02
1.300530476080883832e-02
1.306671050492287135e-02
1.309555724056146037e-02
1.311729781503914206e-02
1.316494826197564874e-02
1.321549916211911015e-02
1.323769767582342119e-02
1.327603023385032395e-02
1.334060738376439265e-02
1.336522520868286927e-02
1.339149966496147592e-02
1.343031960766858518e-02
1.346169456483962447e-02
1.349477184113002763e-02
1.354706914808615804e-02
1.357376711659412719e-02
1.359043073449292191e-02
1.362052215945412995e-02
1.366264429765154387e-02
1.370620920314028629e-02
1.373802058306828819e-02
1.375638596076090951e-02
1.381259246313623103e-02
1.387682033547188963e-02
1.390586304435042359e-02
1.391763373205727461e-02
1.398306885245122894e-02
1.400879637153075279e-02
1.403987425994635864e-02
1.406080333388402825e-02
1.410234864979532411e-02
1.413286265451189211e-02
1.416875464572094241e-02
1.422806866587240406e-02
1.426478285506170389e-02
1.428758248964208215e-02
1.430843522804008811e-02
1.431449096061091462e-02
1.437794109540078795e-02
1.438174160479683932e-02
1.445959417520681876e-02
1.449264743923864458e-02
1.451871260075103011e-02
1.455944004461641461e-02
1.466103761772823144e-02
1.466315825053115390e-02
1.468887816856239044e-02
1.472311375684202429e-02
1.472884903236979827e-02
1.474798475461313284e-02
1.483527603792505166e-02
1.486961884376010977e-02
1.488700599629743694e-02
1.491160217168082010e-02
1.499294572430556749e-02
1.500112340085226793e-02
1.507311491569121066e-02
1.510926628201857136e-02
1.514428142044584730e-02
1.516535877743957310e-02
1.520177753705293996e-02
1.523268548809111021e-02
1.526356699345664258e-02
1.533641964573260671e-02
1.534840173414117950e-02
1.542346135667269254e-02
1.543584218315593309e-02
1.547781823363857112e-02
1.549862014697457428e-02
1.551315809093286799e-02
1.556476541367597145e-02
1.560206737395363960e-02
1.562769133976840696e-02
1.565690770583057223e-02
1.570511918510187135e-02
1.574329563600647408e-02
1.577845446514360844e-02
1.581454723648040642e-02
1.582561936677769759e-02
1.583909136395328376e-02
1.588375110097280454e-02
1.594722094374287011e-02
1.598742023548933508e-02
1.603219278673547604e-02
1.607172522924959698e-02
1.609006955154698021e-02
1.612757045633593858e-02
1.620193515516895819e-02
1.621445656309072197e-02
1.625748929120464023e-02
1.629819062529177728e-02
1.636702314188533819e-02
1.637914659412610316e-02
1.641464399377052727e-02
1.644158382231006646e-02
1.645045824409291021e-02
1.649604038932696998e-02
1.652443723428725572e-02
1.659173742880562866e-02
1.663620963736259922e-02
1.665508581564828852e-02
1.668131782328758153e-02
1.675747638291901279e-02
1.677364205420124946e-02
1.679643756043012678e-02
1.684668574042121753e-02
1.689423533756397727e-02
1.691832762628323744e-02
1.699041381746998342e-02
1.702855042084779058e-02
1.704173274980370564e-02
1.707906896755078188e-02
1.712264076198185755e-02
1.715331146332826559e-02
1.719768092765950815e-02
1.723194947643847882e-02
1.725646607607437752e-02
1.726525931836768793e-02
1.733176555039236608e-02
1.741632698154131978e-02
1.743102428807724591e-02
1.747937500946097206e-02
1.752499923716841629e-02
1.753253569752866864e-02
1.756541420507872278e-02
1.758978468568404147e-02
1.761401551031780213e-02
1.765735545134114112e-02
1.767142148384222636e-02
1.773132134296107054e-02
1.777232586802877587e-02
1.781159919766935745e-02
1.783610876431762290e-02
1.786370970377990433e-02
1.790405688421427277e-02
1.794633206449636198e-02
1.796191524319089988e-02
1.799972273494905919e-02
1.803988429207157435e-02
1.804805388548172407e-02
1.813783883354630824e-02
1.814973369154021521e-02
1.818994674229338498e-02
1.819508828894134123e-02
1.827305303473613154e-02
1.831831544663464761e-02
1.834883735633794505e-02
1.838091494710507312e-02
1.843332620535193672e-02
1.848151414924082206e-02
1.849965352855920120e-02
1.853766587026359214e-02
1.858736216572215091e-02
1.860381994115192783e-02
1.866160275389272885e-02
1.870720835975726165e-02
1.871825276834239785e-02
1.875491652534482315e-02
1.881526588164966068e-02
1.885884084939036184e-02
1.887395135056999657e-02
1.889872420928001215e-02
1.897598385751878697e-02
1.900139192842475316e-02
1.903182402582569155e-02
1.905350615930163222e-02
1.906808665054397084e-02
1.912411987745642888e-02
1.919362969684132794e-02
1.922365418703947046e-02
1.926522906428462800e-02
1.928923730159213049e-02
1.936923468569821949e-02
1.938717231770020061e-02
1.942062775455262805e-02
1.944930596597707964e-02
1.949802311467301388e-02
1.952392706449455548e-02
1.960341958425903391e-02
1.962449225423135504e-02
1.964014244145017782e-02
1.967729025588481687e-02
1.973058969837841042e-02
1.975334334716115359e-02
1.977506051626341799e-02
1.985241101943356623e-02
1.986158711139436248e-02
1.991738461604329949e-02
1.995263391492640287e-02
1.998560114935606438e-02
2.000496519543081692e-02
2.008492017099151525e-02
2.012244966096402368e-02
2.016298649210780322e-02
2.017159231928902438e-02
2.020551183519289640e-02
2.027570114536013379e-02
2.029881918750780362e-02
2.037319873929880135e-02
2.038197992336952119e-02
2.043891208945490881e-02
2.047219520769287190e-02
2.052284378763346434e-02
2.054471617714246148e-02
2.055806305742260282e-02
2.063438585558000776e-02
2.067668597056608951e-02
2.070710390343630594e-02
2.074585764687270420e-02
2.076700120004459568e-02
2.083621179630209055e-02
2.087195947471371174e-02
2.091700329238455058e-02
2.092593518376528391e-02
2.099772409998720488e-02
2.102202347970229951e-02
2.106243530826565000e-02
2.110033925312440259e-02
2.110945166922637353e-02
2.112809838496321549e-02
2.116621300888936116e-02
2.123670406227980145e-02
2.127673662702049898e-02
2.128994964067561224e-02
2.131810433741978400e-02
2.136537060419914022e-02
2.139946724627261182e-02
2.146300525969399575e-02
2.146431066750795549e-02
2.152271195657246353e-02
2.152436739233885149e-02
2.156138954770002447e-02
2.163932299030954867e-02
2.167968281098380662e-02
2.170659650695260998e-02
2.172547421304297718e-02
2.174641959477335851e-02
2.178454313614389473e-02
2.183978917375582057e-02
2.188198681925939554e-02
2.193107534025656724e-02
2.195978274194395827e-02
2.200044181633398210e-02
2.206677157079259613e-02
2.210678391495883230e-02
2.211774339527790637e-02
2.214692756421312442e-02
2.221766067071839074e-02
2.227021740835268340e-02
2.228619837291217001e-02
2.235347184121267566e-02
2.239310274934164235e-02
2.244999624953656833e-02
2.245719697038967358e-02
2.252163443251286798e-02
2.255272292105556936e-02
2.257559323487880881e-02
2.261184089467295835e-02
2.264584745577998687e-02
2.270874635791518895e-02
2.272407182082392119e-02
2.274449242105540045e-02
2.279563330773780316e-02
2.285050081739949460e-02
2.286849317423237174e-02
2.289116841975892894e-02
2.297828371683680038e-02
2.298394202207895698e-02
2.302174894459780782e-02
2.306152053744515984e-02
2.308751742466391005e-02
2.313426921968496711e-02
2.319199834034927493e-02
2.326817113670170620e-02
2.329432646385366096e-02
2.332201813724282119e-02
2.335415860817048259e-02
2.342918615817532468e-02
2.344667374083949166e-02
2.349839103015715844e-02
2.355922864141129017e-02
2.360145114294845414e-02
2.363913017139688058e-02
2.366175203795095605e-02
2.368576692917039733e-02
2.373002719471269117e-02
2.376459431442771303e-02
2.379988590824070119e-02
2.381973291145722538e-02
2.385992060276260346e-02
2.393038762685167908e-02
2.395845880865397209e-02
2.398440255033326349e-02
2.405926945321031421e-02
2.410071217513937158e-02
2.413458531191963602e-02
2.417137864290029581e-02
2.421385258354585152e-02
2.426983626198890229e-02
2.428499603078754579e-02
2.433941832721966958e-02
2.435751620074761911e-02
2.438637385163786378e-02
2.442766285825170858e-02
2.443924040435675737e-02
2.450782126635618619e-02
2.453798417321543732e-02
2.459274044437887580e-02
2.464623373340889961e-02
2.466607907078637724e-02
2.473187294923978596e-02
2.476769846881875237e-02
2.480991628615529174e-02
2.481689556630829741e-02
2.489252954478577209e-02
2.491950204047854028e-02
2.497244903073203570e-02
2.500896928850019491e-02
2.504381400398879298e-02
2.513139113245977177e-02
2.514966979961975879e-02
2.521643364553028191e-02
2.523430435089810131e-02
2.527031252805608461e-02
2.531824041823874105e-02
2.537226784462280962e-02
2.541187816587026430e-02
2.542664901396191057e-02
2.547735424715326033e-02
2.549381519324528736e-02
2.559324607024779721e-02
2.563595313595620068e-02
2.564833925238410237e-02
2.570927288622532059e-02
2.574102613560200897e-02
2.576102634674818509e-02
2.585870435424881056e-02
2.587130481304891066e-02
2.590109980114345054e-02
2.597183906669243980e-02
2.598920707147822987e-02
2.601354591650308426e-02
2.609960096968559282e-02
2.613298573338758771e-02
2.618218301762047923e-02
2.626096531021279018e-02
2.627871688824623408e-02
2.631025312645346101e-02
2.635659186861971648e-02
2.637214784465576403e-02
2.641393996642068739e-02
2.646045749937190814e-02
2.652458190477581523e-02
2.654779081065736235e-02
2.658865191023514207e-02
2.662186468649575116e-02
2.665006034277173433e-02
2.670654606400639161e-02
2.672967283279458275e-02
2.681316463963826641e-02
2.684909391200638804e-02
2.687970618846293944e-02
2.695163772002714259e-02
2.697083483974107437e-02
2.705795834295834229e-02
2.707583112680610193e-02
2.715114813150107734e-02
2.716842164575573176e-02
2.716985202852489206e-02
2.722996369826315849e-02
2.726549227079766435e-02
2.728136401404415365e-02
2.734602120055132368e-02
2.739464413091791117e-02
2.746337965026266620e-02
2.750706292949341158e-02
2.753501244302630421e-02
2.756551539050142857e-02
2.759819503588430492e-02
2.765251102680348072e-02
2.768332965011700841e-02
2.769732621056717262e-02
2.776754435629067222e-02
2.783686221106932909e-02
2.788002278385460705e-02
2.789271806142639212e-02
2.795579134106350103e-02
2.799877626441991951e-02
2.807664158982055291e-02
2.810009774713201000e-02
2.817696934984117996e-02
2.821120047214821513e-02
2.825767818318607183e-02
2.829277264608111991e-02
2.831627542223486005e-02
2.833502085400928586e-02
2.839841868034964287e-02
2.845104292516717134e-02
2.846119364929680651e-02
2.854251355140677640e-02
2.858153696841049529e-02
2.865071850955281524e-02
2.866404364583729006e-02
2.870477795662731632e-02
2.874915487767965711e-02
2.878122994834420370e-02
2.881608072119605166e-02
2.885264595582755220e-02
2.891836402483979190e-02
2.893146182740618730e-02
2.899521172029460511e-02
2.904296364804917832e-02
2.906575692809845388e-02
2.910623868996622607e-02
2.914868962472410424e-02
2.916951934367102706e-02
2.928797735749966505e-02
2.932409097200777692e-02
2.936717422542622566e-02
2.939563406152185393e-02
2.942265312889926626e-02
2.948749572534042906e-02
2.951891433051154201e-02
2.952642361322127193e-02
2.959582934593461834e-02
2.969271303261581188e-02
2.972633410474145865e-02
2.976415354784522210e-02
2.981325633243288309e-02
2.983363692756841809e-02
2.990093020686726902e-02
2.992205176500851646e-02
2.996177170140802010e-02
3.001369158475077764e-02
3.003708233077017481e-02
3.010149340516980049e-02
3.014757217794547875e-02
3.023592996313664155e-02
3.025996625529756359e-02
3.031262056093715282e-02
3.033795343566821068e-02
3.039527751737226488e-02
3.044995532100185087e-02
3.048596017287459950e-02
3.055395240290899317e-02
3.060964268676934219e-02
3.061483566598095091e-02
3.063533411113820992e-02
3.074146069742989332e-02
3.075838326931942465e-02
3.085633009279754521e-02
3.086937027543830078e-02
3.089334431027626962e-02
3.095412045220665917e-02
3.102179523900378683e-02
3.109590597795463401e-02
3.115119408750251923e-02
3.118358153497034421e-02
3.121995865892450428e-02
3.124234491631618787e-02
3.132525021003355892e-02
3.137071542223372755e-02
3.138020899356010890e-02
3.141692482038765249e-02
3.149585490676483357e-02
3.154677796079686375e-02
3.160902852020331527e-02
3.162061155270024654e-02
3.168823618178123747e-02
3.171550374459360805e-02
3.179088522409661416e-02
3.187679262705677558e-02
3.192800997150921360e-02
3.197766996304273607e-02
3.201800741918773424e-02
3.206123559856358801e-02
3.213671197458311396e-02
3.217981533557470741e-02
3.222631248572900564e-02
3.227890205366001908e-02
3.234645110027350307e-02
3.236683952157907995e-02
3.247642005834040085e-02
3.255103371678126634e-02
3.257217097091245211e-02
3.258658506378202258e-02
3.263697967751449935e-02
3.272331057705457624e-02
3.278198756085466681e-02
3.281303995467948348e-02
3.285006136681502958e-02
3.290144832515037865e-02
3.292779780194492190e-02
3.298423207582364125e-02
3.302672729671148749e-02
3.304018883817783775e-02
3.308254813005022388e-02
3.316498248528792353e-02
3.323267164755586839e-02
3.327671617315824254e-02
3.331656345166409544e-02
3.336743952643918265e-02
3.341161992957751570e-02
3.345820044276684446e-02
3.349264401362553323e-02
3.353985936090812109e-02
3.355959220150895456e-02
3.360020681700571360e-02
3.368121265975759088e-02
3.372157271660582156e-02
3.376662299643034409e-02
3.386518238114487322e-02
3.389506791573358713e-02
3.398099052943524129e-02
3.400930106024629973e-02
3.413652955331970135e-02
3.418038222411934335e-02
3.418888829386350359e-02
3.424579203451440235e-02
3.431702747257078800e-02
3.435648474572613326e-02
3.443222018000526019e-02
3.448508744586332997e-02
3.454952859154301892e-02
3.459722580044511525e-02
3.460786670438854851e-02
3.467600186380443567e-02
3.473619943155849960e-02
3.476318879288106678e-02
3.479262152073594322e-02
3.486914954107012132e-02
3.490339051002928211e-02
3.500980911385582345e-02
3.501860595180151386e-02
3.506554473000702415e-02
3.510702884576399202e-02
3.522711114982193803e-02
3.535956925109692839e-02
3.539601379541554987e-02
3.542397534677498711e-02
3.552626892308568402e-02
3.554444800119934550e-02
3.561373546750525726e-02
3.564420058717020223e-02
3.568883723896416199e-02
3.576455991836268583e-02
3.586006848195213287e-02
3.594008793142260821e-02
3.597649964480922197e-02
3.603912310873680358e-02
3.606869248871271555e-02
3.614802698066405667e-02
3.621202983340691267e-02
3.623373362975992884e-02
3.628772932717675564e-02
3.635224947633559217e-02
3.642929615987661185e-02
3.647938745392981241e-02
3.650694162598724923e-02
3.660794190259887559e-02
3.670857239378198800e-02
3.671031710145764709e-02
3.678264363004972448e-02
3.683502830878238044e-02
3.687069939515375677e-02
3.692905909068271153e-02
3.705096799212435205e-02
3.714809846504263380e-02
3.718767812920412141e-02
3.727699778688118443e-02
3.728060680586775533e-02
3.737716176483363295e-02
3.742399073105701773e-02
3.754353826660823679e-02
3.755117115786640175e-02
3.758951717170743584e-02
3.770880711540527952e-02
3.774493333027086756e-02
3.779705753355621506e-02
3.786582105489958577e-02
3.788683301777891199e-02
3.801423273277920734e-02
3.808582816185496212e-02
3.819351807670497839e-02
3.822097928023918123e-02
3.831311802466595001e-02
3.839378063883136516e-02
3.847089380967213396e-02
3.850702663223076055e-02
3.858931597144223818e-02
3.867166342514125749e-02
3.871391828431547388e-02
3.884912494411756068e-02
3.889434911621498375e-02
3.897237753403068328e-02
3.902107097523965090e-02
3.906530582153011633e-02
3.914185193228812004e-02
3.917555004372091920e-02
3.925785240876229071e-02
3.935934084301078578e-02
3.938242512374198062e-02
3.944383622621131652e-02
3.950256594543564981e-02
3.962304236747241082e-02
3.974684416251969554e-02
3.979530917772595988e-02
3.994968229151367456e-02
4.001169777257516935e-02
4.006752154567722740e-02
4.012763711602623101e-02
4.018829262710061495e-02
4.034652327871685734e-02
4.044204687675777288e-02
4.048755085524575331e-02
4.051876954243625872e-02
4.060583438220169428e-02
4.069022276696666190e-02
4.087786637845067239e-02
4.092137390251428253e-02
4.100959157644391145e-02
4.105142320747157819e-02
4.109914047117550068e-02
4.114670126921152887e-02
4.121289849811883566e-02
4.139366969195498042e-02
4.156981892645617016e-02
4.166119576475858788e-02
4.171810185762420825e-02
4.184333067677453721e-02
4.197348402113634108e-02
4.205176107954135267e-02
4.216700412785904378e-02
4.224988640379998689e-02
4.228753747449984224e-02
4.241181230513572931e-02
4.246576850458760183e-02
4.260905172821261022e-02
4.288684144416405469e-02
4.306274981167985266e-02
4.325089416740448417e-02
4.329759916334713354e-02
4.351634279366633357e-02
4.358503436616011778e-02
4.409452886842663011e-02
