-4.404595486246559721e-02
-4.388524592193879942e-02
-4.348012500399726921e-02
-4.335273701934985041e-02
-4.312199838257290557e-02
-4.296680757840144749e-02
-4.281643442002328742e-02
-4.270124603496883164e-02
-4.254759890976464454e-02
-4.247040069497137055e-02
-4.232625905608847217e-02
-4.214378560418839681e-02
-4.204355386572673769e-02
-4.200014167922167668e-02
-4.191467142374328408e-02
-4.181989499770866203e-02
-4.180019420697451277e-02
-4.166782100489146295e-02
-4.152197644991886122e-02
-4.135434314894029240e-02
-4.120458877123007319e-02
-4.116019292857496514e-02
-4.110963368534442663e-02
-4.098805404867159052e-02
-4.096952942050846591e-02
-4.080752458506246849e-02
-4.068619909710243648e-02
-4.063614992569411499e-02
-4.050843575708625716e-02
-4.039977283653994888e-02
-4.039138190177204990e-02
-4.034542006017400456e-02
-4.020347595665177409e-02
-4.016790523071155083e-02
-4.006482943103614053e-02
-4.002795576441280784e-02
-3.986934601671145856e-02
-3.984432814726655142e-02
-3.977294514367901712e-02
-3.969592632625631307e-02
-3.966564443981564908e-02
-3.958367275834964727e-02
-3.952682817457349451e-02
-3.937762696527193074e-02
-3.922579318701243517e-02
-3.916921516141835119e-02
-3.909459861495512278e-02
-3.900674706955584853e-02
-3.898534391935684629e-02
-3.893879522373488999e-02
-3.888649948851317928e-02
-3.886916101937240575e-02
-3.881991734544707612e-02
-3.874518290279575783e-02
-3.862116674858790538e-02
-3.849404909629023513e-02
-3.843675221343985371e-02
-3.840578909197223112e-02
-3.832581584088943366e-02
-3.827813147533354332e-02
-3.810674908701638941e-02
-3.803466715529262715e-02
-3.801539019542247988e-02
-3.791790995829099481e-02
-3.787310805417226645e-02
-3.777910378478906150e-02
-3.773064923626545664e-02
-3.767508774996668891e-02
-3.759098036762793110e-02
-3.755670044690060522e-02
-3.747583496655576552e-02
-3.736737813297563021e-02
-3.730701909537385147e-02
-3.728114325343136193e-02
-3.722406594111526967e-02
-3.718822740358392748e-02
-3.714276819096218318e-02
-3.708166780005694996e-02
-3.700560590186375426e-02
-3.694891860734519223e-02
-3.686208178396718077e-02
-3.680411248887858339e-02
-3.678816175087618739e-02
-3.674176956967402374e-02
-3.663846007085495848e-02
-3.657401499383607091e-02
-3.650792195778559956e-02
-3.645573566981105684e-02
-3.640020152126892394e-02
-3.633872195949733319e-02
-3.626258022191959640e-02
-3.620671373151399669e-02
-3.615694440954124456e-02
-3.607612420453387703e-02
-3.604141997928860669e-02
-3.601775637038994587e-02
-3.594688736963279341e-02
-3.589229046654419941e-02
-3.582467400835741278e-02
-3.574526479148205232e-02
-3.571042416817739318e-02
-3.567264889455685345e-02
-3.560756123904611908e-02
-3.556445929821658303e-02
-3.550031663664268006e-02
-3.548760830455355980e-02
-3.542701345602963792e-02
-3.532277879121766689e-02
-3.529449369507066392e-02
-3.519860882840020189e-02
-3.511928610610016294e-02
-3.504345758636485952e-02
-3.502168726794973458e-02
-3.494058750218103498e-02
-3.490709209865761747e-02
-3.487263405125998195e-02
-3.485267026975172322e-02
-3.479862638710546491e-02
-3.473202618108601342e-02
-3.467915482700567598e-02
-3.461962698920442033e-02
-3.453929114865452593e-02
-3.448461680464114110e-02
-3.440034630920107972e-02
-3.435061344957885537e-02
-3.427884520786150108e-02
-3.419244614917248820e-02
-3.414074117476894460e-02
-3.412253100184203108e-02
-3.407782566625271875e-02
-3.400017298020547446e-02
-3.397377787322540532e-02
-3.395649198230150240e-02
-3.387037084151872657e-02
-3.384037557236752730e-02
-3.380906589154509395e-02
-3.374050518187319408e-02
-3.368816640326690454e-02
-3.364833668502952013e-02
-3.360394611688571898e-02
-3.347513555181748368e-02
-3.345434184278651968e-02
-3.340588247243539421e-02
-3.332298590488015633e-02
-3.330220554979938102e-02
-3.325236629966647761e-02
-3.324547133505748736e-02
-3.318873998911594375e-02
-3.313352410692722849e-02
-3.310749164381524695e-02
-3.306155735082329239e-02
-3.298504040486210931e-02
-3.290458865676084560e-02
-3.286950625508953949e-02
-3.279912424534911497e-02
-3.277179937289064621e-02
-3.272264267441440250e-02
-3.268511921007329069e-02
-3.266656499687069920e-02
-3.257705393601010441e-02
-3.252389185541108146e-02
-3.248214828889028905e-02
-3.246177436588851967e-02
-3.236309758491985600e-02
-3.233541634996670022e-02
-3.224635650051080327e-02
-3.222648071223886690e-02
-3.212750546084267023e-02
-3.207853462699650909e-02
-3.203863299018391841e-02
-3.198234777518215582e-02
-3.190306006324140908e-02
-3.185250531883970088e-02
-3.184027769462655089e-02
-3.175745368782157546e-02
-3.170065834818646539e-02
-3.163015976553878311e-02
-3.154840109437212492e-02
-3.152885896639714969e-02
-3.151228514722126395e-02
-3.148517631825208801e-02
-3.142679186870978719e-02
-3.136507136975456855e-02
-3.134120659264849618e-02
-3.132044865030284703e-02
-3.126850145523551311e-02
-3.126170065839263545e-02
-3.116957673773907561e-02
-3.116947953230249369e-02
-3.113226988604173018e-02
-3.105992339464374793e-02
-3.099405272618387455e-02
-3.095527029195606003e-02
-3.091813385401737807e-02
-3.088975254844272128e-02
-3.081329853989155099e-02
-3.075368869702037322e-02
-3.073644653231387761e-02
-3.070809088645926749e-02
-3.063334787303489959e-02
-3.061474499735501384e-02
-3.052242686179775996e-02
-3.047779513326101183e-02
-3.046164703522307587e-02
-3.042830453980018696e-02
-3.038937729233242083e-02
-3.032290802972161664e-02
-3.025977237097192407e-02
-3.019759255107248158e-02
-3.015718005298740831e-02
-3.014371075194214808e-02
-3.009744969735161230e-02
-3.001052579421697314e-02
-2.995207422392202196e-02
-2.992650791687523001e-02
-2.990672389696374250e-02
-2.980192810045632218e-02
-2.974002681742683382e-02
-2.973762737413241861e-02
-2.970363469315270843e-02
-2.964074505397204171e-02
-2.961129047355386124e-02
-2.959674353859564899e-02
-2.949515530079812806e-02
-2.944585628885321854e-02
-2.937301210512557534e-02
-2.934507218620848248e-02
-2.933140804379023164e-02
-2.924998150990699292e-02
-2.922073686017303412e-02
-2.918738460178861571e-02
-2.913882415726326211e-02
-2.907271120411785911e-02
-2.904606359252360354e-02
-2.902012592625359891e-02
-2.900892709205820166e-02
-2.892204750246371581e-02
-2.888655026325449154e-02
-2.884260600136438410e-02
-2.881224954222547791e-02
-2.879703011640758967e-02
-2.871823581022072552e-02
-2.870659612923655638e-02
-2.858104506552854723e-02
-2.853642208875162636e-02
-2.849630863456694210e-02
-2.845107009530655623e-02
-2.843472603274484201e-02
-2.836523784169743892e-02
-2.834720617396499498e-02
-2.830225353402402930e-02
-2.826613745965273622e-02
-2.822717472601077304e-02
-2.818475205049741222e-02
-2.817662572616541974e-02
-2.810905529620575174e-02
-2.805911921886544008e-02
-2.798680803416990492e-02
-2.793307626454973394e-02
-2.790391125687297080e-02
-2.788948836374196064e-02
-2.778345780765015607e-02
-2.774983688329092646e-02
-2.774086275042235775e-02
-2.768834136576395558e-02
-2.768437951639199368e-02
-2.762289814840855270e-02
-2.757833103465096025e-02
-2.755294882406943840e-02
-2.746722626267178793e-02
-2.745413610040019214e-02
-2.741346887238894567e-02
-2.739280563836408999e-02
-2.735082685340558400e-02
-2.734639377707422797e-02
-2.729222197730660909e-02
-2.721559219929481008e-02
-2.719603923084069202e-02
-2.716672310888664996e-02
-2.709789311562042780e-02
-2.702477343330676393e-02
-2.700341187094439446e-02
-2.698214809310566994e-02
-2.686164830318966620e-02
-2.684809404747153308e-02
-2.679761266296043498e-02
-2.677369186149252539e-02
-2.670293277018020647e-02
-2.665022221968522953e-02
-2.660437264077962841e-02
-2.655552204830566657e-02
-2.655036432653874734e-02
-2.647810957863954567e-02
-2.646181948538038620e-02
-2.639052165662464020e-02
-2.637559475566348885e-02
-2.634307565418601144e-02
-2.626592714227911698e-02
-2.623698453009756099e-02
-2.620085989544834390e-02
-2.618693595918285613e-02
-2.611584202922527520e-02
-2.607558109815442601e-02
-2.600329069408339328e-02
-2.598496167631207318e-02
-2.589872119651421070e-02
-2.582200377403335440e-02
-2.581054476857974969e-02
-2.574382783085434750e-02
-2.572538757592784595e-02
-2.567928487916978225e-02
-2.558831532334882031e-02
-2.557105987979980261e-02
-2.555160818083427807e-02
-2.552022438227879650e-02
-2.547265377255072613e-02
-2.546132664415559285e-02
-2.542093831616248911e-02
-2.538907331745582710e-02
-2.532603015295546711e-02
-2.523094606115977231e-02
-2.520602070322976868e-02
-2.511308346750236453e-02
-2.510201949085718448e-02
-2.507039285861987002e-02
-2.501660791371237633e-02
-2.497811123829081839e-02
-2.495261821038956274e-02
-2.490392838359738875e-02
-2.486652185479391874e-02
-2.483995707450988716e-02
-2.480483668121247556e-02
-2.476460606219378635e-02
-2.475770664878563718e-02
-2.465911766917471687e-02
-2.463486023110142767e-02
-2.460833318934411984e-02
-2.458427387903911951e-02
-2.457308126350059643e-02
-2.448968911603305321e-02
-2.444466802435158945e-02
-2.442470358520322168e-02
-2.438929720712525520e-02
-2.431763548975748174e-02
-2.428483206145221063e-02
-2.424031301494162377e-02
-2.418968698629350364e-02
-2.414358866457845532e-02
-2.409005464900621646e-02
-2.403195936370731978e-02
-2.400726439555363190e-02
-2.399609870547279519e-02
-2.394946041921933166e-02
-2.389345377976120205e-02
-2.383481403200066878e-02
-2.381553149555577439e-02
-2.377211241540627684e-02
-2.374739818946866587e-02
-2.369647055881222292e-02
-2.369126921723461315e-02
-2.366420815739237946e-02
-2.362089926274865345e-02
-2.358196866315949089e-02
-2.352295104251504732e-02
-2.350715248538016305e-02
-2.343217422182148832e-02
-2.340890508888335622e-02
-2.337238385356643633e-02
-2.332919474169603893e-02
-2.328394045907961063e-02
-2.325523318011758420e-02
-2.318513792170323606e-02
-2.314539148941821209e-02
-2.311578722776503475e-02
-2.310641040065231425e-02
-2.305332489227938930e-02
-2.301185655260898355e-02
-2.296796278039343192e-02
-2.292312317836124255e-02
-2.291780396868660363e-02
-2.284023534008859657e-02
-2.280061539727159386e-02
-2.276001524409335466e-02
-2.274077042388331082e-02
-2.269089537499525966e-02
-2.264868954338873988e-02
-2.262508079752172108e-02
-2.257326138747292946e-02
-2.251750719818886026e-02
-2.248450757697422614e-02
-2.243837476925779686e-02
-2.242490522179966042e-02
-2.238624078394259656e-02
-2.234503721610580848e-02
-2.230863284898992188e-02
-2.224341325839023290e-02
-2.222721940527730075e-02
-2.217647985838068839e-02
-2.215751516644469052e-02
-2.210327416583249271e-02
-2.207636824130622399e-02
-2.205284444810083622e-02
-2.201471755655938500e-02
-2.196149030827847237e-02
-2.191618006472222449e-02
-2.188599265520679502e-02
-2.182997714833497319e-02
-2.182065340118767224e-02
-2.178305845715007572e-02
-2.172318622000111651e-02
-2.169813425485817709e-02
-2.164003359611248525e-02
-2.162093408745627970e-02
-2.157781732995533996e-02
-2.155904645058221575e-02
-2.151791236655973064e-02
-2.147327984999419445e-02
-2.142292367251528995e-02
-2.139186669040052738e-02
-2.134450267474795673e-02
-2.132032221779559325e-02
-2.127801942478073707e-02
-2.124451850577582790e-02
-2.118384276000207997e-02
-2.117388191139776485e-02
-2.113490287953558380e-02
-2.110345652605465083e-02
-2.106648777683437987e-02
-2.102534939688846527e-02
-2.097564249049189977e-02
-2.092209096221848280e-02
-2.088794186390719940e-02
-2.085717854019176337e-02
-2.083003067115196671e-02
-2.079454134681149244e-02
-2.073959686255404458e-02
-2.070759183337524817e-02
-2.067987044768781341e-02
-2.063502474366043019e-02
-2.058716510857203086e-02
-2.058414935490212802e-02
-2.052184954745842060e-02
-2.046891562711932941e-02
-2.043643635517870122e-02
-2.041629346040604517e-02
-2.038921810947733754e-02
-2.031912512238980006e-02
-2.027690630927119972e-02
-2.026080160950919501e-02
-2.022100844400533115e-02
-2.018367513357698442e-02
-2.014003451995197841e-02
-2.006873321597508683e-02
-2.002680922280211315e-02
-2.001197777300802935e-02
-1.998434425598347511e-02
-1.997035462267668718e-02
-1.993004581315296897e-02
-1.989274757805276767e-02
-1.987649377118462166e-02
-1.983298440084060865e-02
-1.981964162583723515e-02
-1.978776151230121627e-02
-1.973618808447372142e-02
-1.969783407656057819e-02
-1.967559119784334162e-02
-1.960967437199749239e-02
-1.951793100023271887e-02
-1.949955539997853121e-02
-1.948555872782402332e-02
-1.944447131842346604e-02
-1.938252518395695845e-02
-1.933298684208008267e-02
-1.929533882701143024e-02
-1.927429230415270492e-02
-1.922682501852019873e-02
-1.918842567917111025e-02
-1.912440550612596810e-02
-1.910223163429729254e-02
-1.904614448679520233e-02
-1.903077133041232785e-02
-1.898903758242624640e-02
-1.896508241980408155e-02
-1.890129949943965271e-02
-1.888038074884026279e-02
-1.882428261895925312e-02
-1.878781652916353823e-02
-1.875567873529636678e-02
-1.869688557865524861e-02
-1.866818554146379427e-02
-1.864568421116834934e-02
-1.860762948047545856e-02
-1.858316098493094023e-02
-1.852624413052067140e-02
-1.851397666434953862e-02
-1.845802326454423423e-02
-1.837018202780978798e-02
-1.835306969729112378e-02
-1.832350037409812699e-02
-1.831105234739255697e-02
-1.824924604823966595e-02
-1.819247276490898110e-02
-1.817476926166854828e-02
-1.815386340263527160e-02
-1.807721986753970181e-02
-1.805700693609399790e-02
-1.802642890865016612e-02
-1.799186684758515703e-02
-1.795401513489585515e-02
-1.791987674117290902e-02
-1.786388132451267180e-02
-1.779177730666605187e-02
-1.776420263460394555e-02
-1.772095704276482192e-02
-1.769753162962690862e-02
-1.768429697124699815e-02
-1.764781389163302266e-02
-1.760389432535088006e-02
-1.757861145696866176e-02
-1.755723245924105738e-02
-1.752637366534354896e-02
-1.747339048476402243e-02
-1.743234836424638681e-02
-1.739450911513246850e-02
-1.736848829237900085e-02
-1.735599028116754580e-02
-1.729776346121538952e-02
-1.728045398279715039e-02
-1.727565316748987806e-02
-1.717269702315532554e-02
-1.714654171723726042e-02
-1.710148641164896746e-02
-1.709920770389745243e-02
-1.707818566960875306e-02
-1.702909157076185759e-02
-1.698320151565233666e-02
-1.696323618175825387e-02
-1.692175108896940353e-02
-1.689198697508878175e-02
-1.685458433322668467e-02
-1.681587526641116145e-02
-1.674036975219904064e-02
-1.672020576216500659e-02
-1.666868377692617975e-02
-1.663652715230751200e-02
-1.660697281051213420e-02
-1.657466111681662677e-02
-1.652089964520974535e-02
-1.648523226845237041e-02
-1.648046506686682081e-02
-1.646774400790040546e-02
-1.637971840917426536e-02
-1.637214949162656141e-02
-1.634864130343743546e-02
-1.629417628226242226e-02
-1.627811584001604209e-02
-1.622496815065064754e-02
-1.617898956273231340e-02
-1.610761869526628962e-02
-1.607994108206005010e-02
-1.604872417612387275e-02
-1.601244946057776494e-02
-1.598656664117322976e-02
-1.592460449060318500e-02
-1.589041231954753386e-02
-1.583307408105952968e-02
-1.582214752180297751e-02
-1.578517908007507492e-02
-1.574294401292284512e-02
-1.570994376106072885e-02
-1.568897001460923049e-02
-1.565068752171045255e-02
-1.561890999875239702e-02
-1.557190026902058322e-02
-1.554054396356110111e-02
-1.549304791575442999e-02
-1.544631213124705513e-02
-1.542815875198402277e-02
-1.540143454278792949e-02
-1.534798635770974647e-02
-1.531392316127950896e-02
-1.528445519274449285e-02
-1.525469156395049992e-02
-1.522528107143369426e-02
-1.518729888212776158e-02
-1.516022723803263708e-02
-1.510185650153691474e-02
-1.502578369028072409e-02
-1.499875722872295002e-02
-1.498878644108847524e-02
-1.497024815270519421e-02
-1.491724543298843415e-02
-1.488115566920046942e-02
-1.483339906519383702e-02
-1.481440685889552980e-02
-1.479588536270648978e-02
-1.474210564810140428e-02
-1.470025078240517862e-02
-1.465497968849852062e-02
-1.462655244059044013e-02
-1.459354523492616129e-02
-1.453108534095569511e-02
-1.451035153124181909e-02
-1.448579824438315893e-02
-1.446362672331695520e-02
-1.441593215444773521e-02
-1.439193948280720857e-02
-1.433148287676872489e-02
-1.431149675790236060e-02
-1.425300365254190613e-02
-1.421708852349416220e-02
-1.420138864306164442e-02
-1.418217234329178719e-02
-1.412292786293124769e-02
-1.407461474039474816e-02
-1.406031995189626661e-02
-1.398367661616573866e-02
-1.396680217434448021e-02
-1.392731821285992516e-02
-1.391466742412945413e-02
-1.386657173165405446e-02
-1.381859373524308050e-02
-1.379158626060118624e-02
-1.378581845791936218e-02
-1.372572388102417072e-02
-1.367418755366840016e-02
-1.364381435289404448e-02
-1.362249575277041380e-02
-1.358262644937275644e-02
-1.355569902047921993e-02
-1.353157083970791923e-02
-1.350138657306730779e-02
-1.346746625447823968e-02
-1.342590801377323978e-02
-1.335820765814137515e-02
-1.335695000657124293e-02
-1.331697873806709717e-02
-1.327371982217189807e-02
-1.323279289854803129e-02
-1.319572058711394533e-02
-1.315528547753981418e-02
-1.312833398759612191e-02
-1.306887248002394121e-02
-1.305351122335648636e-02
-1.304845354248295938e-02
-1.295785039390127610e-02
-1.293132429641052558e-02
-1.291029202201568644e-02
-1.288267242778672571e-02
-1.283995114909072810e-02
-1.279997478727624115e-02
-1.277741594456388574e-02
-1.274286924221615380e-02
-1.272277199700865002e-02
-1.268213832519851647e-02
-1.263805499553512929e-02
-1.260041111914428011e-02
-1.256727627064426617e-02
-1.253788608506973233e-02
-1.251598548308418060e-02
-1.245339062821014184e-02
-1.244279601139838820e-02
-1.238660246605685807e-02
-1.236532547883707062e-02
-1.232755640105203353e-02
-1.229538080638569071e-02
-1.226735780058758017e-02
-1.222541168940340442e-02
-1.221296694166030573e-02
-1.213939571902613104e-02
-1.212631913831274146e-02
-1.209841635264410561e-02
-1.202615564236557411e-02
-1.201818838612558546e-02
-1.199772871089769231e-02
-1.194231999261824266e-02
-1.193166315144481536e-02
-1.191229916191980862e-02
-1.185868209372541865e-02
-1.182776938421869345e-02
-1.179507971001723422e-02
-1.173722894694226825e-02
-1.173113181140075963e-02
-1.170108291316423153e-02
-1.163028459412823734e-02
-1.161762733095885770e-02
-1.157793799651058927e-02
-1.153631138060011788e-02
-1.148256142834723492e-02
-1.145581906442060330e-02
-1.140846141689380241e-02
-1.138730321217707245e-02
-1.133723637482821414e-02
-1.132904749945174566e-02
-1.130864760012849184e-02
-1.126079227565934468e-02
-1.121013757793767537e-02
-1.114795213142543914e-02
-1.114054439824525844e-02
-1.108910579938403307e-02
-1.105010846563899904e-02
-1.099977544579351998e-02
-1.096837282650209126e-02
-1.094666238667837271e-02
-1.093077300256420879e-02
-1.087106251933224119e-02
-1.084189460376813567e-02
-1.082726980432230368e-02
-1.075350045903949309e-02
-1.073128443353827885e-02
-1.071873226530949130e-02
-1.066323105436715532e-02
-1.064186754380949326e-02
-1.062309057928108313e-02
-1.056504534127569034e-02
-1.050990206643395534e-02
-1.050026135386927101e-02
-1.046257304455827132e-02
-1.044797207430729104e-02
-1.041880177818657431e-02
-1.035699840815001820e-02
-1.033958122046578498e-02
-1.031310730667426082e-02
-1.028132257655605883e-02
-1.024657740498113867e-02
-1.017574129419669855e-02
-1.017156140145801524e-02
-1.014090221488435535e-02
-1.008151611941355760e-02
-1.006294889154239758e-02
-1.003993891298296699e-02
-1.003048056612699385e-02
-9.967555175202511691e-03
-9.950925352420392569e-03
-9.907736340644053216e-03
-9.876209362184085183e-03
-9.869431878040287737e-03
-9.806669353166302255e-03
-9.780058415831844112e-03
-9.760278626994177767e-03
-9.726866794782917242e-03
-9.700227697314243308e-03
-9.679468898401960564e-03
-9.612350577894539921e-03
-9.569323499976368705e-03
-9.550581391099219677e-03
-9.510260955216615422e-03
-9.463108039906541202e-03
-9.437518468709070463e-03
-9.418347694764652583e-03
-9.404631891566752819e-03
-9.311258050858927521e-03
-9.296052680595129694e-03
-9.267076007773366111e-03
-9.244782821423968774e-03
-9.216667656509705542e-03
-9.149037830666726864e-03
-9.108756113317172456e-03
-9.089452034344825196e-03
-9.076119466645556078e-03
-9.031913698653476139e-03
-8.984004844454810193e-03
-8.961063806682623492e-03
-8.907939127520584505e-03
-8.888269469898239100e-03
-8.871652316027990939e-03
-8.810941604004701375e-03
-8.787443149290370681e-03
-8.730051390486940482e-03
-8.716069123834295149e-03
-8.618346952562281477e-03
-8.600945535756073651e-03
-8.579995343581788003e-03
-8.561491613222780780e-03
-8.496583922180745221e-03
-8.456723565168067919e-03
-8.431993307053596565e-03
-8.409935262582914073e-03
-8.376049185033523220e-03
-8.347418110003210212e-03
-8.283552298756449717e-03
-8.242955306545781541e-03
-8.235493331510079784e-03
-8.192736131773362129e-03
-8.152695897520857715e-03
-8.094231165528657096e-03
-8.078338495634284494e-03
-8.051908994668892372e-03
-8.020235742731389103e-03
-8.006819675506315903e-03
-7.981776092629937897e-03
-7.972313370498668172e-03
-7.915295334573765537e-03
-7.889832380238416543e-03
-7.836559797175539008e-03
-7.797800846259556919e-03
-7.760191812265383043e-03
-7.729696675043645424e-03
-7.720524890497217942e-03
-7.669263247003813184e-03
-7.639549716783764974e-03
-7.568689192801254101e-03
-7.552841486789815297e-03
-7.521019993427168968e-03
-7.474085275825449390e-03
-7.442664007299808204e-03
-7.424767460359365731e-03
-7.389288270217386594e-03
-7.338139386485191540e-03
-7.319489099162026884e-03
-7.283768625227832541e-03
-7.214682099052983737e-03
-7.186925617482430029e-03
-7.176500285665889101e-03
-7.146574170205550330e-03
-7.074925474136611186e-03
-7.065015399263060124e-03
-7.026361791207467664e-03
-7.006516205531978549e-03
-6.961027912973029481e-03
-6.925282739897028680e-03
-6.914197302984485989e-03
-6.896298125810112686e-03
-6.856537641525198637e-03
-6.830714871199948003e-03
-6.756826688650400224e-03
-6.749466914993631182e-03
-6.683853174456886453e-03
-6.672184264276996395e-03
-6.661223602689248305e-03
-6.621715861019245725e-03
-6.574010782007630449e-03
-6.553567353365296819e-03
-6.500498351275435342e-03
-6.449797975377608711e-03
-6.417010200583823758e-03
-6.404572110688621332e-03
-6.377137946874777974e-03
-6.351353285104373823e-03
-6.320668499954058828e-03
-6.295306692270189602e-03
-6.232062968192116775e-03
-6.205091506930755438e-03
-6.152760184322736935e-03
-6.119983933441423829e-03
-6.109483317958811811e-03
-6.043594823150626877e-03
-6.017310478420911934e-03
-6.000160302468507748e-03
-5.984931927715203895e-03
-5.893683994290242409e-03
-5.868913836750785755e-03
-5.836560206543592311e-03
-5.795168483971532836e-03
-5.776065843924822751e-03
-5.737105078448176063e-03
-5.699420972423718118e-03
-5.678601539602179914e-03
-5.660889812538167504e-03
-5.600656232378092327e-03
-5.582213087256202196e-03
-5.538528533731490455e-03
-5.514952815805998325e-03
-5.503449627691093214e-03
-5.471840490449035935e-03
-5.449514383277226717e-03
-5.414461831779022148e-03
-5.370711483947336433e-03
-5.332445587589993916e-03
-5.268044912159782107e-03
-5.212464705278936801e-03
-5.205008045924571988e-03
-5.188631037199058042e-03
-5.137001367312844617e-03
-5.102122399847876764e-03
-5.078572422516809681e-03
-5.040625760580003459e-03
-5.017317021295075383e-03
-4.998466034778270561e-03
-4.908231388392292165e-03
-4.881130934500409364e-03
-4.867061479685534132e-03
-4.804178818758345071e-03
-4.771932314519952180e-03
-4.746273142149350088e-03
-4.729701836139925744e-03
-4.700989615327056705e-03
-4.665466163048114130e-03
-4.635655066962221169e-03
-4.573518887803728478e-03
-4.550499289373837776e-03
-4.514794096448753423e-03
-4.491931813687725927e-03
-4.463571683273103406e-03
-4.425796201743078910e-03
-4.395360544537204456e-03
-4.380331000491547236e-03
-4.339619293094171618e-03
-4.269550202352995899e-03
-4.218952437503388324e-03
-4.167580071940898273e-03
-4.153985007068791528e-03
-4.109816736769364778e-03
-4.082671191349408930e-03
-4.051158087731984887e-03
-4.042358485794895866e-03
-3.980541162455910470e-03
-3.954713108356106531e-03
-3.912485855913957165e-03
-3.846316276875094264e-03
-3.829055196310382492e-03
-3.805165313367487884e-03
-3.793073424119911170e-03
-3.767633555848986897e-03
-3.742687164057750641e-03
-3.708690387535857735e-03
-3.669817540683355424e-03
-3.623251839750526136e-03
-3.592890870554008281e-03
-3.562115734264105927e-03
-3.523330451373747705e-03
-3.486134983441527540e-03
-3.459967027390177356e-03
-3.435495433223477273e-03
-3.365575285440273404e-03
-3.319907140974229665e-03
-3.318568802107590456e-03
-3.285724027290928047e-03
-3.232399237201608998e-03
-3.214752785490760951e-03
-3.195160975177196647e-03
-3.130010916779124314e-03
-3.086273102537775200e-03
-3.073338903405956925e-03
-3.026501002408356084e-03
-2.988023272064658370e-03
-2.954536143675030001e-03
-2.941549108607075056e-03
-2.900481224457218763e-03
-2.887214385307442562e-03
-2.869550262124886258e-03
-2.814708525323518160e-03
-2.788605541345045603e-03
-2.732636259584545358e-03
-2.696689929912911808e-03
-2.666585656445519432e-03
-2.658128273681590464e-03
-2.607492706960848686e-03
-2.570073658042201000e-03
-2.559746594219151211e-03
-2.516148244578153038e-03
-2.494206375707411476e-03
-2.460533924933345183e-03
-2.424617593152533605e-03
-2.412453842762913008e-03
-2.351102603259010767e-03
-2.308295265571647711e-03
-2.289161804839835029e-03
-2.243241723994241713e-03
-2.220398767084992477e-03
-2.202009992711347151e-03
-2.123849981520065013e-03
-2.111736413343157353e-03
-2.075292104714042841e-03
-2.026706419768253657e-03
-2.001345226747454440e-03
-1.973473344472993860e-03
-1.915277788641926889e-03
-1.885213356410661567e-03
-1.842414789517699165e-03
-1.810205444431495355e-03
-1.776198641713817384e-03
-1.751345882200870804e-03
-1.708974957498252166e-03
-1.680468583646666436e-03
-1.642655092404710863e-03
-1.613900638769193933e-03
-1.610352941453456433e-03
-1.526813437264428787e-03
-1.506131761055888195e-03
-1.485242683626222153e-03
-1.463035266566211712e-03
-1.417243684606578347e-03
-1.399544181432617806e-03
-1.344823937878415971e-03
-1.331174669007382334e-03
-1.284291778444408231e-03
-1.243736564127220258e-03
-1.192708854322004422e-03
-1.185039801947324447e-03
-1.149180451290582675e-03
-1.139468250903291667e-03
-1.048096048489126440e-03
-1.041736830880161035e-03
-1.004101761029644333e-03
-9.534414789397216167e-04
-9.317241239845478742e-04
-9.032154779385654243e-04
-8.823116477170672538e-04
-8.649217881816267852e-04
-8.084409935209584336e-04
-7.716975283757408462e-04
-7.360345331703777418e-04
-7.230796526607464721e-04
-6.833667423440949705e-04
-6.454288584223541155e-04
-6.135628109703315835e-04
-6.064214132309172578e-04
-5.464784531075449550e-04
-5.029172377741854012e-04
-4.757567157707223455e-04
-4.519352600739354122e-04
-3.861478871538096035e-04
-3.704699886844032880e-04
-3.298153242903677923e-04
-3.127803335450380219e-04
-2.793415323059500856e-04
-2.644996062340849215e-04
-2.523433093615829880e-04
-2.039502106534081527e-04
-1.623834938082606059e-04
-1.378027266450263422e-04
-8.355267026271067884e-05
-4.347757249397536639e-05
5.375177764502556535e-06
2.448384532619279867e-05
6.867483823894648921e-05
8.663286237728349561e-05
1.271922183437560372e-04
1.408627517134273253e-04
1.730513187414021081e-04
2.192263953882879653e-04
2.580355966785703140e-04
3.001590918058726748e-04
3.600991926681737965e-04
3.680772999706531006e-04
4.104573552844973283e-04
4.805720153272723485e-04
4.939140604447943804e-04
5.313791491087950904e-04
5.527765812584148212e-04
5.625138857952765919e-04
6.125908043519949367e-04
6.516984403941837199e-04
6.752031498775102301e-04
7.130795446934960714e-04
7.259296046996186608e-04
7.770207206237515459e-04
8.187916440251402118e-04
8.257821477043702759e-04
8.756100036283372958e-04
9.084259043582396933e-04
9.255209611966962267e-04
9.397313244705803601e-04
9.915013588210283297e-04
1.036391362606405193e-03
1.060756259198401179e-03
1.092321304271161048e-03
1.116083214265555955e-03
1.131254462556520153e-03
1.171687653369482248e-03
1.217741399585685336e-03
1.275776473839101803e-03
1.325018851764789632e-03
1.342775166012164564e-03
1.369683275981475531e-03
1.412514349064113465e-03
1.458442256335929161e-03
1.479298420091094707e-03
1.504994846392412053e-03
1.546414789455476547e-03
1.557128065160275467e-03
1.579562146511516527e-03
1.609992402857905649e-03
1.668095459667796746e-03
1.716050879911581095e-03
1.735947158162245291e-03
1.792586623157448478e-03
1.817975123352588663e-03
1.832434390711853685e-03
1.886768061506239160e-03
1.933765534778478928e-03
1.943087158761257855e-03
1.966351997624135508e-03
1.985026879449441201e-03
2.056551077934260386e-03
2.089292634895176335e-03
2.114174605305670952e-03
2.146953301932915791e-03
2.163727696482449243e-03
2.181749099667133242e-03
2.229038601680635896e-03
2.247924937408330749e-03
2.290362926472928103e-03
2.337767708003329718e-03
2.360597020003307907e-03
2.404676281203892325e-03
2.467130251834109660e-03
2.503804938102787390e-03
2.511266398053916930e-03
2.532461841749028726e-03
2.548085422615413431e-03
2.616947229011864703e-03
2.651010614767768461e-03
2.666335478275807126e-03
2.691002378905932736e-03
2.727374408158660373e-03
2.773729156275400991e-03
2.819840096880844166e-03
2.907897242274081872e-03
2.923561955180360890e-03
2.979228622936144506e-03
2.984369252165755462e-03
3.046431137883341949e-03
3.065328564731349334e-03
3.095959788222458781e-03
3.130454092911602853e-03
3.151331675542609536e-03
3.168838524156399484e-03
3.196195453420988888e-03
3.255660209180456007e-03
3.276063386742678746e-03
3.314206481420638693e-03
3.375583050472490479e-03
3.412756700545568032e-03
3.447500877544637261e-03
3.478823159046348819e-03
3.493395507235787494e-03
3.531486390684601337e-03
3.575662121001342043e-03
3.617897003945197594e-03
3.627050044767842363e-03
3.679416574630204988e-03
3.705737950257402893e-03
3.754649110745350484e-03
3.784889805618904968e-03
3.818261335400351900e-03
3.848024021619903586e-03
3.885131358875649685e-03
3.895316807744203785e-03
3.933364091113786612e-03
3.976000945505494578e-03
4.019003926035466349e-03
4.024573533077421654e-03
4.043951528800303515e-03
4.086622551756310603e-03
4.142023966794807291e-03
4.184377857589590029e-03
4.187694393792436645e-03
4.215443465684930863e-03
4.264278812349806165e-03
4.314184428519350634e-03
4.350317715992087046e-03
4.377988365491629341e-03
4.403885528950133438e-03
4.432066724656743596e-03
4.454657510609449575e-03
4.493047122669460540e-03
4.572249929362146720e-03
4.583283025126424007e-03
4.635865245119389494e-03
4.642307427734701855e-03
4.654357136303499329e-03
4.700434095047118475e-03
4.754152312680457251e-03
4.776531798937919820e-03
4.856035919819696837e-03
4.894312026249911587e-03
4.935277716899440052e-03
4.941527654905582267e-03
4.990138754332383748e-03
5.014668206940466402e-03
5.061730605013839771e-03
5.089632264556830619e-03
5.131335657442929847e-03
5.170589541909257660e-03
5.190595997737013773e-03
5.234190997931865291e-03
5.260980469017911484e-03
5.272675053707424030e-03
5.319385093225444117e-03
5.341569138012642985e-03
5.374853916018654774e-03
5.403937476451311714e-03
5.431619274048967924e-03
5.440768112860960501e-03
5.478348825452743556e-03
5.501722448220009408e-03
5.530545628806577546e-03
5.582786133222545147e-03
5.609708153292619626e-03
5.649355296764041294e-03
5.710292732813421548e-03
5.712950674821448346e-03
5.746081080316191303e-03
5.778000024725365134e-03
5.824938183542105116e-03
5.910514055049221650e-03
5.918695524622731401e-03
5.967848415988501014e-03
5.984056644154523742e-03
6.005156451801750735e-03
6.054119184289000893e-03
6.084047566375917933e-03
6.099853762771870538e-03
6.154887903420069167e-03
6.182691396577412110e-03
6.219444892850769201e-03
6.256473191856386923e-03
6.291613163101025460e-03
6.353908268348360151e-03
6.366195321481002249e-03
6.420964414745482240e-03
6.490484852971983333e-03
6.511911775989980174e-03
6.563382142846387914e-03
6.596952381117513961e-03
6.601005385695867672e-03
6.652825953707498623e-03
6.721155358455994412e-03
6.727645717785401408e-03
6.754794741143874300e-03
6.791461920190801534e-03
6.834541552394978250e-03
6.883026280723601037e-03
6.900033491009230531e-03
6.932941775543194525e-03
6.942444378630697847e-03
6.974680897092238631e-03
6.992762439719023802e-03
7.028242859849178487e-03
7.092497077539160547e-03
7.141816692575772389e-03
7.168186640424276113e-03
7.200339053793629318e-03
7.236458079905443673e-03
7.244756034217049098e-03
7.295314955019081837e-03
7.325118590309158580e-03
7.377112920119925470e-03
7.383508868730835964e-03
7.431100147666206898e-03
7.456283248861406490e-03
7.498438498018132441e-03
7.520390126788785261e-03
7.569063762745352995e-03
7.589559398265444991e-03
7.635464451243202319e-03
7.676171614511829305e-03
7.707444257154764423e-03
7.740206359043897387e-03
7.769651630934387883e-03
7.793882610206555664e-03
7.831073304914334260e-03
7.869274276309805652e-03
7.895447830037235007e-03
7.968250150971644546e-03
7.972243048878939475e-03
7.999270884517456839e-03
8.053063748504023581e-03
8.090955400087319546e-03
8.121900301782362594e-03
8.146413535410387818e-03
8.159873694702437716e-03
8.204293441585715566e-03
8.254873300841779685e-03
8.274916173946243042e-03
8.304904430639512003e-03
8.318193964321778447e-03
8.345038072743178603e-03
8.407657992849176809e-03
8.464061449521206870e-03
8.529860126073589288e-03
8.552919902641406905e-03
8.587541510418999352e-03
8.614197412091330330e-03
8.655085792395877942e-03
8.674831093489102779e-03
8.693932069693812922e-03
8.725846140459908237e-03
8.770033666176004980e-03
8.795757414342311731e-03
8.832318149719678088e-03
8.846611409103930304e-03
8.890661137408212636e-03
8.911309654348491260e-03
8.930695853782800314e-03
8.997091855864293095e-03
9.014700087034026310e-03
9.061525636688985350e-03
9.085398540107821053e-03
9.097430402675568337e-03
9.170421155209607100e-03
9.207164865408614882e-03
9.236518837170439727e-03
9.265838156110085128e-03
9.284009687831884516e-03
9.323434475339004504e-03
9.403269523169749400e-03
9.411033193443637049e-03
9.446391892842236071e-03
9.474170824434373708e-03
9.513254605986308510e-03
9.525657675234500132e-03
9.562452494993352661e-03
9.603359529717284473e-03
9.668098671587740250e-03
9.705358825278087923e-03
9.757796824436606661e-03
9.777211249770278306e-03
9.791753546827772561e-03
9.844224815282701102e-03
9.929600488252133400e-03
9.938917803118417493e-03
1.000960974558548315e-02
1.001871324189528012e-02
1.003426817133289302e-02
1.007551981467522985e-02
1.013256762837685433e-02
1.015097348678410324e-02
1.018296055245323552e-02
1.021108286718735471e-02
1.023023477223801263e-02
1.024813270475534097e-02
1.030131966757559178e-02
1.032719202025375940e-02
1.035406316131556696e-02
1.042737738818389978e-02
1.044163829674840324e-02
1.046035525386045280e-02
1.048574303141418251e-02
1.054921633892732039e-02
1.059147834045231010e-02
1.059389626567913169e-02
1.061889490083582979e-02
1.063214520178851555e-02
1.070593730100813032e-02
1.077308756602943923e-02
1.077708527706109851e-02
1.081594962874043823e-02
1.084456957135368667e-02
1.088710636906956540e-02
1.090646309763367364e-02
1.091844536070949931e-02
1.097247042238779814e-02
1.101698266407431445e-02
1.108199253897568064e-02
1.111554958241354855e-02
1.114432883996266214e-02
1.118097309500364241e-02
1.119950233875236303e-02
1.123827821064227531e-02
1.128424308546933756e-02
1.131955970608626051e-02
1.137403935412821185e-02
1.139454971211680510e-02
1.143944794125922697e-02
1.144519423791993604e-02
1.148179569209973466e-02
1.148878238992763999e-02
1.155233606748426282e-02
1.156978894249546808e-02
1.164396005258204643e-02
1.167502620045828346e-02
1.170041306587017889e-02
1.171383871965959132e-02
1.177860198377963206e-02
1.181552438228238022e-02
1.185854295275236975e-02
1.187767946420662662e-02
1.191444348226811112e-02
1.195697393820887612e-02
1.199617061393375150e-02
1.200598992374880651e-02
1.201451308572447016e-02
1.206291568180393667e-02
1.211880053057007821e-02
1.213310931457663167e-02
1.220987435872325846e-02
1.224014639557081605e-02
1.227374554052577948e-02
1.228825440156168514e-02
1.234288913398441483e-02
1.238536360535457889e-02
1.241048335205995924e-02
1.244805742036391751e-02
1.247166464723699353e-02
1.249161513742193426e-02
1.250909260659170338e-02
1.251852609875918863e-02
1.259353413546349977e-02
1.262407774961459180e-02
1.263163822385045959e-02
1.270868786873430474e-02
1.276485440753284510e-02
1.277776454507033657e-02
1.280282456989640522e-02
1.286291331721700799e-02
1.292824581434756301e-02
1.295161953759936709e-02
1.297438407946805740e-02
1.299979910261208488e-02
1.303130792831970475e-02
1.304777179565755688e-02
1.309410214955308502e-02
1.310730065433929163e-02
1.314308334233335075e-02
1.318098761042430303e-02
1.321029727494494460e-02
1.322841994621504202e-02
1.330073592945315956e-02
1.334032773840996763e-02
1.337383003311683194e-02
1.341554104370056878e-02
1.345872668040620779e-02
1.353162100511530463e-02
1.354168766673152086e-02
1.357853364631282297e-02
1.359498318207551064e-02
1.363366527223308297e-02
1.367738342079847028e-02
1.369883456932433942e-02
1.371278284784189193e-02
1.377012749015245861e-02
1.383840832080216084e-02
1.385236319980832388e-02
1.386031572771253759e-02
1.386595478657449802e-02
1.392455767443869299e-02
1.395140718817541176e-02
1.397003793957226486e-02
1.402756594753656536e-02
1.409049300673789404e-02
1.413866008073724756e-02
1.414742521023716268e-02
1.420679497298836524e-02
1.423105412096741483e-02
1.426644947811080491e-02
1.427572398182120998e-02
1.432015667673290985e-02
1.433957120060032515e-02
1.435180032753190747e-02
1.441464239485333240e-02
1.447618293199826565e-02
1.450970383678086735e-02
1.455197785867083822e-02
1.456727229277802495e-02
1.459046340485850579e-02
1.462911597782169670e-02
1.466359463326605619e-02
1.470239103889277137e-02
1.477214973073419368e-02
1.480838620578888917e-02
1.485557994291160887e-02
1.488796948326956415e-02
1.491646601029719861e-02
1.492718524697372699e-02
1.494708206977806396e-02
1.500107059940756007e-02
1.502558348356547099e-02
1.508504761497898687e-02
1.511029029851868738e-02
1.512516289274149286e-02
1.516883467612480454e-02
1.521631003718343020e-02
1.524361682778846080e-02
1.530246605289721507e-02
1.533244038997927036e-02
1.535818770627350727e-02
1.538749998281276760e-02
1.547214984377933041e-02
1.548424112793245731e-02
1.551776517143492982e-02
1.553822940696706484e-02
1.556678273552960200e-02
1.562630935942736429e-02
1.566986591220202382e-02
1.569898309390202473e-02
1.574229360619862003e-02
1.578247627727484906e-02
1.581402163750876902e-02
1.584733915986493574e-02
1.591755981821592336e-02
1.594576431391622751e-02
1.596434619767196986e-02
1.603968591753404324e-02
1.605457837327169124e-02
1.610642389907065639e-02
1.610824379635928533e-02
1.614261710072138409e-02
1.616732455534704641e-02
1.619546422895750890e-02
1.620410076795780058e-02
1.625014948967110073e-02
1.632406235845314593e-02
1.637568468129653801e-02
1.638894882288183946e-02
1.643962807879132543e-02
1.648400189555530859e-02
1.650125568026616571e-02
1.652764778905724957e-02
1.657502895587350741e-02
1.658948317550462334e-02
1.663440741051677718e-02
1.665286426398983333e-02
1.669164653742005733e-02
1.671415935261484631e-02
1.674010359064196513e-02
1.679780453944895724e-02
1.684389786592312491e-02
1.686460695007768393e-02
1.689127986904379389e-02
1.695034102992678399e-02
1.698702167856921616e-02
1.698845605787804858e-02
1.703248844737686660e-02
1.706732065035393778e-02
1.708922120914089376e-02
1.716351473631326507e-02
1.718974358706563607e-02
1.724394140972956499e-02
1.732395208935406938e-02
1.736991270906199092e-02
1.738691365787307930e-02
1.740408836866648781e-02
1.743416459345585243e-02
1.745052889339646779e-02
1.752993832460613896e-02
1.755202538595208514e-02
1.758824171910408629e-02
1.762818589971581335e-02
1.767350911093094543e-02
1.770265112957753600e-02
1.773547622925389713e-02
1.774121143723640312e-02
1.782334639295104356e-02
1.787479448211746341e-02
1.790201505834642867e-02
1.790687449139029275e-02
1.793795963479323172e-02
1.802137142259107455e-02
1.805650732337442041e-02
1.807821674415621693e-02
1.809701480132776263e-02
1.814524734293217201e-02
1.817202643697008943e-02
1.820603241919336451e-02
1.825306071535337527e-02
1.827787908982066167e-02
1.834855435146452718e-02
1.838769850081745094e-02
1.840933760412893222e-02
1.842152368420691202e-02
1.845437749302702296e-02
1.849077780392017339e-02
1.853322589211232885e-02
1.859758490001013273e-02
1.861263816256793213e-02
1.863069969358747274e-02
1.868299473573769784e-02
1.871890255877700290e-02
1.875463177032958562e-02
1.878556021033165810e-02
1.884514965623680302e-02
1.888144683059884976e-02
1.890253500594764324e-02
1.893202807099762450e-02
1.897946212480723649e-02
1.902939701688396643e-02
1.905744025253259741e-02
1.908591149496631501e-02
1.913326637171946371e-02
1.919330043353756690e-02
1.921894847869087125e-02
1.924363306051127959e-02
1.925819189567452849e-02
1.928478970240482884e-02
1.932399842244816174e-02
1.939722392198888964e-02
1.945207280147036658e-02
1.946977215416826473e-02
1.952097049930780204e-02
1.957277975762240427e-02
1.959340167138667183e-02
1.961180754870273449e-02
1.964988151613675238e-02
1.968307276024814853e-02
1.973786572545536619e-02
1.974139476015793204e-02
1.978745434986737758e-02
1.984667090800532052e-02
1.989240854739868919e-02
1.994278292459504554e-02
1.998376620158718447e-02
1.999941501109341740e-02
2.005950086049664710e-02
2.008782034887052897e-02
2.016775505475328426e-02
2.018042814467819329e-02
2.021022258523503395e-02
2.024647007177617780e-02
2.028129777176865614e-02
2.031965420573826273e-02
2.034230189126818439e-02
2.039184428685313077e-02
2.041225169711499005e-02
2.045535912313942856e-02
2.049264985039719184e-02
2.053727728371938788e-02
2.059533027264136978e-02
2.063015562799843869e-02
2.067095834001838814e-02
2.069471045212262217e-02
2.080637247224182210e-02
2.082263098566505127e-02
2.084336784193178277e-02
2.087169683627265043e-02
2.089413229556436741e-02
2.091637513769185192e-02
2.095391560403853798e-02
2.100652828022790686e-02
2.102818981135244625e-02
2.104986777741591972e-02
2.109271940101540427e-02
2.112336636400743636e-02
2.116364510780303909e-02
2.122982263519195001e-02
2.128486301547240916e-02
2.131484127903262790e-02
2.132973542333313488e-02
2.138080633379217665e-02
2.142807295196734810e-02
2.149595870719990878e-02
2.152233417187838019e-02
2.155396273907134175e-02
2.159378493696670689e-02
2.163817736836990552e-02
2.167037600763344757e-02
2.172432819194844433e-02
2.175440066276048551e-02
2.178175145172051713e-02
2.183231562735189757e-02
2.185679155873843094e-02
2.192789101482525357e-02
2.196432950349563526e-02
2.199119592587866351e-02
2.202922541385955377e-02
2.206714847698473814e-02
2.210377285638584488e-02
2.213374071777602509e-02
2.216123971707932919e-02
2.217881212021111451e-02
2.222631184196481591e-02
2.227582797017515007e-02
2.229409394124355279e-02
2.240542285871284858e-02
2.240900579944738250e-02
2.244864945105950332e-02
2.245799713981832049e-02
2.252106945608191649e-02
2.258089493695506281e-02
2.261841748893728826e-02
2.264282300516803903e-02
2.270268656461164186e-02
2.277414545647066940e-02
2.282637403677656093e-02
2.285053580361561670e-02
2.290130875202526714e-02
2.291876529955309133e-02
2.294938513725630971e-02
2.299207495811411359e-02
2.306012243199591014e-02
2.308385810846632843e-02
2.311434384181245208e-02
2.319966355441853423e-02
2.321885184454985929e-02
2.325640402109740990e-02
2.332871982823733759e-02
2.337010826586862627e-02
2.341495360153682259e-02
2.344029323360100753e-02
2.348497176966584873e-02
2.351258137734637405e-02
2.360155191700119212e-02
2.360867738370617253e-02
2.363719397020817500e-02
2.364990159366118019e-02
2.372464890286136649e-02
2.375415902924487427e-02
2.381322736266998363e-02
2.385681005505386684e-02
2.387394570200544394e-02
2.390666314003184884e-02
2.396350731399505760e-02
2.398514558619381162e-02
2.401602303837690328e-02
2.407347948527872525e-02
2.408349422458350500e-02
2.412407454490005099e-02
2.416385131940475967e-02
2.420118141187205599e-02
2.421871443872604043e-02
2.426142034355520047e-02
2.429817615463878214e-02
2.433657284028498125e-02
2.435731604118579821e-02
2.438729276905755861e-02
2.441856091405198576e-02
2.443441086703215109e-02
2.450504312182803096e-02
2.454103986039323990e-02
2.462995983308537834e-02
2.467604007548468426e-02
2.470342314663469610e-02
2.476639345613577264e-02
2.480155911912077654e-02
2.485455631080728256e-02
2.490528043434407299e-02
2.494211900320780079e-02
2.496161610127887315e-02
2.500536143276929288e-02
2.503408778086406092e-02
2.509058471390434100e-02
2.516845662441596215e-02
2.517446305612542137e-02
2.519342144721313861e-02
2.523786605643458386e-02
2.531263535093931580e-02
2.531497766996024246e-02
2.537491129928230379e-02
2.538378545445843862e-02
2.543894397858563472e-02
2.549481821363234341e-02
2.554201659290393500e-02
2.558585103740594266e-02
2.560797113184358140e-02
2.565405725864445055e-02
2.566910456414726871e-02
2.574773679303193549e-02
2.577910356297525088e-02
2.583205881043662902e-02
2.587007621247833580e-02
2.587401232418786237e-02
2.593683156186439576e-02
2.597995356243480020e-02
2.602941486078523547e-02
2.606891460300071392e-02
2.610467760425957268e-02
2.616164746579312250e-02
2.617754611254724875e-02
2.628559305995139053e-02
2.630097525607122746e-02
2.638256101867805792e-02
2.639892580811577932e-02
2.640602307315511113e-02
2.651495422670799643e-02
2.654303193067043820e-02
2.657021637335549302e-02
2.663041335851894578e-02
2.667074417454327884e-02
2.670091995942401250e-02
2.672261432017807373e-02
2.674366472879956269e-02
2.677386073008234529e-02
2.685094418885789272e-02
2.689880808569550946e-02
2.693048399160803338e-02
2.696364739287594042e-02
2.697127215074358528e-02
2.704135119400914722e-02
2.708314297415193375e-02
2.714649753806865420e-02
2.720986139809230403e-02
2.723195996336379501e-02
2.727221708853446586e-02
2.731591968110028135e-02
2.732822697157472058e-02
2.735048468737704200e-02
2.745177331376828095e-02
2.751300869235728808e-02
2.753715111939484747e-02
2.757332067415004667e-02
2.759017409610811655e-02
2.763966824561230051e-02
2.770035370434017694e-02
2.774373183369554380e-02
2.779524523939413266e-02
2.787904666578587196e-02
2.794695416825776491e-02
2.796079910598808782e-02
2.799915373465225107e-02
2.801593226913255338e-02
2.808681367525741809e-02
2.816717080638033582e-02
2.819597816125209849e-02
2.826929964312860366e-02
2.829953368996200591e-02
2.832133224069741453e-02
2.836458160339561455e-02
2.843626187174047235e-02
2.845370633411112987e-02
2.848628207729894668e-02
2.849464734332293747e-02
2.854553314562860780e-02
2.859752952700366641e-02
2.860860162341079607e-02
2.862432961926873395e-02
2.869022172752417124e-02
2.873414199430692970e-02
2.878506556575657557e-02
2.889313088360134785e-02
2.893568063638615739e-02
2.897968310321958132e-02
2.903187336803314880e-02
2.905127264082779312e-02
2.909600636135224738e-02
2.913378792861711503e-02
2.920136489075032468e-02
2.925563046942414661e-02
2.927865014435806004e-02
2.931878623016659358e-02
2.936692542090563532e-02
2.938421972953316266e-02
2.948701916154563771e-02
2.954659958427432315e-02
2.962311874968906120e-02
2.965272980465797487e-02
2.966397699479751682e-02
2.972355482690658413e-02
2.976897906186450060e-02
2.979950467421246807e-02
2.983819886878321184e-02
2.989511990600545246e-02
2.995611843945463273e-02
3.001908080582990634e-02
3.004619944587738969e-02
3.007280460913417872e-02
3.010190373685773732e-02
3.013713430308550753e-02
3.020364652841556197e-02
3.024327219525285368e-02
3.032181125351311735e-02
3.035468994562822917e-02
3.037537411367156881e-02
3.045729869584095501e-02
3.051866953160425888e-02
3.056253315164715600e-02
3.059454341294130797e-02
3.065226298599989241e-02
3.068430547037640649e-02
3.075184609703835587e-02
3.077379722886145266e-02
3.081817076660593735e-02
3.085451602284074515e-02
3.094610480832050634e-02
3.095523392365735066e-02
3.098772770769432638e-02
3.107001141040704323e-02
3.110632263850888340e-02
3.120826897324526297e-02
3.127312185442970849e-02
3.128107951518489110e-02
3.132533382313383574e-02
3.140530923796813756e-02
3.146565546169242944e-02
3.149467249740228736e-02
3.155082421721447372e-02
3.156291658555556573e-02
3.164812649499464808e-02
3.167362734110994171e-02
3.174230516917283390e-02
3.180695162363649658e-02
3.181959588112239640e-02
3.183849480155543504e-02
3.188633178984178612e-02
3.194880115412052080e-02
3.200472378558495007e-02
3.204933690249722744e-02
3.210244233365970590e-02
3.214976196782071832e-02
3.219184757401478275e-02
3.221348920701162105e-02
3.226319031168653484e-02
3.240250217038681546e-02
3.242509339222408166e-02
3.243748738140155019e-02
3.253263894232170939e-02
3.254657576591637319e-02
3.261631303748339927e-02
3.268288023136246140e-02
3.272173348385765818e-02
3.274016645233097933e-02
3.279187060960621347e-02
3.286791956518079344e-02
3.293019958854824514e-02
3.295381847893503330e-02
3.301411162508626623e-02
3.307043757373324955e-02
3.312802053628829957e-02
3.316115312493591455e-02
3.321381337851549154e-02
3.327765791524986416e-02
3.329597680604285542e-02
3.335927973468495039e-02
3.342339734457997619e-02
3.349619981730354162e-02
3.354151090006334685e-02
3.358486807848536787e-02
3.362364634300009369e-02
3.368452117036932481e-02
3.372246919129649051e-02
3.383137462714300159e-02
3.387868511755839224e-02
3.391984730116501950e-02
3.395415415722917440e-02
3.402528323212036798e-02
3.406872009965788983e-02
3.410382468934416295e-02
3.411016288054864037e-02
3.417659690690662277e-02
3.427888704957271493e-02
3.429102827338005588e-02
3.438614906855029518e-02
3.442135669625385336e-02
3.443057373456194503e-02
3.447698273377296924e-02
3.455741391636506926e-02
3.459336353299077155e-02
3.468441802343733005e-02
3.471722706974920969e-02
3.476482957567372800e-02
3.483264912328854629e-02
3.492412808199463897e-02
3.493395417049190849e-02
3.501390693971084128e-02
3.506702611443323486e-02
3.514452699099054889e-02
3.519752243735903979e-02
3.521164605462501901e-02
3.538814158946317068e-02
3.539340062757706518e-02
3.541969275058044070e-02
3.547292422037117560e-02
3.552691318821089850e-02
3.561428085796831261e-02
3.564808648570292476e-02
3.568997087234906940e-02
3.575578565387033114e-02
3.582705259613824800e-02
3.587621277777691686e-02
3.592445321577431017e-02
3.597907536901672615e-02
3.603579896396385401e-02
3.609606189615875704e-02
3.612590167414553993e-02
3.621357557796716503e-02
3.623772923562906118e-02
3.631246586370807244e-02
3.641090472369568759e-02
3.645491359385283348e-02
3.646028308784946687e-02
3.656415520419933896e-02
3.658901536745486072e-02
3.666429441685703505e-02
3.669819434807844449e-02
3.676426459307232525e-02
3.682307888640969779e-02
3.692751683596025986e-02
3.698560231586833780e-02
3.706335667298667896e-02
3.710950220981958092e-02
3.717634731337392945e-02
3.725244031033039110e-02
3.731179101383176600e-02
3.738255708072622807e-02
3.749959069074221968e-02
3.753560257151891677e-02
3.755294467976025979e-02
3.762303749633353483e-02
3.764244502502488154e-02
3.770822227382619740e-02
3.777199955193775299e-02
3.784187268410749844e-02
3.792890871720303037e-02
3.797713008774918075e-02
3.801385597966803337e-02
3.805516999342721529e-02
3.816747134283256238e-02
3.819524642053681585e-02
3.825886920441875366e-02
3.832375227229598003e-02
3.840528735111103237e-02
3.844586590362265854e-02
3.854783527375511137e-02
3.859168407581330118e-02
3.869442567296576402e-02
3.880000514643776321e-02
3.883157090373874631e-02
3.892817999996182887e-02
3.897834764071905073e-02
3.904897651099022843e-02
3.919971859950417692e-02
3.924211079079734099e-02
3.927892573619978095e-02
3.941148927354466008e-02
3.948646265682859147e-02
3.959432751818430657e-02
3.963789534019177691e-02
3.967493704436779456e-02
3.970975740657303049e-02
3.981061762435236795e-02
3.988454061493569569e-02
3.993513093289144389e-02
4.002427695566519728e-02
4.009839555867396321e-02
4.019090388612497899e-02
4.028891267961100253e-02
4.034684118598792779e-02
4.048687410054048474e-02
4.060536118061194161e-02
4.067898979007986832e-02
4.084140916633723084e-02
4.088789633088795589e-02
4.099488257362588622e-02
4.108422737678699838e-02
4.115682501219997819e-02
4.118841415910906578e-02
4.131149376665608358e-02
4.139500217551699696e-02
4.150960636224733380e-02
4.165034876189158131e-02
4.169172138960192814e-02
4.176696567049371922e-02
4.182748176544718449e-02
4.204758450140731740e-02
4.216133981181599544e-02
4.226057762981784427e-02
4.233067826143158824e-02
4.242342609214916349e-02
4.250160101947467878e-02
4.261465162373558740e-02
4.276164316905228802e-02
4.289208934844838256e-02
4.320646955919301563e-02
4.341241220488954028e-02
4.343485023364995062e-02
4.364199283260213752e-02
4.395516057906551782e-02
