-4.431382146512645448e-02
-4.406147127390095536e-02
-4.384315033092603398e-02
-4.363134798384298713e-02
-4.337685304741654979e-02
-4.323817552052159480e-02
-4.297373800799822452e-02
-4.278403074141425705e-02
-4.271272910130530231e-02
-4.259948398840778666e-02
-4.246777006426997320e-02
-4.233837148900039538e-02
-4.209506895014445554e-02
-4.199516562426750671e-02
-4.189600675915475941e-02
-4.178866016376559661e-02
-4.173328002960527416e-02
-4.159347066913882118e-02
-4.149623948197250084e-02
-4.137899500633777927e-02
-4.132343801555690005e-02
-4.123440166619661562e-02
-4.112885046557808455e-02
-4.112636528540848657e-02
-4.106138050394670530e-02
-4.101512603126614143e-02
-4.092997731573165543e-02
-4.081571301944680180e-02
-4.078864329307380077e-02
-4.053624851117219180e-02
-4.048607206100789807e-02
-4.038120401134844689e-02
-4.035498383180759208e-02
-4.027974130222630733e-02
-4.021640818703985099e-02
-4.000959031133616284e-02
-3.995868034685541581e-02
-3.987278098470173338e-02
-3.976500587041097157e-02
-3.976225983983865814e-02
-3.963169363634148901e-02
-3.947727611460701697e-02
-3.943595361092883111e-02
-3.936355707333354798e-02
-3.927113147315519637e-02
-3.921546823661791609e-02
-3.913890033599761592e-02
-3.909801979284915213e-02
-3.895437788342088342e-02
-3.886673558634649861e-02
-3.883006290793906967e-02
-3.879069790578333621e-02
-3.874082126472894877e-02
-3.859632544858762615e-02
-3.854925062064937236e-02
-3.851276987241943756e-02
-3.845017986257318748e-02
-3.837023723529335573e-02
-3.830899929245770025e-02
-3.822464330916509195e-02
-3.819773335133410525e-02
-3.804210746318690411e-02
-3.799642971947000958e-02
-3.793886232235320344e-02
-3.791421324512508212e-02
-3.783561809437201856e-02
-3.780749446844159506e-02
-3.771051585493613578e-02
-3.764502179432688972e-02
-3.757132126009377071e-02
-3.751767287156254627e-02
-3.747196117612865834e-02
-3.741645417476865271e-02
-3.732419088732153584e-02
-3.721877252104860423e-02
-3.717799644517329194e-02
-3.715420696130911776e-02
-3.704366832306911494e-02
-3.696600957480700167e-02
-3.695004382017608863e-02
-3.688283288418665873e-02
-3.682849161741966887e-02
-3.681581270396964284e-02
-3.672209899861848814e-02
-3.671431206895101745e-02
-3.661582297220922211e-02
-3.655519531539391104e-02
-3.644988388763865245e-02
-3.636871847231553517e-02
-3.634119920254925279e-02
-3.632302821038423807e-02
-3.629038625300008009e-02
-3.620393087554993339e-02
-3.606935936964458106e-02
-3.602359892639163397e-02
-3.599638353458520929e-02
-3.593035628182558033e-02
-3.590590184650233052e-02
-3.583444354017722988e-02
-3.579911376670565776e-02
-3.571904116433342186e-02
-3.567604240223887224e-02
-3.554443784288915942e-02
-3.548471048527686300e-02
-3.546733990361725791e-02
-3.544458654103928297e-02
-3.541924243782103299e-02
-3.534294266101280918e-02
-3.522366665783834005e-02
-3.519066329085950712e-02
-3.515920083998814311e-02
-3.514685436244380928e-02
-3.504303306049050271e-02
-3.499600791086459467e-02
-3.492733914351893454e-02
-3.482907492763140378e-02
-3.478679197960816982e-02
-3.470175511435976551e-02
-3.463830060447298242e-02
-3.455071020299584766e-02
-3.453936121341905779e-02
-3.451190152725405053e-02
-3.443810434278295196e-02
-3.436705136625500118e-02
-3.434235281674172940e-02
-3.425311803375843261e-02
-3.419697456212269365e-02
-3.419209746373431252e-02
-3.417375143464085330e-02
-3.410277555594457000e-02
-3.407208288520226225e-02
-3.396644528245419681e-02
-3.392460621246622815e-02
-3.387017896348790136e-02
-3.377677612038310767e-02
-3.376126591946708444e-02
-3.370529327476774750e-02
-3.366645238971091580e-02
-3.359193702370338874e-02
-3.352018934888736923e-02
-3.349599374387145917e-02
-3.343258761626083375e-02
-3.339203322594180151e-02
-3.338150235317237369e-02
-3.332473063916764622e-02
-3.330481793657451284e-02
-3.322649238483751932e-02
-3.313172611215223912e-02
-3.310098447777164860e-02
-3.308918476168428574e-02
-3.302002559984148350e-02
-3.294744569869361567e-02
-3.287722107252391557e-02
-3.284081841151191561e-02
-3.278733513580828901e-02
-3.275369163561821922e-02
-3.267242293335503867e-02
-3.265418490491325126e-02
-3.255617695299826281e-02
-3.250332879451849066e-02
-3.246474553162713439e-02
-3.243706476094244950e-02
-3.239212203491790426e-02
-3.231550471296524424e-02
-3.228031648482733440e-02
-3.225966294504414161e-02
-3.219432742510285744e-02
-3.216013159767590335e-02
-3.212659506511245794e-02
-3.210199390626489874e-02
-3.206023224140052558e-02
-3.196159322381760676e-02
-3.195240122631051727e-02
-3.190189517226010851e-02
-3.179855836837726379e-02
-3.178027405302281949e-02
-3.169983199139168872e-02
-3.167267858497772176e-02
-3.165603822094446157e-02
-3.150512836063856792e-02
-3.148449110248952715e-02
-3.143401524236667105e-02
-3.136917834019678497e-02
-3.136292241892991300e-02
-3.133601194231606935e-02
-3.128557067894760513e-02
-3.122244865903642252e-02
-3.121648563134296270e-02
-3.118722663809564769e-02
-3.107956814591110103e-02
-3.105343539146886156e-02
-3.102506146628600248e-02
-3.097019935594535686e-02
-3.084192421086556085e-02
-3.079963046855535569e-02
-3.077644997961410944e-02
-3.073290947350277788e-02
-3.070489138273292673e-02
-3.063858503782040249e-02
-3.057511239807497727e-02
-3.053486168529169140e-02
-3.051184779903029845e-02
-3.043658273278303239e-02
-3.037413652431199262e-02
-3.032250701154326836e-02
-3.030503396960124510e-02
-3.025893851695832595e-02
-3.018476872991975035e-02
-3.014101882280153036e-02
-3.008341049908963213e-02
-3.007163223211545278e-02
-3.006195564521556632e-02
-2.997237765931125633e-02
-2.995135299868159282e-02
-2.991553818990857691e-02
-2.989271104579880808e-02
-2.979890705188750072e-02
-2.979194041432382811e-02
-2.970053901516802111e-02
-2.965230598828621014e-02
-2.962757890692309382e-02
-2.959263827399658681e-02
-2.953256340918072875e-02
-2.949385524072496365e-02
-2.947750322145437432e-02
-2.937905759221910718e-02
-2.930854729121968802e-02
-2.928337993392121988e-02
-2.922639422216534791e-02
-2.920400778666299921e-02
-2.918048337407170775e-02
-2.914711172136544640e-02
-2.909697027421589977e-02
-2.903636638258243197e-02
-2.900279539738795723e-02
-2.894422991238562379e-02
-2.891858333249948398e-02
-2.888503076037767653e-02
-2.883870996622276556e-02
-2.881843045500444983e-02
-2.875400699489261830e-02
-2.870267254614676522e-02
-2.866920161531912384e-02
-2.863841491647099030e-02
-2.859476954265599905e-02
-2.852677425705578071e-02
-2.846390683472192415e-02
-2.843745760080605006e-02
-2.835956516632872487e-02
-2.832282299472859560e-02
-2.829837539011176642e-02
-2.828991908430019200e-02
-2.824281699814470623e-02
-2.818936845522485024e-02
-2.813209570155701666e-02
-2.809058334206083335e-02
-2.806647845259570978e-02
-2.803562223932463265e-02
-2.797052160392721892e-02
-2.787646438434552773e-02
-2.786286895783405410e-02
-2.777931499554204056e-02
-2.774679835457205535e-02
-2.770347487167717018e-02
-2.763831591107421617e-02
-2.760869585772931373e-02
-2.757266728376841017e-02
-2.755257319229017371e-02
-2.748050850486358221e-02
-2.745062479107573603e-02
-2.743718252608731353e-02
-2.741176080003481300e-02
-2.736208350939608319e-02
-2.732892032805621374e-02
-2.725569042781249979e-02
-2.724184810720990668e-02
-2.714723229068963239e-02
-2.713691048151265633e-02
-2.708975399678378859e-02
-2.705714668425147906e-02
-2.699956443244921900e-02
-2.697990544109317088e-02
-2.694010315343226686e-02
-2.689127279630236858e-02
-2.684950330836613844e-02
-2.679591933396893721e-02
-2.673417352937355190e-02
-2.669678052627654993e-02
-2.664528940054539108e-02
-2.662011159946307826e-02
-2.657868065244601771e-02
-2.656735949034174857e-02
-2.650467055209417347e-02
-2.646504426869177723e-02
-2.641230126130826583e-02
-2.638708185976719814e-02
-2.636416452592399082e-02
-2.634374906776693406e-02
-2.631251804148533949e-02
-2.623780178273906263e-02
-2.621137722714540416e-02
-2.618667146681294411e-02
-2.611033250368366768e-02
-2.606801139199345363e-02
-2.599395949434843422e-02
-2.597888721760376052e-02
-2.592494757250845411e-02
-2.589803078958963223e-02
-2.586016220544060454e-02
-2.577424529274841003e-02
-2.575474731556614758e-02
-2.568910052308696207e-02
-2.563662197491355099e-02
-2.560600052753118569e-02
-2.559135355697951530e-02
-2.553606076614745729e-02
-2.552026596749089674e-02
-2.545631214865089892e-02
-2.541890213722491562e-02
-2.536744459131543700e-02
-2.529495984307651019e-02
-2.527971234819706078e-02
-2.517489382074838272e-02
-2.515959993092435967e-02
-2.512816572192367801e-02
-2.508138497281277648e-02
-2.503549205055525390e-02
-2.500713166697524081e-02
-2.497034329204774611e-02
-2.494474384968788441e-02
-2.487476288526777046e-02
-2.481702277035648802e-02
-2.477744376442093249e-02
-2.475605827490169608e-02
-2.469291640544811484e-02
-2.468586871599814589e-02
-2.467368742395371559e-02
-2.462307773441791206e-02
-2.458575749548987457e-02
-2.456055241324547195e-02
-2.453153417737988576e-02
-2.444280019974781962e-02
-2.441407417810133318e-02
-2.438089279595195835e-02
-2.428488581135427107e-02
-2.424179925238824362e-02
-2.416673524397895678e-02
-2.415613048373163596e-02
-2.412621303922727820e-02
-2.407927290680482446e-02
-2.403285636872183606e-02
-2.400176530677600173e-02
-2.397199749335176405e-02
-2.390545872568998129e-02
-2.387048761352675991e-02
-2.385928862353384541e-02
-2.382486299906864946e-02
-2.376760912320005636e-02
-2.372920700104405589e-02
-2.369831090343522614e-02
-2.365635772504865245e-02
-2.361239394661139926e-02
-2.359342674262129846e-02
-2.355049799082454057e-02
-2.351553320539024466e-02
-2.345211411811599228e-02
-2.342473708787835146e-02
-2.340650913182125079e-02
-2.334628692168945127e-02
-2.330354781144620274e-02
-2.327105343662846243e-02
-2.325063746993115757e-02
-2.321753900363969156e-02
-2.317884999964481968e-02
-2.310384651325879737e-02
-2.309712911467583923e-02
-2.306158233565380744e-02
-2.303253278623295167e-02
-2.296755124680610605e-02
-2.296015872547981646e-02
-2.289382785174183185e-02
-2.284857406039423472e-02
-2.280907647781650616e-02
-2.278438336714158630e-02
-2.273633454689044653e-02
-2.268990718967075007e-02
-2.264086204821217849e-02
-2.259397400956503210e-02
-2.254153047795585951e-02
-2.252386659556674525e-02
-2.251657512420967774e-02
-2.245988560626969652e-02
-2.242014558604767463e-02
-2.238713173875188367e-02
-2.233083333519587238e-02
-2.232651932210522744e-02
-2.227821536409414424e-02
-2.222380406002839176e-02
-2.218682423864891742e-02
-2.217798717224836458e-02
-2.216500516856568376e-02
-2.208244219253030147e-02
-2.203403143036231776e-02
-2.199408068419926240e-02
-2.195413674593880288e-02
-2.193549802735607693e-02
-2.185748170381641292e-02
-2.181025463873403902e-02
-2.179452727385781594e-02
-2.174900035315598112e-02
-2.171245253954794813e-02
-2.167016921088907658e-02
-2.161978634115330547e-02
-2.157203072892921805e-02
-2.155084138293960824e-02
-2.152236190521403941e-02
-2.147354664787668593e-02
-2.143335514078898232e-02
-2.140399986055346176e-02
-2.134533264158876634e-02
-2.131018213949496115e-02
-2.128619511066360409e-02
-2.124809611435042600e-02
-2.119392061677013647e-02
-2.112833561056884357e-02
-2.111135662566150303e-02
-2.110342451218394019e-02
-2.104682704900725024e-02
-2.101081007625890326e-02
-2.096816473010727419e-02
-2.094562138431012646e-02
-2.091039927312306895e-02
-2.090020016450786292e-02
-2.087270789580460487e-02
-2.079491686963587729e-02
-2.077884961610282702e-02
-2.074574486634104403e-02
-2.072680627718690230e-02
-2.069238327229426869e-02
-2.063957198908402541e-02
-2.060049550603967883e-02
-2.057309397595065079e-02
-2.053802913543509995e-02
-2.053325159141083586e-02
-2.044159569496498477e-02
-2.037056513338524402e-02
-2.034463768437478476e-02
-2.031980213567277996e-02
-2.029635987654092658e-02
-2.025578162054386677e-02
-2.023130294335639609e-02
-2.017664113582018706e-02
-2.011187313172152144e-02
-2.004588209471953528e-02
-1.998937133709685968e-02
-1.996906787046472467e-02
-1.993880485262308766e-02
-1.989009095018496112e-02
-1.987868476064846845e-02
-1.985917024295005481e-02
-1.977739450568881743e-02
-1.974934576502097167e-02
-1.973331640613973370e-02
-1.967060361053689366e-02
-1.961735999095414254e-02
-1.960357580172420594e-02
-1.957890891679753970e-02
-1.957628033334880141e-02
-1.948490265310003078e-02
-1.947113772147254784e-02
-1.945344508062464561e-02
-1.939205906011987751e-02
-1.935341951734650609e-02
-1.929424734369494451e-02
-1.926025031687914058e-02
-1.923802810564374452e-02
-1.918825645541856473e-02
-1.911478797489517267e-02
-1.908960977858261202e-02
-1.905945388683768019e-02
-1.900391960480650455e-02
-1.899631939680997833e-02
-1.895706509912086640e-02
-1.891440630350496241e-02
-1.890283771338396521e-02
-1.885598050971250966e-02
-1.882821276884762834e-02
-1.877959618848520223e-02
-1.876530203818251724e-02
-1.868790774955579950e-02
-1.864755966076585975e-02
-1.861943157765622026e-02
-1.858905076235738488e-02
-1.856486758652887287e-02
-1.854618990410148230e-02
-1.845319399086398082e-02
-1.840998541383416856e-02
-1.837806273601120741e-02
-1.833584471447119099e-02
-1.829755387695440952e-02
-1.826493865648003839e-02
-1.825387272141654887e-02
-1.819963379437642206e-02
-1.816284795002336486e-02
-1.810206286968305683e-02
-1.809466242265973454e-02
-1.804553403104885642e-02
-1.801097634299564723e-02
-1.797928748924222317e-02
-1.792645616712221571e-02
-1.788712096091635631e-02
-1.784878979104877195e-02
-1.783697004700508446e-02
-1.776695726223638874e-02
-1.776365027342064265e-02
-1.772193781286066083e-02
-1.764141227037213655e-02
-1.763433952259363738e-02
-1.759722818995904450e-02
-1.753535712369043778e-02
-1.752394749607633778e-02
-1.746727851489078900e-02
-1.745980582425077712e-02
-1.742542210323675886e-02
-1.739436961368615031e-02
-1.730323700416346727e-02
-1.728086363489812760e-02
-1.726147724346630344e-02
-1.721937291414082222e-02
-1.718910651581656915e-02
-1.715474564984508649e-02
-1.708772570798643142e-02
-1.708185006879662030e-02
-1.702581969332794473e-02
-1.699136479475887862e-02
-1.696216956851123378e-02
-1.695383339186687724e-02
-1.691334745673391676e-02
-1.688769005391864766e-02
-1.685320786009366148e-02
-1.680315336168926657e-02
-1.674579561401408345e-02
-1.671677910330833516e-02
-1.667989333179995676e-02
-1.667412245308222060e-02
-1.662703489658681755e-02
-1.657223367441309700e-02
-1.654071510771257941e-02
-1.646880807070695563e-02
-1.646171438760627923e-02
-1.640300483430707362e-02
-1.639802346448952439e-02
-1.636518535565762225e-02
-1.632427642417126276e-02
-1.629280121033451975e-02
-1.624726130460895507e-02
-1.623174238087419369e-02
-1.617125143053935871e-02
-1.614132336085897720e-02
-1.611032900576401736e-02
-1.608273571544513447e-02
-1.603274111851096459e-02
-1.599967284155662944e-02
-1.596926987278415866e-02
-1.593689396961962476e-02
-1.588822990978886948e-02
-1.582339527488379333e-02
-1.580625056126793576e-02
-1.578792941370795594e-02
-1.574834228396715732e-02
-1.571396395558719364e-02
-1.566587944136847016e-02
-1.564106596454934925e-02
-1.562046221210654749e-02
-1.560093444350165934e-02
-1.554554219796427071e-02
-1.550874533415930526e-02
-1.549031411201239744e-02
-1.542794865166786759e-02
-1.540248701008211513e-02
-1.538163970686818802e-02
-1.534464027593161056e-02
-1.530635884040975822e-02
-1.526109614067756685e-02
-1.522186028303071197e-02
-1.517505316305670961e-02
-1.514478447147811317e-02
-1.512486079187144727e-02
-1.508229972450533113e-02
-1.503168682315166559e-02
-1.500263374380058842e-02
-1.499387914018129875e-02
-1.493246813053004593e-02
-1.487802975402226571e-02
-1.485653855141351801e-02
-1.481905884047089207e-02
-1.477974233574282092e-02
-1.476351580314075838e-02
-1.472494431086991511e-02
-1.466303860900062053e-02
-1.465260376900122570e-02
-1.461751137756760362e-02
-1.459934655819846751e-02
-1.457147994575709593e-02
-1.454065769093075902e-02
-1.449219051936175874e-02
-1.443545616257570045e-02
-1.437368304343334194e-02
-1.433258948928102690e-02
-1.431777284529583451e-02
-1.428843402245069151e-02
-1.426231697006759974e-02
-1.423597338546313089e-02
-1.420052526950999969e-02
-1.413399768785090528e-02
-1.407985287501197814e-02
-1.402922291127966896e-02
-1.402003683819611282e-02
-1.400228552395829489e-02
-1.399197479468635048e-02
-1.392669225169629668e-02
-1.385945390201416723e-02
-1.385209476191625808e-02
-1.380276492887113488e-02
-1.375553573345739133e-02
-1.372429097014469038e-02
-1.367587340661796311e-02
-1.365148681368293267e-02
-1.364251869810353263e-02
-1.358806960742717056e-02
-1.354895554996748616e-02
-1.351921454217456207e-02
-1.348044411645030714e-02
-1.346852862545649433e-02
-1.343681966089012650e-02
-1.338454041289939729e-02
-1.336234793952983425e-02
-1.333658702677919215e-02
-1.331756477881792730e-02
-1.324714123834499525e-02
-1.321343319189437204e-02
-1.316455426500204827e-02
-1.310559058884870447e-02
-1.307601226359992978e-02
-1.303520147007701871e-02
-1.300890480211814269e-02
-1.299863398292479440e-02
-1.295825510110120045e-02
-1.292186648819286694e-02
-1.289078499512191257e-02
-1.284206384563209465e-02
-1.282456966325586090e-02
-1.279407670864544065e-02
-1.277052890570161588e-02
-1.273259794976576084e-02
-1.267855788623219876e-02
-1.265302911969516490e-02
-1.263978036376845089e-02
-1.259399633162404213e-02
-1.255102522893721505e-02
-1.254163755517278406e-02
-1.251726766988547901e-02
-1.246212083526098725e-02
-1.242370673470300987e-02
-1.236901668756183910e-02
-1.234123909570046702e-02
-1.233623541660670321e-02
-1.228466830171872325e-02
-1.228182696703564343e-02
-1.221050001491640405e-02
-1.216696241839619608e-02
-1.215861194443093596e-02
-1.213774075367042397e-02
-1.209017889369800279e-02
-1.205678099953792423e-02
-1.200692491058035459e-02
-1.196958483661519912e-02
-1.194543699921280129e-02
-1.187346803182145159e-02
-1.183084012733735119e-02
-1.180556473132034559e-02
-1.179146113392385078e-02
-1.172455922384766855e-02
-1.170500730823658547e-02
-1.168330229385583507e-02
-1.164409274835839607e-02
-1.161237312507443394e-02
-1.157944768225504552e-02
-1.155156023957684512e-02
-1.151773852025920510e-02
-1.146999662470140485e-02
-1.144577567627433345e-02
-1.140500363256641107e-02
-1.134088622027629688e-02
-1.132238081774694129e-02
-1.127974460176293589e-02
-1.125527799969238546e-02
-1.120594279335672926e-02
-1.118639438674331153e-02
-1.114624279208521924e-02
-1.111550908712609365e-02
-1.106505152934253618e-02
-1.102432324529050225e-02
-1.097126003381718867e-02
-1.094569342208095986e-02
-1.093744585061117228e-02
-1.089274608956715060e-02
-1.088634171029762877e-02
-1.082494440396851963e-02
-1.078881361482251881e-02
-1.075458175976028510e-02
-1.073826059693053746e-02
-1.069945266659975448e-02
-1.064259885172754230e-02
-1.058150009578020558e-02
-1.054028933557507250e-02
-1.049724562575165936e-02
-1.047347119731999697e-02
-1.045048545159605463e-02
-1.043999385758226373e-02
-1.040333168461151335e-02
-1.032601648579501395e-02
-1.031930502426908758e-02
-1.029340137002488983e-02
-1.027530140949798124e-02
-1.018249907908609815e-02
-1.015994688815292923e-02
-1.014512295071874799e-02
-1.009558269078468518e-02
-1.007368697322969311e-02
-1.002073685444481235e-02
-9.965398325750496333e-03
-9.941462326149026058e-03
-9.920422979739971364e-03
-9.895862608920920692e-03
-9.833183930368723583e-03
-9.824200970411521919e-03
-9.807311199842979818e-03
-9.758844736156008573e-03
-9.688376697517556146e-03
-9.657089287639251604e-03
-9.642300695474831720e-03
-9.614252711150276035e-03
-9.566114244266531175e-03
-9.526057925669186369e-03
-9.492035958002109294e-03
-9.444487772184368204e-03
-9.425981401288667169e-03
-9.358555395245937714e-03
-9.327668435758832560e-03
-9.293371347731799875e-03
-9.270790943853780830e-03
-9.206321056768142219e-03
-9.195025942609270919e-03
-9.177177305076465730e-03
-9.157367025851468126e-03
-9.134188736559920377e-03
-9.084837797049882813e-03
-9.072627490008616791e-03
-9.023147213239008507e-03
-8.944952628948630094e-03
-8.921438106815180250e-03
-8.891054547590147503e-03
-8.838036562397399987e-03
-8.830750653864656921e-03
-8.805762670422132704e-03
-8.785691618313109033e-03
-8.743528175939664290e-03
-8.720790696922697469e-03
-8.677294677883548232e-03
-8.637027037309435301e-03
-8.615749540809259158e-03
-8.541928437589170475e-03
-8.515153445083663633e-03
-8.496472553946384995e-03
-8.479928521412580938e-03
-8.427701883219205353e-03
-8.419869568818551253e-03
-8.386230465385164159e-03
-8.382387360622125735e-03
-8.310597446327970539e-03
-8.303883270923783158e-03
-8.230638792655656580e-03
-8.192842242160165711e-03
-8.130748761825111817e-03
-8.118422754289323848e-03
-8.087476727427687223e-03
-8.050432006256087389e-03
-8.040957001080059272e-03
-7.998247712450633207e-03
-7.961545047969156852e-03
-7.876954766369613850e-03
-7.866269521065210463e-03
-7.836943516296941692e-03
-7.818126988313143025e-03
-7.769867127133339192e-03
-7.761461775946992304e-03
-7.712742345175801865e-03
-7.668620696143039171e-03
-7.607766963055435060e-03
-7.589589680421531502e-03
-7.569795491688119729e-03
-7.532422266757813310e-03
-7.516929607482488243e-03
-7.446785597332051046e-03
-7.429726368484611959e-03
-7.417523261226252954e-03
-7.375431220079118992e-03
-7.350385078321461374e-03
-7.308708305655108560e-03
-7.248157357867013664e-03
-7.227669247410852156e-03
-7.193370440583161246e-03
-7.158002477397765531e-03
-7.137423228933089878e-03
-7.093381323675478078e-03
-7.083473028540304521e-03
-7.036579368801886870e-03
-7.013492824882144004e-03
-6.985122837142072535e-03
-6.954378151255987545e-03
-6.902529608282158280e-03
-6.886625811848326797e-03
-6.837136929242222834e-03
-6.788866933519262931e-03
-6.751873264835628503e-03
-6.729418194785830726e-03
-6.685085667462326194e-03
-6.646500403890183949e-03
-6.613771365128685159e-03
-6.560746844819598939e-03
-6.546733815665001580e-03
-6.477077156893554927e-03
-6.437187630854479363e-03
-6.407333908814778073e-03
-6.387206630724048817e-03
-6.326473318585127889e-03
-6.297364115468637863e-03
-6.284469591547643327e-03
-6.228388870222906389e-03
-6.202210417551911117e-03
-6.173704351672429369e-03
-6.115551074577236200e-03
-6.099654975603070045e-03
-6.062823829626052055e-03
-6.047442696371382528e-03
-6.041189127121714825e-03
-5.992423188816071479e-03
-5.948099370083993059e-03
-5.905921920056783972e-03
-5.873129822518799101e-03
-5.850933708820547398e-03
-5.796527921986553179e-03
-5.730266546897777417e-03
-5.683523172650891200e-03
-5.679057634118324198e-03
-5.650041365973750181e-03
-5.623159255681774334e-03
-5.574939577299087116e-03
-5.559558737590887707e-03
-5.531964501079222711e-03
-5.516702484366893013e-03
-5.430289705671177344e-03
-5.379921070390171305e-03
-5.359879593910861148e-03
-5.333427410694059449e-03
-5.308700027893568929e-03
-5.295704907480811019e-03
-5.224257884550453229e-03
-5.205486760342992181e-03
-5.172813606710058992e-03
-5.142939749831557106e-03
-5.090647952929548865e-03
-5.066300736993910488e-03
-5.040397260631743898e-03
-5.024436569901500303e-03
-5.002136215743465536e-03
-4.958585271006719399e-03
-4.894055716948442908e-03
-4.861775855142082617e-03
-4.821434856162582980e-03
-4.787913838236606406e-03
-4.752121141411912338e-03
-4.689768409559336507e-03
-4.669886709790400763e-03
-4.660187760350943328e-03
-4.632144008548137390e-03
-4.610646512509265424e-03
-4.548944899138927453e-03
-4.520869051360542831e-03
-4.504627334314082257e-03
-4.452079679895210723e-03
-4.430077194451751722e-03
-4.402642387475075476e-03
-4.377935999735624480e-03
-4.315934073380660492e-03
-4.281914380812495632e-03
-4.240559178245974919e-03
-4.192277635196596172e-03
-4.184149999181646130e-03
-4.122761522928349888e-03
-4.091120211258072840e-03
-4.056137979319603300e-03
-4.030879266923460130e-03
-3.985427431796734372e-03
-3.963672834601699065e-03
-3.930228075307960409e-03
-3.894234478396078284e-03
-3.872869206850345150e-03
-3.817367291522237235e-03
-3.791482683270305451e-03
-3.779487950622560481e-03
-3.737430931509162692e-03
-3.711134602090745364e-03
-3.687386099379567038e-03
-3.634259402415243416e-03
-3.624886056032494957e-03
-3.569662308500820731e-03
-3.537328671287172724e-03
-3.509579133701474455e-03
-3.483318991967856385e-03
-3.463420999300130965e-03
-3.403339190997684699e-03
-3.381002784976260347e-03
-3.307903655707241600e-03
-3.299734952728932552e-03
-3.262596492155985656e-03
-3.246621522541864261e-03
-3.237372012358539618e-03
-3.182622914463870047e-03
-3.143564923058776717e-03
-3.125766734670633665e-03
-3.058191794324595283e-03
-3.013351278731128506e-03
-2.983443429800594973e-03
-2.949001552361260603e-03
-2.903592232224332190e-03
-2.887661131820796600e-03
-2.859219619890836228e-03
-2.839629348126764593e-03
-2.809013200732088031e-03
-2.776648928215306750e-03
-2.767894055385182895e-03
-2.730815400316911282e-03
-2.647898041659264238e-03
-2.638329407628352968e-03
-2.585788783992707448e-03
-2.575528375819537055e-03
-2.564690083376996825e-03
-2.516293234631558282e-03
-2.498485086689059952e-03
-2.442179533517880100e-03
-2.410262541911527626e-03
-2.367308462982894469e-03
-2.339492874747807916e-03
-2.310466991974357859e-03
-2.287996434898533892e-03
-2.191641995490809392e-03
-2.187609903668197645e-03
-2.154889492507401725e-03
-2.110809727891134469e-03
-2.081342382865925943e-03
-2.060300462981302320e-03
-2.033726888641654209e-03
-2.018652830444583445e-03
-1.987692068447248408e-03
-1.964500885372856293e-03
-1.925469149392909250e-03
-1.815932591643289618e-03
-1.796302749883578465e-03
-1.773412540776831119e-03
-1.743530448244884866e-03
-1.720309002294260863e-03
-1.706418881632362295e-03
-1.687637380931655004e-03
-1.636739680425126084e-03
-1.594989397788847216e-03
-1.561012690080185129e-03
-1.502520747044668991e-03
-1.489253497856991588e-03
-1.448819768112374331e-03
-1.439910780576729313e-03
-1.411326002921369166e-03
-1.370627462326756219e-03
-1.343925965492150142e-03
-1.317533189328303324e-03
-1.303476300753994652e-03
-1.221147667608818389e-03
-1.205247491169128592e-03
-1.176103805546986495e-03
-1.159993519525080946e-03
-1.121230439981629225e-03
-1.090682965745887060e-03
-1.043682810423556592e-03
-9.977724029864149229e-04
-9.727636700773058948e-04
-9.295356979037776258e-04
-8.815647600785936431e-04
-8.516133672936546713e-04
-8.219938148286095626e-04
-7.594993297691088980e-04
-7.208049612472287523e-04
-6.964172687693196903e-04
-6.746919143395466167e-04
-6.664384426981526501e-04
-5.994684230396970506e-04
-5.319012951470189010e-04
-5.267668949341113190e-04
-4.795610822405623808e-04
-4.742458021334754561e-04
-4.244789077167532678e-04
-4.063065039944660571e-04
-3.801412463938478887e-04
-3.648932469688861827e-04
-2.813961316865363506e-04
-2.409618127934803466e-04
-2.050824472094727542e-04
-1.765257995288237029e-04
-1.716964786156160972e-04
-1.355914946694689168e-04
-7.957820582482150401e-05
-5.250440995275973145e-05
1.262302434890666228e-05
5.225745053252025819e-05
8.121251285538437525e-05
8.508127740396258774e-05
1.374961097180149464e-04
1.534133431047968285e-04
1.711727665903550852e-04
2.098160617900777863e-04
2.187538492370287601e-04
2.613633379830540039e-04
2.915026720685482894e-04
3.182444482372943115e-04
4.007042641430942154e-04
4.187357810829679932e-04
4.328339063611560847e-04
4.800081094719387052e-04
5.096200902211753822e-04
5.536839629236359195e-04
6.164473584809792781e-04
6.198762011425332924e-04
6.383654781997009789e-04
6.927987308282464477e-04
7.071970879661446888e-04
7.304298117775112013e-04
7.575143559216171961e-04
8.019801430822726899e-04
8.309613610952065396e-04
8.916406754217240513e-04
9.090418245774740903e-04
9.741071363682277887e-04
1.011701623547535053e-03
1.025499999815722213e-03
1.067426499058758086e-03
1.093979714269120111e-03
1.144952067479865308e-03
1.158799795985419141e-03
1.195457634139167639e-03
1.253764773135543310e-03
1.272793906530030007e-03
1.335998452789089125e-03
1.352390199264410283e-03
1.370297516206017523e-03
1.412946152728148047e-03
1.429491560639574010e-03
1.442153183679755271e-03
1.458617988535015723e-03
1.493707802181723976e-03
1.527570060837053073e-03
1.552559619400719531e-03
1.577027627723348721e-03
1.664129552379554509e-03
1.706338108555231162e-03
1.757154762875681384e-03
1.774789880559452969e-03
1.805142387056195286e-03
1.833063377923916997e-03
1.889532944694247716e-03
1.901700899651750975e-03
1.928867352201934409e-03
1.992322711763521749e-03
2.016813721129465282e-03
2.031025530262008452e-03
2.068319485139615433e-03
2.089705690254634995e-03
2.130106255749548375e-03
2.186275850120250781e-03
2.193417611587590924e-03
2.260119823619947087e-03
2.287160609024666957e-03
2.327942755692893623e-03
2.347838115333144172e-03
2.383127701880546380e-03
2.407892274286694070e-03
2.417131646464620431e-03
2.469855080871450562e-03
2.506130351095512115e-03
2.513226694996756241e-03
2.539247079932807020e-03
2.599311588294688554e-03
2.618448585434484093e-03
2.692353625692743904e-03
2.716843350980846852e-03
2.733138634083850504e-03
2.750595327139606847e-03
2.795148474531321692e-03
2.819698323855530757e-03
2.846880711908887727e-03
2.876837834441495212e-03
2.920443765943236351e-03
2.949951287970617106e-03
3.027112145297386741e-03
3.034733138901600253e-03
3.070730087422027330e-03
3.087900880269325073e-03
3.119311178704823120e-03
3.153503826761880520e-03
3.228743623613226227e-03
3.238268119359258464e-03
3.274375259291823197e-03
3.282796346147297175e-03
3.354974298847994245e-03
3.389395334104912481e-03
3.432455220421137994e-03
3.466957548112229327e-03
3.475767884851739455e-03
3.511493116862184939e-03
3.550574844067118634e-03
3.591759820546849575e-03
3.606107512388812691e-03
3.620421388616918128e-03
3.655142603703569019e-03
3.741739315086608716e-03
3.763464487212027018e-03
3.789081188773919806e-03
3.813544062294106814e-03
3.854246484082249086e-03
3.887507988709452099e-03
3.913998745388017064e-03
3.930420937993889599e-03
3.958646265058277970e-03
3.999050928954598662e-03
4.040268459960775702e-03
4.092338073095782083e-03
4.113168715280467180e-03
4.158240435897053375e-03
4.169112986107406660e-03
4.236301691627619367e-03
4.261201209654637452e-03
4.295447496113474067e-03
4.311734836323350209e-03
4.349939777006923795e-03
4.384053442572537380e-03
4.425964204482427632e-03
4.444848508516906910e-03
4.485590645197191917e-03
4.503252805587447567e-03
4.546797506006677522e-03
4.610679196050431437e-03
4.625896169091299123e-03
4.667097964630184150e-03
4.724812076326095726e-03
4.731296147695841087e-03
4.793355627435966909e-03
4.803743041346769833e-03
4.841641822976869639e-03
4.890763573146278929e-03
4.909906568005509286e-03
4.950469679515821959e-03
4.977629855559803466e-03
5.005818881967664252e-03
5.022695578014643725e-03
5.082443246383193218e-03
5.091873057165243258e-03
5.119135192444571915e-03
5.185686042295022634e-03
5.203157481022378968e-03
5.225967152575242136e-03
5.261247091186930548e-03
5.301317409712627375e-03
5.320179322369555062e-03
5.352359916492781949e-03
5.408769476436709432e-03
5.444494618943716835e-03
5.461205089493342650e-03
5.464334131251899485e-03
5.552008006878998009e-03
5.584736414274339526e-03
5.593455122211723161e-03
5.655942977236425202e-03
5.683378076435928981e-03
5.722360184424918166e-03
5.746820507497287824e-03
5.825404023969269450e-03
5.842027274469479767e-03
5.866061993650329223e-03
5.916985900071893359e-03
5.967124965344163846e-03
5.986818204722287387e-03
6.010682793993473230e-03
6.035029851676498337e-03
6.058387981299481057e-03
6.092366939114507614e-03
6.156298143316261788e-03
6.178154455306852054e-03
6.245584946426340281e-03
6.263823606811317300e-03
6.311840597837777532e-03
6.386320538029730161e-03
6.402064883405196062e-03
6.441223473697643004e-03
6.458787473648593992e-03
6.482494678191135298e-03
6.502541750646107475e-03
6.541338644312742756e-03
6.548346786034374770e-03
6.609425459361835398e-03
6.616097720799460520e-03
6.667840830051251222e-03
6.679339066289451642e-03
6.734607991746068174e-03
6.779603644456812066e-03
6.801674375729773424e-03
6.831173069025293573e-03
6.869732700056150124e-03
6.899228432742174864e-03
6.925615740504724796e-03
6.948637264991177134e-03
7.018844858863978846e-03
7.061152221675610387e-03
7.071394864305862067e-03
7.091795220915658726e-03
7.133488303974089284e-03
7.158537800083012402e-03
7.207023870289077684e-03
7.220820202016145321e-03
7.233198487020134002e-03
7.312700496109937956e-03
7.344142532313426529e-03
7.423130633122103361e-03
7.435515813209703749e-03
7.480164926154083196e-03
7.511888968106950060e-03
7.552699307187848467e-03
7.587338221295132287e-03
7.607591031615289733e-03
7.629990819158103017e-03
7.638486973286658620e-03
7.678485525470381268e-03
7.729516800183925708e-03
7.773549865486589772e-03
7.833441435635376746e-03
7.858841624662941255e-03
7.863120450977220330e-03
7.893808296857478257e-03
7.961077939581565760e-03
8.003176756670686912e-03
8.020306676338254115e-03
8.060643542624319757e-03
8.101099517467546737e-03
8.117545645649390171e-03
8.170510722325385888e-03
8.191296621202874551e-03
8.229016346024117801e-03
8.293536081282961922e-03
8.317572671858624797e-03
8.351974045225300791e-03
8.364787795231627340e-03
8.407757325186148920e-03
8.434100068448621701e-03
8.470029798173218938e-03
8.494615398008090526e-03
8.503556352965034593e-03
8.613529254938226756e-03
8.655494150149755164e-03
8.662090916760012416e-03
8.724169570701021531e-03
8.748450467697212185e-03
8.769523028248097860e-03
8.799844180356819132e-03
8.847383267579831886e-03
8.852932343776971288e-03
8.926496108402673033e-03
8.964854284083908706e-03
8.978648830057089567e-03
9.028015821757502668e-03
9.071408425152166499e-03
9.086310062954022423e-03
9.120011153000711843e-03
9.144301338471832671e-03
9.178002104330706609e-03
9.200499656925436795e-03
9.249022749790307071e-03
9.272071824546380611e-03
9.280942306488137311e-03
9.340484588567439170e-03
9.388432456152411357e-03
9.411105960339127136e-03
9.440485563360440091e-03
9.462779313237048434e-03
9.492072941432939254e-03
9.525796021011145517e-03
9.556636857234054871e-03
9.598683729418699268e-03
9.640914023253630352e-03
9.701112391854760028e-03
9.726400941199524197e-03
9.756767597297481831e-03
9.819458495208894383e-03
9.833533780858010401e-03
9.853112820935983063e-03
9.886094227285811484e-03
9.899678528983324455e-03
9.943404380102261603e-03
9.973397810533291691e-03
1.003874293735923691e-02
1.006377921736012308e-02
1.008936940386299247e-02
1.015198319011313514e-02
1.019695542369627138e-02
1.021494063468138952e-02
1.026392326874733460e-02
1.027670299246592929e-02
1.031024457022826184e-02
1.033303114118781438e-02
1.035974558408521429e-02
1.041871012962451021e-02
1.045044837525939060e-02
1.047373523256034215e-02
1.051841345724786360e-02
1.052850697412964151e-02
1.056516419880939098e-02
1.058307111720653386e-02
1.061267578539286209e-02
1.066305301418171009e-02
1.071398599232199420e-02
1.073333814450258897e-02
1.077606726833851142e-02
1.079313296157740666e-02
1.085936528468770326e-02
1.089528075215534693e-02
1.090894504724041446e-02
1.093502945136075322e-02
1.096897322037307214e-02
1.101344091815730300e-02
1.102901357073165708e-02
1.110043816183787363e-02
1.113271339582253341e-02
1.115498951329791343e-02
1.119360146140173026e-02
1.124575071041413257e-02
1.127337577187103972e-02
1.132060767184379750e-02
1.132812259881807622e-02
1.137175773010915165e-02
1.140218393025229857e-02
1.143235475847333149e-02
1.146158467397071293e-02
1.148227089043429155e-02
1.151956266735583261e-02
1.156786261642746803e-02
1.158289563261259356e-02
1.160445708122821197e-02
1.167740173631272652e-02
1.170976899563836056e-02
1.172673367765829019e-02
1.176729399548816918e-02
1.179118963982559581e-02
1.184200586443784516e-02
1.187167245044917947e-02
1.190578805632302485e-02
1.195885293448789057e-02
1.198534111168330155e-02
1.201681020893056485e-02
1.206569571405302459e-02
1.208736531908893679e-02
1.212334738796526021e-02
1.219338951291041272e-02
1.220879139292495308e-02
1.225014121187278232e-02
1.226549901093478695e-02
1.229392390121080737e-02
1.232493056884272249e-02
1.239344495591079669e-02
1.241748727656925497e-02
1.244221307961468695e-02
1.245325505782057286e-02
1.250823115083935823e-02
1.252976651516433254e-02
1.259142916444429966e-02
1.260191213387728583e-02
1.265174787471641700e-02
1.268129046227335632e-02
1.272620726240179453e-02
1.277051238076004278e-02
1.281673367723491080e-02
1.285521807530286623e-02
1.288947043096285577e-02
1.295010100628409336e-02
1.298689507648891073e-02
1.301372580759771989e-02
1.303648682497177136e-02
1.307474285300644010e-02
1.309279551658742817e-02
1.311629911379297644e-02
1.313592650619121831e-02
1.318287909271662235e-02
1.321588200542489662e-02
1.327421099459846071e-02
1.330083700636920489e-02
1.333776322937742405e-02
1.339970895393291506e-02
1.342293567024321205e-02
1.345766055241504229e-02
1.347833387973253715e-02
1.349211202423232503e-02
1.354390862941493370e-02
1.361514115442792605e-02
1.365364172439930378e-02
1.366498439848281600e-02
1.367686956561328313e-02
1.371620814305669553e-02
1.375905316056274565e-02
1.380501251123983364e-02
1.381749305028231838e-02
1.385098996680097540e-02
1.388747788734747378e-02
1.394288437850003601e-02
1.396522146725386743e-02
1.401660201935028480e-02
1.406702099232996599e-02
1.409515291859434610e-02
1.413512540306424183e-02
1.418311905797837308e-02
1.423880682402832096e-02
1.424047191600402197e-02
1.429549084587961733e-02
1.431890901362150789e-02
1.435827975386550631e-02
1.441361403079609825e-02
1.442070641661579583e-02
1.447764027498358967e-02
1.448443620216235093e-02
1.451315324622946129e-02
1.457752533369748200e-02
1.458921919991946342e-02
1.462486033749761834e-02
1.466863042389205014e-02
1.468663913206077684e-02
1.471219188902249050e-02
1.476724965955902164e-02
1.481507990840857589e-02
1.487149177481529583e-02
1.489981847531635616e-02
1.493681045940464802e-02
1.496708489238989664e-02
1.498322137079359344e-02
1.499673561804151616e-02
1.505316362318248787e-02
1.510776311198643897e-02
1.511639927368654823e-02
1.518432384232595682e-02
1.521166613619409115e-02
1.524320340988442185e-02
1.527544188972700979e-02
1.528198937574044153e-02
1.530870335240292444e-02
1.536956694102071912e-02
1.539891537227277771e-02
1.545612493223822749e-02
1.549853999861426114e-02
1.556149951529212094e-02
1.560879244671159113e-02
1.564401540408942234e-02
1.567405009433776517e-02
1.569303099488059475e-02
1.574034986172363412e-02
1.577017227891501852e-02
1.579507087314786784e-02
1.583197779284389525e-02
1.586805814752921193e-02
1.591127033934808949e-02
1.594920624000083914e-02
1.601622240179402176e-02
1.603110402380339417e-02
1.604051158619579712e-02
1.608171233973152911e-02
1.610154450734618478e-02
1.611898659974422832e-02
1.620619952142722531e-02
1.623883377810155654e-02
1.626190491556723031e-02
1.630168233293283545e-02
1.631787031775631946e-02
1.635944565009379500e-02
1.641619741796824031e-02
1.643448337420951727e-02
1.648486892062083972e-02
1.653770382253077348e-02
1.656960046474988471e-02
1.659929961903105350e-02
1.663505837573931931e-02
1.668134742672953627e-02
1.669961130550022196e-02
1.675992271515989659e-02
1.679836230113513837e-02
1.682157505284212484e-02
1.684811893283479425e-02
1.685030682343964178e-02
1.693431652943851520e-02
1.696434226889319274e-02
1.697097753298367276e-02
1.705064032229635859e-02
1.706907325389631774e-02
1.707991966588951263e-02
1.711958385397626542e-02
1.715061005550011508e-02
1.719256890218116840e-02
1.724867224693573189e-02
1.735497593341579076e-02
1.741082563950364925e-02
1.741387699466668409e-02
1.742473575371354319e-02
1.746400693053919845e-02
1.751950504981106618e-02
1.755180400875983732e-02
1.761376057322846730e-02
1.763702164766823427e-02
1.770649280940931811e-02
1.771370883407117833e-02
1.773634015630331379e-02
1.776608540571393904e-02
1.780610653363376775e-02
1.784069046682562609e-02
1.786963464935892310e-02
1.788184517101587545e-02
1.795398485031130670e-02
1.796057408327164651e-02
1.800843383303784781e-02
1.803919788372804200e-02
1.806029078362422768e-02
1.813655838848029014e-02
1.819152498914413871e-02
1.822382580928113421e-02
1.825004561147534898e-02
1.827119786566352988e-02
1.835330017113211143e-02
1.838242287883639497e-02
1.842379221076573606e-02
1.845099910684044192e-02
1.850466877954776157e-02
1.852357978475355216e-02
1.854829210813602192e-02
1.861795429610529559e-02
1.863496376751559366e-02
1.868731640429806620e-02
1.873345164514022762e-02
1.874330112890745803e-02
1.875892867126190480e-02
1.880094850614149465e-02
1.880981702834295249e-02
1.884769430127599885e-02
1.887251154677468609e-02
1.892267535926173139e-02
1.899922620729599387e-02
1.902662718646514275e-02
1.907602707550153098e-02
1.910211244530238966e-02
1.916757168321182869e-02
1.918388827674987959e-02
1.923847857521074345e-02
1.927558356437689482e-02
1.930024756870936040e-02
1.932756287774199319e-02
1.940018486548318599e-02
1.940963220315974902e-02
1.943555669939551339e-02
1.949596401775425050e-02
1.950311398650842257e-02
1.954023508271149345e-02
1.956950358786007857e-02
1.961388521866512871e-02
1.965076955450966584e-02
1.968354612679480004e-02
1.973575929201902904e-02
1.976240115094695174e-02
1.976734366367237719e-02
1.983634317257648022e-02
1.986393204023013948e-02
1.991550497615797444e-02
1.993749111690417894e-02
1.998895648278956744e-02
2.000464132769723055e-02
2.005850950143321307e-02
2.012653500477574325e-02
2.015885663285547913e-02
2.021212509771781740e-02
2.027625256531563613e-02
2.029317843211972741e-02
2.031785601339797243e-02
2.033861218083281297e-02
2.037340329397873545e-02
2.042107345108228056e-02
2.044157801217893686e-02
2.049413715806709668e-02
2.055634003366479598e-02
2.060769001236717815e-02
2.062344767018097977e-02
2.066730498523780893e-02
2.067428478784448867e-02
2.071407149263703243e-02
2.073165726331054406e-02
2.075210320117026191e-02
2.077331467991376870e-02
2.084971895932927893e-02
2.086228268332013247e-02
2.095054957687160838e-02
2.097293170277221216e-02
2.100871407146521694e-02
2.109265615343838135e-02
2.115034457894271469e-02
2.118569268774203943e-02
2.120743200146899335e-02
2.125791972350725423e-02
2.126007948534390860e-02
2.129234885589882317e-02
2.134848543103745958e-02
2.141180326801015582e-02
2.142873776534471100e-02
2.151437861492943443e-02
2.154034967882786228e-02
2.155211212582064037e-02
2.158180606003553062e-02
2.164145979481983326e-02
2.165897892679189557e-02
2.167571505308794541e-02
2.175749247966149436e-02
2.179404493156433462e-02
2.184298341698677134e-02
2.189100290899159695e-02
2.189384473029275593e-02
2.192980185388517661e-02
2.195911223696060677e-02
2.197924938961616850e-02
2.207162075742677074e-02
2.207593573131357706e-02
2.211823549395563679e-02
2.216353870937173495e-02
2.220806844533285834e-02
2.223334770470435789e-02
2.225822672595707818e-02
2.227354984837417312e-02
2.231991591061237984e-02
2.240147740042756561e-02
2.242661460275697377e-02
2.250393298045978707e-02
2.251619933626657424e-02
2.252876139572050629e-02
2.256590752895961532e-02
2.258936095408650355e-02
2.260398709475643433e-02
2.261715438464621808e-02
2.272241095946741368e-02
2.275732779954032017e-02
2.280294794997014471e-02
2.281647630190339338e-02
2.289668824266597597e-02
2.297532935939591153e-02
2.298925531779835718e-02
2.301099068865636310e-02
2.307269112339334002e-02
2.312568739785387031e-02
2.316482169450186090e-02
2.320015135147704063e-02
2.324106045672278895e-02
2.325852085357719631e-02
2.332705378429037260e-02
2.334407445024145461e-02
2.338104706448197734e-02
2.343845758702600007e-02
2.348787950055033352e-02
2.353278992301595027e-02
2.356185218472874043e-02
2.357490974137466111e-02
2.361334401981261821e-02
2.368296767267880770e-02
2.370398070350593009e-02
2.377687940233905867e-02
2.379191330155831091e-02
2.383391460426183966e-02
2.386584495428195618e-02
2.391624018582216848e-02
2.393068157311892957e-02
2.398211688364760771e-02
2.401320187705610967e-02
2.403736240980862415e-02
2.409640550826580227e-02
2.414639062354181909e-02
2.421568677164055022e-02
2.424895000534967385e-02
2.425766838056462454e-02
2.430270319635741139e-02
2.433633336215555026e-02
2.441171011470968932e-02
2.445407328562394442e-02
2.452105888811002138e-02
2.452497335841298531e-02
2.454840163275923831e-02
2.457654496828885413e-02
2.461585137683106744e-02
2.466236272508990149e-02
2.470620826942835496e-02
2.472007023061363953e-02
2.474467646882676924e-02
2.476461257237398683e-02
2.481684134370793979e-02
2.485740864671971695e-02
2.488604666196007204e-02
2.492837291087214927e-02
2.502803131162734465e-02
2.504977151046058198e-02
2.508691693167301034e-02
2.512374102380581994e-02
2.515508100601707153e-02
2.518677462569119535e-02
2.525055733978066874e-02
2.526139220618061482e-02
2.529472061836296470e-02
2.537262156896932103e-02
2.541404078546194434e-02
2.548234196958601080e-02
2.550319848802933692e-02
2.553099428565979573e-02
2.556944565720834645e-02
2.561096784169585375e-02
2.565168368599947749e-02
2.568013360687485327e-02
2.573893501325446795e-02
2.578895511526351977e-02
2.584394667601967732e-02
2.591022212084032050e-02
2.596654648373367125e-02
2.597923585313986414e-02
2.601549786987343918e-02
2.606523308161474983e-02
2.608842087881138236e-02
2.612872358195916442e-02
2.620749143606376785e-02
2.622591950591723550e-02
2.623210815393574313e-02
2.625728629394641356e-02
2.631900067982629113e-02
2.636803128077899044e-02
2.647656608352557187e-02
2.651964640257699346e-02
2.655751898074379391e-02
2.658369398442939416e-02
2.662279645910986883e-02
2.663873227176473402e-02
2.669227683669838161e-02
2.670267805181031004e-02
2.675533560199118421e-02
2.681924423850944039e-02
2.686692293387736574e-02
2.689671975665209464e-02
2.691569316425882277e-02
2.694817041834939725e-02
2.699243270600760677e-02
2.704312050515726359e-02
2.708755020002579991e-02
2.710218443999122886e-02
2.716289692334783457e-02
2.726111853664392806e-02
2.729808579110953176e-02
2.736759147536590303e-02
2.742610760436363371e-02
2.743537173520523009e-02
2.747186673573587604e-02
2.751895676668483781e-02
2.752786982911779173e-02
2.760485943387478922e-02
2.767601670349128726e-02
2.770559927122090427e-02
2.771106340326334738e-02
2.782498002222902680e-02
2.784652623215129116e-02
2.789158800467813129e-02
2.791858784376425456e-02
2.795575248345909258e-02
2.797564834152677093e-02
2.808342568874314799e-02
2.810057899969655229e-02
2.814989438248641923e-02
2.816813645453973905e-02
2.820601180439646916e-02
2.826662400088369997e-02
2.832949486194756561e-02
2.836837323621882456e-02
2.842033840851763971e-02
2.842893234596247445e-02
2.847146349220714898e-02
2.851075747198715885e-02
2.862429114034263991e-02
2.865424516603781724e-02
2.870586698665011927e-02
2.871994956853763173e-02
2.876168569594976521e-02
2.881096794873674524e-02
2.886924747263013361e-02
2.890970184305702642e-02
2.892000598637786690e-02
2.896218662126434640e-02
2.903801470426920286e-02
2.904914644193612103e-02
2.911677653910073674e-02
2.916648624300463219e-02
2.918489110148183782e-02
2.924846287420835439e-02
2.926513544935549493e-02
2.933420110883690549e-02
2.937718448692408849e-02
2.940976435718396786e-02
2.947358065455427459e-02
2.947823780626058696e-02
2.956346610171707925e-02
2.958697715268650275e-02
2.963277054673341127e-02
2.965644051687260294e-02
2.966491554591755078e-02
2.968516217884141842e-02
2.972970242885995124e-02
2.977967920771394661e-02
2.990914614301160707e-02
2.993268911583110703e-02
2.997186941946922492e-02
2.997874381536174901e-02
3.007309247957944132e-02
3.009790988763983224e-02
3.013612659312891670e-02
3.017696350557335858e-02
3.022699283791338912e-02
3.027613868580135773e-02
3.032610800671434875e-02
3.039464501995797416e-02
3.047905699595557932e-02
3.051299261960441211e-02
3.053652135112483110e-02
3.056520787945170986e-02
3.060301860131059426e-02
3.066134111086240080e-02
3.074560544064297227e-02
3.077246522986546579e-02
3.083707401659102273e-02
3.084790561504594311e-02
3.089234724259341466e-02
3.097140702467049075e-02
3.104661803659954089e-02
3.107931505540759490e-02
3.110852547638995672e-02
3.111549414349723194e-02
3.119428960610612714e-02
3.120610564493683098e-02
3.128427141525495780e-02
3.138810649196621672e-02
3.140008658016977400e-02
3.147110844527403056e-02
3.151299218602678087e-02
3.152155764225567786e-02
3.155445827647264390e-02
3.161035781099762881e-02
3.163642405611404029e-02
3.165753761234314095e-02
3.173524271843424643e-02
3.181574306770188626e-02
3.184708806698345607e-02
3.192077691102273435e-02
3.196164396699896493e-02
3.202784207144768192e-02
3.205008283285692983e-02
3.213058231547668425e-02
3.214035081050932441e-02
3.219009818831033987e-02
3.227278087936451961e-02
3.228863311344131598e-02
3.232885100147865620e-02
3.239240409710928553e-02
3.246130149094651751e-02
3.256356942690764866e-02
3.259912319882500575e-02
3.264548163357110927e-02
3.268405103429165848e-02
3.271165754162164152e-02
3.275870993308024198e-02
3.281222799996705991e-02
3.283837901576752011e-02
3.285960724235787583e-02
3.295199627633502160e-02
3.300332029612814549e-02
3.306983583210553607e-02
3.311876828909718351e-02
3.315029670727214633e-02
3.319366153769407607e-02
3.324538668991035978e-02
3.329343359694424825e-02
3.333011297793740668e-02
3.343772357989071436e-02
3.352392150220082773e-02
3.353968061231359793e-02
3.356230692772859542e-02
3.361362645097212831e-02
3.372359141954427153e-02
3.375703143216471358e-02
3.377190197556471235e-02
3.382192539481333055e-02
3.385726990516742252e-02
3.396754360461312627e-02
3.398516572830645455e-02
3.408232709139057126e-02
3.410647136304275490e-02
3.416001872697732589e-02
3.424633415309275702e-02
3.427128428547590588e-02
3.430666164560603609e-02
3.434014330739131732e-02
3.442349688752469050e-02
3.447318111215438852e-02
3.454742740117165700e-02
3.459307751644306178e-02
3.461609457703292148e-02
3.463699264026276481e-02
3.472763799212776059e-02
3.482746906215002103e-02
3.489855803462366124e-02
3.491770590601826069e-02
3.496580752691388211e-02
3.498680082146167492e-02
3.503401693114806259e-02
3.511263379199822815e-02
3.524948337678601717e-02
3.527328620629525263e-02
3.532057630171268892e-02
3.538084813497302528e-02
3.546597860920986528e-02
3.554665472358155276e-02
3.557134949512907179e-02
3.563742760509113622e-02
3.569816639253165641e-02
3.573938587357870095e-02
3.576305805520703374e-02
3.579677079182729676e-02
3.585444780988888969e-02
3.594204646553227772e-02
3.602842330617039845e-02
3.605995098845112684e-02
3.615104175958473720e-02
3.620229933397606931e-02
3.623122958548957717e-02
3.631855538991380500e-02
3.640621802688810693e-02
3.641119233688983742e-02
3.648328572409856307e-02
3.652084906846686518e-02
3.658210705557274345e-02
3.662442694981038471e-02
3.665642742999523918e-02
3.674199236153575382e-02
3.681120174171657183e-02
3.684005404916879112e-02
3.692616715108228143e-02
3.696805721147587015e-02
3.704885761221800994e-02
3.707999903168608669e-02
3.712623845663598487e-02
3.722578114192188342e-02
3.727313320776751843e-02
3.738593243267763350e-02
3.741938868447675787e-02
3.750784740607894518e-02
3.753291000878340028e-02
3.758776662307176247e-02
3.765497923811882836e-02
3.778314098771230756e-02
3.784901186694664132e-02
3.787446552056476096e-02
3.793138875170005975e-02
3.800423064119366756e-02
3.806563353821643819e-02
3.809844034413915892e-02
3.820990934799278066e-02
3.825262895297071308e-02
3.835259984301757352e-02
3.841983000956086802e-02
3.844354355155669284e-02
3.855869957558925171e-02
3.859606304238899499e-02
3.867648539674754804e-02
3.874396475373419885e-02
3.878193658023585538e-02
3.896006201860185980e-02
3.898119982227919722e-02
3.911772810044693294e-02
3.919178009160039639e-02
3.921431404834361395e-02
3.924451326765598241e-02
3.936027092075726486e-02
3.945730231430186891e-02
3.949474066551179885e-02
3.954817756832984532e-02
3.975265667683232362e-02
3.983437847520501784e-02
3.984411320500341053e-02
3.990704103963171184e-02
4.001047115538512722e-02
4.006649912937219199e-02
4.016789303480016587e-02
4.021435399598202037e-02
4.023843215275289126e-02
4.050282082718174859e-02
4.052333231934392849e-02
4.054920211239893685e-02
4.070628931790299526e-02
4.084846345441293242e-02
4.090014351242575452e-02
4.100238455383246189e-02
4.103119663872095702e-02
4.119519383020860820e-02
4.134610222377270439e-02
4.139454847983208008e-02
4.149614826075911922e-02
4.155004281871819277e-02
4.167567428027742216e-02
4.181452020479559106e-02
4.192783593353538452e-02
4.195053636222832033e-02
4.221235986141080171e-02
4.235251738102745189e-02
4.246610103170157108e-02
4.249911297977496116e-02
4.258347775584674783e-02
4.265952196122010237e-02
4.286068295329686223e-02
4.303642029894419463e-02
4.312317852914045180e-02
4.339405733141024624e-02
4.344759854782281883e-02
4.365110506101863713e-02
4.421240823140680509e-02
