3.224389062275736330e-05
-4.530658007716114683e-05
-1.306191453268141347e-05
1.601066570519829325e-05
-1.859902227961250156e-06
-5.533706816706951198e-05
2.581101192143834487e-05
-2.598656949186459015e-05
1.894412877101596561e-05
4.627515752390964703e-05
3.986603948017550443e-05
-5.797324742184761315e-06
-4.516192446355140222e-05
-4.292314207402980948e-05
1.735756050015775404e-04
1.381398079855689813e-04
-2.227579277420089978e-06
1.404035406304864445e-05
-2.049624784285918760e-04
1.832371768101686324e-04
-5.449907960987800359e-05
-8.985132009932800246e-05
-1.160591548361587951e-04
5.651079911321697671e-05
-6.529484236143199291e-05
2.817696165089180390e-05
6.891697671939979203e-05
6.614941762470079203e-05
-1.548511112544263650e-04
4.464125499552307433e-06
1.674648903111208555e-05
7.681581397655513324e-05
-1.093440385476453024e-04
5.112259512624363740e-05
9.297526443348297386e-05
2.006166585713769013e-05
-2.954977973379010331e-04
1.687891074806039521e-04
1.443234608285498197e-04
1.219530616019749074e-04
-1.509509658169297787e-05
-2.007043227021989960e-05
1.012010671548415112e-04
9.639996026418654984e-05
7.086488616033129022e-05
-4.563246046160049574e-05
1.025569709914554109e-04
5.210305902334330013e-05
6.456916542119571446e-06
8.385877405837396643e-05
1.186348515920977997e-04
-5.192504480753569632e-06
-2.352907559181301593e-05
-3.552332361272564522e-05
2.043591274326933237e-05
4.988767694039328575e-05
-3.682440064116149930e-04
1.481454744296006388e-04
-1.786767666066568794e-04
3.402395520909596660e-05
1.138370656690122757e-04
2.947581216456190937e-05
-6.833559706816895603e-05
7.385957648322230931e-05
1.053455058300847022e-05
1.838466255048940910e-05
-1.334940691056120811e-04
8.268426574796525587e-05
8.519080107982686541e-05
-5.531898057739636170e-05
3.237592604795052899e-05
-1.838128516373009039e-04
-1.688213413667476832e-04
-1.135524115184817257e-04
5.885614150357385970e-05
6.553128946835493226e-05
-3.572568013485584562e-05
7.350178218175094165e-05
3.583414270311537276e-05
-1.517268299772669580e-04
5.377439017782904189e-04
6.129696274981903366e-04
-7.449268197540887503e-04
4.261467053396872330e-04
-2.657509568507550779e-04
-2.872165314398253833e-04
-8.990921531952637835e-05
1.609171213451112572e-05
-4.034276162309480631e-05
-3.712028305399707830e-04
-4.548748490896265396e-05
1.578507431926671990e-04
-1.040372463044861995e-04
-3.842115105359609172e-04
7.312237021874623934e-04
-4.216284089257503671e-04
1.228205562678940993e-04
-8.548584623285851447e-04
5.174074511616327940e-04
-4.338458494270517858e-04
-2.239327364932715986e-04
-1.100292582147989484e-04
-1.862188883611787661e-05
2.867297629080470646e-04
-1.840942595810271542e-04
3.458273677719292784e-04
6.957458126563906406e-05
2.963678124299430530e-04
-2.167052224955716693e-04
-6.023047348087518486e-05
3.907658145971510755e-04
-1.313364459042066969e-04
1.128203680995977870e-05
3.915578508271236585e-04
-1.559064372182628229e-04
-2.423248592435528882e-04
-6.633400941030695224e-04
-1.001573337542682350e-03
8.032475868098436526e-04
1.285700115799684809e-04
1.327122419502561618e-04
-8.104760921989053000e-05
-1.563821125991825224e-04
-6.890080887274816748e-05
3.988732818728991003e-04
-1.617108359541668053e-04
1.521724024800810346e-04
-1.714277400207031468e-04
1.485470178564862406e-04
3.486390548942073782e-04
7.213868930619780689e-04
3.131462264196843660e-04
-1.685835980855489606e-03
-2.869044518913388452e-04
-1.177417399482352355e-04
-2.367841294605593669e-05
-1.064077306669208335e-04
1.925157458411100935e-05
-9.210857136456145078e-05
-2.015879500268560182e-04
-7.335170545475190259e-05
-1.798227893609531756e-04
3.439915869195873466e-04
2.480216513927309494e-04
5.589846689408277522e-04
2.872332745326841488e-04
-5.255808061318431422e-05
4.497495839559916280e-04
2.305876338236139615e-04
-1.093859526455614323e-03
8.754194636153795955e-04
-7.241649673440543741e-04
1.018500477591870873e-03
-3.340726366249338906e-05
-2.095850977816754500e-04
-2.337994631663629311e-04
-4.027861205898153980e-04
-4.132544404771206501e-04
6.418728386024668024e-04
2.861451901083497088e-04
-2.589651115939941889e-04
-1.824025966513011395e-04
6.977466803652678515e-05
-2.678630702445936366e-04
-3.037644161468024432e-04
5.681260303434307454e-04
-1.705879887208874282e-04
-6.554428633895645990e-04
5.283080992851197418e-04
1.409102950863910580e-03
-9.806962447597401215e-04
-8.210312597224042077e-05
-3.288202428283614354e-04
-3.577056237444456248e-04
-1.591714813463456738e-04
1.580293246705022218e-04
-1.324683433291342261e-04
-2.070761979128365852e-04
-1.446000987145683845e-04
1.621167596955909039e-04
-5.207495694597937029e-04
-1.262755944705794178e-04
2.288863639742250307e-04
-1.697957138835991023e-05
6.188798544737280152e-04
-6.707306261244354176e-04
-8.619220145209875944e-04
-3.509107595846486108e-04
1.881828151696088736e-03
-2.259845395283017924e-04
-2.400996612799994473e-04
2.648364825996357740e-04
1.323324334135343977e-04
4.753294150262388825e-05
2.082903260751586545e-04
9.205917328190851338e-06
-4.928263314364595771e-05
7.479617600385843996e-05
9.975831833343748011e-05
2.348818384086393516e-04
-1.969333229720510028e-06
-2.174203357020245710e-04
7.903974616987198391e-05
3.067638982665652869e-04
-5.665571895749335813e-05
6.571272349564667703e-05
5.149785856627356220e-05
-5.621947966609399939e-05
1.008020867062710979e-04
-4.454314649145606397e-07
4.280265068501491700e-05
3.320296013812215276e-06
-1.205552187616722566e-04
-6.332891221635007924e-05
1.547448227735156404e-04
-9.384646743450693261e-06
8.914098868397203016e-05
-6.327794495337705940e-06
-8.624839466406292361e-05
-8.650240801167566709e-05
2.164823721276414915e-04
-4.290214660088349186e-06
-1.722327293370611771e-04
4.394461459901295654e-05
1.153708716399890833e-04
3.090360684034641813e-05
-2.836432721754369478e-05
5.565744933079226560e-05
-2.917189181977712078e-05
2.645337102350875489e-04
-6.986293069988478474e-05
5.727589105635354954e-05
1.039583637777028358e-04
-1.126183360559869235e-04
1.010044495722933170e-04
-3.941677692678250680e-04
1.342591870996533328e-04
6.796344593648802595e-05
-1.041463413057066401e-04
7.395655896125395896e-06
-2.061515133590044406e-05
4.219352020489607378e-05
7.487153523316392363e-05
6.436264076704262054e-05
2.029340571566129578e-04
-1.700060133492066396e-04
-2.581020545912510243e-04
9.444377767339329612e-05
3.645334052171244504e-04
8.235595824591071437e-05
-2.774145105385765540e-04
2.925668374914028221e-06
-9.538511637714223936e-05
-5.450215208930013922e-04
1.427544188174369850e-04
8.740186637822964144e-05
8.318616210247438739e-05
-1.233921771219463961e-04
1.060641365947500707e-04
7.055807151366696127e-05
-4.399382884446851986e-05
2.187992214867291751e-04
1.476075158185214797e-04
-1.509176323371300913e-04
1.326145496654611788e-04
4.070310826454028095e-04
1.888748790842225518e-04
4.112134246450325787e-04
1.755737408324749499e-04
-7.944374609709482316e-05
-6.078473112943234580e-05
-1.721585568606092743e-04
-2.687191909345514810e-04
1.488990734178460471e-05
-2.370515660391379019e-04
3.225119399062247527e-05
-5.656238385296954460e-07
-8.899721682829162439e-05
2.470286601107257317e-04
1.114678070069229792e-04
5.401234883290131775e-04
4.313632350552449451e-04
-4.982857791766693700e-04
5.304875360426708139e-04
2.808322595436106879e-05
-2.220210173378052443e-04
-4.504324863951537136e-05
1.377050627916450495e-04
-6.049523605887395495e-05
5.823586820083952306e-04
-1.282204232609813197e-04
6.384327879949182067e-04
5.291562200463018452e-04
3.992338240669904314e-05
-3.852821018161818167e-04
2.839250039307679593e-04
3.552374393015737971e-04
-3.365324232084991791e-04
5.864866604708943339e-04
-7.246828044364300508e-04
6.259145664263108958e-04
-3.981404037467585802e-04
-1.911018425532696650e-04
6.145843645849539657e-04
5.296762452965612499e-04
8.295168709139083508e-04
8.041410328377387377e-05
-2.987667057125549140e-04
-1.638962278604432160e-03
1.955150081832456130e-04
-2.982748010202994717e-04
-8.061829727810560799e-05
-1.047537356098406509e-04
-1.922691288399893078e-04
-4.786062169601085345e-04
2.148135739766083533e-04
-1.508793815268149186e-04
8.596201507063828788e-04
-4.146905313403232503e-04
8.468665367498167318e-04
1.096491741501396554e-04
5.503958140234589550e-04
-1.882661522416046070e-03
-1.113862895445162215e-03
9.904169300095531589e-05
1.822220022879716831e-04
-2.884995531585156868e-04
1.426224237787988814e-04
-2.846771292389546062e-04
-5.058048961157726752e-05
-5.228268639470889164e-05
-1.372253032191898705e-04
4.827612222504592420e-05
-1.545241811287289451e-04
-2.845557136090541407e-05
9.855697444720980867e-05
6.565481701393039208e-05
-1.748608864762828314e-04
-2.070066655125067602e-04
-6.132702865320563976e-04
-2.858232307587309077e-04
2.477492974781066713e-04
4.786000485212895577e-04
-6.908878686355579600e-04
-1.812073784016467019e-04
-4.628289920726817030e-05
3.188235147788566606e-05
2.345754789805380627e-04
8.432867265358094363e-05
-2.656955773142500991e-04
2.740854649839513763e-05
-7.890615264085692408e-05
-2.928444990424480484e-04
-1.896419825486849874e-04
6.233347689792703619e-04
1.962139280875180650e-04
-1.036542507341932623e-04
-7.541097095480603753e-04
3.285405771276119174e-04
4.421606822519950198e-05
-3.712380832141915448e-05
-5.743495371051462740e-05
-1.533018911551856098e-05
4.968742318957436015e-05
-2.418797092871711443e-04
3.312966876587602506e-05
-1.408358782502705389e-04
9.996901760908573006e-05
-3.055096564125143284e-04
3.929668525881027837e-05
1.974039476681659121e-04
3.608084621211723330e-06
1.634836100345225915e-04
2.468058602790639748e-04
-2.261212079384181716e-05
-7.405335183057420003e-05
-1.253967898211635261e-04
1.136739630463287940e-04
3.455328173210869065e-05
2.018389305068721577e-04
1.055178467211699707e-04
2.233499036244942468e-05
1.332714400934346412e-04
-3.447030368992046352e-04
3.894558792166978502e-04
-9.104995250303095909e-05
-3.822131986010812266e-04
-5.688980196630283401e-04
1.481112664157067482e-04
1.548659554499076836e-04
-3.808770255533726952e-06
-1.396939859285760638e-04
2.422140817333110326e-05
-8.535953859508024473e-05
-3.164611021586184562e-04
-4.758119041752608964e-04
5.185278504690870455e-04
-3.054455309165614978e-06
1.462193582438097838e-04
1.999958380899551677e-04
6.179936380545736710e-05
-8.584947414801609455e-05
6.375146345258030165e-05
-9.493230517714507512e-05
-1.399344369992800026e-04
4.141264816317867113e-04
6.138696451516521672e-05
-6.418621980131939645e-05
1.646402450809791613e-04
-1.893094233409802721e-04
4.529392564079377098e-04
-5.483884797493858426e-05
-3.693356015806197783e-04
-8.111223525874005236e-04
-9.236293215015814906e-05
-1.374098101194436540e-04
-8.840102314009740537e-05
-1.150634503464580751e-04
-1.552350163778627842e-04
3.678490801434573625e-04
5.552105389840332456e-05
-2.104472688086670568e-04
-2.619470989538014833e-04
1.867225264153477059e-04
-8.782059344246456907e-04
4.201341712427607614e-04
-2.198920577745415809e-07
-6.664700124071364692e-04
-1.451842022266543652e-04
-1.220751744836543525e-03
-9.213776372677083548e-04
-1.094062619154138796e-03
-6.492872089355740482e-04
-1.411702791185101731e-03
2.575802962593455508e-05
3.163551300500913447e-04
7.947753653179849347e-05
1.921906572251943666e-04
2.307150535685920697e-04
-1.087885995792706448e-05
9.316814927113474564e-05
2.688880636472093066e-05
7.571984762816690620e-06
-2.379281752245613311e-04
2.504965154011944964e-04
-2.519351791108212328e-04
-4.933009035710308327e-04
-1.474538055667223228e-04
8.493279890721466753e-05
3.367276607362773675e-05
-1.122009416281677624e-04
-1.057727800613027052e-04
3.001021212596195677e-05
3.464742373329316583e-05
7.612061821112089824e-04
-5.139947864165821763e-04
1.372372137204068377e-04
-3.081822740389886565e-04
1.930016169672511502e-04
1.496315039027424536e-04
1.643777303909319822e-04
7.251463493576014137e-05
1.146959385010983131e-04
1.371696691814953733e-04
-6.259343267786498762e-05
1.229236905928950325e-04
3.751337305307346341e-04
7.519726488498505875e-05
-3.503011020644626410e-04
