1.035386576670200968e-05
-9.186928132128091096e-05
-1.951227761355938837e-04
-6.312466750265247521e-06
-2.605359052589646847e-05
-2.166457929616892074e-05
-4.577578002672240718e-05
9.631742167909700475e-06
-5.746359971077330536e-05
1.394203041111033279e-05
-6.256999643348741481e-05
-4.502896031200231871e-05
-3.615259836687350134e-05
2.667907578002716763e-05
-1.314120883713984370e-04
-1.094855405106292553e-04
2.139207325889961784e-04
-1.781528131869741089e-04
-1.558896036737051651e-04
1.660349253519715783e-04
-2.256537724891464103e-04
-4.400957873491162368e-04
1.642986508612890228e-04
-8.873373735207858398e-05
1.171993606491152952e-04
9.969692988389472694e-05
-1.026610961939685470e-04
1.065383556100877452e-06
-3.277163539742139990e-05
-1.610088189535641167e-04
1.775581828028366936e-05
-8.513644415695311189e-05
-4.317646082040269180e-05
-6.989317790785081478e-06
7.082205443171421598e-05
-3.261897152566665069e-04
-2.297451018345379845e-04
-1.697976897959152531e-04
-2.453597449566832073e-04
-4.936317308112916273e-05
3.108704137389335046e-04
1.508098751501530689e-04
-2.872749367107795405e-04
1.650416471716397723e-05
-1.131561945959936688e-04
1.438351559522193265e-04
1.580506093697814612e-04
-6.874718355756369119e-05
9.135523898972347349e-05
-9.336928412398082258e-06
-1.152591366671629132e-04
7.495435524927671967e-05
-2.505190908267562771e-05
7.847673073353860526e-05
-9.091088996716591630e-05
1.963033883354729846e-04
1.215091431896106591e-04
-5.916107252998237260e-06
1.228437220296517277e-04
8.654588341526382592e-05
-1.149171254135707578e-07
6.382251906155231172e-05
-7.403094722151606129e-05
-8.585631090587104801e-05
-1.806594127399193696e-04
-4.925848026175487157e-04
3.180624108319590336e-04
-1.574625869261885903e-04
-2.991529334486572487e-04
1.820372936154542143e-05
2.522303481133907567e-05
8.552266277596422294e-05
-5.518742462316448915e-05
-5.479847820714358139e-05
2.891093170290104109e-05
-5.084078692955730516e-05
-1.019349953376355442e-04
4.452240851453840480e-05
4.803015318284045181e-06
1.660301702911563034e-03
9.085324782196065822e-04
-1.935457880546029286e-04
-1.511225540556443078e-03
-1.162986076324139468e-03
-1.829884729993568623e-04
1.463452114520038276e-05
-1.569601801542362164e-04
-8.379823850295649269e-05
7.556808100999095733e-05
2.368469499316161442e-04
-1.327423747310654703e-04
6.658098309137828552e-05
1.308929143435071238e-04
-2.424940293283814655e-04
-4.780893858352343773e-04
6.710968514434586263e-07
-1.524560012373576447e-03
3.742367800672628049e-04
7.420440660932227719e-04
3.071901207857333487e-04
1.126935892460526186e-03
-1.632598704428950254e-04
-1.317550200186288730e-04
-2.599042283148793558e-04
-1.328805249906818290e-04
-2.573949198909127197e-04
-8.310371673253234023e-05
-4.784275494360166678e-04
6.616002338877415663e-04
-1.097540910929241446e-04
-2.683257104584179297e-04
6.247880249086575294e-04
-4.114249172295705859e-04
5.452773030676520737e-04
2.623008767099490289e-04
7.018143735531587150e-04
-5.997288413546467611e-04
-1.680730665980602863e-05
-2.559105713160965173e-04
-1.758795936243833609e-04
-4.324838630913944689e-04
3.682509198199855117e-04
-3.512814699711193671e-04
3.605947281598902913e-04
-1.089876924835814090e-03
8.112493324452427733e-04
-4.630542605148402929e-04
-4.987300993949809243e-04
-1.031980589274507712e-03
2.829697364388649621e-04
-1.108205797473693871e-04
-4.354460537308492288e-04
4.403726968924380892e-04
4.195472687517011099e-04
-1.906201325045966651e-04
-4.710370115072021430e-04
2.896076651149936737e-04
-2.039633703727214366e-04
-3.074098892659714853e-04
1.756821368151742643e-04
2.705028915709054211e-04
6.950798308576699135e-05
9.615343342958500078e-05
1.961161233552654324e-04
-9.610360428881095055e-05
2.146990079835351913e-05
-1.018552917082343973e-04
2.582934799488138615e-04
8.191455691042924645e-05
-7.841292959579500418e-04
1.466679821326123895e-03
1.242556865885743010e-03
-6.932630696526322469e-04
-5.869987594623042766e-04
2.261038439026945919e-04
5.991417197408732123e-04
-1.160310656028041036e-03
-6.287998268750190660e-04
-5.497530737138333701e-04
-7.570929915435937671e-04
-5.878878966682304062e-05
2.316123065729793688e-04
-1.475091874725992901e-05
6.347390986386984959e-04
-2.975207894846777302e-04
1.627980471442004042e-04
6.636276711085103107e-04
2.087001492637457903e-04
-3.345665487012565854e-04
-5.296874031444977508e-04
3.502360975684884708e-04
6.066140887616831194e-04
1.052158462868687638e-04
-4.634990823229208075e-04
-4.059518409276315553e-04
-5.219280216427402201e-06
6.692255352847522503e-04
3.938460904720421808e-04
-2.681444048652336233e-04
2.348696708672417133e-03
3.894685900879541591e-04
6.113049580456312313e-04
1.159384084503978316e-03
-1.601600664713749382e-04
-2.059595950347042871e-04
2.090726986936160183e-04
-4.409783011361415408e-04
1.417307273104667219e-04
-2.365474852631229894e-04
-7.552589154112260403e-05
-3.292681341491412235e-05
1.078777199983690146e-04
2.794604342043641252e-04
-7.133462108501345631e-04
5.094610655436375814e-05
7.987525522742428160e-05
-4.853651873217849271e-06
-4.397287420516641224e-05
4.578671662282063289e-05
9.780770618829285441e-05
-3.445526174511304575e-04
-1.968934142928349695e-04
-7.297812102897299497e-05
-4.355812198231273820e-05
-8.601824550592559549e-06
-1.181229512432706134e-04
8.168845561349381303e-05
-8.820907609060250974e-05
-9.787154833593263430e-05
-1.531021123417980944e-04
-1.147402881922179223e-04
-1.258382108548865806e-04
-1.199329243217715373e-04
1.486830180696224713e-04
8.060677958935583262e-05
9.252893264113812516e-05
-1.460423824211155082e-04
1.274711860889877113e-04
-3.266039479061671097e-05
-1.282118180832269032e-04
9.191687233216566861e-05
1.075564281596349826e-04
1.420328732803778052e-04
-6.698537426462078338e-05
-1.635459370998030226e-04
6.445806075599222246e-05
1.395567003056157333e-04
-1.289873706265962571e-04
-5.924715218409403865e-05
-9.821991693955067152e-05
-1.770232983124132126e-04
-2.110894299558147642e-04
-9.515956554182357829e-05
-9.709377898878572208e-05
7.545540731636382603e-05
-5.190958508904076831e-05
-1.372723449820266961e-05
6.193943714791293848e-05
1.184102693225862457e-04
2.437761561436297422e-05
-1.284873449963082462e-05
-7.896220582942038246e-05
4.501434556035487502e-06
2.372466748867991742e-05
2.788852360352714983e-04
-6.218839707357017238e-05
5.960738086278651986e-05
-1.969391185080115970e-04
-1.970855425853670925e-05
1.370486271739489983e-04
5.539367819500714534e-07
-1.526992463892381776e-04
9.619404751963814802e-05
-4.234515967696967373e-06
3.604041670511799641e-05
1.079430701941549249e-04
-1.255873090574898617e-04
7.363496309309726351e-05
-1.471581665758966745e-04
8.963114785785120293e-05
7.336089337035947610e-05
4.306296573187110173e-05
-9.260497761313654446e-05
5.567412965268249327e-05
-1.032069553701235078e-04
7.389770900057605039e-05
-1.293818621233105396e-04
1.039096502171310435e-04
-2.344278746854393841e-05
-1.061397242934261875e-04
-7.407885196964600024e-05
-7.999688547553286048e-05
4.269711513417415497e-05
-6.005680805710252208e-05
-1.416296832782817147e-04
7.054432315881876679e-06
-3.083108183950252043e-04
-1.046449309597625635e-04
-1.575032511935395469e-04
-4.503854840388251806e-05
2.686230119695411144e-05
9.386336826379760906e-05
-2.810728262137481015e-05
1.071146107566173640e-04
7.062893750357638646e-05
-4.184359378468347661e-05
-1.106604451739274973e-05
-1.713476789493262694e-05
1.087504770598947488e-04
5.380990817106029098e-04
3.110557600815735502e-04
2.850785659051948162e-06
1.677126725451634232e-04
-6.314985243247246737e-04
-4.071802610191537614e-04
5.194755323780176834e-04
6.488920673858124591e-05
5.076352726804652174e-04
-3.890992944345327540e-04
5.857394970096299006e-04
1.733748474226316436e-04
5.339763942113883843e-04
-5.891529159564852058e-05
9.924795814749176094e-05
3.136651753185006291e-04
7.275310448521080412e-04
-1.514921125170967198e-04
-8.778359819257912605e-05
1.072025603669243821e-03
4.852960032376204278e-04
-2.560038962879997463e-04
1.968408128651994327e-04
-8.151523323295383231e-05
2.368728731197384607e-04
8.959311375329325096e-04
-1.463112333218027851e-04
7.907648068105673639e-04
1.435846886538966541e-03
-6.824390889308421448e-04
-1.231664404776037385e-04
-1.589008041491709580e-04
4.312943877883055168e-04
1.295087890238688319e-04
3.823489255348371581e-04
-2.487947666833872310e-04
4.097002763354429559e-04
7.336529490877384692e-05
-3.282448131805163421e-05
-1.060328111681854821e-04
-5.761110654582973659e-05
-2.086362225850920402e-04
-4.027570012754768552e-04
-2.482518180198216041e-05
3.662721193399760583e-04
-4.412877040032546776e-04
-1.715861820587958480e-04
1.451142485506250212e-04
-2.514021275209791443e-04
2.172354709703334821e-04
1.824610722491420533e-04
-2.556214905857409061e-04
-2.639066391202670218e-04
2.873486483348028234e-04
1.047486550813590112e-04
-7.907318623389329021e-05
-3.722893291353449952e-04
4.454794898502471655e-05
4.680796341876079889e-05
3.539748938690943122e-04
3.590184375092733411e-04
-2.771324011316384601e-04
8.116764435936214698e-04
-6.792918523679612047e-04
5.352383760987460600e-04
2.484017195309250040e-04
4.039869034682814613e-06
-1.179455769646188187e-04
-3.092041348555444181e-04
1.780370233312712545e-06
3.379905504300578372e-05
2.557576208442493399e-04
-1.586275313426794339e-04
-9.491674247224137341e-05
2.508987490591326418e-04
-3.394649565191120729e-05
-2.965327458209806710e-04
-1.974298763321678525e-04
-1.556480984419359836e-04
-2.333426700370284002e-04
-1.986147764671656354e-05
4.524975257065534857e-04
-6.141391642052064724e-06
-8.327307999151836021e-05
-2.220190785447123498e-04
3.606871736483322697e-05
2.507008511582974573e-04
-2.203741021976040183e-04
-2.988512064261788733e-05
-7.899982682499163535e-06
-5.481085740617229127e-04
1.170748651031007932e-04
-5.249074174179863868e-05
7.744600105775579623e-04
-4.590387203597313297e-04
2.080183806000749204e-05
5.001821995200814116e-06
-5.958927096515545947e-05
-9.278757757877167977e-05
1.209652506004970914e-04
2.281714227467553752e-04
1.231405360451342146e-04
4.599132030224874623e-06
-4.212771555088932503e-05
1.021817740205083620e-04
-2.418030443691820909e-04
3.412447199070816890e-04
-1.313642305316269890e-04
3.427425702884755610e-04
7.823464973909265759e-05
1.075593537721655790e-04
-1.041541845241028991e-04
2.142799835399396768e-04
1.497424779781368207e-05
3.148369063990775173e-04
-4.621337165048850881e-04
5.999641697040400228e-04
2.963919670990941750e-05
2.816649020873899134e-04
-2.359431970697045634e-04
1.300025866354921297e-04
1.946463277303878375e-04
1.218583252805952358e-04
-9.945593897601428103e-05
-9.864006872167128861e-05
-9.754273626623195109e-05
1.048540017683520758e-04
-1.298213796479610238e-05
1.114927992830557255e-04
-6.528982111444414313e-05
2.883092459201273003e-04
-5.157092841211771521e-05
-1.961118352386451402e-05
7.452413736174943668e-05
-4.459434607864699569e-05
-1.391225150173339424e-04
-8.379152715145521640e-05
-2.435375329586282351e-04
-5.013532121850262317e-04
-7.353039057862322371e-04
1.853378270803185575e-04
-1.318894685758459275e-04
-6.202717861034241201e-05
-3.954986434252835394e-05
-7.291700576927015952e-05
1.047401662500579132e-04
-2.672856435706500594e-05
-2.065448436867631319e-04
-4.427774070855028458e-05
-8.466358496660529164e-05
3.860089139692517027e-04
1.649922647009284212e-04
3.902487807629101361e-06
1.627766742977671465e-04
5.774860830073177010e-04
7.689068758488398520e-05
1.314351669508248327e-04
1.888878693495346845e-04
1.254486033127363398e-04
-6.865361941981972514e-05
-9.033536993133321454e-05
-1.669673123809420931e-04
-4.129848451166810111e-05
-7.791519971305662412e-07
1.034789907518652609e-04
1.794406090263856140e-04
-2.783061375612358142e-04
-7.436608417377004203e-04
2.685393073134612844e-04
2.741643936961668938e-04
3.845474355026971673e-05
1.958549231256093723e-04
1.231619764874899298e-04
-6.157889896253140763e-05
4.497984436819450304e-04
4.804611864330794708e-05
-3.782662934328095310e-05
-1.429399887575891453e-04
-2.389480198333607938e-05
-3.515426886116140495e-05
