-7.136171075189633997e-05
1.269908921829716007e-05
5.477705940824813784e-05
1.869334619419839194e-05
-3.302086841969160407e-06
-4.290655617798163230e-05
1.643864760239720522e-05
1.550339747030428305e-05
-1.356103664050112183e-05
1.996498640458582713e-05
1.969959670295222208e-05
2.829388610526854433e-06
2.854884656647274082e-05
-1.326585407837582003e-05
-2.935070878671126003e-04
2.502880080089588252e-04
-3.738661636276600204e-04
1.140232758142134442e-04
2.733684968243126022e-05
-1.940837957862504590e-04
-2.560392559528339661e-04
2.724432411390838868e-04
-8.544305512958763442e-04
-7.798675486991956231e-04
-2.563032958259116073e-04
2.201399927005163741e-05
-7.271810103796340309e-04
-3.599658323756328975e-04
-4.678350232591804931e-04
2.622595374676449181e-04
-1.168006925674952893e-04
1.345770993923810536e-04
-2.893251096206628605e-04
-3.926619502993904348e-04
1.957253144527352703e-03
-1.928130008945916178e-03
7.734989597046864479e-04
-1.264378560649925603e-03
1.923309312321510450e-03
2.228681959197594551e-04
-3.235383277151005583e-04
4.209021570921386303e-04
8.777107345359344342e-04
-6.434526456499955766e-04
-6.152591262665822042e-04
-2.166205353662921742e-04
-3.510838501303240738e-04
-1.510508848323910446e-04
5.032292499646682973e-05
-8.223166694048641328e-04
2.702179467668708529e-04
-5.712754531131473664e-04
6.992217239910150130e-04
-8.865117318056199916e-04
-1.173439275605057518e-03
-9.358139520051145721e-04
-5.645068858430279382e-04
-1.352560704314555021e-04
-4.485228654599196854e-04
-2.587854812299556612e-04
2.820469564678088612e-04
6.587899518546773371e-04
2.928637484296817053e-04
-5.281877958248814208e-04
-5.979219220684455600e-05
-1.440000082018655684e-04
-2.949186816309661593e-04
2.352517381780211381e-04
1.585967319201506511e-04
6.062262088997410038e-04
-7.515957249212792306e-04
8.999222081121761949e-04
2.549057592071214727e-04
9.948734663711798071e-04
2.041723156692469500e-04
-1.614143655149662181e-04
-4.091615488845947932e-04
3.141819883873379232e-04
-3.135714883914159697e-04
2.097714689619343029e-05
-6.000546314020711283e-05
6.068334863290781597e-05
5.973973897427091342e-05
-3.240542469142930731e-05
-1.091513257351243787e-04
4.599084207616625471e-05
6.349057410761836889e-05
6.935575353241047608e-05
-8.584691013563829998e-05
5.499342867904489162e-05
8.440386480771935797e-05
-1.847599943772933537e-05
-1.096763665107642818e-04
-4.265303725488298905e-05
-1.874070083499756079e-04
-1.187468096134597199e-04
-5.795750876044119142e-06
3.979357295031358817e-04
2.783037213745506787e-04
2.370675518094361560e-04
-8.240344155941578476e-05
-5.680466673519382257e-05
-1.352374728015932794e-05
-4.499590253166719150e-05
7.558871804400085380e-05
5.039540071693345908e-05
6.381667315025721539e-05
8.550003521657703135e-06
-1.750246938426511161e-05
2.760829435124751907e-05
3.917929084437234095e-05
-5.812788448878435934e-05
-2.115290763186803661e-04
-1.438286457856186712e-04
-7.749232835704731811e-05
6.255002915952402750e-05
2.138658704002295520e-04
1.887082906140355454e-05
-4.549994155637202272e-06
1.363663247738779725e-04
8.214025667625747453e-05
1.643691005562612458e-04
-6.731780241348990740e-05
-1.233001314151533788e-04
2.599179191253938147e-05
-4.528832305808910716e-05
1.922908995323958467e-05
4.822471835503172041e-05
3.012051389273683890e-05
6.829957200834446294e-05
-8.500722851197262724e-06
2.271959804782826728e-05
7.051703214611972602e-05
1.494919881619246238e-04
-3.365897045176335077e-05
6.801297734325854123e-05
-2.206468391338994796e-04
-8.734291272836821858e-05
9.814147377703853037e-06
-6.800214638032094072e-05
-1.964775048767346537e-04
1.567173730551338058e-04
-2.007763273872450300e-04
-1.943936128071601667e-04
-1.613522103657588798e-04
-1.263181145146949466e-04
1.228088394549707802e-04
-9.848497065585483390e-05
-2.363703081654541078e-04
-1.421625262343608679e-04
8.512019420691657300e-04
3.549286176605898302e-05
-5.130914097363580397e-04
6.338562772556064102e-04
-1.508189363384957436e-04
-1.293847263135636477e-04
3.475184420436799827e-05
-1.288035781776010989e-04
-6.149907035540570733e-05
-3.764726228615550269e-05
-4.332818332981152579e-05
-2.425171207182943720e-05
-8.411295054208563205e-05
-6.756819688587126834e-05
-4.556681602734605208e-04
4.365144486467116753e-04
5.401273120337493850e-05
-3.252257501639143353e-04
5.772803663375351791e-04
-9.825152429421864090e-05
3.696308346594078019e-04
1.324470470325820671e-04
-7.648069869873038931e-06
2.766929655277831999e-04
-8.545876868090441754e-05
1.152862878034025364e-04
5.907505557669764197e-05
1.113269304342455164e-04
1.396475320943093006e-04
5.644943807198558893e-05
5.633673934447737855e-07
-2.925141724898479851e-05
-1.352281073380218701e-05
3.021992175324106616e-05
-7.821348091426512134e-05
-9.279866415991723657e-05
2.107199514136153440e-04
-3.353567151475772307e-05
-3.072979203261485648e-04
-9.188708190382211319e-05
-5.830903427567910377e-05
-9.222990947251387438e-05
-4.421236362072022719e-05
-2.264159971403098223e-04
1.168204536340128368e-04
2.009029805207582101e-04
-4.034407662994244140e-05
1.148711034927807703e-04
1.740377821710536890e-04
2.249538130726509678e-04
-1.908624487227505019e-04
9.046938033891440897e-04
4.665020912530921460e-04
2.340534064943110206e-04
-9.633754590831862386e-06
3.604624890886583592e-05
-5.793376442605456792e-06
1.708735458619290782e-04
-2.593403220089562228e-04
2.136968636287916177e-05
-1.182375762896569588e-04
-1.920123573752519812e-04
3.082140115044542365e-05
-1.493506828934151810e-04
1.198457913233236016e-04
-9.465574251061266671e-07
2.859331344250892119e-04
-1.914446596098278634e-04
5.626830826936093585e-05
8.129449848695173347e-05
-1.583634565072947293e-05
-1.417633831665274691e-04
4.984829198582855321e-04
-3.015561212544739340e-04
8.787463396248779092e-05
5.492830465038637862e-07
1.997794421653413481e-05
-2.538215946862263641e-04
2.950454096055537580e-04
-1.573644656904034009e-04
-2.484070677282728483e-05
9.785946649614620896e-05
9.120715292824334763e-05
-1.552461684183756310e-05
-2.624543903731607901e-04
2.960509269634257362e-04
-1.258871535665678917e-04
-2.624891385029722479e-04
6.953445379582967806e-05
-9.163097317641545863e-05
-2.295256683168028951e-04
1.287997806415950382e-04
1.575862125874428804e-04
7.938453473806399326e-05
-2.174089019107785945e-05
-2.458716553238730657e-04
-6.872458517810762927e-04
-4.555054089525671060e-04
-3.086530720733011448e-04
-4.972012899703349195e-05
3.086903179997515048e-04
-1.498925634425605602e-04
9.058826728711256234e-05
2.163838005879866432e-04
-9.427523916915818002e-05
2.500199916251405816e-05
-6.423332305475256548e-05
1.030636320929693956e-04
7.096749463660158893e-05
-5.729708534396249172e-05
3.048128838536381816e-04
8.506029108482409328e-05
-3.114315723828891668e-04
3.337518065392544066e-04
1.344483181601581695e-04
-2.072447397387237097e-04
5.097915401761631568e-05
-1.755397225841708031e-04
-2.709304085587242424e-04
1.070420676102211015e-04
-2.874710131824317351e-04
-1.396110549266212190e-06
-1.851814953721946815e-05
-2.177195212025444552e-04
-8.406549632195848274e-05
-1.437273374562018520e-05
-3.602158393559761547e-05
-1.658711940894568186e-05
-7.838527810334444646e-05
-1.696868574143115555e-05
5.253945879085942215e-05
8.621261143550503099e-05
1.328090780397255693e-04
2.565107033870537298e-04
2.553905114521156641e-04
1.891139025840309019e-05
-3.453305722637040097e-05
2.145226209627113759e-04
-1.202859990050636957e-04
5.851965440512315415e-04
-4.035263752299367746e-04
9.577515579283715113e-05
4.789033665683955707e-04
-1.336132948731807817e-03
-3.029852584715573356e-04
-2.327161204733389050e-04
-3.503675521801126978e-04
-3.902949204504713903e-04
1.393008106745921505e-04
1.132115824658383191e-03
7.433057928363874566e-04
-5.018242309765050648e-04
-3.579005703517850866e-04
6.275614563282165374e-04
4.130121652963957479e-04
5.831458516617578011e-04
-4.082140263105843181e-05
1.116088170042715258e-03
8.445514255925163868e-05
-2.038051213546849725e-04
3.064797454852857708e-04
8.569718066269173783e-04
-6.174765191291505233e-04
-6.446671993427988048e-04
-4.497080164286001774e-04
4.004695538325420058e-05
1.207618013270681141e-04
-2.032218601885620469e-04
8.977826322626998416e-05
9.404361779816472217e-04
2.882256997651505277e-04
1.493594130477946588e-03
-2.669102267756667444e-04
7.693376256647630916e-04
-1.591546745900117006e-04
6.778455245505682911e-04
7.370554436527821784e-04
5.460070533106687512e-04
-1.363803680296103054e-04
-1.987999120049915787e-05
-1.349578795373600464e-04
-1.155778088877134512e-04
-1.418273926589611142e-04
5.692110327182053783e-05
7.805613220233031339e-05
3.036212204250146791e-04
-4.189402561674422632e-04
-1.438666752431505663e-05
-2.165306345083129857e-04
4.295634673307340543e-04
2.984484324284217239e-04
1.957201299330410006e-05
7.865043423371622430e-04
9.269354024007882970e-04
-3.090471546185169076e-05
-3.960374212891463666e-05
-3.711045313981355944e-04
-2.397209014268683862e-04
-2.593649673863258768e-04
2.222394242783451478e-04
-1.719980296788861684e-04
-1.162880472702674075e-04
3.824245061568260027e-04
5.060141933221361151e-05
6.743090460847656672e-04
-3.323175692226068719e-04
-5.837954626599705732e-04
5.068832675300786756e-04
-2.097372306471111323e-05
-1.366905111965250729e-04
-3.217702580942581820e-04
-1.852474910939982142e-04
4.870129347628225039e-05
-1.299908547701885699e-04
1.374459461931859050e-04
-6.325003947474863047e-05
-9.177668640038559632e-05
6.339624679414367515e-05
4.340457406699631829e-05
-1.503440303857890006e-04
-1.591156858350810659e-04
6.330339099678368355e-05
-8.880066176074439822e-06
-2.185114570543880794e-04
-1.171710206093196641e-04
3.605046174668528246e-05
7.660442964242455684e-05
-9.335871709760123918e-05
-1.379562102430123766e-04
-1.054142508533473623e-04
4.781421741922631296e-05
-3.298793754676178434e-05
-9.056557373162748496e-05
5.291588644931291053e-05
2.427884761127628425e-04
-4.903342214369422401e-05
1.854119641541360434e-05
1.770012584302096134e-04
-1.774751500174487850e-04
-1.347357368509005573e-04
-3.450008161048108700e-05
8.246545920750079136e-05
-1.351335964749544050e-05
2.302479014694949104e-04
3.208039030090321171e-04
5.739394996905212553e-04
-3.470507705882491410e-04
-1.771042754806236952e-04
-4.877826370397460136e-04
2.893158065527686416e-04
1.015883038126096089e-04
3.211566345106890122e-04
5.569114438163312282e-04
-3.658771321914728496e-04
-3.164030712044878214e-04
2.285088023629908217e-05
-1.748211623467424663e-04
6.352816806295415187e-06
3.489534296012372299e-07
2.380629973396912328e-04
1.924879971802237043e-04
-4.015899278673198632e-04
4.953174865955057519e-04
2.624232950140767168e-04
-1.493667087285779742e-04
1.716411814995343066e-04
7.641688747529738789e-05
-1.077799554434531000e-04
-2.790829573602704818e-05
-3.775142409621592065e-04
-2.582569666463355694e-04
-6.838077297649657223e-04
-3.617202096858516350e-04
2.203432900195476715e-04
1.172722805724963187e-04
9.825017056669540063e-05
-1.369255920708928906e-04
1.069873759428900700e-04
-2.618559831531038157e-04
-2.653799061532087240e-04
-5.301532601453861401e-04
7.365011152219053418e-04
8.269592816410562561e-05
3.296128170557050094e-04
-4.535564638804633173e-04
1.772870660041996765e-04
-3.607914939906555190e-05
2.392682951558766278e-04
1.045723806730451399e-05
2.582392346577536829e-04
1.117061386228515102e-05
-1.284600337372965122e-04
1.309038880239406536e-04
1.083406329630594035e-04
-4.209733599155050560e-04
3.641676333461145248e-04
6.355111838023899012e-05
-1.279726962812688753e-04
3.767424766845937537e-05
-4.361523917448344146e-04
1.761779510049110145e-04
-7.982080434574340339e-05
2.093647338648259196e-04
-3.662721051719744475e-05
-6.468343352789692141e-05
8.580275739994961846e-05
1.286725865201413610e-05
2.912966072410059842e-04
8.208837220173392888e-05
-4.364923738709166825e-05
1.841344758013356098e-04
-5.100711540157233952e-05
-8.198237826460922631e-05
-6.177438604876238338e-05
1.453139860584671606e-04
-2.987570042932510567e-04
8.530500283274883040e-05
4.852003107294007361e-04
4.282288087697331039e-05
