-2.200892123454526903e-05
-8.551495510730952045e-05
-2.377252679963210696e-05
-3.828992333131963803e-05
4.591675109799526084e-05
-3.692962407235037486e-05
5.447361369622335435e-05
8.011238387705646620e-05
-4.411196557560204373e-05
-1.202125437716175406e-05
3.716978350657763365e-05
9.464163583132582686e-05
-6.219987227004243733e-06
-8.681066810244214798e-05
3.543491382534650507e-04
1.074095150267572184e-04
2.564186588354693723e-04
-1.086824474397747663e-04
-2.271885574564288038e-04
-2.082916348140486265e-05
7.606729603535347134e-06
4.860747275984794946e-05
-2.084977530938280819e-04
1.684726122446766102e-04
1.106541227834633567e-04
4.113224160286598082e-05
1.120067197927725196e-05
-1.294489477366306816e-04
6.252618069943291924e-05
3.570942978869352455e-04
8.501178823661571153e-05
-3.269748255505574436e-04
-2.313338683140714585e-04
1.660953297983576514e-05
-1.587915727017600979e-04
-1.067642268267149456e-04
-1.047584781928732948e-04
-2.338652487519439949e-04
3.561236573221958520e-05
4.854900928727026028e-06
3.257740202491056438e-05
-6.730211230235014195e-06
-1.009906711655991654e-04
2.158476428842197450e-06
-1.558877670577319817e-04
-2.020880663004871887e-05
4.951264666504987357e-06
-6.429068906634019726e-05
-5.862226274315893761e-05
-1.106434439189734234e-05
3.107325814924572459e-04
-2.569214147154635377e-04
5.034167101418588570e-04
-2.422412877901416529e-04
-6.882459805271366521e-05
-1.351729728634915953e-05
1.270573837128223397e-04
8.472784284568184198e-05
-9.235961270731080563e-05
2.184883646191476995e-04
-5.775499851584818740e-05
9.088558567475635438e-05
-2.812179076304532725e-04
6.210332476603152988e-05
-1.213611539322855844e-04
-4.125973417919761308e-05
-1.162002091575223077e-04
3.434302652708055761e-04
5.964390761118012552e-05
-8.566299024855656905e-05
6.591764095499910399e-05
-9.661272088377178383e-06
1.054129964905062538e-04
1.308903941148398188e-04
4.464560208954195322e-04
5.493688532079018475e-04
-1.341281352530513300e-05
8.457484260607366663e-05
-3.176757058624927609e-04
5.655461159948079115e-05
5.269538257026981854e-05
5.685959143354403413e-04
6.544442807535365324e-04
1.899486717385214473e-04
3.132311540761161336e-05
1.447276351439393536e-04
-5.838469163643725870e-05
-9.714920746370710343e-06
1.005200876016123585e-04
-2.835661015539739080e-06
-1.001341670311380614e-03
-4.677202469144974483e-04
5.703636757909962430e-04
-4.670816191881449258e-04
3.246254935537808963e-04
-3.681703506971383964e-05
-6.292517802504191213e-04
2.722332992814102424e-05
1.819124279084182285e-04
-1.696783281079782978e-04
2.988934270579015603e-05
1.430463128531208228e-04
1.106958947660348342e-04
2.941672018853838081e-04
1.308023958741026628e-04
2.855236653854055775e-05
2.278346629932009762e-04
2.119638714165134822e-04
-3.377023981223936135e-04
1.135526336297788862e-03
9.436297107840604893e-04
4.039690505661171108e-04
1.014719466322880348e-03
-3.281199088763225987e-04
-4.708029951037266702e-04
5.711903046029099369e-05
-7.815285721940238813e-05
2.876484469867243211e-04
1.868653179123593413e-04
2.953624200163425294e-04
-5.196627997409150384e-04
-3.107328136683463831e-04
-2.138437411740849346e-04
4.139731698031196331e-04
6.484491353984674468e-04
-3.963131848507438681e-05
3.476654711428215196e-04
-1.988336483378275014e-04
3.351286173759161443e-04
2.591870288688116622e-04
-3.695292516927001209e-05
-2.364339598866088959e-04
2.904702181421469536e-04
1.485396128408305954e-04
6.268771872343432321e-04
-8.496129774396047555e-04
-4.440687075887397080e-04
9.937623234544731702e-05
3.203045905872279817e-04
8.514191754360416853e-05
1.503535188648018068e-04
9.401352792357147207e-05
-8.969607519399588978e-06
-1.304949100202891467e-04
-2.967984870075307926e-04
-3.503986407405305405e-04
-1.501851762573697829e-04
8.450668444589472977e-05
1.987065046132021533e-04
1.446475290243902525e-05
-8.102520777051841862e-05
2.970623481053945628e-04
1.414753432816928495e-04
-3.358009522083197924e-05
-1.834809724690523590e-04
2.987223226660100375e-05
-4.969073251053082930e-05
-2.457537706714716703e-05
-1.397012844670214679e-04
-2.272294327872874690e-04
2.165448299980196601e-04
-1.329380961671714281e-04
-2.304368499163659786e-04
1.264498571147548169e-04
-2.664119207685375140e-04
-2.952887319856228811e-04
1.386489216195689687e-03
2.724758587040285065e-04
1.965224067762259027e-04
2.321629930983043879e-04
3.954729657615837254e-05
-3.549826474513674730e-05
-2.361410655146347205e-04
1.029719755637286370e-04
-2.505243801531834165e-04
-7.639884063244411659e-05
2.341532131260837496e-04
-1.621500300727812718e-04
1.778713680193433713e-04
1.940892477529955733e-04
-1.755188601618156851e-04
1.325044954014326353e-04
2.724328733817963787e-04
1.306009207091840812e-04
-1.276046591534332720e-04
9.555308511917114968e-05
-1.793658309692208568e-04
2.092364767873162393e-04
8.585910627337060605e-06
-5.688753795802846749e-04
-1.259998603351404874e-06
3.053966739133041094e-04
-9.122884341546703621e-04
7.764089741737826818e-04
-1.465725516165585884e-04
1.216067231892451026e-04
-7.349744242115924390e-06
-8.295116832029772176e-05
2.021719280171800149e-04
3.309869437957629288e-05
8.155519180976753294e-06
2.761005456665367044e-05
-1.296799950019446401e-05
2.045527959353619603e-05
4.491716180508521685e-05
-2.516845051453361757e-05
1.498390038704101634e-05
-7.707139261448980958e-05
-5.716914187363158432e-05
-7.423246071887489223e-05
2.510689673016151723e-06
-8.654189073847706065e-05
5.956010221588863170e-05
6.097668738346698685e-05
-7.692470445280388109e-05
-8.806127759502446414e-05
-3.008218569014028065e-04
2.803718328903614596e-04
7.403703221517836982e-05
8.959910256773342084e-05
2.195661869654084582e-05
6.158657087998407604e-05
4.279637403941068760e-06
5.552556690873240373e-06
-3.940429435848966455e-06
-3.845207321024720812e-05
-6.511053125887505868e-05
6.305657273546222017e-05
-1.846400795223380968e-05
-1.257986293276879073e-04
6.594193661424919593e-05
-8.376171251688076919e-05
1.193524380509411475e-04
8.063369581431565573e-05
6.081762476370748807e-05
-7.900194328662725972e-05
-3.764045406799672929e-05
7.883391298876382311e-05
-9.124344152948762052e-05
-2.796689637744476317e-05
-5.953075218949776848e-05
-2.163839154014939503e-04
1.312643901293728400e-04
-2.955864371792456640e-05
1.036281019278258305e-04
6.377292889443071395e-04
-3.934328544473495001e-04
1.197376861270836248e-04
1.468540751829091066e-04
-2.348362484610663227e-04
-2.226098186652989861e-04
2.270126258473707955e-04
-2.923990614612823427e-04
4.962720942878542116e-05
1.699959026873554345e-04
-7.303878295584543580e-06
3.883738147067767764e-04
3.263345374303209726e-05
-1.581348711385112415e-06
6.335828322943237853e-04
1.934459890792192965e-03
7.345313609240503765e-04
2.683544027370710137e-04
1.180847755341938579e-03
-1.866613290243709748e-04
-1.446238146000750578e-04
2.580144474736306183e-04
2.603683079628714295e-04
-8.453383361606738174e-05
-5.836728502336515278e-04
1.169393536100395240e-04
2.378839644117721071e-04
4.720105792659345652e-04
2.502932209883721435e-04
-9.414863275552031808e-04
4.926536997386099515e-04
8.415405854467988107e-05
-4.591763197436275670e-04
1.509933010681557938e-04
-3.796705755671687162e-04
-1.372459817410077850e-05
-2.980989851932001368e-04
1.931408836703527498e-04
-4.638309305236941590e-04
1.916420821563070455e-04
-1.370104100307185436e-04
-6.703798885972459421e-04
-8.061751973799693690e-04
2.495395744529821012e-04
4.578560906382218648e-05
-4.033086108251848203e-05
-1.802058362830752738e-04
5.746884889612082983e-05
1.126537117541150850e-04
1.173966310920463639e-04
-2.701092166231160770e-04
-5.100514862718771614e-05
-1.889202575635532495e-04
-3.737116905450707104e-04
-3.935327353921239720e-04
1.201783527917884724e-04
8.224648149715548320e-04
-8.623279537466425069e-04
8.076054147054952895e-04
-1.465639206232582632e-04
-1.970646939730224894e-04
4.695017373950768062e-05
-1.160075021460882186e-05
9.764760544857043801e-05
1.555989234404977172e-04
3.588891299829614998e-04
1.174487814364921518e-04
-3.227712078938679906e-04
3.975622187271360256e-04
3.490349411162233287e-04
3.917944643186363653e-05
-2.092230137489765386e-04
5.978236200051603158e-04
-2.037950753197498093e-04
-1.238798942026300709e-04
-1.979510274165002521e-04
1.136261485847824844e-04
-2.206790684667832877e-04
-2.521448154843593920e-04
-5.417275816432619686e-04
-4.048195245884209353e-04
6.954899301309530341e-04
-1.290001333905469718e-04
-7.318720626401939780e-04
-6.701618119340141183e-05
-4.867780193244302604e-05
-1.595136147705895538e-05
-1.145579487303048557e-04
-9.508847472451964500e-05
4.791918671578973142e-04
5.026034025614873989e-05
8.736181017797775821e-05
1.940221541951215895e-04
-2.166390123205808320e-04
-4.932557709769057097e-05
1.013463530054397411e-04
-9.287091099511508873e-05
1.130893079646512451e-04
2.963569819349706305e-05
2.169848039398417354e-04
1.545361853965643783e-04
1.864701425425440882e-04
2.040257099441876790e-04
1.164540205524260602e-04
-9.711725297553855664e-06
-7.319947841729615087e-05
-2.580653009093374694e-05
-6.565337021098926664e-06
6.976319919278281413e-08
3.701164730257808358e-05
1.137098309329684603e-04
-3.843664501053409510e-05
-1.269994730241378831e-05
1.884629824396436137e-05
-3.982532039970549764e-04
-2.079552339918222124e-04
3.693292648272817409e-04
6.948258966036949236e-05
-3.125645554530444379e-04
-4.022342016703703564e-04
6.587394371987636112e-04
-6.705234199795196575e-05
-1.491618894684088427e-04
6.945508606019385042e-04
1.783357824259566317e-04
2.582655411523348789e-05
2.582083774446185137e-05
-7.620869218191482065e-06
1.233401298805647398e-04
1.227248020646657951e-04
-9.539226796747448766e-05
-1.005594371590211551e-05
-1.482683283738883131e-04
3.301784121440395409e-05
9.955855762011273417e-05
3.699464786230598169e-04
-1.538118624171143204e-04
-6.828326159597595678e-05
-2.139773869285375920e-04
8.612866188314058033e-05
1.145006968325051959e-04
-1.199076408980500192e-04
9.363248438588766989e-05
1.412849599739939444e-04
2.202124183303165526e-04
7.015731620945903947e-04
6.224098872968696419e-05
-5.204390398890370152e-05
-1.013465112546839620e-04
-2.245064334580380665e-04
-9.332099273118717967e-05
3.449958469316027703e-04
4.650054044913296426e-04
9.895726500107474889e-06
-3.662751891149712541e-05
-5.713785773166427237e-04
6.730333212504166409e-04
7.126600125651510109e-04
-4.644524022487249882e-05
-1.135607050605963713e-03
9.700014484873817388e-04
5.766613189419218235e-04
3.480257160126990715e-04
-6.356880884074976069e-04
4.161539714479721929e-04
1.398621668313304990e-04
3.140802113902384858e-04
2.600318316772472303e-04
5.498157095384894255e-04
-1.923646280758658936e-03
-2.034358853973733307e-03
-1.079759689846459267e-03
-1.401978931534857186e-03
-1.576404730085241828e-03
-1.513328660749448156e-06
6.449460216720846739e-05
1.389193437164049365e-04
5.537519637832067298e-05
6.047493825937633347e-06
7.973734407281600056e-05
-1.198850695283492864e-04
-1.659677515101456904e-04
1.589305936009248682e-04
-3.911247763023438744e-06
1.578509438065370891e-05
1.021708845863747775e-04
5.301240845164321847e-06
7.386123940968901673e-05
-1.076187089481235262e-04
-3.748496816858865738e-04
-2.915827923061566919e-04
-6.254008986488890495e-04
1.987696860101212140e-05
1.420213962792001158e-04
1.978429131748850138e-04
-2.210910081351955350e-04
-2.722337419348071913e-04
-1.576566511592432415e-05
-1.833890327349901493e-04
1.151847665008737996e-04
4.234332621626939479e-05
9.904299175600103124e-05
2.138650192290714733e-04
5.650966312794271140e-05
-4.271865671561558874e-04
4.408672852701430714e-04
6.177899613441730940e-04
5.813981904083332037e-04
-1.287495828534731645e-04
-8.094635942036011299e-05
1.594812597021430371e-04
-8.193259438137415771e-05
-1.540895283758039335e-04
-1.284280273700307592e-04
-4.488203919981443961e-04
1.396365389700757393e-04
-5.810119688545607990e-04
-1.341873700067712830e-04
6.322423440209367198e-04
5.990142337074588026e-04
-9.711359712329143562e-05
-6.833830759367296413e-04
-2.394446264966737460e-04
2.755382533636273638e-04
