-2.780398497759842383e-05
1.559183047172243403e-05
5.633360104182509939e-05
4.050218030427938667e-05
6.462070397462062329e-05
2.937935469469165710e-06
7.188285203364161557e-06
-1.055367777718677884e-05
-2.669733509780183772e-05
-9.192495881501568805e-05
6.076457143368718948e-05
-4.952364481000058041e-05
7.117941246903370780e-06
-4.215848257616694591e-06
-1.011456937469035466e-04
3.225626050963759247e-04
-7.172539083479843934e-05
3.722977115319419305e-04
2.812600486931410185e-04
-6.538045119330903373e-05
-2.475724503082473902e-04
-9.430449370640911228e-05
-9.706583995192079480e-05
9.318619533159700570e-05
-1.129737282981713408e-04
2.790320158903476867e-05
1.015251600495083834e-04
-6.908173119711907254e-05
-1.157037914991439734e-05
2.730743009311196448e-04
1.024127051766221275e-04
-1.437964040670952571e-04
1.594430516369770001e-04
1.141465010549849387e-04
3.977464026101079414e-04
-2.530552633648729013e-04
-6.488081568472003338e-05
3.773655088280668691e-04
-3.276372754686962280e-04
-2.553352482877675506e-04
-1.569897010182061685e-04
1.953338947891114659e-04
-3.614541104061539853e-04
-7.352337798731007219e-06
-1.456524751769584032e-04
2.115358818145038225e-05
8.709297118600580785e-06
-2.003061522662949532e-04
3.659876428018151849e-05
3.008464602608142829e-04
3.033340308249146962e-05
2.031006089025727079e-04
1.448958800742806880e-05
3.108863676834372090e-04
3.539157541781335205e-04
-2.250667822352419428e-04
4.625607485153609565e-04
3.530925455086534942e-04
2.106470531907968236e-04
-2.913480682472976003e-04
3.126523826964655692e-04
-3.945548600344635443e-04
2.087462508566411814e-05
-1.059597667663391763e-04
3.642374365501204912e-04
-4.086520224527639489e-04
8.982118534297394178e-04
8.238238441420945527e-04
-6.038273555294208219e-04
-3.739517693576205240e-05
-4.543970482405664724e-06
-1.478095875807558545e-04
-1.304088884104551897e-04
1.038226800893371103e-04
1.377548358466740156e-04
6.351921478128116591e-05
-5.944350403076861946e-05
-2.047721774594994375e-05
-6.370562833730949754e-05
-2.824111105701215710e-04
-5.758605773776305075e-05
2.017346896506795985e-04
-9.823126063182889209e-05
1.882004641434217157e-04
2.118734949277742289e-04
4.611565209856679647e-05
-6.780372322413418668e-05
-9.631531688319755562e-07
-2.679880730662633089e-04
3.830503864155425083e-06
-2.831424567211218127e-04
3.797532828652824474e-04
5.870451237955156285e-04
4.087221457778050099e-04
7.914870172923658964e-04
7.892766194352744463e-04
1.512351630430321982e-04
2.441932443015773111e-04
8.070894662233772708e-04
-3.203658436838218880e-04
-5.239378303792892230e-05
4.195220803422699727e-04
1.373810783403850736e-04
1.751385775357267916e-04
3.751458331944160359e-04
1.385445658651083280e-05
2.019936578973125581e-04
3.344591811609080563e-04
1.386176523232588364e-04
-4.753283585106124866e-04
2.719053033111616208e-05
-2.828626001200115018e-05
8.189373069817970207e-04
-6.461602164283563633e-04
8.910178973618875127e-04
5.964457179631775296e-05
2.661072821255478231e-04
-3.058694397251915430e-04
-1.807090645227190707e-04
-6.068718126837002128e-04
5.248666682825020623e-04
2.302234755038854743e-04
6.706232214396082606e-04
-8.194095263665664370e-04
2.885798616259604293e-04
1.499631649652223260e-03
3.550812619638893668e-05
1.118444815761314090e-03
-1.172700194786299548e-03
-3.263051053476699733e-04
4.911361314721999702e-05
2.763726547320027611e-04
-3.629858600821002617e-05
1.640981181157813971e-04
-9.364178269744198813e-06
4.588271581362513571e-05
-2.950166345653567926e-05
-4.912805411308461995e-05
1.088073600198417824e-04
-4.298202388455653973e-05
-6.422762156748272556e-05
-5.416272663032132287e-05
-1.226960955175207784e-05
-1.166783593032246885e-05
-7.080657192373666768e-05
-1.129921975375037477e-04
2.238578516934192628e-04
-3.110537611075076713e-05
-1.478632667147437732e-04
-7.912377498764435534e-06
5.321474656620309342e-05
8.909106562321070049e-05
-9.995231152558124537e-05
4.015836128211416043e-05
-1.573494826582091973e-05
-1.585713633825814955e-04
4.588431728049669210e-05
-1.140588390250456967e-05
4.313674968092345445e-05
5.404471933681971710e-05
-5.764266877903189069e-05
-3.261645048124571115e-05
-1.936449391496854601e-04
-3.014189619738387010e-05
7.023246049332881337e-05
-1.926582550810118253e-04
7.645541041887969386e-05
4.423959546694720919e-05
-2.848960611814863343e-05
-3.054366726260044490e-04
-1.289907808429626324e-04
-1.770566184535381444e-04
-1.873274855586917417e-04
1.722469582400237308e-05
-3.121380802640925174e-04
1.111303373283798710e-04
-3.516702817750123390e-04
2.117619942062692125e-04
2.636787206853347522e-04
4.396213819420656597e-04
2.221871522886851810e-04
-4.909222928111795729e-04
7.001272065219313247e-04
4.387003440086635533e-04
-4.289964141925109746e-05
-1.800502582367194759e-05
-9.092600700363279794e-05
4.307740351744898189e-05
-7.325882019004685661e-05
8.381428790287907555e-05
-1.222215137451001393e-04
-5.777180668357705340e-05
3.527871509446808628e-05
-1.437877400056212241e-05
-2.159392813410935432e-05
-4.087951672135227643e-05
7.251529458537583385e-05
6.003393817384980436e-05
6.187112309432655209e-05
-7.726018382678046014e-05
1.608207577244675026e-04
9.098264924799975373e-05
5.223684318393547317e-05
-7.217406340852627693e-05
7.410672426048116313e-05
6.422295667336842095e-06
9.504879694105709364e-05
-3.531722717650685511e-05
1.306703137666325159e-04
1.447887695822944263e-04
-2.318382804185209760e-05
2.323312732364515415e-06
-4.528549700527201825e-05
6.818711517662384290e-05
3.568903597665180292e-05
2.456400484057862555e-04
-2.071387704867398065e-04
-3.831945635334898351e-06
1.058369730209121010e-04
9.671188520369821393e-05
-9.320003654842200583e-05
-7.316853432378123980e-05
1.219098463841887563e-04
3.025603740842549498e-04
-1.003089425853633543e-05
-3.117126682575841563e-04
-1.820986539201941475e-04
1.462060999602951843e-04
-1.434997271551920195e-04
1.888514111380030895e-04
-3.734969174537562664e-04
1.623203121238996202e-04
-1.655949575641827321e-05
3.618512633695503459e-04
1.051566930229772085e-05
-6.491951811748627175e-05
-7.650012375339833304e-05
-6.901227262026038737e-05
-1.428623557131330910e-05
6.436161489724355825e-05
-3.959570491729840478e-05
1.270895493688964866e-05
9.547547358503005472e-05
-1.045373172910918840e-04
-6.071485692107937151e-05
6.611432787509860477e-04
-8.026796383693732761e-05
-2.369456978089539193e-04
1.304199987886089473e-04
-2.813983242589937115e-04
6.270118792202339624e-05
-1.461595058597183253e-04
-6.572266544932866194e-05
7.496287158756952433e-05
2.034271602509063514e-05
-1.186730946131748187e-04
2.516181321721963331e-05
-4.259195611661480813e-05
1.095206191400990885e-04
-4.578396942830480231e-04
3.667584932786024953e-04
-1.536691065260195816e-04
-1.350186591502253283e-04
-7.191429017000305775e-06
-3.031610292002401329e-04
2.693957019352069180e-04
1.319103826881931488e-04
-8.235189676507236126e-06
8.243747651495481098e-05
-7.335727481637438919e-04
2.011585521693724278e-04
2.782367358770944051e-04
-7.039664703886580263e-04
-7.310142277768779436e-05
7.164938547833663886e-04
-1.118975233959567783e-03
1.383381662700292796e-03
1.566683985560613347e-04
-4.406967366597105236e-04
-8.217656231971083559e-05
1.445284989294869137e-04
-4.518019803896760781e-05
1.847078565143618688e-04
-6.078870817502974791e-05
4.975796433978717378e-05
2.185567554008548978e-05
-7.304444509087881332e-05
-2.603757350624042415e-05
6.561762823496701069e-05
-4.737420316456497833e-04
1.336618349872409502e-04
1.014384519555630354e-04
-1.059043914546152864e-06
2.975715074383735139e-05
2.534045152648263456e-04
1.475785086352829150e-04
-9.028875692612796388e-05
1.070671617170574529e-04
3.070823940591057926e-04
5.375488988344780898e-04
3.193421054277650081e-04
-2.744142938878385091e-05
-1.687929640473971886e-04
-2.091070284243667715e-05
-5.020646809066645847e-04
-5.970277724837917514e-04
-2.979361495020457816e-04
-9.405718409420113025e-04
-4.663791270170664625e-04
-1.716013491290999105e-04
4.442037142760158863e-04
7.074572434084799898e-04
-9.742897589775836170e-04
-4.296565273389260468e-04
-6.977505985120404037e-04
6.274688417790938617e-04
6.069975703819411846e-04
-8.948776945973156228e-04
1.560798324587835736e-03
1.413812686526884951e-04
-2.299470673779275773e-04
1.275605335804012223e-04
-3.516507375162495784e-04
1.519958774059070007e-04
-1.134094106703881016e-04
-1.700218232269965716e-04
6.588598565867529464e-05
-1.408273417006676307e-05
6.197296542254849996e-05
1.525171362661740344e-04
1.610736967880042967e-04
7.578548592916495524e-05
2.136866082219784923e-04
-9.513835740791906604e-05
9.750944512018127816e-05
1.965458465746753615e-04
2.153437547647005289e-05
5.596324433120218822e-05
-7.829634893003601217e-05
3.041754866544374994e-05
-3.466450441692013510e-06
1.321765330312908888e-04
-7.412232274090427969e-05
5.395588748467225308e-05
1.541544693658664740e-04
3.994089646091738091e-04
-2.350021755855651821e-04
3.846807826639460598e-04
-1.607302027615999779e-04
1.229014513067199464e-03
-1.499057948512771998e-04
-7.771341502594648811e-04
-4.588602168991958775e-04
1.249214620324428113e-05
-2.587020096349094381e-04
-1.737868798884731098e-04
-4.903378736140731771e-05
2.214719308483492958e-04
-2.643671886757919479e-04
-1.328390191963454070e-04
3.740572972415282660e-05
3.659967689320919464e-05
9.023539217107314186e-05
8.080965141792009556e-06
-1.407201582014741862e-04
-2.375624096729026435e-04
7.369612555689572530e-05
1.275666657516121689e-04
7.540990024182801939e-05
9.735244814508088520e-05
2.539469978679882153e-05
-1.606026984552679925e-04
-1.064514732545127280e-04
-4.197189507004329918e-05
5.193590793243489954e-05
3.874896600446973679e-04
3.852806403663225744e-04
2.363090598312517459e-04
2.625543966628768821e-04
5.017207714772473071e-04
-4.592092936324300846e-04
-2.347564095134877090e-04
2.833778527576296682e-04
4.804928355420832282e-04
1.974955431630642279e-04
5.542033044299305843e-05
-3.324685184132234031e-05
-8.251223393413821344e-05
1.174542233185902951e-04
5.442325242692937931e-05
-7.372552123456598287e-05
-1.888976541865192027e-05
-5.063884402264329210e-06
-4.092592273071064525e-05
1.508808137908948047e-05
-3.276408702371366114e-05
2.261861896765336678e-04
-5.535380594298846364e-04
-2.513753293580204282e-04
2.448150487372730130e-04
-7.039886832537636894e-04
2.091855107173586461e-04
-4.189460258208483993e-04
4.090565444161872971e-04
7.344222168101567248e-04
8.737307619384480700e-04
6.330560197781824605e-04
-2.471121157227146970e-05
-1.081008974833720963e-03
1.581790482037298442e-04
-1.960837848970312124e-04
-1.176106352550244401e-04
-1.957535400840957804e-04
-1.883235890671034244e-04
-2.186063841754813311e-05
-8.802276671247816599e-05
-3.347010681041829439e-05
-5.331208840648281848e-05
-9.168554828166528177e-05
5.453635189835718866e-05
-2.202409252607713400e-04
-4.624095281195168654e-04
-3.145290893592527144e-04
-5.915302871599550450e-04
1.092742421706874127e-03
3.429321638785822021e-04
5.634264507233660828e-04
1.633311609859494857e-03
8.501647032564736044e-04
-2.592482933897116227e-04
1.399681602341674928e-05
2.676271144479659605e-04
8.391795143910701406e-05
2.398530359862700032e-04
8.358944209427671644e-05
8.948062038226571818e-05
6.629188822715577302e-05
-3.369490612711887407e-05
-8.914051427128165069e-05
-1.243091172494881864e-03
-1.779525207434161978e-03
1.259733023063056099e-03
1.235742404958429380e-03
-3.797531785013470934e-04
-3.701510208080869028e-04
4.057651114437291792e-04
-1.162362755181093070e-04
3.869087361764800628e-04
-9.387471671815191194e-05
9.516764084515145952e-05
-9.027225185479180187e-05
1.024632240255358181e-04
-8.923470980655068730e-05
7.581209830430466357e-05
2.901201774881951418e-04
-3.859810649295055958e-04
-7.813317341082991240e-04
3.997531091420540974e-04
-2.881096419500513736e-04
-4.125017881375023774e-05
-1.366448785004216611e-04
-2.228505549406680126e-05
-1.399594506275970789e-04
3.960216443435947105e-05
-7.363417627320182878e-06
2.285828283879309046e-05
1.161647226606904044e-05
-4.252313846109129913e-05
-1.055363958254099929e-04
