4.128040630006815220e-05
7.155860811710392767e-06
1.374060995006291261e-05
8.208957369663806688e-05
-1.871517969317748210e-05
-4.883471837131704276e-05
-9.581572772087719366e-06
-1.889487875455533422e-05
3.949250170726042666e-05
1.173258949208324016e-05
4.282693372056573098e-06
4.556697027703586483e-06
-1.071699031879831572e-05
1.004539332236540124e-05
1.976965984431711159e-05
-1.690030769805577599e-04
1.336114590729899684e-04
-1.481090130734323117e-04
8.354102959378707522e-05
5.376725665948514383e-04
4.247968538752653651e-05
1.195662467632516679e-05
2.975098045050322544e-04
7.091574019762868924e-05
-5.146349258178595839e-04
5.752618163024307953e-04
-3.896288947056749351e-04
-6.842741239371032710e-05
-2.167094573454258686e-04
-4.751973568628619309e-05
-5.224145639246653358e-04
-2.683939231277737223e-05
-2.445219706306075037e-04
-3.860647070026160065e-05
-9.001610528712786609e-05
1.157809230779219126e-04
-3.270045225682661539e-05
-1.830373404268259866e-05
2.040743087110204303e-07
-1.791818815146432878e-05
8.914478494957975361e-05
9.907559932908585371e-05
-2.296764395768436219e-06
-1.704759559315048351e-05
1.650763188386250742e-04
3.879031958077328109e-07
1.714946656185878707e-04
1.537901819341592016e-04
1.459668098901895819e-05
6.041558563840951705e-06
-5.815904707949448788e-05
-7.857980933555344443e-05
1.506587927720657877e-04
-4.978228726389524636e-05
2.931282744444967198e-05
-1.775100062747388119e-04
1.262001381487803161e-04
-9.105315121862706776e-05
1.018714839029903515e-04
-1.001862560392279656e-04
1.640037048325907246e-04
2.276101446950905932e-06
3.333838077269179735e-05
7.969344406516981920e-05
-4.073486225368338001e-04
-4.159200225886556255e-04
-1.290944882402315637e-04
-3.314691490451371608e-04
-1.464936792428509112e-04
9.381460174972213362e-05
-4.712039682029694121e-06
1.204488568274763433e-04
-2.561971826522361435e-05
-4.308460121568042647e-05
-6.050815248904926452e-05
1.590674034641343488e-04
-8.973453327705731091e-05
4.560491574354802040e-05
-1.035647631841880059e-04
4.772635426893833549e-04
-5.732008679302911689e-04
1.686796754691413227e-05
-4.385628484573865900e-05
5.028833109068099301e-04
-1.195321728092091151e-04
-5.903640299472704810e-04
-2.241001193202353590e-04
2.255911475749697434e-04
-8.221780522018417138e-04
1.722479647028162940e-04
6.513382640121252081e-04
-2.973927172647889056e-04
-2.007903560384401652e-04
6.233638202524058617e-04
-1.505560280837134010e-04
8.195872112105182235e-06
-1.083653651269308842e-04
5.767008891053920436e-05
1.675729766248045200e-04
5.535489971936189183e-05
-6.381007087853783502e-05
1.901902976659482054e-05
-1.809137802271133850e-06
3.768502290681686746e-05
-1.117311995385039159e-04
-1.133034013772452248e-04
-6.716056978151123933e-05
-1.856908455310041185e-04
-5.132795277878381222e-05
-5.599246992058980494e-06
-5.974256654325147375e-06
-8.653510914463291257e-07
1.224739929248474905e-04
-4.984533454681620862e-05
-1.016268870211831815e-04
4.146005711516119214e-05
1.664539766824128699e-04
2.413164490658470536e-04
-2.082373564065838031e-04
1.074867397151449931e-04
8.068226063155073575e-05
-8.013455416939021560e-05
4.142476381516092431e-06
-2.484101075351462218e-04
-6.140322705720047212e-04
1.554324572749047077e-04
-1.386382048206738320e-04
-8.717369478860237039e-05
-3.529485724540634369e-04
3.073828698824847619e-05
-1.772418223854772281e-04
-7.991145043196458246e-05
7.263021819708633583e-05
-1.271683594671634324e-04
5.578070633247025857e-04
1.815401805120631963e-04
1.175358615398353280e-04
3.962695341481676831e-04
5.590724812457479264e-05
-1.915570018778001626e-03
-2.507142382921055289e-04
-9.666424439137996866e-04
1.214267860293815129e-03
-4.423748051825124512e-04
4.294559128334053547e-04
2.836702232617347558e-04
-1.070932033692414661e-03
6.810427578113980272e-04
-1.478474550065729423e-04
7.189906067242652558e-05
4.079906583594288243e-04
-5.302893577813654654e-05
-3.230280637831844611e-04
-4.738512947678022016e-06
-3.342273115225390544e-06
6.019084250480719592e-05
3.686082744976716821e-05
1.856634366384408183e-04
3.108289694430149317e-04
-9.382385454357328593e-05
-5.030980894017415302e-05
-6.256613621882516248e-04
2.165938789903657413e-04
-2.633075024207545277e-04
-2.029752615429921932e-05
1.944822303273436497e-04
-1.207496412188536952e-04
-2.457334147041106650e-04
6.858979285987946560e-05
5.354694919175984578e-04
-3.621160307306294131e-04
-3.344936449672227473e-04
4.806842730544454764e-04
-5.685368395566489392e-04
4.108159526747214756e-04
1.697413049948854669e-04
5.674989041641856271e-04
-1.473530910522489893e-04
2.089019338310666167e-04
-8.308841637393449405e-04
1.042880087938361606e-03
-1.293076932050882483e-04
4.457892466494016784e-04
-1.149354395277301261e-04
5.593198333241746010e-04
1.953577453170791381e-04
1.514768322561797689e-04
5.425977241767708460e-05
3.012067432097485613e-04
-2.262997887046012859e-04
-5.801053684690286481e-04
-9.415723765965341801e-05
-6.124592137866882344e-05
2.420000079850192896e-05
1.754692134534781940e-03
-1.837851627790770695e-03
-2.551750941964237821e-04
-8.608796224188747367e-04
-8.503816323324545068e-04
-5.539580349668823738e-04
7.337900722967340627e-05
9.213011722296765051e-04
3.722869735130210030e-04
-4.390095559853147782e-04
-1.090729755692434734e-04
-7.662367497525459097e-05
2.110824159977285565e-04
-5.550962354654326330e-05
2.501915603744600818e-04
-3.730893042835401558e-04
-1.116455485070202866e-04
-8.745945215816947407e-04
-4.200698730271837681e-04
-4.573090030419681346e-04
4.753722310959001217e-04
-1.338614868293094070e-04
2.747003902684558535e-04
1.698737560484062179e-04
2.266955937297789210e-04
-3.134479205617051074e-04
5.532011494792645964e-04
1.459209200886845944e-03
6.424354769089993906e-04
4.484021926816260059e-04
-3.874609618810784836e-04
3.852382494528210706e-04
-1.704229659069302202e-04
8.370880547650152688e-04
2.292490293234822004e-04
-1.727142340633555954e-03
1.486281682279911491e-03
-5.838475032953748542e-04
1.107515831306528061e-03
-1.001132395919976555e-03
6.590591365116104262e-04
3.992623459899625918e-04
3.334872741543160437e-04
7.577658866364874075e-04
1.100160237872124542e-03
8.063298515273541059e-04
1.153219313988736113e-04
-5.933380956584277969e-04
1.032142085953021825e-03
-2.966892790037800858e-04
2.945789755319048607e-04
-3.472924812417350687e-04
-5.469140941877476776e-04
-2.098227085411319328e-04
1.780440178244267269e-04
-5.065968006557156902e-05
-1.256968596527753806e-04
-2.143084963511792556e-04
-2.225718038151869587e-04
5.592468401008167376e-06
-3.270259275932828856e-04
-1.504922175661999820e-04
1.974439350511605776e-04
3.397343788977825714e-04
1.700655010244517501e-04
9.851568856221304659e-06
1.813391502692735477e-06
7.098636888368168544e-05
1.613304174666787411e-04
-5.962444373480954414e-06
6.105440252451160843e-04
-3.205145119916498562e-04
-6.263640468791761276e-04
-1.363349953419248201e-04
5.368773000092086512e-06
-2.611671874684087184e-05
6.558930917674132789e-04
-3.699669599188536617e-04
6.140298975227044987e-05
1.879952478392796895e-04
-5.271976602792350156e-04
4.295711457887887671e-04
-6.719209383539509689e-04
1.050020124271872773e-03
-3.347916537415473060e-04
-4.513855991964316780e-04
-5.287782337628910140e-05
2.471555544075198802e-04
-2.081776968421324549e-04
5.454663631520344702e-04
-4.343913187029262548e-04
-5.013783930560024825e-04
-2.480674658591654614e-04
6.581435339363439540e-04
-2.775553614629636947e-04
-6.238283437599925492e-05
-1.036907785306861855e-04
1.157225785360183415e-04
-6.975644919919986460e-05
1.341955126497397283e-04
-3.668027943208169555e-05
-1.325424411795089741e-04
-2.658340266334967077e-05
1.756428883979293081e-05
1.593830244204200405e-05
-3.795794006510202465e-05
4.459005501357203816e-05
-1.633215417016460949e-05
1.748176197966092623e-04
1.856360380375743883e-05
3.172424514737764100e-04
9.299123102033344244e-05
5.676597464403462447e-07
1.885721234099053381e-05
2.264339320438950309e-04
-9.220132988755524095e-05
-2.410241358013848147e-04
-2.464939461048133281e-05
-1.831482766513326438e-06
4.960617196550075759e-05
-2.357614376939108679e-04
-4.144163440470162159e-04
6.521926887909052862e-05
-9.159622188931668943e-05
4.777327116796507302e-04
-2.677225509634912704e-04
-1.754193952595602796e-04
1.241512730801701281e-04
-7.562650091393764544e-05
4.625703680851886695e-06
-1.045427300467913467e-04
-3.126435575269443518e-04
6.544057922279019799e-05
-1.819220775731125630e-04
4.623789125401788890e-04
2.287225301401960752e-05
2.983959719248562825e-05
7.464900016148804740e-05
3.984247654340310917e-05
-5.962574946089508145e-08
-6.687639614691857416e-05
-1.032593369819165449e-05
5.914671890807687191e-06
2.608737434736592723e-05
-3.031291118786975540e-05
1.444491765017414981e-04
1.303053884190331500e-04
-5.917174920101965681e-05
2.124773721077483267e-05
7.234554835644254180e-05
8.538094488043185758e-05
5.468429533291902954e-05
-4.246465272938570421e-05
9.067989830936362564e-05
-9.434228216220274068e-05
5.291176364671672553e-05
9.922599635634505742e-06
-2.402774517466162467e-04
3.736481733316503949e-05
5.347167466298699984e-05
-1.214214992097473807e-04
-1.991271970373265652e-04
9.401138407622435979e-07
2.231337619291199416e-05
-5.284806094651028246e-05
1.138570111180040506e-04
4.217785820878911521e-05
-3.224438002886615551e-05
-3.421465721074593785e-06
-2.449095616611573375e-05
-1.737374352501813084e-04
4.248375519784196487e-05
1.981491006946417216e-05
8.320056038106597566e-05
-9.082451342142405470e-06
-2.541560900582512251e-05
2.983506504787442884e-04
1.715180987795137909e-04
1.107467265644991844e-04
7.997733753964759637e-05
-2.922424839521714805e-04
1.766998134853717126e-05
1.363345751902863504e-04
-1.440281286009243540e-04
7.995484652481091585e-05
-3.501952536355741087e-04
1.667768350197781392e-04
3.546103612711649965e-04
2.126279427576513600e-04
2.504105644320109189e-05
-2.183382071638993933e-04
2.581291614292681815e-04
1.703824177232945492e-04
2.642880057067743555e-04
-2.183606800117541711e-04
1.713765882028012925e-04
-1.483322916221163363e-04
1.163385521543223961e-04
1.038369774449133636e-06
-1.371443288840514083e-04
-4.376758051769108188e-06
2.195472302403611296e-05
-4.735083947493525707e-05
1.650110131432152313e-04
1.214874941713976747e-04
1.211376821049515035e-04
1.472756052729927120e-04
9.412153243947106852e-05
-1.572584178061583137e-04
-1.223357593796581780e-06
-2.639694325300597554e-05
-1.240034408726922743e-04
9.653417698134619172e-06
2.135448639915650060e-04
2.230192389744086487e-04
-5.117344179281170437e-05
6.522697413198543241e-05
3.091890210597091494e-05
8.297429943415444173e-05
-6.013226889680363358e-05
5.597615167268417174e-06
9.842988855268348708e-05
3.866992320855047234e-05
8.087938491117607548e-05
7.623657779206140846e-05
-2.129631099768772691e-05
1.223210195526741465e-04
2.269949330833677010e-05
1.679984266107321597e-04
-2.197066875021745953e-05
1.379883298230699727e-04
-1.354022369548757128e-04
4.778627604578291536e-04
-2.428020723128198732e-04
5.260825652425301724e-04
-1.792833470478020607e-04
-1.368401826582185991e-04
5.050845972895407480e-05
-3.904222687501880890e-04
-1.904974740631198169e-04
2.420618765966009293e-04
-1.099422201970798408e-05
-1.046063176421333783e-05
2.958460930240620315e-04
-9.557038889304054075e-05
1.334334516108162292e-04
2.630835094756146927e-04
1.412094521272494539e-04
4.716036192460212862e-04
-1.566552692976828779e-04
-9.388826955131519413e-05
4.042191913585709706e-05
3.299979253018800983e-04
-2.237938476142862306e-04
1.157991950796324546e-04
1.963419381219695802e-06
-2.072136849476587952e-04
-8.063088005265213660e-05
1.299098910946661198e-04
1.948523667692711740e-04
-2.452943475250741068e-04
1.960719251180690649e-04
-5.876479623914590122e-04
3.899252365905313505e-04
3.317397749157564033e-04
-4.573044928224698560e-04
2.106107711565595529e-04
2.634716381324899025e-05
-3.955373492745813211e-04
-4.146840623403155431e-04
4.127777268560039558e-04
-2.103883706737767669e-04
-7.797602929904546263e-05
1.265978133170605579e-04
-3.365682548266252759e-04
