-1.667542272602981482e-05
-1.448764193869907353e-05
1.563408132324925815e-05
1.945031708283406049e-06
-4.205629169369816547e-05
3.902013643861925520e-05
-1.855077735580901941e-05
-5.774266827412954624e-05
-2.754432093893244627e-06
-8.358034586164971689e-06
-5.832110246283728650e-06
9.248061196044613940e-05
-3.237256176712971609e-05
2.055813271644749029e-05
-9.347687585418328537e-05
1.673090105998079849e-04
2.775214935303289376e-04
-6.973627899191047552e-06
-2.443451256217426420e-04
-5.070692028099876283e-04
9.126537541633381479e-04
-2.638031167143870987e-05
6.750805255028127002e-04
-5.597952128979159505e-06
-6.513051728960612366e-05
-7.425189334183513552e-05
-1.591034277754981951e-04
1.722683992502028967e-05
3.017468418281947189e-05
1.624906548483149216e-04
2.226466065220200426e-05
-6.659993325339595336e-05
-7.338141986229764695e-05
-1.069584490201239271e-04
1.170355756141637895e-04
-1.833254990013474827e-04
-1.964436435332451620e-05
-1.579049831046684985e-04
1.797241131379497762e-04
8.521394714540140062e-05
2.091453397096645572e-05
-3.395182465290810824e-04
-2.415169524903202009e-04
3.140405622525496081e-04
7.922141621060568644e-05
-1.940003961567962501e-04
-6.034954743296868778e-05
1.082894639636407876e-04
1.525138597775079049e-04
-1.793178431952545220e-05
8.236497730176233021e-05
4.039413398406134010e-05
7.195492069911671451e-05
-1.835131625808955199e-05
2.115760063225724248e-05
-4.577137978451398899e-04
-1.900626375286122152e-04
2.678913527903169526e-04
-7.658340324427822117e-06
-9.604591265204861323e-05
4.981380001207014836e-04
-1.045858116962389793e-04
-1.998726787979115971e-04
-7.890308173078491383e-05
4.464996927438596536e-05
-3.874275861674704945e-04
1.042521512531377584e-04
-1.217394334098110729e-04
1.020786863118663138e-04
-3.063993441553801975e-04
3.574070801239275278e-05
-1.338792515937540465e-04
1.811033291059573069e-04
1.340123979790305397e-05
-4.601258768288750135e-05
-1.013473683227088978e-04
3.800895595186823482e-05
-7.672257620803008969e-05
-9.662603538472755720e-05
8.174810688914384543e-04
-1.325321651190658218e-03
-1.745374054131506409e-04
1.879944073549383039e-04
9.264137263599019761e-04
2.257330839032116237e-04
5.163475898052276693e-04
9.165896146929373002e-05
1.405770082064666403e-04
3.032551745253043131e-05
7.880581635125058449e-05
1.789092923082044877e-04
-7.544959470282264745e-05
2.901872658372019339e-04
-1.354704456013469205e-04
1.220734681142319968e-04
4.981064289353870372e-05
-8.611825289517285574e-06
2.520346661932749291e-05
4.184937812756803601e-04
7.238328984821426268e-04
5.028183762257890576e-04
1.772975870229273989e-04
-4.817218572879605689e-04
-7.741049899713662360e-04
-4.260643178884918210e-04
-1.360765630310766525e-04
7.307263239413532984e-05
5.795684161515909855e-06
1.411711262449512816e-04
1.342862046124289235e-04
-1.116077368214004670e-05
-1.456724625259741288e-04
-8.251192430420713035e-05
-1.243124671343747323e-04
9.290573857753458642e-04
1.121794429677589611e-04
-2.745826584172042633e-05
-1.158641026959981958e-03
-3.291014462177347917e-04
-1.004898992340113700e-04
1.239245260452310311e-04
-1.534387847497083754e-04
3.352557976529154673e-04
6.573059394495623688e-04
3.850838398663416063e-04
-2.975120023543920112e-04
-2.510661513934335813e-04
-6.591595563527124168e-05
-4.033054943496661442e-04
3.484533731029825702e-04
1.294756091553276233e-04
-3.266539844072848453e-04
8.133417079245151555e-05
-2.104794108955208843e-04
7.746545676931539603e-05
6.988883756683258344e-06
-1.794329552640406796e-04
3.141307373291731973e-05
1.489583896981166100e-04
-5.956031609745675477e-04
4.486905269108577344e-04
-8.950698634240684265e-04
8.285670920344631639e-05
2.722611741960832181e-04
-2.998495693937404177e-04
-4.555478918005399845e-04
3.384761829735806124e-04
-1.970723070486956729e-04
-1.087239936985252451e-03
1.556741444673111004e-05
-5.128324686323183475e-04
5.447855437777228242e-04
2.540273294624657106e-05
-4.443698339750213255e-04
1.169169881256851604e-04
9.505617320531389684e-04
1.398747140774874494e-03
-1.119075107987813978e-03
-5.298064641498350649e-04
-5.471808661334802339e-04
3.099741294092417561e-04
-4.705317398079936729e-04
3.279544204611868478e-04
-1.275790738579529900e-04
-2.836452669150838114e-05
-9.449103570803592093e-05
4.965738101402087604e-04
-1.514633543113009879e-05
1.395433503469507256e-04
-2.214034843669014131e-03
-1.518646315221035270e-03
1.100268494457508334e-04
1.209543560291598046e-03
-1.696485458144133868e-04
1.035269979606126588e-03
8.848319471506112905e-04
8.739400792610946744e-04
1.124598506950343557e-03
-7.186178010317221350e-04
4.932599004436827392e-04
9.323274169832992822e-04
-1.652079448774113448e-03
1.275041881479313565e-03
-8.100310878174933052e-04
1.146010838387913171e-03
-2.463736268445880848e-05
-2.474447973991841560e-04
8.014430406642030066e-04
-2.137626389387238871e-04
-2.415064251845902012e-04
-1.956730050140285753e-04
-2.768141176882245725e-04
1.143261700195608379e-04
-4.142149262983882012e-05
2.563137080636628613e-04
-5.904363462432179988e-05
-2.485115984501798261e-05
-1.587323659743661525e-04
-2.759136452802986761e-04
-1.155529701556319306e-04
6.218872279235771242e-05
1.052306881632602024e-04
-4.682515486024758046e-06
1.296625889345419317e-05
4.928533761591008896e-05
9.393888185518563000e-05
-2.363440452051621360e-04
1.695987769946374381e-04
-4.611715103112256427e-04
1.569778685010903658e-04
-4.777264433411187262e-05
-8.792126168787116162e-05
-7.855410641977988301e-05
6.292427001497927067e-05
1.628097111263845909e-04
7.461636419467698484e-05
3.161518841347690616e-05
-4.124240544761203722e-05
-3.893529671264174655e-05
2.276141731201804968e-04
4.437634047033515191e-04
9.641975451412728327e-05
4.248766161089089291e-04
1.768366524689682167e-04
1.968796050275396889e-04
4.219376600077619807e-04
-4.096183489550816754e-04
-2.661172233943030698e-04
-1.201887917591944980e-04
2.383670944491896157e-04
-2.327506923542042188e-06
-1.805693896692138055e-04
3.346749027645564431e-04
8.791728989644223839e-05
2.673154683452289297e-05
-2.619817731733104210e-04
2.174884126512861360e-04
1.803146636287600467e-05
-3.573628035294364137e-04
2.599283017429124715e-05
-6.383309678727099794e-05
-7.479246505308612148e-06
-1.008518922954320551e-04
5.026834567915093333e-05
-6.804970513915694263e-05
1.352673768801176099e-05
7.582358590473623589e-05
-1.040329903575367109e-04
2.745145967962257476e-05
1.533796612094677898e-05
-7.491824007466849522e-05
9.154660224023693541e-05
-2.604378859614087560e-04
-7.182403149451898358e-06
-5.528166831029865711e-05
1.143282522060615842e-04
1.490046935512204369e-05
-4.826518481727895278e-05
-1.696857749867354158e-04
7.212561486681781176e-05
-1.148781820463304777e-04
3.868308847067717716e-05
-1.385696986889265840e-05
-9.196016018597569718e-05
1.609910165034343925e-04
-5.215659145885361827e-04
-1.124785190383675763e-05
-4.462237657184322777e-04
-4.486804915554077808e-04
-2.588273252109727285e-04
1.981897593864907108e-04
-9.595776407319676503e-05
-6.632481619524314628e-04
-2.718988985545285988e-04
3.814605955438782879e-04
1.207602937107165171e-04
3.127233650114402837e-04
5.989226556680248611e-04
-3.711846783387507190e-04
-1.825976405716995524e-04
1.968940471161437797e-04
-3.476661690192714400e-05
4.966763459536888592e-05
-2.354606405117334400e-04
-9.079741366567734668e-05
-1.607404330260578645e-05
-1.115291659899128165e-05
1.408260442666505222e-04
-3.410492564729847298e-05
1.046257552202616486e-04
-8.945572216381696303e-05
-1.967294251924293946e-04
-2.006692240969278084e-04
7.272792143704448714e-05
-2.908423412855997545e-05
-5.870649319219557581e-05
-7.123277966145247643e-05
1.137468649893533831e-04
-1.883260459037591051e-05
8.108079824406521101e-05
-5.851725574391685694e-05
-3.720487084233047590e-05
-4.330009757055093154e-05
-5.466466135866473628e-05
9.852648833934057535e-05
-1.309249825523778981e-05
1.234402805168061514e-04
1.193600095999861255e-04
9.957734361261444845e-05
1.930752319097351396e-04
-4.448138237166767751e-05
1.843350994560381752e-04
5.771976429775861416e-05
1.636896851014763747e-04
-1.292390516994108526e-04
-1.134860608663120082e-04
-2.136217999113346799e-05
-2.498022295331298395e-04
-1.780871518075990479e-04
3.531512154339046776e-05
9.674854620639367520e-05
2.314521270569573820e-05
4.562861668980548805e-05
8.130816592860797259e-05
-5.127775526746067091e-05
3.041105110144892964e-05
-4.860655232002028097e-05
7.909452964290651698e-05
1.080427886314803439e-04
4.879736666595260296e-04
1.918443648053984698e-04
-5.908497059506285013e-05
9.744291254797146629e-05
-1.717735819136781970e-04
-8.435471865827091957e-06
5.752433234978382936e-05
-1.584352849477167183e-04
-1.880899344741561582e-04
4.253320338932891216e-05
3.567699789591850909e-04
-3.225777051331483211e-04
7.613608159767973320e-06
3.777492986014213444e-04
1.416737554112693553e-04
4.219699704770305091e-04
3.001020876490931234e-04
-2.773519410915460627e-04
1.069636351357200607e-03
9.595074741308374155e-04
-4.836031001571932330e-04
8.249727949298410164e-05
-5.529611701617884482e-04
5.581161558307516169e-04
7.440654778471165293e-06
-3.663573912840849289e-04
-2.456064439598475016e-04
2.189579850496414895e-05
-3.173852260527685698e-04
2.927780258285960923e-04
2.195054164475361167e-04
2.655609408797845772e-05
8.585440265521761122e-06
7.987404462127527683e-05
-2.492307131648616218e-05
7.115563191706616498e-05
-5.006690309036710746e-05
8.441647486586460671e-05
-1.212670966453896514e-04
-1.085064928091746065e-04
-2.999141469101890126e-05
-3.746244403002500865e-04
-3.347574002388959335e-04
1.670763785429849057e-04
-1.528408257947913877e-04
2.766304653986916841e-04
1.256282185503751416e-04
5.171648523817926551e-05
-2.079765904713088876e-05
-2.538257908758699511e-04
-2.149071310615639394e-04
1.710048641392104016e-04
1.035296932732354273e-04
-1.067522912374380665e-04
-4.422456102443482365e-05
3.529622831780903107e-05
-1.776832047372974141e-04
-1.093260279023418986e-04
-1.441256769775023968e-04
-4.625565649840770950e-05
1.607799479033991653e-04
1.066708664171698717e-05
-3.480723677033051522e-05
3.496964238061894364e-05
-7.414887046571786626e-05
-3.420797352065581927e-05
7.629886133369434423e-05
2.033552581140167666e-05
3.302542638163545987e-05
-6.267290009499856102e-05
-2.181193941650282772e-06
-1.038032215835793342e-04
-1.867829358005394707e-05
-2.363190581240561851e-04
2.105298607792541795e-04
-3.831981000593939432e-05
1.904240180914668469e-04
-2.361993146823663256e-04
-1.602998130776568566e-04
9.505769976484110544e-05
1.982310683005409431e-04
-1.015034189059293678e-05
9.113256184328289745e-05
1.208562346332313651e-04
-1.692051732864641002e-05
-5.163731099279839833e-06
-5.621533406494255475e-05
5.329786425056570683e-05
7.600667896473529549e-05
5.852310471580770933e-06
-3.709036908184204354e-04
-8.984475170749323765e-04
-4.226478830421496634e-04
5.660067353019736886e-04
-1.473346445152133577e-04
4.279469097450827727e-04
-9.342083368520803658e-04
-3.932829091730835050e-04
-5.414669917294906258e-04
-5.038054270411936042e-04
1.116733530736687037e-04
5.315778694075624184e-04
3.097099886107988818e-04
-3.784554828512810202e-04
-3.026710093847666348e-04
2.527910091645990106e-05
1.018436918147491309e-04
-2.081829095082498074e-04
-2.518997546296809363e-04
-2.900226211012376840e-04
6.483381037483195450e-04
1.098181566235164985e-05
1.013588771986988386e-03
-3.802801364460612482e-04
-5.611062037877769275e-04
-4.297577545234418394e-04
-3.187492283831330097e-05
2.019284771500117848e-04
-9.453925058926870666e-05
-1.403719711284625324e-04
1.860594038055342055e-04
9.443512932164373891e-05
-2.003581916208235195e-04
-1.619621768780873505e-04
1.945626709937112891e-05
-3.554819441066809835e-05
-2.205206582379558235e-04
4.193236848061856451e-04
-4.561713405823344231e-04
2.826054657289445680e-04
8.546259241998469393e-05
1.035272865429590246e-04
4.015250182666072230e-05
7.048509223532605297e-05
8.763098344680868897e-05
1.020610334007911635e-04
-1.887897574014697259e-05
-5.119544462469929555e-05
-3.497018407905539653e-05
6.220396049633294163e-05
