5.351963202370639479e-07
1.799699014148930842e-05
-2.984687470737715952e-05
-3.732867981924846727e-05
8.529080352257117112e-05
4.167901800171194792e-06
3.779204806006712935e-05
3.892115211160413076e-05
4.028604136390063361e-05
-2.410849387355642757e-05
-8.012019354703501920e-05
5.980782527001158124e-05
3.042416427053249510e-05
-3.705201280442661722e-05
-1.262381058487952980e-05
-1.443065697599949860e-04
-3.319928840314937627e-04
3.238325110066999800e-04
-2.841426669464042773e-04
-3.472527160463260754e-05
1.972919092384958740e-04
4.489983457805139355e-05
5.325029447875070368e-05
-1.164041969252854237e-04
-1.617704648735260038e-05
-3.077546663425742118e-05
6.012516963681263143e-07
1.696253148171410210e-05
-1.804767586544398251e-05
3.659897721392429293e-07
-2.190875479131809835e-05
-1.246794620050637702e-05
9.979601822272888612e-05
3.198023081378102966e-04
5.179271837825192627e-05
1.753498687004620871e-04
-1.011857417016738075e-04
-2.724285773982985676e-04
-7.257101240946982107e-05
-3.236694677438364549e-05
3.607667766438462070e-05
5.680715181419533638e-05
6.962856576654256099e-05
-1.069913422165170525e-04
-3.325004106379450932e-04
5.005317598973303044e-04
-4.747120004317114880e-04
2.064505831405063455e-04
-3.374025693519921943e-04
-9.968908692967493892e-05
4.569343493663417777e-05
-8.198232898526182195e-06
3.330840219655447645e-05
-3.915244880054530514e-05
6.013783629819607603e-05
-2.781523897379555477e-04
-1.554490093670551952e-04
-1.090785177347355239e-04
3.553907382257669991e-04
-8.540925949421280139e-05
-1.457408047701310935e-04
-5.279871502611933925e-05
-4.107960543231520712e-05
3.864611103193804062e-05
-3.550571385227467526e-04
4.819894213183369852e-04
-8.567482718962293037e-05
-1.375738370054304792e-04
-4.450509360517745060e-04
-1.287062158810345087e-04
8.740970765963717725e-05
-1.374232283927107111e-04
-1.131470226110697474e-04
-1.717739518284080124e-04
1.441742730275481668e-04
-7.970063365756025993e-05
3.082522797854802274e-04
-7.128821586952593492e-05
5.220920854509639468e-04
-1.171691702074836453e-05
-1.789071311374487326e-05
-1.047635882837115120e-04
2.567634734174182990e-04
-2.162921909714371658e-05
1.690224776114264643e-04
-6.405429020154341548e-04
4.024567801713630432e-04
2.487296829158820439e-04
1.835861515476403633e-04
-3.914240193794356359e-04
-9.581983175192500994e-04
-2.873623315440589077e-04
9.729993852160647751e-05
-3.982760326715190070e-04
4.356332986303711316e-04
-2.663934775140326238e-04
1.811215469950508872e-04
-1.392231582312072489e-04
2.154103788843896819e-04
7.889433476763816472e-05
2.558455370659122583e-05
1.645438639595107986e-04
-8.605895312036505754e-05
-1.641780462171135366e-04
1.033491784681871877e-03
-5.938157432304529094e-04
-7.322196644941501246e-04
1.421838807042353223e-03
5.241982577244523730e-04
-1.555224727107957789e-05
1.281135035564263047e-04
3.062104927788120157e-04
2.404314842193200927e-04
-4.389831800143379170e-05
8.947498803063842331e-04
1.042052596751136255e-05
-1.876010996264563038e-04
1.134580619120329707e-03
-3.316512388106818279e-05
-3.515694993152812683e-04
-2.494395203270986360e-04
7.709721776419249911e-05
2.602705436369003077e-04
-7.594122283367230605e-06
-9.102904668397063378e-04
-8.880326444286249085e-04
1.851024060369580140e-05
-4.165688195224692822e-04
-2.012640598293578473e-04
-2.495102633111981913e-04
1.383682787601713730e-04
2.042118448668278250e-04
-4.272655699677973206e-04
2.643939354133943947e-04
5.454758651349125116e-04
3.105583064504054337e-05
-1.247861760948943300e-04
1.322784538488994523e-03
-6.002484989306065225e-04
5.910025544515994507e-05
4.385097765940727663e-05
6.605783554164815273e-05
1.911015070432975111e-05
-1.301544103138000817e-04
-1.078126170650683984e-04
-3.292128010149175591e-06
-5.362231177221506910e-05
-9.142212604037089590e-05
-1.380035124959601799e-04
8.534782836167464513e-05
6.459774404663562854e-05
-1.220354470820874629e-04
-6.619933058022548725e-05
-7.599809229035405617e-05
-1.987988391186388954e-06
7.797521760870928213e-06
5.848398113087047905e-06
1.131160448740960899e-04
-3.492391336866669424e-05
2.701979327035944952e-04
-2.208461662616634463e-04
2.928047051513015778e-04
2.259303267448860308e-04
2.505048556291268754e-04
5.339076215339172383e-06
-7.488556648601125607e-05
-3.838188385316087766e-05
7.252093188933784887e-05
1.467784512511586148e-04
7.523239946308100869e-05
-1.175975851857512889e-04
-3.762113526031424780e-04
-3.421370595629239230e-05
-1.058285204169227757e-04
1.936958207110642957e-05
-8.178257368458991536e-05
4.270029799690125833e-05
3.395088372868804562e-05
5.353795580457909175e-05
-9.244012721213964559e-06
8.011431809963736879e-06
-2.372220269693310786e-04
5.412819299227982536e-05
2.982233225369655271e-04
1.216958710132877875e-04
-1.391280700630550214e-04
-1.326193044279213772e-05
9.767377099729188713e-05
-4.131866996774612302e-05
-2.039825525639142069e-04
-3.558349297316111114e-04
1.900016179308920282e-04
-1.070466849840709340e-04
2.508199598514466956e-04
1.626596804457358647e-04
-3.431318561682592731e-04
3.209951522396002518e-05
9.487468380532983745e-05
1.438753187635218858e-04
-5.721602442295651170e-05
7.870608304895923823e-06
-3.330603159534534767e-05
5.259756577429993259e-05
3.149420986968937781e-04
-1.458839860426910361e-05
-7.355446317594767673e-05
4.716831196816222686e-05
1.214831115725000204e-04
8.632461397565037279e-05
2.564700137183420167e-04
-4.342470738108033536e-04
-3.545697508735373921e-04
-4.162427553404139582e-04
5.862778019185550631e-04
-8.986842289253670426e-05
1.023576523660065478e-04
-9.768696601996149217e-05
-2.313407755856597666e-05
7.350279305521703892e-05
-2.320691708750684387e-04
-4.313179902762738689e-04
1.095662684426927582e-04
4.281973565124806767e-04
7.191613363694442963e-04
8.189730600479873553e-05
-7.681206687530621891e-05
1.798973487302785840e-04
-1.814403598714936863e-04
-7.471535717999425934e-05
5.322047953591487563e-04
-2.195619436906291473e-04
3.910230985171860946e-05
6.777933363852808976e-05
-2.026035098746997915e-04
-2.338185679730245454e-04
-1.347318711285426308e-05
-9.183919705072088682e-05
9.364767595219198552e-05
-5.909317474565374306e-05
1.304376061164689302e-04
1.216228691355701228e-04
-3.578501861536239801e-04
2.498449023962112376e-04
4.007871893854754518e-04
1.028953765659140133e-04
2.333005554320703788e-04
-3.896348394850035967e-05
1.384483289660522881e-04
-2.037458482221654067e-04
1.732259429655074855e-04
-3.398473697751816801e-05
-7.775077583846395468e-05
3.223402568165399109e-05
-1.141392449439316463e-04
-4.275010442101154933e-04
-3.950292815508691280e-04
-6.415674855748120268e-04
6.275455910254516389e-04
6.671265157769422968e-04
7.715941838551711987e-05
3.061445697753798195e-04
-9.876719595995743322e-05
3.681743762880139204e-05
-3.342988474418760893e-05
1.312236962865303864e-04
-4.827783456999145003e-04
-4.629481278473916088e-04
6.317452310472674356e-04
3.384279774128503399e-04
1.803013396911339256e-04
-1.275234689543975773e-04
1.426951894118918531e-04
-2.778045082483575359e-05
2.676408606157445208e-05
-2.328433740385826655e-05
-3.526987294312714542e-06
5.632016341185942668e-04
3.841769352285835030e-04
6.839715327874591310e-04
-1.950774769903742168e-04
-2.229150875320711530e-04
-1.702743115546952334e-05
-2.865648128490751070e-04
1.448858403770195255e-04
-2.782032494343240859e-04
-1.775265519217317407e-04
-4.336807271729987176e-04
-6.964848000693969450e-04
1.712276962375639048e-05
8.620589203420780391e-05
1.395737642677435876e-04
1.742914091990820915e-04
-1.059970315970112573e-04
9.821141508572600294e-06
5.842454255641283713e-04
1.197159513409517029e-05
2.233165544105697952e-04
1.447148394893821408e-04
-2.235269116184997781e-04
1.410684639189863955e-04
3.404482225814497624e-05
5.008029176606447588e-05
-1.495956004538428329e-05
6.217957115589150532e-05
9.858202947832932249e-05
-1.511123205793567204e-04
8.244621985761058168e-05
-5.080985598737748502e-04
1.516709376172779432e-04
-2.373565107987090305e-04
-2.897655200895148998e-04
6.279399517939685026e-05
-2.254669637347405157e-04
1.608662003714058630e-05
1.646250338669372800e-04
4.413198355615504721e-04
-3.009167156190724400e-04
-3.115634220854249323e-04
-3.152918079772163156e-05
-2.493125360447499437e-04
-4.880367867971840870e-05
-1.079653767545738418e-04
-1.074272527279343916e-04
1.165205477511191634e-04
-4.723309122110886478e-04
3.442633917796547051e-04
4.207425825440370883e-04
-3.245897344643594129e-04
1.748128888189107437e-04
-2.430765514846898933e-04
6.298152095147734910e-05
-4.306649044591020505e-04
8.785546344815702610e-05
2.273846028788582081e-04
-2.162276453179745958e-05
2.119232892551129889e-05
-4.138750590332083794e-05
-9.492752032589881666e-05
1.651787905195070151e-05
2.120092748772487118e-04
7.872675382406780164e-05
-3.640901609291632301e-05
1.180758886152149368e-04
-6.184301506513789582e-05
1.213581320656651792e-04
-4.812591421569277711e-05
-4.187631128532689817e-05
-1.586816326862556614e-05
9.832348944471118411e-06
-6.492405772108003539e-05
1.419929732031932092e-04
-2.407163528328250810e-04
3.031692550707312911e-05
1.896533122536387392e-04
1.560020158056976811e-05
-3.469054953342541229e-05
-2.971031135685082942e-05
4.007134830135036177e-06
-1.471286629989466011e-04
8.599031972912431535e-05
4.521292055605491400e-05
2.515832459398914924e-04
2.574393509655362958e-04
3.440516675155731469e-04
-2.944314426839591788e-05
2.003971814753324006e-04
1.167236019852992558e-04
-2.338408094493681533e-04
-2.348174496837364671e-04
-1.579981549945405996e-04
7.418044389994030065e-04
4.551988096981496486e-04
1.458661280722267466e-03
-1.759481734488374223e-03
4.967155473446820601e-04
5.373364627570088392e-04
5.925481656252710181e-04
3.537480749065376531e-04
-8.762542550251461320e-05
-3.696955692710753917e-04
2.597893666666455212e-04
-3.862815250572443565e-04
-5.886927031087637371e-04
-1.810062348926504095e-03
-5.108693513179278240e-04
9.310725914106621887e-05
-2.494744772756262103e-04
-5.693137675822674296e-05
3.240096825879741475e-04
-9.649720337745099118e-04
1.830542602078429320e-03
4.586240867403822163e-04
-8.798716571204031819e-04
1.603540788043824076e-03
-4.780521716928639290e-05
2.154879686128715157e-05
-2.129536966825709731e-04
4.632462785218739699e-04
3.825440924387501921e-04
-7.260940429024606547e-05
-1.968319419896919376e-04
-2.367222948964093696e-05
-1.155053874543698942e-05
6.505290438967400181e-06
2.389697214917497624e-04
-4.334796834123350251e-05
1.672392719320107523e-04
1.255674215143954490e-04
-1.285523724010179396e-04
7.263150429874672652e-05
-1.004680087536328395e-05
1.072151213591250834e-04
1.417148254305217365e-04
2.465647162909937015e-05
4.163705911876590751e-05
8.280585468738262589e-05
2.377579213011381698e-04
-3.199767197210087841e-04
-3.171886906527889195e-05
-4.056128628737695795e-04
2.640584171485808808e-04
-2.395763006337274916e-04
-7.843705978165432574e-05
-1.258940544896481023e-04
-7.577036231265213081e-05
-8.302705155992554879e-04
2.727032439864344169e-04
-3.708024736948594790e-04
8.410240178261038776e-04
-1.388168719775151165e-04
-2.198648674786104909e-04
-5.141058557162884622e-04
6.851048575055430998e-04
4.131792713791844333e-04
8.906090652000318939e-04
-1.602512848428840151e-03
-6.311584295502245361e-04
6.986080030476920664e-04
7.056808949206065662e-04
-2.379551002832789219e-04
2.636966676265659060e-04
3.132487632818567393e-04
1.743215959455438220e-04
4.342531153563448693e-05
1.522092504628136216e-04
-4.712973843448273919e-05
6.324920764970524143e-05
-1.317381855512577945e-04
-1.456639430238128785e-04
-1.943238391038887107e-05
2.705425206356116348e-04
-3.830633358511722732e-05
-1.710062341221191208e-04
-1.520240262312968994e-04
-2.601351703200480386e-04
4.371196507640336305e-05
-3.843357483821497884e-04
-3.371150244529284249e-04
-1.564003223011230530e-04
1.323439356847990269e-04
4.856695337927555362e-04
7.418881388944579018e-04
1.150779878913546538e-03
-9.049851235781406367e-04
-4.488195343211992517e-04
7.435159548563644808e-05
-5.129617782072070460e-04
-2.778082247522027908e-04
-3.892640406230566817e-05
