-1.748961940419919747e-05
3.239642427244270549e-05
-4.288297544986410516e-05
3.547853345903955770e-05
6.598703072857877669e-06
5.339520048438678535e-06
6.154723285552034450e-06
1.713072650277341726e-05
5.744186060784878001e-05
5.634829914912036836e-05
3.804066200054627619e-06
-2.137822136091400712e-06
3.925163391674221959e-05
7.544274415220211252e-05
-3.939575492997943532e-05
-1.944204952601918512e-05
-7.374517698951545705e-06
7.170510816325782906e-05
-1.850741942254522873e-04
1.180765924553750252e-03
6.878778739190986955e-04
2.739994104092405855e-04
2.801647127947780183e-04
4.212887080856042793e-04
-1.913287499347919953e-04
-2.525178786852756582e-05
7.120494955009965964e-05
3.946656964499984646e-04
-5.037656412513953933e-05
2.046166533298998582e-04
5.084253342531059455e-04
-2.724405073598452041e-04
-6.756056654246461778e-05
-2.084243186386672048e-04
2.316351977862765203e-05
-2.514831629219907764e-04
1.348092743912689866e-04
-9.548592951639597005e-06
-3.038022330062590517e-05
-2.449348377822488311e-04
3.116997754809384957e-04
2.271229842319627068e-04
-1.711244816201551173e-04
5.009058702826415681e-05
-3.760928396493692016e-04
9.718007202125937322e-05
1.746217487027985102e-04
2.736558786776885130e-05
-1.263358056050559880e-04
1.674228406111789424e-04
8.520200779018742869e-04
-5.473816743729381304e-04
3.907332756521689790e-05
-4.364457715133404506e-04
2.104574993518111700e-04
-2.713512795531123462e-04
-1.822235530211851811e-04
3.458292754573865811e-04
4.430589102417368825e-04
-4.002791056703698143e-05
1.486435052966242646e-04
5.775654911466569178e-05
-2.057970045717686584e-04
-3.600242885890276825e-05
1.158536126505093681e-05
-2.085645192786414123e-04
-7.149729454929555804e-06
-3.832009112351764574e-05
-6.594693940921981493e-05
-1.633930038444016976e-04
-1.280504536848583671e-04
-1.397580577902110652e-04
-1.115492343111572132e-04
-1.562659339991822173e-04
1.354835520665934935e-04
3.949313909892338318e-04
-1.025026293556312648e-04
-1.844460304392067944e-04
-4.199094436679449331e-04
-4.133382419641262176e-04
1.925807074107540012e-04
9.700115110700389162e-05
1.395438734259099687e-04
-1.576675995804577724e-04
9.314806807831893900e-05
-3.933832577632778423e-05
-6.826904459778761409e-05
1.855726445944324687e-04
-7.181330169069943901e-05
2.920913242672248532e-04
4.250132952701698644e-05
-7.970535163316908500e-05
-2.323399899858634952e-04
-2.593132526449370286e-07
9.116736734639202349e-05
-2.470030232307357824e-04
-6.007039982171623424e-05
9.914898048855866068e-06
7.171139146095008635e-05
1.721186181084871853e-04
6.349418717107757246e-05
-4.568292543978071004e-05
1.288097866107755052e-04
1.755743562275753340e-04
1.280638643821732973e-04
3.393890293545556372e-05
3.799181361427538803e-05
-3.834451930623190467e-05
6.904132917905083050e-05
-6.834764057671187170e-04
-5.832480159210469245e-06
6.374336683909768910e-05
6.841128944013050649e-05
2.099697913176686807e-04
-1.707168466665847251e-04
5.406315003358539600e-05
-3.453143090833476282e-05
-2.271431936722125347e-04
-7.099097913179153781e-05
1.444396097678107958e-05
-2.531998856836014048e-06
-2.842510635341515587e-05
-1.765544092237009027e-05
-1.216007944077136475e-05
6.466315817865039514e-05
1.033950677720760729e-04
-1.134207512867719415e-06
-2.812506575055836151e-05
-3.014635500931439795e-05
-5.803125665992784238e-05
-1.481242404085319423e-04
1.059729569129990291e-05
5.056154158431007205e-05
-6.608872683962880266e-05
2.603021948575299756e-04
-2.194184761467442442e-05
5.332615562785073909e-05
-3.438127690410096196e-04
3.163199194605691156e-04
-1.606406857175488848e-04
1.174313671649718010e-04
3.282156412340412081e-04
8.459328965826155280e-04
-1.905367658818048009e-04
4.739830726998177693e-04
-7.829010121624525951e-04
-6.275394951138558216e-04
-1.373978678200894299e-04
1.269573928687762728e-04
1.306356706533814066e-05
-4.104538683482721073e-04
-3.321129986863211622e-04
-1.026084134757765165e-04
4.268747462302240362e-04
-7.570257010076063839e-04
5.743372642211452481e-04
9.369845823163063664e-04
-4.998228390119645315e-04
3.051824455850667616e-04
-3.126784165997447632e-04
3.651658333911150475e-04
5.355664196228860415e-04
3.326759508814327790e-04
-3.584872833587603364e-04
-1.566102969805275246e-04
-1.919828377260927952e-03
1.609247814422779498e-03
4.619329942298781356e-04
1.525857844108902822e-03
-1.320370325333350284e-03
7.324234885089836488e-04
1.201414455519398284e-03
-1.317103993279716964e-03
3.064297907474851129e-04
9.359474880670365360e-05
-2.216917041731163445e-05
3.006787917712632147e-04
4.163660048992993544e-05
4.195936216422336260e-04
1.145250806155982681e-04
-8.701237796759394964e-05
1.326636392953115537e-04
-4.018914246041903815e-04
1.861203511318437753e-05
-1.926047770740022869e-04
2.664043937685159824e-04
4.126089686521708074e-04
8.783552495707393345e-05
3.493426875294796817e-04
-1.031055667590368092e-03
1.103750070116770376e-03
-3.638762983477850728e-04
1.461099443475986828e-03
-1.310751956785084077e-03
-4.269773942659353715e-04
-3.017201941525968364e-04
1.454137931150409531e-04
1.328244493907084032e-04
1.914899797637766563e-04
1.519680927329666973e-04
-7.745812746937286901e-05
-7.416251741852977384e-05
3.978601336610960553e-05
-9.051296445420089988e-05
-2.090440083700319349e-04
-3.728649262374270751e-04
-3.401223204806186535e-04
3.178465920038377218e-05
-1.152804021546887792e-05
2.836504991326202415e-05
-4.301497070002558700e-05
1.911431214102065235e-04
-7.995436144034197138e-05
1.531394340031680379e-04
-4.467830344523224728e-04
4.750032333075065527e-04
3.213809057187224771e-04
5.083902932621043279e-04
-7.542910179598099956e-05
9.538739283629212799e-05
-1.327218840467732917e-04
-2.775989866647807420e-04
1.469432009115287526e-04
-2.214340018774690541e-04
8.842435704506345620e-05
2.407514852922416671e-05
-5.981734119223036607e-05
8.067268091404380698e-05
2.386553160479273761e-05
1.092691115601945440e-05
-5.881221814984160731e-05
6.279101054564298812e-05
2.303696941618092270e-05
2.228512073806925725e-04
-1.257997498909783668e-04
2.095140043697056269e-05
9.313981263463913594e-05
-4.889050118186638816e-05
1.633075007366270625e-04
-6.852527531482978688e-04
7.904370659081882305e-05
-3.384650851795644984e-04
2.803210357840497566e-04
-4.023866105881400727e-04
6.735112544523606673e-05
4.042367695649018178e-05
8.669310296125722797e-05
-5.249911296408554801e-05
1.665625795007401821e-04
-2.277531595069302601e-04
3.050175044638687733e-04
2.130788301821124350e-04
2.689909020903793763e-04
2.529654573705912308e-04
3.044443011949502344e-04
-2.008608872029237012e-04
-9.664658953393993109e-05
-2.807993637170284797e-04
9.276176961050679485e-05
-2.958108449994007209e-04
5.397148951469129635e-05
5.736587396023481175e-04
-8.821602954937041554e-04
4.558566754924167565e-04
3.731174943781714426e-04
-7.682781371669816361e-05
8.794205332314171170e-06
6.941429044737989400e-04
4.187272273962018348e-04
4.724014297490126811e-05
2.415064897013653700e-04
2.036351559919201708e-04
1.969420969043939864e-04
-1.152983161666203295e-04
-1.771207400209964044e-05
2.320245507570392856e-04
-1.426838900887099609e-04
-1.400157592400304177e-04
-3.026929164149848262e-04
1.935970514990921238e-04
1.611546000985338489e-04
1.096462005701105826e-04
-1.360639495027677400e-04
-2.074132604649051655e-04
-8.519738686130479263e-04
4.693722279873482027e-04
-1.794939641605761095e-04
1.519642203344051914e-04
-8.231167664248491885e-04
-8.321005773586673097e-05
1.331896295237042207e-05
-7.606041103445968334e-05
4.923735071490569452e-05
2.662949785064832329e-04
9.691659635991748127e-05
7.948658623003743205e-05
-1.331857572585846470e-06
1.196709273594296697e-04
-9.836430724960315585e-05
2.173970052198845348e-04
-3.269705024817644171e-04
2.008869054303635251e-04
-1.265132938102317362e-06
5.273175451310553336e-04
2.832540622777613261e-04
-1.758631347780577261e-04
-2.723585321939296083e-05
-1.509771787579919849e-05
3.098855382350695019e-04
3.104110013934091442e-05
-6.833095216133950074e-06
9.905816349917326519e-05
-4.300826277625393457e-05
-1.168702776139312981e-04
-9.185562743722860458e-05
-2.915814225824040252e-05
1.062218892884033041e-04
8.234345881303510513e-06
1.630433429873948104e-04
-6.708284263800682104e-05
-8.392324793396403518e-06
5.762696307579205526e-05
-3.136884197353992924e-05
1.918457741774537016e-04
-1.596698592196713832e-04
-1.734272430826913505e-04
4.564213766439298436e-04
-3.890899753247126095e-04
-9.647394391032401717e-05
-4.292933074196170635e-05
-1.129746466649163235e-04
-6.406097040764401811e-05
6.371131501997782302e-05
1.423750433925038148e-05
-5.939796333790435621e-04
-9.103707634605318543e-04
-2.135901646952132707e-04
7.864930970436072874e-04
-5.518452965340878385e-05
-3.431083589999208913e-04
-1.772898418236423866e-04
4.581273668103391693e-04
-1.867983955380861805e-04
9.891497485034939259e-05
-1.104084859412872134e-04
1.221657873810067017e-04
1.248790509163555992e-04
-1.044137842736940882e-04
-1.414673160231206151e-04
-1.345854131587871573e-04
-5.452917452840050637e-05
1.253258895587271865e-04
2.255167875263291294e-04
-4.093411396870366736e-05
-1.744804996226368787e-04
-1.383892644454483604e-04
-1.120299809702353887e-04
-2.976820455579099703e-05
-1.179356802845547505e-04
-2.363211412933695311e-04
-2.278427168468206369e-04
-8.311679219910816322e-04
-2.675134536902979885e-04
-3.553143175378362150e-04
5.668842166349147890e-04
1.856614785009906107e-05
-4.204520119216582463e-04
-4.118286949888125812e-04
1.015935749293526893e-04
-1.687567374970518942e-04
-1.603959107292346736e-04
2.763906569577650048e-05
-2.788298141112342129e-05
4.057002857752778130e-05
1.004186242891557708e-04
1.023575941340449672e-05
7.306987814987310470e-05
-1.089599475303292751e-04
-1.048872581926580636e-04
1.968327692965564048e-05
-4.952364705695235734e-05
-1.210848779292465619e-04
5.614136849930274420e-05
5.001612447618792597e-05
-2.718326661909891353e-05
-1.724563449973345235e-04
6.390999330998211930e-05
5.247397174741880984e-05
1.202353578719631461e-04
-7.591064604384015234e-05
7.349382154782146742e-05
1.448065476658317479e-04
1.842686840917551585e-04
1.915901884839611458e-05
1.358996079758068324e-04
-8.212716962616113453e-04
1.303401893217843261e-03
1.063698160748706087e-03
-1.086438703648861734e-03
-7.822368301736487475e-05
1.159473880105451682e-04
-1.612801752081709976e-04
-2.544442255830655112e-04
8.383336858544877845e-05
2.574068263297465496e-06
-6.235090334191620059e-05
4.377379309221159239e-04
2.807972334083721133e-04
4.178369358496912414e-04
-1.848475172191717893e-04
-5.536713878690600497e-04
9.729615817818556796e-05
7.086429351141633449e-05
-1.796251760180462100e-04
1.053385467089774626e-03
2.566678869383576996e-05
5.231174616961435826e-04
5.316662876283046119e-04
1.088924263149456230e-03
-1.991005541982253304e-04
-4.393275705993114833e-05
-5.344929777740863654e-05
2.541772403128837038e-04
-1.863578405504901642e-04
8.537506711863077752e-06
-1.014186364774234971e-04
-1.816263480346811245e-04
-2.749142727551930152e-04
1.336991256919904344e-04
-2.068490078911680769e-04
-2.734208859726422773e-04
-2.474116969446231136e-04
-7.441231753602741165e-05
-7.908501156019620635e-05
-1.153171291836602988e-03
5.175468918837455900e-04
9.148146355856773097e-04
3.254060118787071459e-04
5.299981368963666960e-04
7.857694172843870755e-05
-6.609395994734361239e-05
-2.341589131183590384e-05
-1.288382064991450018e-04
-8.045590292359449563e-05
-6.015256440324871556e-05
-7.332762960373849991e-05
3.909865249044788642e-05
7.644004931347808532e-05
5.027654359739920848e-05
1.290203629943681874e-04
9.183015478205065437e-05
1.644409488608075708e-04
-1.895272653391391322e-04
6.353832385862087033e-05
8.045436865141047378e-06
4.536583795631437996e-05
-3.978729893452197637e-05
-3.849304273511596164e-05
2.072637133167214835e-04
-1.848184788674011952e-04
-3.835763763412281479e-05
-3.411817381076781932e-04
2.800283135144547770e-04
4.781373468201234080e-04
-1.751594107142805459e-04
-3.227769944421527977e-04
-1.116211621948668927e-04
-4.851488628907515521e-04
-6.088290355568686148e-04
