2.112560295630131073e-05
-8.689822417936892329e-05
1.049294152548516164e-07
-9.130726536419510732e-05
-3.300462993022277714e-06
-2.230443462999409608e-05
3.466900768558316381e-05
-6.675017164763528336e-05
2.231206912726259179e-05
5.313924440278628558e-05
8.387570613172958177e-06
-2.694662668724639128e-06
-2.733178367921916424e-05
2.525979337825168597e-05
-1.804834652401429598e-04
-2.513536080141174646e-04
-1.063009951210845157e-04
1.383599518024790169e-04
-1.206961672870147776e-04
-2.544895182651575106e-04
9.126911055061866392e-05
-1.014999736833051378e-04
1.767380660114338281e-04
-6.524598472463618966e-06
6.760018422415367892e-04
3.973057043324585997e-04
2.588539884399839114e-04
-1.821148703770659506e-04
-5.262798169010587815e-04
-1.504558827270453987e-04
3.002385019744426654e-05
1.299913838023190914e-04
-8.952698423578206454e-06
-7.490278391698713240e-05
-6.997280761133709969e-05
-2.213376046787748777e-04
-5.023536055636693110e-05
-9.563559287858485109e-05
-4.933562249095097148e-05
-9.524336517826618932e-05
-1.982209824098493149e-05
7.901919934752534090e-05
-2.907609747899176432e-05
-5.592975864458643451e-05
-2.363767640665780751e-04
-2.265416222386331757e-04
-3.561391492527429771e-04
1.346828101272547044e-04
-1.201472244072950739e-04
9.245096820587758398e-05
-3.098009508442783086e-04
1.434368733035663033e-04
2.355111547378577154e-04
1.113867568992342141e-04
4.000991597322094530e-04
-8.575535041521913419e-05
1.325606520359845768e-04
-2.977946472580581200e-04
3.051361280529499851e-04
8.782992406825935940e-05
-3.529130070181004162e-05
-5.979826926542579872e-05
-6.493181994596999970e-05
-1.056804351525613550e-04
-8.030402896105081104e-05
8.534244249019000753e-05
2.793112110022050979e-05
-7.962837139465143272e-05
-1.285164735014434451e-04
-1.089374016500586890e-04
4.623089706659203957e-05
-6.893728218379973130e-05
-3.857063302453297770e-05
4.416492689757355234e-05
2.879901839891575266e-04
-4.205347929250736593e-04
2.646701998813488842e-04
-7.606704801931025898e-07
-2.279377516173384667e-05
1.063179430988592667e-04
1.573306813584024921e-04
-1.840881394211527945e-04
5.621175496522309688e-05
-5.441853086828579288e-06
1.073400392798402029e-04
-6.817725357955151371e-04
7.824400497627719431e-05
6.658896030353205929e-04
-9.576872577511125889e-04
-1.820930639507704668e-04
-3.542079709959047125e-05
-2.837842966805464821e-04
1.708623474889939915e-04
-1.472052013482397551e-04
8.018053495109517541e-05
-3.476153147848992897e-05
-1.537231103195664484e-04
2.212686114823254370e-04
6.244419464664419431e-05
1.276896830161588256e-04
2.239708131071227551e-05
8.389058331301899914e-06
2.415314066156945268e-04
5.639654383481227317e-05
-4.156707298512785174e-04
2.347173079087303145e-04
-5.374273177811830305e-04
-5.373135076752827638e-04
-1.088023979514365940e-04
-3.985813675826251431e-05
-3.089797566132443038e-04
2.591899105260032834e-04
1.435070044930493178e-04
-5.475469529994608862e-05
7.226829948233624585e-04
8.971719155794364241e-05
-2.353661078225185283e-04
4.735725882617229827e-04
4.288730565145319035e-04
3.281601385338385913e-05
4.195717377373765305e-05
2.024549821612739648e-04
-4.535092527771625347e-05
1.542915654196682024e-04
-4.858283041728163402e-05
-1.933735448911508292e-04
-1.457610632881911406e-05
1.839861890550452224e-05
-1.133115469413861699e-04
-2.441267234716600217e-04
5.850749358790684857e-05
-7.099826736595920651e-05
-1.646560256723270609e-04
6.700657910248547482e-06
-1.641302949328892976e-04
-7.247818150497742254e-05
-4.318344357171653367e-04
-3.245878097280903928e-05
-2.319081151334420490e-04
-4.808165749206450121e-04
-2.584904930774196063e-04
-5.864364064347885692e-04
3.514101311408599697e-04
1.573926435841640028e-04
3.490519046791523542e-05
1.316428511343358736e-04
-7.575556909238832174e-05
-5.014024938933571825e-05
-1.172856335805681229e-04
-7.040174040180028692e-05
9.806637009733864586e-05
2.429237554101245882e-05
-4.094635007313879597e-05
-1.879193691293101000e-05
-3.092105373802003993e-05
-3.286410356620249822e-05
-1.880229431565590609e-05
-1.313904536089753741e-05
5.898423557967310209e-05
-5.705881736465635379e-05
-1.560849445953242057e-04
3.289031945052367512e-04
1.491764101634783458e-04
2.015166962447675889e-05
2.270442115628115048e-06
-1.895646447103064116e-04
-5.371002194428074896e-05
-2.046324051347398582e-04
1.851918893645569306e-04
-1.738581493962701636e-04
-5.817141288125454496e-06
4.671048435982163801e-04
-5.463153618342131754e-05
-3.510034686312280211e-04
-9.032600704845439234e-05
-2.218695593064268830e-04
4.928354281193040258e-05
-2.500910729955840525e-04
1.939193974614542091e-05
-1.224794760552789824e-04
-6.057118213997437088e-06
1.639872631658278277e-05
2.019224482593081130e-04
7.055385460370624281e-05
-1.081592370421142552e-04
1.330430504947224780e-04
-1.273830506034394854e-05
-2.451261131203640728e-05
1.127409611974534802e-04
-4.157682736684223499e-04
4.025115875276520541e-04
2.470325101949458094e-04
-2.472007917720531862e-04
-1.620237104547176158e-04
2.089414909408026906e-04
1.868494696568973295e-04
1.934331888734070295e-04
-4.917827578168298117e-05
-4.480756009891076908e-04
2.500460571485789711e-04
-3.556428088291738654e-04
3.009093707806735542e-04
7.534106900617911677e-04
-1.959310651964381918e-04
-3.487607912091311864e-04
1.526804519445749530e-04
-3.632380155519937689e-04
-1.018790804853558389e-04
1.191062807204711955e-04
4.760768510420446435e-04
-1.953251752400461411e-03
8.206203026803070202e-04
2.121199243652956376e-05
1.258698574717416387e-03
-1.540025220566601700e-04
3.890359169968399299e-04
1.025800577851971457e-03
-9.374409267232413278e-04
-4.637824347899933281e-04
6.799057987770285331e-04
1.368823798991119275e-03
-1.698015585182119759e-03
-1.482605421671772707e-03
-1.273296726377851898e-03
4.583299583110260153e-04
4.774507319684584785e-04
9.807946237484081503e-05
1.682553086547056295e-04
-5.793298961894432489e-04
-9.494718300449145462e-05
-3.454711336122012451e-04
2.789145589224976463e-04
-5.004884934432011177e-04
-4.801614241515271596e-04
-2.487704536408949681e-04
1.523770652825937380e-04
-5.345603335363479595e-04
-3.941028220245204627e-04
-2.672941527362497741e-05
-2.283563960884669748e-03
-1.845295321285434669e-04
1.073766964827560136e-04
-1.181660846437593802e-03
9.655447760122048365e-04
6.816988225286905892e-05
-1.269306006907890811e-04
-2.813859181045768576e-05
1.345047975944358896e-04
1.966694126783538480e-04
-2.365336363217088867e-05
1.389768898293758246e-05
-2.171198409238149699e-05
-1.904514051861132414e-04
6.610589164132021885e-06
6.818547009706523668e-05
-1.700642400644295882e-04
9.140092743768704500e-05
2.569728716293723085e-04
2.406295972020022224e-04
-8.008297744196121498e-05
-2.563147363085316419e-05
-1.267843839649808880e-04
1.092782625871156693e-05
-2.778721131897686188e-04
-4.404441370949039106e-04
5.855392746062370202e-05
1.881838117247311838e-04
6.715765048754920082e-04
7.539935063407982312e-05
2.262023351549234340e-05
1.678975083252202093e-04
8.758459072891810007e-05
-1.016263483238630586e-04
-2.331970402052026487e-04
2.470907979342411363e-04
1.222258562685468470e-04
3.068109245527219774e-05
-1.447521733106829698e-04
1.897278744025203282e-04
-2.714077205394055782e-04
1.602616578065649993e-04
4.069705213875853428e-05
1.423085225505895234e-05
3.870680244896125419e-05
3.359951795014815609e-04
5.638701485882343344e-04
-1.937938694109593422e-04
-3.598746645539068487e-04
-6.247851448677675104e-04
-1.993552699560550802e-05
8.190314506454925874e-05
6.312357367929624533e-05
4.351777353514602904e-05
-1.443453372096667258e-04
2.811806586025931585e-04
3.561633577882398431e-04
9.579041747022671205e-05
-3.888067250243782661e-04
1.880741809238355535e-04
1.835624539818434258e-04
-2.045679776588225321e-04
8.083319268573985802e-05
-4.814188013803893257e-05
1.945663571889336434e-04
1.097246401330562713e-04
-2.108031198832150028e-04
-3.098435382670719409e-04
-2.765904669645801285e-04
-6.072937681328308482e-04
-1.291586528657400791e-04
5.906389708473164040e-05
-1.602291928485013691e-05
3.095607092327154822e-04
2.156465514799253127e-04
-1.015028268060596032e-04
-1.826512180579977754e-04
-2.276833863376732803e-05
1.377438176302686786e-04
1.389261755908456468e-04
-3.194134581076110084e-05
-5.541114909517106627e-05
-1.261309894372475577e-05
3.099548818281064745e-05
2.282659305015558227e-05
1.731556117979141736e-04
-6.993512730752709660e-05
3.243938495783411317e-04
-7.805079561087767317e-04
-3.317307833780909899e-04
-7.762658173436376994e-05
-1.726967028613155439e-05
-8.285589915405850618e-05
-1.592572914822259665e-04
1.103835923187810220e-04
-1.409455864517207763e-04
-1.845298317090156043e-04
-2.467709033536295274e-04
1.343207974874665946e-06
7.243674640335185451e-05
-3.020262435294097708e-05
1.466112839087144865e-04
-1.114745318593675117e-04
9.825523722070073833e-06
1.352506649331885688e-04
2.972082668237912699e-05
-1.795762986619060277e-04
5.745008071600056141e-05
-1.170117232917767679e-04
-9.826494091660067573e-05
-4.935388400760859690e-05
4.273541642108646274e-06
8.227599238057462839e-05
-1.650447268587298692e-05
9.838014348090910982e-05
4.302798120735339111e-05
-8.041526748358167928e-05
-7.247585994627269237e-05
-8.711356553656129492e-07
2.703478583073806594e-05
-6.076496828785644006e-05
3.881808740491730859e-05
7.627261357286619812e-05
3.381426628370226713e-05
1.185504946079514398e-05
-4.691776515349358498e-04
2.180071062440342900e-05
-1.491879644633752728e-04
-8.074199800133752226e-04
9.105924233363287728e-04
5.216580715981087744e-04
4.935371229922254008e-04
-8.272221257251678684e-04
3.239420219052642469e-04
9.076039599237447578e-04
-1.005049646998856474e-04
-3.095329960033749942e-04
2.550681026171089882e-04
1.564203312088531463e-04
4.605572868966087668e-05
2.745029316253591958e-04
-2.194876652734147342e-04
3.902396292060133029e-05
-1.175400917700392432e-04
-1.321144036827690590e-04
3.257529966440319050e-04
1.280362490440230871e-05
-1.788400342404303581e-04
-4.162757606089749680e-04
2.173226572162732014e-04
7.574989208844000704e-05
2.740426859554106402e-04
-1.911563818303613259e-04
1.242231572126027868e-03
-6.864486385245872468e-04
-9.203189118470381366e-04
-8.885550861721475081e-04
5.065170864393337205e-04
-4.934022931247428927e-04
9.587441768315454809e-04
-1.978123719594813458e-04
2.158947873908947847e-04
-1.364448231146635562e-04
-2.148825130400882299e-04
7.669792919285517430e-04
-1.333194798163747717e-04
-2.513385906416100955e-04
8.117367754883758211e-05
-1.516181311611887732e-04
5.126176016488722987e-05
-9.001504106343667937e-05
9.823784405704248201e-05
-7.722704352911780794e-05
2.271185193538610540e-04
9.362100820577193532e-05
9.257669868338680528e-04
-9.417008216522481517e-04
1.095417933465217373e-04
-4.136566222809190526e-04
3.856134429645826702e-06
1.339082730451062928e-04
7.560730425687874805e-04
3.325069839711504807e-04
3.492748525602716245e-04
-6.761683744541075814e-04
-3.804673217834270539e-04
-1.037082166916095382e-04
1.092563736249943724e-04
-2.770616663871399636e-04
4.756230289274251353e-05
4.878296741440140983e-05
-3.199769078047117339e-05
-2.933080583438475394e-04
-2.588398389496136842e-04
-2.417463327172656167e-04
7.660244120660177243e-04
5.490737652623040119e-04
7.961476854997479816e-04
4.065303231414795024e-04
-3.832285966607442470e-04
1.542011955286003058e-04
-8.348779249227909814e-05
2.370951861784017351e-05
-1.039453483253933449e-04
-3.730079052082866830e-06
-1.264745458840771267e-04
6.784476681662280934e-05
-1.675850332965090120e-04
1.092464359752827485e-04
6.347167198042077334e-05
-9.761657902328546327e-05
-9.408500299266432144e-05
-3.957166824464167102e-04
2.748090027115562307e-04
8.040429592412637154e-04
-7.202228716757445482e-06
6.115431911617886650e-05
-3.825428823359682429e-05
1.387880173220991418e-05
-8.096161328185634207e-05
4.472265137981448757e-04
-3.368123125657664280e-04
-2.697970173659929266e-04
5.232983462198955566e-05
-6.750198232781968999e-05
-3.490199490875504803e-05
9.869007205941706309e-07
-2.292083539150318889e-04
6.266273706789185927e-05
-6.492040677290916088e-05
