7.638136803535478526e-06
4.908519758209909403e-05
7.856690146290087746e-06
1.326448991553431745e-05
-1.258528681972235156e-05
2.497344985122260718e-05
-1.980514787010131332e-05
5.455959019613152708e-05
1.197860384377660601e-05
-4.991174278654165574e-05
1.936168613468279871e-05
4.197018113856671085e-05
4.015525078057052887e-05
-5.045265725396900022e-05
3.626513158545096693e-04
-3.781829284167035612e-04
-3.433003548066780120e-04
-1.075909483474400517e-04
8.867216639747553140e-04
3.575703046901913514e-04
1.983441385785460827e-04
-1.127182846393130289e-04
3.034861854870330691e-04
2.610317593345751457e-04
1.968424928498965787e-04
4.040918226269127328e-05
6.241491163634951508e-05
6.107066128840974264e-05
7.988678465104607273e-06
5.739693468733458219e-04
-3.488070664430558874e-04
-1.217517684844698466e-04
-7.077235127277978818e-04
-1.257805451092544255e-04
-1.766602607549358245e-04
3.070872430546600531e-04
8.483914580521049084e-06
2.507631085733341724e-04
4.854743800708561968e-04
2.310204059384428474e-04
8.960259304137735870e-05
-1.669470137888986517e-04
-1.625253522942264787e-05
2.206242363302615337e-04
2.545845515888709806e-05
-1.280611587725392030e-04
3.378688399322838927e-04
7.069789414409603789e-04
7.293278010321984088e-05
-1.017399346903823533e-04
-5.597168095216011529e-04
-2.837004489038441211e-04
4.938730216899801405e-05
7.248156225955850775e-04
4.471938089515183469e-05
1.154736110765372281e-04
3.161035785255858412e-05
-9.733793898455603668e-05
9.955326529557472057e-05
2.151486638710256648e-04
-2.333202697022074417e-05
-1.586188194174029543e-04
-1.223802235228039212e-04
-8.327290997448347221e-05
3.968043057288795543e-04
-7.827681902205964196e-04
-4.802318860145187010e-05
5.399599504651467034e-04
9.468930526725665060e-05
7.384769662784479167e-05
1.516875534671332620e-05
-1.857101302596280714e-04
1.573169715403844476e-04
-1.733071135581064804e-04
-3.517051791914813261e-06
4.993097797761087954e-05
6.601446505384730122e-05
1.355103268374536758e-04
-6.783147287841613396e-05
6.418531502287918450e-05
-2.923707804553652323e-04
7.224951827282325020e-05
-4.551355117225303558e-04
4.312464135352714941e-04
2.113503407121587773e-04
-2.636869683219163663e-04
2.269746722725461295e-04
-1.997483461515169002e-04
-4.592228083226418857e-06
-3.781389183785981351e-04
-3.101225274025765500e-04
1.217006935780676549e-03
-6.744279440159481071e-04
8.232576548446110271e-04
-4.676093195587856981e-04
-4.201438251853943455e-04
7.760827700732309724e-04
1.897765331945859568e-04
3.156020420285004036e-06
-1.591436566314475567e-04
4.586430178660886063e-04
1.575851749226550179e-04
2.817341294113842880e-04
4.028980278326692516e-05
-3.928724753007363795e-04
3.745923106040753721e-04
4.974403283548300145e-04
-1.976318897199766216e-03
-1.057292849809382654e-04
-4.035204112255336996e-04
-9.822812838124730852e-04
-4.089647275132947206e-04
-1.460458172454650585e-03
-1.010208927990735323e-03
-1.920621744033322489e-04
2.815049449169540561e-04
7.687579671526354429e-05
-1.592090251432762412e-04
8.917277955156310528e-06
-3.959315646545449917e-04
-3.113402478449526340e-04
-2.714764045860565932e-04
2.369357913724962007e-04
-2.895554499439810959e-04
-1.556757615108705591e-04
8.026444986456156110e-04
1.662542565888765244e-03
1.676378761638528791e-03
4.917009336719162281e-04
3.456168741362494745e-04
2.298787080087231387e-04
1.407574239323728708e-06
1.756471199717084242e-04
-2.058649171807808880e-04
5.452554856030377307e-05
-4.616772617613568576e-04
1.851294019847099664e-05
3.451767952384447599e-05
-4.055355665654504786e-04
-1.528251177060214311e-04
5.712063064778710687e-05
-1.959313680355405385e-04
1.086911115248090614e-04
-1.292730848718652396e-04
-8.109082733888081965e-05
-6.050386526016673840e-04
-1.125917794095855574e-04
7.801043587885059553e-04
2.765634737137630520e-06
4.306227060268589093e-04
-2.067542905763296464e-04
2.497003345513392121e-04
4.516683144072995926e-05
1.481645377491976284e-04
-1.873716096710528517e-04
-2.466812633164312596e-05
-4.824777349364222485e-05
-2.761705882459238753e-04
-9.819216422282039871e-05
2.091555738500036068e-04
-1.473378481938954795e-04
2.220242531550673036e-04
-2.095637340503031119e-04
-3.511471922303694305e-04
7.785673442134571367e-05
-4.360949469966958936e-04
-8.522775397823571027e-05
-6.145122349120271145e-04
3.041633275934252411e-04
8.180660127527723731e-06
-1.396248313273654575e-04
-3.580313478676438039e-05
5.425956576591190627e-05
-1.148317146899962697e-04
-1.121275203746005257e-04
1.027228869058840582e-04
-8.558067388458801461e-06
-3.134467442150736752e-04
-1.165892321486604614e-04
-2.827294858085197785e-04
-8.546324511854967590e-04
-5.466210227647812269e-04
1.186576230103978953e-04
-5.256340659481925203e-04
1.778246312240047168e-04
-1.696037927633567194e-04
5.061488395456193237e-05
-5.289038642006675174e-05
9.623776838140687560e-05
1.438690078692926480e-04
-1.379508686126184019e-04
1.301901014498680633e-04
-2.376660655241409203e-04
-1.266746819713814531e-04
-1.521171088573753782e-04
-8.464187191233724355e-05
-2.986340868426635270e-04
7.232522806173740575e-05
4.639381696811022197e-05
-9.812221866563618266e-05
-2.220752756534384744e-05
1.413733805075481891e-04
-8.836545953103797611e-05
-6.269214455150795909e-05
9.554037445350838204e-06
-6.868822972229431849e-05
-1.243721964130125881e-05
6.345044459803504775e-05
-5.120371636152952797e-05
-1.642558696597463486e-04
-1.053784252411511837e-05
6.962221817545908187e-05
1.893811686547990650e-05
9.594552908335320974e-05
-2.940132323567149695e-05
2.861618939552980248e-04
-7.246604355030140672e-05
-1.210400195545618745e-04
1.497054844557991130e-05
-5.339492954064027153e-05
1.115480268974269364e-04
1.484000898003343596e-05
-5.449869657991835234e-05
-2.417527456407773991e-05
-2.940999773249072799e-05
1.028053887191939886e-04
5.230755396873119727e-05
1.215695355863033493e-05
-6.667003462860214742e-05
-1.026593612724904195e-04
-2.407195093431280014e-04
-1.948909458732910136e-04
5.483146556451266088e-06
6.735187442013447121e-05
-9.939415590098937435e-05
-1.437164498948035175e-05
1.040157174221111383e-04
6.541114594143051814e-05
-5.084902418857020117e-05
4.251523342115642916e-05
-3.647689409272538786e-05
-3.118104137482756016e-05
1.311739852069819031e-05
8.203518104192511365e-05
2.676301533096308162e-04
3.963901300620177874e-04
-1.745355031414700514e-05
-1.888314349120633214e-04
2.353723718701455122e-04
-3.942340396719862705e-04
7.358671460580155834e-05
8.951261222541594543e-05
-2.384473890864135083e-04
-1.456650238676547419e-04
-2.461390925499990596e-04
3.013769345390901119e-04
2.921955674498781866e-04
-8.450537320809726810e-04
6.049099540172168336e-04
-9.527028318923913856e-04
-4.690499115485525974e-04
-1.763640628109436554e-04
9.425142578283715903e-04
-6.099199273967503224e-04
1.561886221059662926e-05
9.326478810548963477e-05
-9.144950155190741223e-05
-1.576743495228627012e-04
8.454914527767917536e-05
2.715772114154688501e-04
-1.608196758235156732e-04
-1.563069868486658721e-04
-1.853392036187869200e-04
-1.071249588535294937e-04
-1.250902116064188776e-03
8.653069025802314056e-04
-3.285304636716935428e-04
-3.712638637599773744e-04
-1.190895247837500280e-03
7.070210448217440597e-05
1.466302889399648875e-04
-7.668136318880900348e-05
1.167022664623495082e-04
1.260951765518911671e-04
-1.254366110943436218e-04
1.784310682793295100e-04
-5.742276677232038395e-04
-1.595206057728611713e-04
1.666527770903286523e-04
-6.690624351916589128e-05
-7.792767677775426852e-05
-4.611684651276305437e-05
-1.112366712887775831e-05
1.641797910007668140e-04
-4.112029484901667223e-04
-3.805255818165927269e-04
2.680108737710259147e-04
3.177158667322134422e-04
3.834558594261533926e-04
-3.323166268702387499e-05
-1.585154082783842954e-04
-4.837225157763360437e-04
3.316694559043947333e-04
3.030076214750973443e-04
-8.006152777696726240e-05
1.804679247058891905e-04
4.940516871186436976e-05
6.163558111828030205e-05
2.188161985737885093e-05
-5.560448214406437002e-05
8.397628767284604477e-05
1.741901382779524133e-04
3.025017279628621327e-04
8.643188982562021342e-06
-2.400882120551699824e-04
8.979854874065698188e-06
-3.480719312372405135e-04
-3.416560300110194092e-04
5.475954364170269515e-05
4.747533469821145626e-05
-4.184511126173546462e-05
1.284722824986245628e-04
1.435684773163663143e-04
-3.509001699048420585e-05
6.696999465481454023e-06
1.829036517329907295e-04
4.843762596624922310e-05
-1.186596901402148162e-05
-8.882771365496090017e-05
-4.975531779509902858e-04
-1.982883981916605217e-04
-2.678004183737393569e-04
-1.536194512917424954e-04
5.107353421886191370e-04
-1.618232039041777345e-04
3.959197119431276629e-04
-4.352515822586676967e-05
-2.887131692990533584e-04
9.332098477658991233e-05
9.383735473002819132e-05
-5.306612625520631190e-05
2.258453747599420495e-05
1.098174299830960942e-04
-2.005080251351281964e-05
3.870840193302116350e-05
6.685195430001301579e-06
4.471253008403227995e-05
-1.263184592611548517e-05
-1.643677763666127694e-04
-2.620112447820182591e-04
-2.385006973388728406e-04
-3.171762708304323134e-04
-3.594449072226860636e-05
-3.192166392269842122e-04
1.991327201888705661e-04
2.948416657958772452e-06
-9.874678253082069313e-05
-1.426791178610249733e-05
1.358118100791578381e-04
-1.354031866383184385e-04
9.575636795746288903e-05
3.736666263921635311e-05
2.252880645968196758e-04
1.547293741675752755e-04
9.096234676778989321e-04
3.321722868114275712e-04
5.585283621129857315e-04
-1.000695073592450506e-03
-4.631183615760627579e-04
4.605577345398134161e-05
-6.094225063514549810e-05
1.376474766035881573e-04
-6.403653671752621175e-05
-1.206447379840112140e-04
-5.773273808445506086e-05
1.675075612502115424e-04
-7.518344530330177721e-06
-3.709937404005925784e-04
4.909612986231611832e-04
1.914014197314918217e-03
1.264136221817279727e-03
3.697694620955134276e-04
-8.147047121310057195e-04
-1.658384913362559356e-04
1.377505576906282842e-04
2.926539537723034639e-04
-1.946700033370076430e-05
3.616552089617270239e-05
-2.032188014975770121e-04
-5.382565472632343815e-04
5.105597913183794771e-04
-3.143462527446281934e-04
1.416237723020386820e-04
9.670835863029894315e-05
-3.235542212670809779e-05
1.126589827591771694e-04
1.600019733861516785e-05
1.146752528185103308e-05
-9.946647660112323123e-05
1.658423249974896429e-04
-3.408082730034148579e-04
3.188555444852075134e-04
-3.024094288980402499e-04
-1.987723831448718953e-04
-8.081759614095887197e-04
-1.028276028482878876e-03
3.136928557075370732e-04
-1.412105728966066200e-03
3.544312568213916223e-04
9.870558075455466019e-05
1.718131513543755284e-04
2.414187445030649090e-04
-1.509995353641604965e-04
-1.486182075005824140e-06
9.213250784568171800e-05
-3.700870206852641120e-04
-4.573928709698644145e-04
2.548446466404569481e-04
-5.186398845329521519e-05
5.981819285750091322e-05
9.691737872028076991e-05
3.688969360375994946e-05
-3.655027412711593887e-05
-2.476917994667384335e-05
1.853584481348938273e-04
-2.647853959330720474e-04
6.328948366124894655e-05
1.575213034903863508e-05
1.909394306797685369e-04
-5.972462347892587618e-05
1.564029148448389131e-05
-2.223692734346329595e-05
3.564930299320329927e-06
-5.408655770360935828e-05
-6.228592017430872906e-05
-1.233380695364885639e-04
4.204720115566142221e-05
2.882161568466471338e-05
1.036261625883880521e-04
2.480035535400295721e-04
5.307829472116786006e-04
-1.651656786137730261e-04
1.877339304012243932e-04
6.754721574830086792e-06
-7.459031417408284288e-05
9.257133835831396592e-07
-1.218172252622420492e-05
-3.294855758246498511e-05
-1.911607662379852582e-04
2.102528252272111288e-04
-1.411697251783696817e-04
-6.835934132825373251e-06
-6.827152125272780011e-05
-5.313944727992444997e-05
-3.390255033323136681e-04
2.499706710534489403e-04
-4.443601249833042314e-04
1.430491453346975563e-04
-8.264413678110498710e-05
-1.681750456646725726e-04
5.156363530024037642e-04
4.305711499195418227e-04
-2.687016033222746681e-04
-2.443936801795511672e-04
-2.350082061002669361e-04
-4.411163336419970151e-05
-4.037370885091842758e-05
3.797287744872571304e-05
7.755952192136516968e-05
