-2.041675901332756733e-05
3.601433446290337498e-05
-3.131405873391275156e-05
-3.356511167834847454e-06
1.250118660324443894e-05
4.010830343228933453e-05
-1.588965331019576364e-05
-3.280061115634352783e-05
-3.212128936783616330e-05
-5.971817092838033964e-06
2.178260660211104311e-05
6.147066750896257954e-05
-7.501243901799416326e-06
6.566655391803348728e-06
1.974195292767283493e-04
-1.177658184969266025e-04
-1.375498292486631007e-03
3.052480248223561138e-05
-5.792777091957259121e-04
2.900653909046788472e-04
-1.677044306575880878e-04
6.804305829414198422e-04
-4.510840333759388735e-04
-8.090498265895765967e-05
-6.477581490150402575e-05
-9.892651398430423338e-04
-3.891972071585809057e-04
3.531136804766688876e-04
2.327857795586746402e-04
6.087572011307261412e-04
-4.566398788342441507e-04
8.430373463994897528e-04
-1.564756788909034771e-04
5.069771561418718198e-04
-6.160206104891367829e-04
-3.713964606647307738e-04
-3.448675679417965279e-05
-9.058797882550586157e-04
-8.356945639676389721e-04
3.644246077117836117e-05
-2.509918986602213209e-04
2.437748839675868060e-04
-2.450280752047255504e-05
2.089851330581861519e-05
-1.477503283896954575e-03
5.648614102954886088e-04
-8.374965892301142103e-04
2.409697154476276963e-03
9.342970296205511862e-04
-5.360401234442541650e-04
-6.340335533758382006e-04
4.808319747358295719e-04
-8.972867474349914638e-04
-7.644415543332233479e-04
-9.745941547483353076e-04
-2.443068831699590012e-04
2.617597638567613436e-04
4.011894357347382594e-04
-2.219191386705984153e-04
3.377448851193138452e-04
3.136252006273067532e-04
-1.470760022805490128e-04
8.912288735539291158e-06
-6.804537553856346028e-04
-3.650758504364958260e-04
6.039054752400164469e-05
2.721542580087218805e-05
-1.538418007294878353e-04
1.594025625986261903e-04
1.552548119342487718e-04
-2.278543445245440025e-04
-1.297378258330241115e-04
-2.123503015385041386e-04
1.567350947697342925e-04
-1.286780863380748794e-03
-6.232268400137611856e-04
1.226847687364832030e-03
9.409127961641864648e-05
-7.314561050571930997e-04
1.160893556957570510e-05
2.199531171510723713e-04
-1.822057565198277748e-04
3.350550399736736324e-04
-1.013374011984090035e-04
3.294361403057436484e-04
-9.338131378226204076e-06
2.933189938674699709e-04
2.364138234677064731e-04
2.759921181031281577e-04
1.571176450311755199e-04
-1.252248587146286799e-04
-1.936658458330820518e-04
-4.238357882020402404e-05
-1.852346354716404464e-04
2.207247853136699582e-05
8.976358236860561095e-05
-4.422080969418379988e-04
4.792093711361002854e-04
3.758240983934479289e-04
-2.413366908933916590e-04
4.145145114515729699e-05
1.156445569388673313e-04
3.249845763069316649e-05
1.083051704883861860e-04
-8.393353889022474009e-04
2.042739041264008228e-04
-1.147173325249113045e-03
3.325941255670724402e-04
2.524627419624667904e-04
-1.046370196885914634e-04
-4.685329712003726390e-04
1.259972246757721614e-04
-4.606397887123516062e-04
-4.307645578004283353e-04
4.108678745402999681e-04
3.329510370811900651e-04
1.789569787107493518e-04
-2.716699188285122754e-05
-1.944323329094006737e-04
-1.949291700888449081e-04
-3.377541939356092223e-04
-5.056900476387849710e-05
8.371678242827819666e-05
7.714270739610515424e-05
1.099587132399756592e-04
-1.081203943213230998e-04
-2.868041567977337464e-05
3.866760347156318812e-05
-9.557631802015039639e-05
3.812343488414048618e-05
-9.949128612922594414e-05
2.502976217791231289e-05
2.094549447312102038e-04
-3.489565364807372056e-04
-4.211560571077880666e-04
-3.829615397032219682e-04
1.862329290835213955e-04
3.777218402004885265e-04
2.486770332910269356e-04
2.314355718831438637e-04
2.168831926432812814e-04
1.844356016199750483e-04
-1.632924165618881952e-05
1.905860952706392181e-04
1.181151500984089928e-04
-2.992617287912017392e-06
-4.745209040361259381e-05
3.328706124405643164e-05
1.125799548782846179e-04
-1.819403279291615912e-04
-7.134014705697519021e-05
-2.510744353436924667e-04
-3.253426813195951729e-05
2.864107035855056296e-04
8.001541086028748180e-05
8.454479660983297109e-05
8.422371174995373013e-05
-8.486409716367796126e-05
-8.281470306065159088e-05
4.095043143124127817e-04
-6.910553324413228320e-04
2.799111145547857255e-04
5.537015683255037810e-05
2.408014325039811027e-04
-1.767930744440657727e-05
1.064046101328835537e-04
-3.311542636744761817e-05
6.653539100502809127e-05
-1.748443609244764850e-04
-1.450719504671771285e-05
-9.356883609193797542e-05
1.802331337043048371e-04
-7.136895852570223600e-05
-1.457138723106552467e-06
-3.447334243126680035e-05
4.858885958790363336e-05
9.364997270510436709e-05
9.372205797327878393e-06
1.351648314861227205e-04
-7.130471450887921924e-06
-1.524844211384786220e-04
3.423384006259236719e-05
-1.239225223260250397e-04
7.379735698065263748e-05
1.249053670268506953e-04
4.167768897334051112e-05
-5.421752367255536311e-06
2.893942739997147165e-05
6.114549263421347716e-05
-2.552078812489353950e-04
-4.350509191340170829e-04
-1.977451871795192647e-04
-1.606144308704957806e-04
9.956932657173297541e-05
-4.320580546001588830e-05
8.054153528042514159e-05
3.278296066090283841e-04
2.428624574599227190e-04
-1.827055101117958959e-04
2.206103916883188137e-04
-4.112126725238824960e-04
-1.733445746745015069e-04
-3.319654833105765480e-04
-2.812500504927174688e-05
1.506992499231302207e-04
1.004726319266495405e-04
1.655962217367209219e-04
-4.303255032007965802e-05
9.014751729258246990e-05
-5.276119591519275740e-04
-5.865057664450465044e-04
3.002828072367450820e-04
4.836684192351724883e-04
-9.913019917742176977e-05
4.243144706412290497e-05
-2.895920550880315501e-04
-1.167117943377883230e-04
-7.630281971174478661e-05
-3.687972590248331304e-04
4.040291618601961755e-04
-7.473586218694673751e-05
3.972811508702480640e-05
1.924268540051636144e-04
-3.879535282468858128e-04
3.824554036667340146e-05
-1.700056129391876419e-04
-2.749903645458556009e-04
-3.565619871836354861e-04
2.864249946021002989e-04
-1.807102994066232696e-04
2.009270269356303984e-04
-3.048736256850837335e-05
-4.984300852695818922e-05
2.097711733620709497e-05
-5.325302095950926098e-05
-2.155141670354816346e-05
-3.465334551482148774e-05
-7.861104953905395372e-05
1.106584778758109270e-04
1.686521563622355889e-04
6.418491730565867206e-05
-7.065862941609667852e-04
6.042228755707233084e-04
4.007597428211557579e-04
-1.227899874564656007e-04
-2.512981565304310918e-04
-1.166891543274483023e-04
8.711605983043692108e-05
7.218800134549579800e-05
6.709150128528063126e-05
-7.295618753154427473e-06
-3.618905884894906345e-06
5.484115135979628427e-05
-1.101348582509317352e-04
-3.073249610256708134e-04
4.058183757730794380e-04
-5.585079107851318543e-04
4.915384673827823472e-04
-3.975720340137922247e-04
-6.852079921412883832e-05
-1.068911393610198795e-04
-6.396456371071716990e-05
-2.551257916983725780e-05
2.924946712928794333e-04
2.580080923578344205e-05
2.282609530090668712e-05
-2.348890719802287778e-04
1.180662068739259801e-04
-1.056270494579943645e-04
-5.257359431730389309e-05
2.034544073176263986e-04
-1.641082705137949258e-04
-3.879734515343781455e-05
-1.581649272448739805e-04
5.371999631144131908e-05
-1.589158948736296034e-04
-7.807451626797323491e-05
-1.256730306123373731e-04
5.110828538885159490e-05
-1.085264677089281163e-04
1.190017407493145158e-04
-1.170551226754295036e-04
8.131379860154753407e-05
-1.440348025855014459e-04
1.447156906240307413e-04
-3.186722483509635880e-04
-1.183933143080173871e-04
-2.309117638897906818e-04
-9.565732450976092321e-05
2.055242378737959707e-04
-1.511470662904392242e-04
-6.790110568075211246e-05
-2.498716959475454696e-05
1.678103739706951578e-04
-4.420508285180766122e-04
4.248988653197331277e-04
6.315297064277719963e-04
1.930490330855572239e-05
1.227138498900582969e-03
1.178880672131176978e-05
1.033679130251770843e-04
-1.450751095001350226e-04
-1.576007203297819154e-04
1.156845807402238262e-04
-2.189250946693675282e-04
3.974881513710939768e-04
7.687566299721561162e-05
1.020023698698481181e-04
1.903249465102171164e-04
-1.706680659036723168e-04
-8.999195674797702614e-05
-3.171881007449762579e-04
-7.699293788964517644e-05
-1.164746171014370855e-04
-3.303395319613809607e-05
1.331577762233723480e-04
-6.254042452365686326e-05
-1.438079794450793222e-04
8.576765965565082996e-05
-3.687195622835866125e-05
-3.352943435914865277e-06
-2.624499142055128809e-05
3.519334735715969829e-05
1.818251715160933691e-05
6.042904948793852496e-04
-4.803849258067118249e-04
4.954083576583702842e-04
-8.199612495467821288e-04
-2.772592141621554266e-04
1.522738060913151953e-04
3.421243316316914746e-04
3.204027911725555158e-05
1.304928060993617504e-04
-3.426463372800492117e-04
-6.618706945995630922e-05
9.568463769042908110e-05
-2.432202763189533944e-05
7.928010706679515399e-05
-6.582683219778007785e-05
2.164497313184043134e-04
4.647284601757492313e-05
2.218568834459600214e-05
9.274879207837085629e-05
8.057736706223447365e-05
1.199048540848049238e-04
1.663518043606429726e-04
-9.515354660141383191e-05
-1.352352465891229428e-04
-1.855542386367040313e-04
-7.582317561943218668e-05
5.096145510725005152e-05
-3.509069284269073527e-05
-6.143580759061880111e-06
3.500474793234188649e-05
-3.746965334370946590e-05
1.109863796107894013e-04
8.595953365525523459e-05
-4.781443296296214039e-05
8.229479934585280280e-06
-5.220202517812167181e-05
-5.227372710575470060e-05
1.220490276767379053e-04
-2.484053464178659007e-04
-1.248981434239875260e-04
1.363542494159882697e-06
-6.696433015810847973e-04
-3.747150662546169656e-05
-9.841629848423671771e-04
-4.064785724666714452e-04
-5.706835072802628238e-04
1.131239334397369633e-03
-2.623981060669467336e-04
2.101463728446940871e-04
-2.208574954329788791e-04
4.623248647950957912e-04
5.088935336943236059e-04
-3.668059105368319094e-04
4.206076149257276676e-04
-1.890906337359348171e-04
1.773189911288023470e-05
-2.895563427174514814e-04
1.265354702926565101e-04
-1.415947314589350746e-04
-4.605428608289749252e-04
1.585466936743350100e-04
-1.612656332937074954e-04
4.511285016707191481e-04
-1.553080901479838834e-04
2.383946791503119245e-04
4.048936415990907244e-04
-1.069926141258385321e-03
-2.427858969340630085e-03
5.233725904937501722e-04
-4.041079055518462487e-04
-3.102858401982542744e-04
3.198733238997277092e-04
-4.717290108238011341e-05
2.561540059159278775e-04
-2.322445621195975540e-04
2.432335181450230154e-04
-1.776109013024761770e-04
-1.416413228970524066e-05
-6.343730476579962892e-05
-8.354386554997901690e-05
-1.563016930450841237e-04
-1.480640309423176344e-04
-5.224813064327123082e-05
3.923085514909629892e-05
-1.943888831185694389e-04
-1.034408058516097248e-04
1.054128322249726240e-04
6.474623851421626441e-05
-5.471758248282102141e-05
2.089510049407132021e-04
4.447049250658571167e-04
3.175388345989992533e-04
9.433962040489396830e-05
-3.473732565160923260e-04
-1.417903837544706746e-04
2.323625020450912726e-04
1.957784583157260773e-05
-5.468743829205678219e-05
2.081071827676807284e-04
4.061778356116723288e-04
1.992705696908110265e-04
-1.147787549948335562e-04
-8.482622805921417701e-05
4.429882312807861838e-05
-2.130412692225403949e-05
-1.455068476969106851e-04
2.331598331952157514e-05
-3.618480342536135316e-05
-8.798013895520671054e-05
-4.706826854168496649e-05
-5.331052011533306181e-04
7.418056636578175067e-04
1.613436281036270963e-04
-2.405438029750041600e-04
-3.416204761465466686e-04
2.636648425656983247e-05
-1.957331178123384891e-04
-6.829997284911028884e-05
-2.511336648382215098e-06
3.310279225492515241e-05
1.415529491786289269e-04
2.800360370236419107e-05
-1.848679674433479703e-04
-1.963574602461939705e-05
-9.643595854987138845e-05
-2.093609648819639744e-04
7.295532398832560265e-04
-2.277084593065625872e-04
-3.407157131678521453e-04
6.015860878139699455e-04
8.144578885702777262e-05
-1.613582671366906664e-05
1.197073929833517497e-04
1.009323592699365464e-05
8.125270355822994579e-05
1.458596752161358525e-04
-1.313975157757145125e-04
3.095763319764553777e-04
-3.167691494884706496e-04
1.150906132296500810e-04
7.325911541551403060e-05
6.619073331400144255e-05
2.531795362752655375e-04
6.687925684507351083e-05
-3.615144808347297341e-04
