1.658560054505584471e-05
-3.513524135993205568e-05
7.132514106048166561e-06
-9.167333066535711676e-06
-2.242345277045999151e-05
-6.411334795504429506e-05
5.406539143229050962e-05
-5.117097254320929526e-05
-8.479531923145687880e-05
4.729880474225027350e-06
2.271480546395900879e-05
-1.556324926383716756e-05
1.452916503322265728e-05
-8.759235758629429927e-05
9.386188238570213180e-06
-9.527955750114254789e-05
-2.350520405866321914e-05
4.730902690743099917e-05
1.308463571601365359e-04
-2.188925338091720675e-04
1.385795092255328847e-05
1.450477483392915544e-05
-4.456937045172150371e-05
-1.727284339032785724e-04
-1.460004348126105298e-04
1.068192205993511454e-04
-4.110317978856770321e-05
3.812563787815815636e-05
-1.494488971485126643e-06
1.034158441341248759e-04
-5.253981423964859194e-05
2.313831139020844978e-05
-1.547169677676298079e-05
-9.571497696476515191e-06
1.831102320964461206e-04
-2.061256284553111026e-04
1.431424951220388740e-04
8.136001455821244429e-05
-2.260913280472184324e-05
6.243007549246079027e-05
8.093777607865572734e-05
1.361859136261348003e-04
8.805010743758847421e-05
8.336310860852119516e-06
-3.553511071983009697e-04
-4.112690650154162504e-04
2.520276732136783712e-04
-1.637162941488336839e-04
-1.506826242949928631e-04
-2.019596853690051831e-04
-1.646367724245342064e-04
-1.014292085584738974e-04
-1.643382358173261810e-04
1.924643957936802931e-04
-4.771007396893216170e-04
-1.305480495511876678e-04
3.387715437481068426e-04
-7.979731851336364874e-06
3.764175465455697859e-05
1.748729990466846697e-04
-3.115844792934148563e-04
2.209436441232161112e-04
1.130347550356859801e-04
-3.870985823636357757e-04
7.977535149302134899e-05
-1.984850730985034952e-04
-9.613815370372798838e-05
1.808411830728157220e-04
7.541974384345058392e-05
3.232021549072165706e-05
4.613081656576737582e-05
-4.587946687647247222e-05
-2.612843011428534187e-05
-8.999328107730177767e-05
-1.979483977334128375e-04
-1.136040489455015064e-04
-2.084697088981853983e-05
1.027262583717497411e-04
-3.610624140859840957e-05
1.842138143485224868e-05
2.344971183387630658e-04
-2.098252626325749939e-04
6.118785073313021843e-05
-6.805827461940792066e-05
-5.763351257698535470e-05
1.383461779708505877e-04
-9.960576296417303366e-05
-2.433482936307416848e-04
-2.931468516058527733e-04
-9.116124679388306273e-05
-1.238915280233838162e-05
9.206632527581232330e-06
-3.181197601046985648e-05
2.193994388546347996e-05
4.483416599101410405e-05
1.305516419259207484e-04
1.947471988597497907e-04
2.422480037714761891e-05
-1.372936128500429863e-04
1.004126803642267663e-05
-1.428519546015695225e-04
-1.025772944208619213e-04
1.585922709502577506e-06
1.023294613130010526e-04
-1.217324201065451793e-05
-1.811408157216867686e-05
-8.246701219377915735e-04
-5.812820034690496145e-04
4.374627300616510599e-04
4.011474140415118234e-04
-7.725691665258902543e-06
-3.118624769554401393e-04
-4.211606896063787415e-04
-2.894562550345551079e-04
-6.763109221698802333e-05
1.402867884221300912e-04
-1.521054102435428937e-04
2.591292508552953361e-04
-1.187042762881813056e-04
1.136672891777640586e-04
-8.568265801048069496e-05
-1.502645790002444745e-04
2.329890209829969577e-04
7.532878787160560271e-04
1.091751354932242631e-04
-1.081358193491159601e-04
6.832982746404803332e-06
-1.009869861009437376e-04
-2.768983657450307012e-05
-2.324832388280057219e-05
1.318467757354144677e-06
2.020819815516595165e-05
6.746798760517310725e-05
-1.925906876906411107e-04
-2.178531780513955974e-04
-1.145940628118921698e-04
-2.026412352416562192e-04
-4.834737792134097359e-05
-1.383265277980793336e-04
4.082031748438571064e-05
2.219692129411348063e-04
-2.053664837682807635e-04
-2.977018187218549478e-04
-4.061000133491105587e-04
1.651281367667717717e-04
-1.108838685113643779e-05
6.179280054712808009e-05
-1.082051415537181810e-04
1.721203305144981288e-06
-1.429146894069886710e-04
6.177212438189958669e-05
1.562062455185963812e-04
4.570750039053670614e-04
-1.986358781720483292e-04
9.182240352732708860e-05
1.323606649339219559e-04
2.213226181793243594e-04
2.145842704066222483e-05
-1.617446177135284553e-04
-5.415259819115583045e-04
1.005947167503971505e-03
2.575854170727100352e-04
-9.810137964195831016e-06
-8.759022470473339962e-04
3.778282796843506863e-04
-2.553479467876172801e-04
2.217553231596737918e-04
-1.702026083546138307e-04
3.087609179270485449e-04
2.445499435401133292e-04
-4.589733891070070840e-04
5.199688142662488213e-04
-1.952084225602633560e-04
2.707118037445675347e-05
-1.541181081341494929e-04
2.783989444902671513e-04
-1.257596188106342066e-03
3.226939651553821921e-04
4.296786555715408074e-04
1.710172012226054313e-05
-3.409731161513782863e-04
-1.078525268058334364e-04
3.788733057713272333e-05
1.719813487690668280e-04
-2.558709056181886232e-04
1.492311644143830632e-04
1.418328892720275636e-04
-1.707602902537401761e-04
1.101228638219919507e-04
3.827219354613957750e-04
5.855371571926557677e-06
2.933504856470652076e-04
1.946867668981743719e-04
8.803084576472601779e-05
-8.914872907577739208e-05
-1.709002483587606611e-05
5.143987472962640580e-05
-6.921187257946290715e-05
7.727446185170493384e-06
-6.007886983382463420e-05
-5.664178934937730633e-06
5.435654607990313147e-05
-2.629745265782421852e-04
-6.996267137497235898e-05
-1.236383501080620055e-04
1.965995634071514915e-04
2.692220600011053263e-04
2.533037256169097694e-05
2.979865544127662007e-05
-6.557431616450277393e-04
-6.835421108253897544e-04
-3.854053345563172341e-04
-5.052606620806320697e-04
-5.914482671069478401e-04
3.041035967458361887e-04
2.576810821298123385e-04
-4.790947961763342838e-04
-1.135144957442936497e-04
-1.023411191981498058e-04
3.388990705732766425e-04
1.112540539023990668e-04
3.288685828391482106e-04
-1.251341298656352523e-04
-1.480327110594103894e-04
4.946298946409721006e-04
-6.554160530791162172e-04
6.458062864208570465e-04
1.617685066240759297e-04
2.398433313485827682e-04
-1.273906028011348121e-04
4.245238553649658699e-04
-2.379622787455638313e-05
1.365994750111656261e-04
-1.048011914766991897e-04
-1.981705001794146863e-04
2.146177996983341730e-04
2.923744974664881923e-05
9.355025941068547519e-05
9.347953997907297477e-05
-4.092917919018248851e-05
-1.698854087853711036e-04
-2.242457546449816007e-04
3.791927598870855850e-05
3.642568542227922094e-05
8.769812919740861690e-05
5.870332635570874383e-05
-4.394084619408259416e-05
4.718515141937827326e-05
-6.304691595307696818e-05
-9.848561513478129082e-05
-2.379816947048121197e-05
7.163361876558019291e-05
-5.020398391758889027e-05
-8.360895312092660116e-06
1.451675909094973327e-04
3.400893091596957002e-06
-6.251974805221785503e-05
-8.559242191034839044e-05
1.018084345400409790e-04
1.286059854014333359e-04
-5.103355564511950570e-05
4.142292410415358194e-05
-1.364698488562488389e-04
1.106730254764550341e-05
-4.718946542975369595e-05
8.299968013758691197e-05
1.273009881367866495e-05
-1.147686112785960017e-04
-1.352301331924918304e-04
1.076696099132038061e-04
1.252461096456015173e-04
2.000665200233905515e-04
2.231247489041747044e-04
-2.870937578918947341e-04
-9.621221683883251358e-05
-4.901465044404891823e-05
-3.839067259842129113e-05
-1.137548679493322881e-04
-1.598716743279369489e-05
3.498620112424264696e-05
5.139532847602242883e-05
-4.105505771519508967e-05
-1.554670708953100701e-05
-2.932990998492995829e-05
9.728632927205309463e-05
6.414964861741907585e-06
6.228205602499094565e-05
1.131126953533958455e-04
7.480239001867075414e-05
-2.813689365750471653e-05
2.003099557793778661e-04
4.225350355731709746e-05
1.952445493460171785e-04
-1.960349159037721100e-04
-4.406649003592974169e-06
-9.609065966872620780e-04
-5.285162324168296306e-04
2.223197699433260928e-04
-6.710426016555201675e-04
4.048754777975607008e-04
-5.164917673191419129e-05
1.587053635687367273e-04
7.280433155293157240e-04
-4.082940336145618899e-04
1.637677597125563927e-04
-6.768826393366923809e-04
3.650357293667301430e-04
3.466001180568760377e-04
-1.611296436117304342e-04
-3.783600617650411638e-04
-7.303997301543871043e-04
3.208202303224511965e-04
5.070276681860322841e-04
-1.550901767882362930e-04
-1.627818771916748192e-04
1.499481974556520706e-04
1.709898956980424273e-04
-7.222757479985282753e-05
-1.436589053744760423e-05
-2.260858338713518119e-05
-1.679050244304900060e-04
-3.944628393697690487e-05
7.756819975835371143e-05
-1.733947907521261054e-04
5.544573881925337082e-05
-1.407585591927180870e-04
5.947349846106251707e-05
-1.245651403317709000e-04
9.827573652471281794e-05
-1.197821120256501489e-04
-2.546408035812545995e-05
7.438408140731448933e-04
6.650687158021389121e-04
-3.587482036538387894e-04
-1.121192672645565842e-04
1.554811050683343066e-04
-4.304117090723529808e-04
1.041759649971864320e-04
5.932042659755396827e-05
-1.342796302517545190e-04
-3.178265402705668396e-04
1.258986168439447581e-05
5.247337233624310357e-04
-3.430458444836090651e-04
3.949823210276854398e-04
-4.795607140408765794e-04
-4.155982910137922073e-04
-7.045199014548027532e-04
-1.371661124040966177e-04
-6.608279800632503706e-05
-1.571792024903543932e-04
4.918277487238295099e-05
8.891375538439517880e-05
-1.196499126043403563e-04
8.475218997543913866e-05
-4.572030934354232777e-06
-9.563709614301620250e-05
8.660099951671267331e-05
1.739270511995506520e-05
3.022872977156160906e-04
1.772938561259245120e-05
-4.765698306600647535e-06
1.375550817035232399e-04
-2.933296886677020168e-04
-2.418689310259760771e-04
1.341809879857215311e-03
1.134210252447457766e-03
-4.284645081130299051e-05
6.332187593982931172e-04
1.481176321082564246e-03
9.636175380577288513e-04
-4.058936727423433305e-04
-9.283020692980345316e-04
-7.063207975329752349e-05
-1.349657635133143544e-03
-1.457486563524227740e-03
-4.634428029088451489e-04
-2.357317028741510740e-03
-1.324953599425110484e-03
1.146203043033661802e-04
-9.289126542514713038e-04
4.847112937941345568e-04
-5.288274385458995161e-04
-6.830806074436100326e-04
2.205661812820569677e-04
-9.245257272945359530e-07
-1.219113026419488879e-04
-1.534858975007933007e-04
-7.369222556637320906e-05
-9.045327904893101238e-05
7.462486372314677081e-04
-7.021490092460095592e-04
-6.708576756901589531e-04
-1.443521692374948300e-04
-3.964272963660395426e-04
1.610820574167633201e-04
-6.602356003503820545e-06
-4.344216675899021350e-04
9.406691634062606250e-04
-1.076928297586361369e-03
-1.249372427989505277e-04
1.097571656460712705e-03
-6.980210394691773335e-04
-7.316907362764574554e-04
5.062570628992245266e-05
2.978858082567787920e-04
2.678395235471833845e-04
-1.456724473472754717e-04
1.913648447495039828e-04
1.000433319409797258e-04
-1.212091416767644477e-04
3.261032284755754863e-04
1.159010023544489252e-04
-4.474126121414122309e-05
3.360403658616182513e-04
-5.571901290562288620e-04
2.284715360110300237e-04
8.290704484116451656e-04
-1.898153741267521457e-04
9.661507836735778922e-04
4.259459005765335962e-04
2.869275197310803020e-04
1.496509697430234691e-03
9.455543040761425549e-04
1.064749263182844990e-04
-4.524025120137529794e-04
-5.564037451054404604e-05
-1.817225119128370637e-04
-4.261734767042789839e-04
-1.878111294569646198e-04
2.175431647348722284e-05
1.746645768175603434e-04
7.008825633027418293e-05
3.916291813354831695e-05
-3.355523247255045986e-04
1.161199249778249970e-04
-1.864658798027285253e-04
2.770701182528191868e-04
-5.485975354200979667e-04
-5.920603946529828668e-04
-9.469731214579912761e-04
3.894793424691991336e-04
3.626663408925920274e-04
4.429723264692944965e-04
-2.313592790375419250e-04
-6.393059853671256279e-05
5.584314096507529289e-05
4.193195960581800556e-04
2.109315407096337753e-05
3.930512266007900541e-04
-1.023802896106608033e-04
4.488713412873014176e-04
5.442246519552223919e-04
-2.449654452433810471e-04
-1.011994002866331089e-04
3.503749178285343695e-05
-1.583577597523079972e-04
6.402294290569361917e-05
5.305790559771301340e-05
7.438620035515711948e-06
2.923985324640072811e-05
-1.643166037784701632e-05
4.776019079102654928e-05
3.418896398638496281e-04
1.146731288011726809e-04
4.423557911687523542e-05
9.912592044516550457e-06
-5.764631918668616589e-05
1.796111545139617775e-04
