-4.584200300901810303e-05
3.284458836161869509e-05
-1.288299395115779199e-05
2.469286820511847546e-05
3.967710544805263319e-05
7.812080227514753782e-05
-1.914881130584264720e-05
1.333501970219699860e-05
6.512538998140014333e-05
-1.189601675057308057e-05
3.742031339434558810e-07
-2.707430758423667424e-05
-6.684502126265095645e-05
7.851493903742209457e-05
-7.741823268874732482e-04
-2.303697180629664170e-04
-6.076265795708779430e-04
-2.039836037156201879e-05
-4.169246332998267457e-04
-8.110984030437966665e-05
5.895238455109014323e-05
-6.245225025179063506e-05
-4.990676802739242254e-05
-9.517238960554043228e-05
3.450304951223181669e-04
2.258753778937837037e-04
-1.222101217614485094e-04
-2.052853976014867117e-04
1.291045651014850043e-04
-2.995026946358262830e-04
-2.226155908289174565e-04
2.084201517280950540e-04
1.144814389763972013e-04
-1.016897097849304104e-04
1.593484602325635324e-04
-3.146628690682258078e-04
5.861422290209812157e-04
-1.827449001703582675e-04
-4.569119166728708055e-04
2.158019020252011989e-04
-7.335345240801355857e-05
-4.551363505533860028e-05
-4.313449700658873411e-06
2.511256207829671035e-05
2.370203888074962398e-05
4.016336474305139126e-04
-3.071981489056697587e-04
-4.776210195896668162e-04
5.979552032644672730e-04
4.771778127994838210e-04
-2.038749705710784154e-04
1.176894046441214201e-05
4.744245185164588105e-04
1.449555532700813035e-04
-1.759103031624627321e-04
1.560271117588534081e-04
-5.392834981234134820e-05
-4.090323667904678813e-05
-2.555693212877766489e-05
-1.002010306439940273e-04
-1.589543117466558843e-04
-2.178557765208640287e-04
2.382805926113707376e-05
3.210942769565671220e-04
7.302840215043063547e-04
-5.353654701174117095e-05
-4.170442358005227034e-04
8.877059624258082371e-04
-5.615279465484294052e-04
2.263728997287449516e-04
4.794892374315727238e-05
-4.738747810971241653e-05
2.211934849128381088e-04
8.954213158606252573e-05
3.544907989596777028e-05
-3.784222897218144509e-06
-3.623739078719586900e-05
-2.731040085846339594e-04
4.194612992273516244e-05
1.070467314503769295e-04
-1.805966934477088316e-04
4.149549911090669261e-04
1.509908881013566047e-04
-1.254421991366883905e-04
4.616894142570324221e-04
2.565475873813106186e-04
-7.429263544608520359e-04
1.007226737636529313e-04
-2.307535929422881691e-04
8.104136813865437132e-04
6.437675936474373650e-04
-2.027753413524349614e-04
5.908333558304844618e-04
4.687490206531245225e-04
1.027020962896438598e-03
1.097563496501369066e-03
1.129243504508345951e-03
-9.498579708256306301e-04
-1.012286843622175851e-03
-1.966712551133561278e-04
-3.051619098542362655e-05
2.923516589205596558e-04
5.617999241956658850e-06
-1.934084947409788998e-05
-3.083484638432398552e-05
-4.173479684895840358e-04
7.371695996183658128e-05
6.540641157453723161e-05
1.179095044376755755e-03
5.760841554246791309e-04
2.382577054920653943e-04
-4.423917912041260741e-04
-8.076114917894634988e-04
-8.175262591311530103e-04
6.028886629885402528e-05
-4.841428868426499084e-05
-1.926639536691676787e-04
-2.231190815331661535e-04
5.810332761269483516e-04
3.706480784085592196e-04
-8.983273786291032020e-04
5.547502564353706724e-04
-2.143683982497827792e-04
-6.439597565539933273e-04
1.399011872003817812e-03
1.054767349255994642e-03
-1.511365128247648966e-04
2.222401518264695199e-03
1.203057705527724999e-03
3.574984178121650585e-04
3.580993583020820837e-04
2.625810898184265937e-05
-3.633900917682805851e-04
-8.619415052801220978e-05
7.260912357663366272e-05
7.851178197782588374e-05
-6.813210937443904287e-04
-9.419182649083920737e-05
2.828409513398997296e-04
-9.512528857015042233e-05
1.280169975548930755e-04
2.594213797200251937e-05
7.691391130194986361e-05
2.190715061964255050e-04
4.187445969543467816e-05
-1.098509070879691773e-04
-6.468693682118811274e-05
-6.010148104757816098e-05
3.858240684160806191e-06
-5.465739895758090183e-05
-2.719895704618591073e-04
1.850034626630835078e-04
7.108572127944247143e-06
1.846964588332184441e-04
-3.310272758999517297e-05
6.141359291964942988e-05
3.336597424289556191e-05
-6.981835363128773345e-05
5.209213605121846348e-05
-2.169200481573965581e-04
8.333548721860527817e-05
-3.121383583521784421e-04
-6.304291204003192764e-05
1.100372177359872300e-04
5.560357272230156641e-05
1.547791852054537190e-04
-5.679818182524594097e-05
-1.078584701467433543e-05
-4.903696425718808978e-05
-5.697678452262725256e-05
8.615550285171205637e-05
1.180926404874857547e-04
-7.990302315243164272e-05
5.178661053123409790e-05
-6.307683868304959419e-05
-1.959346518122898908e-04
-1.843509268627578851e-04
1.949043008843245927e-04
1.175534605519968663e-04
-2.315005021272065026e-04
-5.217849653739832982e-05
-3.679935213040671322e-05
3.535018958320758402e-05
2.458320047553933722e-04
-6.411650963826071817e-05
7.400621694145235712e-06
-8.837079888430902973e-06
-5.558874536381088469e-05
2.939488820794580512e-06
1.736888230277551005e-04
-1.283195414922762051e-04
6.694148939233825397e-05
-8.324844985042954403e-05
-4.373000421847758048e-05
4.037417183653059841e-04
2.639771696213866355e-04
-2.175800702947558159e-04
-1.092508816302393664e-04
2.105046209521277862e-05
4.617937847167917650e-04
4.284839083703145791e-04
-7.679462054406284129e-05
4.086988125427188550e-04
-1.338648534570404498e-04
2.004140119324857299e-04
1.914505885635123039e-05
-1.475180916097359844e-05
-4.552386751556023993e-05
-1.309710111295297693e-04
1.431868425447642976e-04
-2.791198580728866251e-05
4.755256048106535569e-05
9.445325186240778625e-05
3.853344210630830894e-04
1.809114070802777608e-04
-8.246572147540382446e-05
2.036001995748203561e-05
-7.154141156617869156e-05
5.401753019497614701e-04
-1.584635018724680534e-04
1.290789281879093449e-04
-2.212099707011098949e-04
-7.101104131657921500e-05
2.279429329705570868e-04
-1.074829405605400956e-04
4.188145458773472496e-05
-2.538137757789700119e-04
-1.145764559797466861e-04
1.912915892746053302e-05
1.742329601276831907e-04
-6.508124231664508437e-04
5.126455107188858515e-04
-2.421141131257297104e-04
7.737921065140297271e-04
-2.375375250292159710e-04
-8.679588072192550891e-05
-1.307750857222508519e-04
7.748533349694682222e-05
8.859269365708857748e-05
-5.525961082859435049e-05
-1.057733903347999151e-05
3.228045833882551386e-05
-1.246581789958178810e-04
-1.542525664487453445e-04
5.873113707753114697e-05
-5.057556493808916011e-04
-1.268243524631516459e-04
1.177321828535496070e-04
-3.874321674609553672e-04
9.879003765718503602e-05
7.155237080291945186e-05
8.740303507594337717e-06
-1.561679660471942160e-05
-2.190079878931501766e-05
3.107572905831865206e-04
2.861774100323128799e-04
-1.569798021054063619e-04
3.219871725937671104e-04
-7.275668649843419243e-06
1.754526966651179145e-04
8.450999678185968918e-05
1.194315047415206357e-05
3.169776924564932661e-04
-1.797062749091964443e-04
-6.029524710793166242e-05
-1.734099969087587697e-04
8.183343081292596989e-05
5.975921198993598297e-05
-7.531370298474241430e-05
1.532981905404986165e-04
2.549133798186738577e-04
-9.559608463560722913e-06
3.002512522625671947e-04
1.203010059285606877e-04
-1.214511175489062640e-04
1.047160795169596722e-04
1.250422679826271667e-06
-2.429726078295423042e-04
4.304658594678370618e-04
-4.448147464764057134e-05
-5.621872129865569762e-06
5.324961398095202220e-05
-1.966319394699906069e-04
-5.280640317008242484e-05
-6.337783981783735626e-05
1.324580987504239296e-05
-2.953219611344740588e-05
-2.236135595490666695e-04
9.835633043760954426e-05
-2.375157323469283450e-04
4.515844462692488142e-05
-1.246503688420204782e-04
-1.903986637489045691e-04
-9.646365287218688293e-05
-3.989749845379947694e-04
5.608185252603527194e-04
1.408248276577507173e-04
-1.400627644332344470e-04
-5.027702362804795967e-04
-2.737966010702074199e-04
-5.578806127312860297e-04
4.720097402319209118e-04
-1.082853749348494275e-04
9.024625852661139001e-05
5.089915653184396089e-04
-5.007111250541074069e-04
-2.223196605476228491e-04
-5.719671174507295289e-05
-4.666817353080803064e-04
-4.732846733913918325e-04
-1.962501989743068657e-04
4.217957979613163092e-04
-5.977535295248835980e-04
-2.817355635240349090e-05
-1.502279219058841406e-03
-1.115349410479902961e-03
-8.857904502470139493e-04
1.794368436318898724e-03
3.614803614869307904e-04
1.224433548687619460e-04
2.779934414183586047e-04
-3.188383749544265559e-04
7.653229396310722520e-05
-8.354384274200845749e-05
-3.309778847564265824e-04
3.689909649710086735e-04
5.061243434523222137e-05
3.138750646124682884e-04
-3.600903742881690650e-04
6.328122945959382864e-05
-2.649258600257284237e-04
-7.188444197589725123e-05
7.930988384183570679e-05
-8.866293671578458858e-07
1.647739668374850684e-05
1.374437991787483676e-05
8.367160183214614641e-06
2.709805288577323678e-06
-8.699641120838570686e-05
-1.590589713953748986e-04
-2.042277125926859370e-05
2.132539309165947828e-06
6.058441974192057069e-05
-1.848738230640658534e-05
5.373357115690065349e-05
-9.754058475206043048e-05
-1.738161695612525483e-05
-4.004592174319944697e-05
-5.262528476747365517e-06
-3.320818419108309484e-04
2.169963363573601577e-04
-2.524458135026856381e-04
-2.416459099700794190e-05
-2.359998936288766548e-04
8.770775333427967442e-05
3.760526027491022951e-05
-6.267348301446285453e-06
6.666306017648356941e-05
-4.743569494564995833e-06
2.174843104003390244e-05
-6.479975169102428635e-05
2.232911902734981434e-05
1.679025150108805599e-05
-6.814991872904580330e-05
-3.666550695700435927e-05
6.494043609661483748e-04
-6.346963494616750072e-05
2.391604257704186120e-06
-1.801803031386396507e-04
3.264340448072786138e-04
2.475496247652777859e-05
-3.196397433217749344e-04
3.075561230175056951e-04
-3.568939155119188250e-04
-1.943461405914938224e-04
6.436170920300978175e-04
1.908381964075975203e-04
-3.505178104672839476e-04
6.525631131773963756e-04
2.302283413080953307e-04
7.611507471377961182e-04
-1.332220638621074704e-03
8.467553036951534773e-04
5.526209503001772855e-04
1.974909182617934887e-04
-9.276609183692619904e-06
5.578974096453137387e-05
-1.178449927773882438e-04
4.100408646444269771e-05
1.351057660892311740e-05
1.230287483236944485e-04
2.855441335349873100e-04
2.214865717840395630e-04
1.200551432396823782e-04
1.955130327276961193e-04
-1.699498578931827849e-04
-1.919773014469580209e-05
-2.477542996772679590e-04
4.086711187872357352e-04
3.569103659338730976e-04
4.683028805685072202e-05
4.938404366667892634e-04
-1.579553414438763885e-04
4.979608735119352928e-04
5.594592852472610308e-04
-1.093695428801156065e-04
8.766506023521017680e-04
-2.172224244261975444e-04
-5.009099661681001804e-04
-1.259950855857166032e-04
-1.720448525463526008e-04
-2.899812244407891289e-05
2.014569625770978604e-05
1.046927991084768250e-04
2.630025851187668337e-04
-2.161537144374014801e-04
2.909477607654762277e-04
1.678364372597526406e-04
7.902217616289529617e-05
-2.996665329868195422e-05
1.023660247075365559e-04
4.792629138876884187e-05
1.760595570544968257e-04
-3.399086784841755661e-04
-3.301604378881978392e-04
2.268700187706725990e-04
1.327579144761256323e-04
7.289542056583777794e-04
-9.390558068153352991e-04
6.296196454460143885e-05
-1.315029470583475456e-04
-1.623201620546942396e-05
-9.791607643998761568e-05
1.164261067589532399e-05
1.575912354308351760e-04
-1.245070911182506322e-04
1.675801231238642855e-04
-1.988420498941647458e-04
1.743710608408131153e-04
-5.323158857829891682e-04
3.091418724099479669e-04
8.065670628277071255e-04
-3.746456518830086754e-04
-1.780842286350926135e-04
-3.218584036180872969e-05
-4.764230884718712565e-05
3.906631793747675587e-06
-1.813924976470167219e-04
-3.660784632681717769e-05
-9.620960066776757316e-05
8.018242928328055293e-05
6.399424318758184526e-05
-1.330315787800800260e-05
8.635326189336343234e-05
3.420176879087605151e-04
-8.025634687938117380e-07
-1.743050478012895979e-04
6.194078481164580182e-04
3.305715362479239852e-04
-2.627653758488150113e-05
7.488705628168996434e-05
-7.282198928407259417e-04
2.306980411874159920e-04
-6.215522541349764512e-04
-8.549798018315589822e-05
1.374481926894833498e-04
-4.678253395524083539e-05
-7.227848887756176610e-05
1.226511949855106089e-04
