-6.105470098165560364e-05
-3.595673499974648971e-05
-1.942229057361238021e-05
-6.360904417802181647e-05
2.825620216786082318e-05
-4.310263832594985221e-05
2.305170174617158184e-05
-4.379637300363484789e-05
-1.506984526835964045e-06
1.954214975707528474e-05
7.381449606630651687e-05
2.301486153651957498e-05
9.031115033452034153e-05
-4.357087081596830983e-05
1.958902275074701890e-04
-9.374796687798712046e-05
-5.990657224270641183e-05
2.268987747369771626e-04
-1.948355752899169418e-04
-2.810010780653581755e-04
-2.393078853108564078e-04
-7.629661594919882059e-04
-6.201118488540048677e-05
2.836552754131686240e-04
6.350960355881715485e-04
-2.007229721856528567e-04
7.572760956861345578e-04
-7.829630596760952469e-04
-1.573686926430224882e-04
5.190109318047555944e-05
-1.051150956066662461e-04
6.355944484165714121e-04
4.738932801713499577e-04
4.984240817428639802e-05
-2.081490149914297578e-06
6.595543770369522991e-05
1.946087522287323515e-04
1.360326826657059617e-04
-6.988805645305901657e-05
-2.910528362292923860e-04
-3.729252314573571576e-04
3.511659974684286714e-04
-3.661718898199147875e-04
3.542780237569046723e-04
3.424049799266134695e-04
-1.007674465095360433e-04
1.491880292846232785e-04
1.856613054223890907e-04
-2.148134143885474068e-04
7.587295476082864677e-05
1.085798326005451815e-04
-1.907411668326618301e-04
1.956692906038507297e-04
1.430175339707242328e-06
-1.960345188007220959e-04
-8.993823910815522361e-04
1.516143914009987015e-03
-1.067968615265547797e-03
1.273714544438516333e-05
-5.104100194538205943e-04
5.738320255925912286e-04
-3.606343046424547935e-04
-1.378099638701628783e-04
4.625620496580023811e-05
-3.508090868508023424e-05
4.287872003250435267e-04
-9.692985587348679449e-05
-6.461792467491690381e-04
-3.145345678586186286e-04
-1.372700983156137800e-04
1.164674995914061488e-04
-9.262175005365598035e-04
-4.461761959544728682e-04
-2.415162234604038231e-04
-5.032112207706982896e-05
-2.729273090064061945e-04
-2.088578522126187682e-05
-2.093448736650623281e-06
4.006536214505115352e-06
-1.235446879040942103e-04
-8.028005733125577448e-05
-5.716687630984769209e-05
4.882393799730597698e-05
2.344270539112864021e-04
-5.506585651808579372e-04
4.852982936613053433e-04
6.016755483421305334e-05
3.755294165903963369e-04
9.156330491990936720e-05
-1.947278842373993598e-05
-1.627218057760938276e-04
-1.940104259156468750e-04
-1.489286638078209340e-04
4.112001115922408394e-05
-1.219647541622399816e-04
-8.568956353977572916e-05
-5.767885040693353791e-05
-6.549665357101872737e-05
-2.020977752462573668e-04
-1.454028449880222218e-04
-8.355787792291319998e-05
2.408606636068626655e-05
-1.832757357571716014e-04
2.952427855229530838e-04
3.093161566800592849e-05
-4.671138294725029971e-05
-1.447442344337965317e-05
2.803316152096877755e-05
4.258089547111749301e-05
-1.766300296261786478e-04
9.119562894387995145e-05
4.604642459661201941e-05
5.006079322315182712e-05
-7.568528873392116265e-05
-7.806078376931792568e-04
2.179346775166774493e-04
-5.459537613095936091e-05
9.623378613747248693e-04
-1.240000487060743896e-04
4.713579094414846785e-04
1.034939305513355248e-04
-9.013909465862537853e-05
-3.231933113001090566e-04
4.805366380611924589e-05
1.124244769809275196e-05
2.313211338324607555e-04
1.269834174538967818e-04
1.154463095312055498e-04
-1.494393575101703295e-04
-5.665129034525303708e-04
5.275165690269324211e-05
-1.174081034424496317e-04
4.049253412055914942e-04
-2.985277420564893180e-04
1.152426361999333268e-05
7.114597142161218789e-05
5.387417838785458299e-07
1.439326174259856032e-05
2.464629972448439198e-05
-6.105320205346627307e-04
4.237100743095769317e-04
1.083741283552253553e-03
-5.177306971736270885e-04
-1.293185805392583327e-04
-8.447779700564213182e-05
2.574038297552464069e-04
-4.787357559285797043e-04
-3.209014583622807576e-05
-6.277133686062035694e-05
-2.414188823792749646e-05
-1.147417102139428773e-04
5.460063997597051189e-05
-8.144282238555330304e-05
-4.899957317612982577e-05
-1.828974697218626504e-04
-1.821532769152823465e-04
7.747802307371809947e-05
-1.281317302373532758e-04
-2.096092092132931521e-04
6.016414161818004158e-05
5.466183322654641829e-05
-8.420349150122774496e-05
-2.842013963528310203e-05
1.634509857282396899e-04
1.317964686132816661e-04
1.903017446877780289e-04
1.768157799006901784e-04
5.455735752544161801e-05
2.722859466450076480e-05
-6.846118393850268800e-04
1.043358796791304466e-03
-5.849999932164537441e-04
-3.757062442199352335e-05
1.026608531666458723e-03
-3.065875633938529841e-04
1.456843566762745443e-04
-1.579380158964794364e-04
-2.152415959593925341e-04
-1.924801379181960087e-05
3.111088287710206597e-04
-1.777692345459725809e-04
-4.301369778126196001e-05
-3.250225124507230296e-04
9.530973557756911604e-05
6.036922441624560610e-04
5.346578912311712338e-04
-5.488074131708536559e-04
2.873066916733110505e-04
6.156187925272394324e-04
-9.330412994604497237e-05
3.012577650880796817e-05
7.643945909717461489e-05
5.042003346070302792e-05
4.912059878672643060e-05
3.350732604396353749e-04
-3.323012670431883591e-05
8.896120175773901927e-04
-1.252716108392416155e-04
-2.155158822645730570e-04
1.332986793337037414e-05
1.468684968169046230e-04
1.767231474056577705e-04
4.021294189087913206e-04
-1.178114946483438922e-04
6.001285383852446141e-05
9.193702994656662150e-04
1.472909357891774378e-04
-3.611641786578448387e-04
4.273045752560971386e-04
-2.999119093668956774e-04
3.618670803008168144e-04
2.488777047025180693e-04
2.493370979913147982e-04
-9.207872992952062996e-05
-1.677937956453073810e-04
8.971307460699702935e-06
3.534847128411155006e-04
3.402146062795672731e-04
-9.357501544724908195e-05
-1.980148306902418560e-03
-8.968735415214355118e-04
-1.311541575883666978e-03
-1.201453098957428736e-03
-1.497326715273805458e-03
-1.478357414224348908e-04
8.059384470147534134e-04
-8.752665469966958817e-05
1.072393912063742500e-03
-6.238381746991425621e-04
5.091789442240456272e-05
2.319377131792666044e-04
1.913223714158739769e-04
3.696633850309190956e-04
1.066926039937283918e-04
1.096077789866621317e-03
-5.048078427748065597e-04
-7.481839211766159190e-04
1.338875473175128641e-03
3.827328927055695623e-04
2.108983400378942983e-04
1.728679107178951371e-04
2.348770782823412292e-04
6.053375862798966278e-05
5.590138127628675290e-05
-7.460484567257700205e-05
-5.914809075385612098e-05
9.935411476458157057e-06
1.580192771217164903e-04
-7.620097069079707875e-05
-2.030828826430206208e-04
-1.430827295631916212e-04
-1.614580830255896431e-04
4.409174271486188034e-06
2.321920333021422554e-04
-1.123658552727891134e-04
-3.147018884352542059e-05
1.112700971183927551e-05
-4.298895016568365040e-05
1.694140152535425709e-04
-1.229260683194257715e-05
9.614558847785422367e-05
-1.025519560256881000e-04
-1.049800559535214397e-05
1.563841962938226259e-05
-2.648328038731322326e-04
-3.860325977770472832e-04
-1.003050612568278125e-03
-1.151318006148013357e-04
1.289690651123761753e-04
-2.733809797213261898e-04
-4.369200028324581563e-04
-1.257848441530889699e-04
-5.537018704852061540e-06
-1.592961221045597405e-04
-2.267039553251136679e-04
3.362059592346316236e-04
1.688403155190170443e-04
-1.653413085566547561e-04
-8.347790272441273893e-06
3.780619929775489926e-04
-2.200399746042099155e-04
6.362596293387457434e-04
-2.340583350116606255e-04
-3.864554070768480321e-05
-1.330126527588759841e-04
1.358030444258647210e-04
1.218852705749491676e-04
-1.921738368262104022e-05
2.331370194486938566e-05
-8.125347121612901276e-05
-2.417303917838357116e-04
-2.182586315803892616e-04
-2.384530811891918937e-05
1.672203581500851792e-05
6.960292009646650751e-05
-4.789735198133687099e-05
-2.629124075587138142e-05
1.489888081664865154e-05
4.132804643633774763e-05
-8.222231972373945398e-05
-7.780279546121192619e-05
-6.629777142276387612e-05
1.974399464639255890e-04
-4.544677336485592459e-05
-2.053165514620783512e-04
-8.899034612783685504e-05
3.147519475635566946e-04
-2.578935541479967825e-04
4.278035464501196749e-04
6.949107307151708793e-05
2.320909916932174643e-06
-1.322083673228175945e-04
2.426306489364544447e-05
-1.645796280223380838e-04
-4.273283275248752888e-05
-6.844213219578405675e-05
3.643052732790943570e-05
1.397990823097314532e-04
2.856371871515494691e-05
2.309376018550888664e-04
-2.408634016690710112e-04
-6.788718949777277506e-05
-1.483694320298485029e-04
-1.571752829433961012e-04
8.415730484498683316e-05
1.053806578950338686e-05
-3.584364939748758912e-05
4.909877447157776049e-05
2.363752124280307790e-05
8.023686881247825845e-06
-3.228447879566746542e-05
3.660272291670310250e-05
-9.856135525087305097e-05
9.436133174444461837e-05
-1.478692209907143246e-04
1.437242373331879008e-04
-6.962618405085113898e-05
3.052718987156438678e-04
-2.243103704222991899e-05
2.222209067460092743e-04
-6.075709445221214164e-04
-1.067502196001399910e-03
-2.877643392173270028e-04
-3.979456472236963757e-04
2.546634549071545594e-04
1.208682640484269854e-04
-2.758478557715812740e-04
3.612249525955196598e-04
6.504688738840254663e-05
-2.371600761629825906e-04
-1.342273528762961911e-04
-2.729903962282952102e-04
-2.513929128003479160e-04
-1.361217919278792643e-04
-6.457186168290436158e-06
3.492336493062280964e-04
-1.971224699274161136e-04
-1.707784652043095467e-04
1.155651375099212919e-04
5.918454999636626833e-05
9.937379207197598633e-05
-1.680454017368044077e-04
-1.093160665600873113e-04
-1.349241846947691064e-04
1.062797762452566207e-04
1.452652200353127097e-05
1.529139338599326526e-04
-4.660049844170425305e-05
1.049502463332175939e-04
2.256170649072291462e-04
-9.759200329775487455e-05
2.792564769574055615e-04
-4.185932001301031721e-04
1.931939287585932312e-04
1.394770716396392279e-05
1.414176388733609979e-04
4.816793462604773972e-05
5.539253639352718450e-05
-1.297662902888345731e-04
-5.498101566969814497e-05
-1.281067069094583074e-04
2.657559646577109763e-05
4.841972270316224642e-05
1.761472953695475657e-04
-3.579576749479896849e-05
-3.303458776490688807e-04
2.011986686728386509e-04
-2.606127141638722635e-04
2.054685372726209160e-04
3.758241533520526804e-05
2.376762840037974074e-05
-1.972717621500506399e-05
3.169712640385040445e-05
-1.205915873405628545e-05
3.672386381063805433e-04
6.541717875616313838e-05
6.234757654770865191e-04
2.543706987362168550e-04
-1.347521264583008622e-04
-6.414497322171090385e-05
-1.726132907275610394e-04
-1.616696220445179187e-04
-1.273040247392991640e-04
-5.251987464251178767e-05
-2.644432689514312237e-05
-9.645981119566898258e-06
-1.227586710410262863e-04
-1.631952952107049875e-04
1.307557656702972157e-04
9.693636098586596347e-05
-2.986953101293889654e-05
3.799226390864523639e-04
1.253157708645935141e-04
1.065316947479947198e-05
-4.488505788634108051e-05
-1.163465461015385563e-04
6.238480134090163909e-05
1.103628114048341488e-04
1.227376637574614943e-05
-2.130413308768312798e-05
-7.597589030024492086e-04
2.234377250631796848e-04
8.380160277034527259e-04
1.211423810539755206e-03
-3.299541842353256502e-04
4.485332642415693094e-04
-3.057753426812519649e-04
-2.389036122331758040e-04
7.151295736992083684e-04
4.834775549148616260e-04
-1.595346047876037860e-03
-9.662622131959418704e-04
5.842226110699613598e-04
-1.056267661101257778e-03
-4.807819999877427207e-05
-2.697848184128384392e-04
2.211631996526329644e-04
-1.601112091271227902e-04
-1.162977695742228710e-04
-2.338588444737939895e-04
4.489202172340074799e-04
1.851378125384454487e-04
-1.404817381999156635e-04
-1.608743211015579999e-04
2.848664870387027635e-04
-6.607137528965795550e-04
-2.983725641312235419e-04
1.761670915091866443e-04
-4.351229659131948860e-04
-4.068874208599634521e-05
-3.668389228417807762e-05
8.428549138413800681e-05
-4.318555296688473204e-05
-6.395534509771610315e-05
-3.819721123816204565e-04
7.889073137534494237e-05
-2.523588524152371357e-04
3.534042687925947695e-04
-1.177623773522825203e-04
-6.483942499927553916e-05
5.646735875854287916e-05
-3.279973595621064859e-05
-1.199398675494720040e-04
-2.238802379226361328e-04
1.837224928835891270e-04
1.316069302147308861e-04
1.574302919178548202e-05
-1.054408687432036972e-04
-2.977779612133342880e-04
