4.855107952093632746e-05
-3.984514893815888661e-05
-5.986918886840344604e-05
-1.294610202455146350e-05
3.511844261838172992e-05
-6.664543636416452001e-06
5.724347398099726027e-06
-6.883363138963522779e-06
2.404352875391138699e-06
1.355918723630332749e-04
-2.809858436553419036e-05
-8.776115195264553681e-05
6.809703067391639157e-05
8.508649684344476831e-05
2.871834166906344556e-05
-7.534608523253596937e-06
7.351551791411827612e-06
8.734360527005417699e-05
-3.463049072052352744e-05
-1.259987861896829308e-04
1.789766027255542693e-04
-9.459756739497425526e-05
-6.049387068932990510e-05
-4.914686840879734609e-05
-1.218992070696299902e-04
-3.819673745243362374e-05
7.077623449656355291e-05
-1.497067793767076953e-04
-3.059825453608098144e-05
1.669112896425869888e-04
1.019465923906376045e-04
1.417808626834226610e-05
7.436370638295655569e-05
-2.582868278259586581e-06
2.160704138304038129e-05
5.391784361303734270e-05
7.815228979448660487e-05
4.621573855625591071e-05
4.203336578504242836e-05
1.070918265506712856e-04
-3.489427999853018193e-05
-1.116712222933647004e-04
1.189328224390410977e-04
-9.538285576336293927e-05
-1.729882356411074342e-05
-5.722017356046506980e-05
-1.761607002624730492e-05
2.638449343860498618e-06
6.500576911895915918e-05
1.360087418520456847e-04
1.355276051694922620e-05
-1.123078131002110700e-04
2.370991287945669994e-04
-3.221628335728736594e-05
1.169743668517825351e-04
-1.172343621249691807e-04
-1.760472532119652337e-04
2.161829189577505644e-04
-6.782429165367928202e-05
6.329328932417019088e-05
-3.860485196820584143e-05
-7.458456120519516540e-05
6.384479800817814059e-05
2.712853546036703362e-05
1.224101800501725950e-04
7.452605184546770881e-05
-1.125560849555876607e-04
1.293326509040592363e-04
-4.871525029500332790e-05
-5.051452391356940646e-05
-1.669902225268128930e-05
1.048579010053809162e-04
3.726702673932811904e-05
-1.061275554021079128e-04
-2.555424055840471286e-04
2.567331460875199394e-04
-2.299315018144742562e-04
-2.139805950069963451e-04
2.130857860489113827e-04
1.749899455564070454e-05
-9.399487958381296567e-05
1.364500904436621723e-05
3.574251916200588375e-05
-3.509466311127974633e-05
1.650863049201829866e-04
6.127377253988364832e-05
-7.592931324629815890e-06
-1.065967875082406190e-04
-8.256719757437146570e-05
6.657315696850197250e-05
1.450588312178672341e-04
-2.980629993692710059e-05
1.409133305872279221e-05
-1.392249656293403166e-04
1.494431060313339938e-04
1.514780017219228452e-04
3.011933847891134965e-05
-6.960181103359418562e-06
-1.979004338183245717e-05
-4.695843926088030752e-05
8.117830510205366215e-05
6.535696533386139257e-05
4.276371698682787030e-05
8.769182476923672700e-06
1.302549487957953788e-04
1.978702427130215030e-05
-5.848981258340684759e-05
-1.030627736287574879e-04
3.779127493487381538e-05
-1.809530353990310104e-04
-4.297542555383898383e-04
1.218665864817551977e-04
8.020047605965615776e-05
3.078300785232290283e-04
1.309057023898140438e-04
-2.779908352878789979e-04
-1.566922928830121104e-04
-2.449133985189249772e-04
3.522734548551143549e-04
-3.110990526159225348e-06
-6.636240231170941774e-05
-1.066524815438604589e-04
1.436652187881828165e-05
1.696565171860502083e-05
-6.830039600524241217e-05
8.966335878781288055e-05
1.485864745229542724e-04
2.041483771523994509e-04
8.775204912171793330e-05
-8.767816356918602420e-05
-1.868419166355430585e-04
-5.406999510624707834e-05
8.896347070267346174e-05
1.228048717702549548e-04
1.845967045033477009e-04
-4.557583615822048337e-04
-3.693862172052010266e-05
-2.243183957768462962e-05
3.685505678730483761e-04
9.499435633027062737e-06
-2.224731754237928381e-04
3.762786403996213442e-05
-7.091506363561860329e-04
4.520076381625874823e-04
5.261225960128954521e-05
-1.925400322525091992e-04
1.285668379048838118e-04
4.304594745725791847e-05
-1.181316833394465862e-05
-1.992552109597114398e-04
3.342891697924276059e-04
-1.955432081597208052e-04
-1.257455113379190518e-04
-6.358582233720882105e-05
2.790790930189045388e-04
-3.029475329178565163e-04
2.463975622982886933e-04
2.291841411424238998e-04
2.231623691838180402e-04
3.120220971739460429e-04
-8.543799271842474562e-05
4.588656491370403904e-05
4.685002487747915963e-05
8.924760668505924018e-05
-5.021531299353907633e-04
-5.577996445632378434e-04
8.750531318993814576e-05
3.415911102356591726e-04
9.309062438204424137e-05
1.138422932930426882e-06
-6.143677029044483998e-04
-6.534479327142051668e-04
9.101637987483142010e-04
-2.542826338603366033e-04
-1.757939429686338772e-05
3.180706002786579394e-04
1.396046387811350432e-04
9.874087873046993294e-05
1.439084157692636814e-04
-2.293081544033445825e-04
-1.395866276556734220e-04
9.741214708846133313e-05
-5.569024293812064414e-04
5.017505877260664080e-04
1.439370237864710713e-04
3.558432805693887953e-04
-1.587944234629825593e-04
3.549725875197254181e-04
-2.982651676931602795e-04
-2.720958445513765628e-04
-5.503534914548765308e-04
-7.183702794489230624e-04
-3.701827838027458390e-04
-7.426172064645111728e-04
-3.184962740883998523e-04
1.029030233958744717e-04
-4.089130143639992544e-04
1.262419312066896389e-04
-1.908039513738270449e-04
5.499361315851763229e-05
-1.442517622599926461e-04
3.356781434255116004e-04
-1.837160331351845384e-04
-8.229300200075335633e-05
2.294749004899234238e-04
-2.343547340171318384e-04
-1.649714389682645460e-04
-3.004303769743761079e-04
-4.088813315588077976e-04
8.973769170892482332e-05
-1.006652734101341724e-04
-7.269520668122653032e-05
-2.376141510159453598e-04
8.479361669344411315e-05
-5.296133899577602690e-04
-3.313856396353614947e-05
-1.569466970128275936e-04
8.344202951587777325e-04
-8.928860268178162671e-04
-7.701155299357689138e-04
6.168024240558630774e-04
-7.217973398730165996e-04
-1.325888194780698408e-03
1.084577248543116840e-03
3.512773401508649854e-04
-7.998032636991448221e-05
2.476128350935150372e-04
2.905315052748022641e-04
8.470056337708332914e-06
-5.964577219845139475e-04
7.390043548690996287e-04
-2.043825962306767240e-04
-5.525897495939374087e-04
3.273834292692741452e-04
-9.863841705182757494e-05
-4.378318622932517385e-04
-1.604185313582470968e-04
-3.147010925798865411e-04
8.534466151095187949e-05
3.093948242885312025e-04
3.859576642069916311e-04
4.909596962013934238e-04
-9.891416188010621166e-05
-8.125036661700543511e-04
4.108503034550319341e-06
1.041194460833930640e-05
4.084737610427281084e-05
3.424740034537086201e-04
-9.628326516849154768e-05
2.216892307079350538e-04
-8.857166226668166959e-05
-3.450680894485668229e-05
2.241213851310624354e-04
1.374171821089278478e-04
8.374475800975014544e-05
3.361266365391424950e-05
9.184269252859235291e-05
-6.058863320250060870e-05
6.265122613449670107e-05
-1.376776244389765497e-04
2.225368402984018092e-04
-4.835207400168710563e-04
1.491279281104358192e-04
-1.587740337283536686e-04
-6.849846015317930447e-04
-8.715302787429801736e-06
-3.956241738653601707e-04
-5.392082217261514416e-04
-2.352823490329976688e-04
-3.756552089654307955e-05
-1.782014597260747103e-04
5.201593672906945675e-05
-3.637098785015920933e-04
8.506998407134644564e-05
-1.007536666995784543e-04
-8.536730236402430532e-05
-9.590948426603763618e-05
4.015940678953585968e-05
1.987624695535209352e-04
-1.301041957366154465e-04
3.135880447725146957e-04
8.185732207988020775e-05
-1.108773824911920961e-04
1.220131248614077110e-04
-2.265537421999493106e-04
-7.194190553159875536e-05
-2.214871342093657639e-04
4.419344163036344154e-04
-1.869733670068741646e-04
-1.882092824091366034e-04
-9.260756841492207410e-06
1.057020829782236561e-04
-9.539719345696757622e-05
2.741564600448772020e-04
4.918078157150473369e-05
-1.326043739036545722e-04
1.408154434941749774e-04
6.241092373347535184e-05
-1.134765033164306705e-04
5.243446490944133432e-05
4.307493673846487636e-04
-5.735871211337730534e-07
3.679088085266554731e-04
-3.981333946112260787e-04
-2.410593467787506368e-04
9.450395370141883829e-04
1.112587168769886770e-04
4.478892021044139681e-04
2.535829901086604499e-04
-3.040508016057749674e-04
1.884095569716487926e-04
-4.556528617040742730e-05
1.892154877313974076e-04
7.473690189064934562e-05
2.221907222820526748e-05
-4.268755944333394196e-04
8.015194794310688954e-05
-3.109114634684199247e-04
5.145007347221625013e-05
5.685261964391458584e-05
-2.211811107925505985e-04
1.673611972382600389e-05
-2.327369098380253285e-06
2.575345073855644625e-04
-8.006640616708502606e-04
-5.833138021330829545e-04
-7.105232641926162570e-05
6.723860630296630550e-04
3.379003114869863511e-04
5.087078154137697022e-05
2.260971853408380144e-05
1.086846909903821460e-04
-1.139435317761841799e-04
8.708099624880442653e-05
-8.817261915934613051e-05
2.957727884978499935e-04
3.041232721216022175e-04
-4.928975832953246461e-04
3.398903587549230942e-04
-3.322905298631562317e-04
-2.552155609203958942e-04
4.700620565641951002e-04
5.739014478456355012e-04
1.189754861787754257e-04
-2.519976398321646606e-05
1.227981190148546924e-04
-6.419573360075055851e-05
3.095648608833734646e-05
-6.217533576255434994e-05
-2.266495324312299011e-04
2.377603244093019937e-04
3.436664275696926091e-04
-3.929724290604580113e-04
1.124209502038582347e-04
-1.667525466519915415e-04
-9.785538672914717746e-05
-7.723683269082379493e-05
-3.900048428537671285e-05
2.511518470854606083e-04
-3.823133835101839070e-04
4.586546414401365917e-04
-2.148800254917555461e-04
4.380906600383712097e-04
-1.874417215622692682e-04
3.894727958968233553e-04
2.497596697198952147e-04
-4.574992798248520562e-05
3.428441112944595009e-05
-1.127357646246092448e-04
1.497520951118690223e-04
-2.437869640982161235e-04
-2.091742095964883722e-04
6.575788637330342310e-05
-1.457097330942513436e-04
-1.495724237500250023e-04
-6.526142592990867694e-05
-4.234317523225696576e-05
-1.780657332261925002e-05
-3.208566410756190010e-05
-3.443566372588956442e-04
-1.812157363375508344e-04
-8.370058823433794990e-05
-1.451929869877569739e-04
-5.805666897221720195e-05
7.209427292005491424e-05
-1.994963852051928187e-04
-7.017156806313620614e-05
-7.754590289555563399e-05
2.884591128372276028e-05
3.616351889608016663e-04
1.770084131929567479e-04
-1.588126899182130643e-04
1.518999645585624337e-04
5.997105282493407740e-06
-7.749284846938386991e-04
5.850893723393154212e-04
1.073701849294114241e-03
-1.928816912082520919e-03
-2.733873169416531964e-04
-3.343610598045249180e-04
4.027518993856912680e-04
5.033692860932040703e-05
4.045945177300036533e-04
-1.395108006377643903e-04
1.552984343473376406e-04
-6.973420452803360864e-05
-7.635879293236080096e-04
-2.421018476174143993e-04
-6.343029805948687590e-04
-1.387651996596983276e-05
-3.086067581206144691e-04
-5.209656557868847264e-04
4.491830396705575007e-04
-2.576288262908380867e-04
1.303227321485426722e-03
1.299907205175047844e-03
-8.523094468027137384e-04
6.622206015334013629e-04
1.689235004074227423e-04
-4.817935673687674192e-04
-2.782849367511073548e-04
3.470573031926066625e-04
-4.567446236919811748e-04
7.231622770387203733e-05
-1.988570638376393953e-04
7.205323978671031337e-05
3.975506948879071307e-04
-1.520790363635289360e-03
4.888701660699180983e-04
1.446921817660135393e-04
-3.685964794475376127e-04
1.146000588927755404e-03
1.365241129503972273e-04
5.513236980901414048e-04
-1.815444820778988220e-03
1.330358463264739305e-03
-8.646333707149996732e-04
-1.838020967075847459e-03
1.414712092855150045e-03
-9.379748101088643242e-05
-1.785041939951311136e-04
1.135697059713994863e-04
1.613565473183630535e-04
-9.164941430976350164e-05
-2.150010535222894755e-04
-2.234852336387253293e-04
1.090743665611123349e-04
-7.294703371731225863e-05
8.808140532337592249e-05
4.127126984947222690e-05
-2.145292875736097874e-04
3.088850865771488870e-04
-6.967457370871376612e-05
-2.993358213191426535e-04
-1.679747934308038748e-04
-8.207221463688840475e-05
3.105518293010496545e-04
3.908896439959095009e-04
-6.479382960428533471e-05
8.636997618649696565e-05
1.039583627683106809e-04
1.056794091877512765e-03
3.623364230815074856e-04
4.605757291263655267e-04
2.547335409499298584e-04
-3.175474886232125841e-04
-7.448040915362880501e-04
4.143191099168832279e-04
5.739088574470252961e-05
