1.806319138827456468e-06
-1.150513328500209491e-04
-5.905333518098209086e-06
-5.217047276650839952e-05
-9.072015722542305845e-06
3.446960983718678460e-06
6.232949648376128122e-05
4.323990238269258702e-05
3.638891039102382784e-06
-1.923790806071277662e-05
-3.480882724506812430e-05
3.890130978915260184e-05
-5.509292739833451227e-05
6.253690691715874800e-05
3.105239287998262155e-04
-4.156074762105354896e-04
2.582053784045914733e-04
-7.403569866347773070e-05
6.625915093309294552e-04
-1.449088714484092185e-04
-4.161404791012622269e-05
1.413683235270414801e-04
1.682689457857983748e-04
-2.181556396970169974e-04
-2.649254213826398904e-05
4.374633575025792937e-05
1.350948953994359294e-04
1.221481393345648652e-04
-1.362879563854487732e-04
-9.621105692465829992e-06
1.066889416740411179e-04
1.434310943972184383e-04
-4.444935629412464351e-05
6.802563169923853169e-05
-1.389715390223229461e-04
5.307079647931865443e-05
-1.120939591151745823e-04
-3.251102911406634940e-05
4.256277905047979690e-05
-1.481454041358580815e-05
-5.825620388667577095e-05
-6.808115210220435406e-05
6.040532742393041831e-05
-2.471092566375732077e-05
1.931964102758981870e-04
-2.888497673835262289e-04
-1.049561022902599592e-03
2.057502307941285326e-04
3.442353326277391816e-04
-8.656350674265381098e-05
-5.839895302468733684e-05
-5.687957994548283378e-05
-1.798069680729214126e-05
-4.996293569533485354e-05
2.832105953917815185e-05
4.130643258008619709e-04
4.962478230607525898e-04
-5.394580019765121996e-04
-1.796018905628230205e-04
-4.031083579443385067e-05
-1.525588587817832743e-04
6.474455919837997274e-05
2.101837035838644994e-04
-1.128685333972598775e-04
1.947833186557466954e-04
-4.219595923770489061e-05
-3.655025479684315061e-05
1.424657930450753409e-05
1.565990216040271299e-04
8.883219617171094807e-05
-8.049072652925341192e-06
1.913598275878784034e-04
3.138196830562562625e-05
-1.111122002962780877e-04
2.975940416001931902e-05
-2.092363114180452552e-05
-1.953142298361582168e-05
-2.256769828464985357e-04
1.012965619331490744e-04
-1.530229380651232189e-04
-7.838545998279943016e-04
1.767488053163664445e-04
-1.741081952546697940e-04
8.946538383206096819e-05
8.326384922304322421e-05
-1.995376579824529575e-04
-3.839236071073510352e-04
-3.268792397501227889e-05
-4.177026610100817872e-04
5.952845352143457580e-05
8.128304431487613408e-06
-1.708298429935347328e-04
-2.815740448421759096e-04
-1.031701943121588822e-04
3.134749098251625845e-04
9.781391819670475169e-05
3.325716828460367519e-04
1.943480717539784405e-04
1.409219079414058033e-04
9.653872815691107244e-05
3.024534810506881066e-04
-5.787564166450212587e-04
2.360904217816184590e-05
8.164093371329388170e-05
9.377065783290113726e-04
1.802279282292105437e-03
-7.183512671279456254e-04
-1.102664945611896890e-03
-7.019167852864567582e-04
-9.618493282966552140e-05
-1.428521177359852749e-04
2.387892083527322503e-04
-1.086942168422620010e-04
-1.364538699038160845e-04
1.510537154192430906e-03
5.700104040739656115e-04
7.230468880766881181e-04
7.818953091977734579e-06
-5.056098878893991195e-04
3.665862516038484497e-04
-5.519291684567358998e-05
-4.770271836519874556e-05
2.396453084412700836e-04
2.129150622735152191e-04
1.195740741699583953e-03
-4.775328910566390995e-05
-2.263835882463368721e-04
1.139557515586066380e-04
1.810765610865371349e-04
-4.698827281426345916e-04
4.134719177773813544e-05
1.280187411263748222e-04
1.731224919892685257e-04
3.434377379866113676e-04
6.126673368716221849e-04
-7.615787861182225522e-04
-1.555355259831059139e-04
-2.896782065174138745e-04
3.339238918405566673e-04
1.184190722592717870e-04
2.623820381252826308e-04
-1.368737493494102161e-04
-4.790413128152520915e-05
2.228913626040652000e-04
3.901991015943710950e-05
6.160591303361421254e-05
-8.087322003194319625e-05
5.886170980001480279e-05
-6.983590319058067316e-05
2.929992521789406032e-04
1.004195641470858870e-04
-1.676616725780358080e-06
1.834906097518998436e-04
1.262465440307310248e-04
-2.335073448385951371e-04
2.530167139559091004e-04
2.066708589238827544e-04
2.893560831930636567e-04
-1.517829719849430714e-04
6.553952816125386497e-04
2.611262329214521791e-04
-2.563845023260579912e-04
-9.886883725021822483e-04
-1.282369799584656732e-03
1.450678940178197344e-04
1.498975847211290915e-04
-9.567025689955765424e-05
-1.807278869357835109e-05
1.381966337992109014e-05
1.387052965892957468e-04
-3.511755419848316463e-04
-3.243929471155833420e-04
-6.446716924360898927e-04
7.000104307321260069e-04
6.488512040274666459e-05
-7.487632322817173254e-05
1.396025982122124686e-04
4.871594057640832786e-05
2.231870807926052071e-04
-1.039005245627253336e-04
2.616757208671763400e-04
-4.273258741689496759e-04
6.204763942511987585e-04
3.954310782498821216e-04
1.453825480314577235e-04
1.477062735660009324e-04
-9.962332466160949101e-05
-3.916205524870026750e-04
1.852442788430657338e-05
-1.196558745337862953e-04
1.633946777526791959e-05
-1.888250611344818853e-04
4.049517488965813784e-04
-3.938611725062981616e-04
6.582650256199497926e-05
-4.206785402174982575e-05
6.841676425296602392e-05
-3.280478410020191493e-05
1.047931621705433221e-04
1.346856010727949495e-05
-1.409994307149424681e-04
-8.041132517249087572e-05
3.469481597518981513e-04
-8.935185701640304019e-05
-1.674337717887785647e-04
-2.395572908065439629e-04
-2.836647041226795553e-06
-2.716503515276491284e-04
-3.421232767338130065e-04
-1.494788433120818494e-04
2.995874273341831727e-05
-1.261055658217807808e-03
-3.869513462721038883e-04
3.661317484258923955e-04
-1.428916803614181620e-05
-8.116558142473096534e-05
2.771380281186618333e-05
-1.153912463929273626e-04
-6.847343366300391045e-05
1.118133140967012934e-04
1.067712623574971619e-04
-6.729031827504942942e-04
-8.077819350611438942e-05
-5.470276644384443202e-04
-1.232907165705541077e-04
9.455488834180319721e-05
-1.804918438848155055e-04
1.479890825844402177e-04
3.878486889050927251e-05
2.113754212060676117e-04
-1.832275089907115840e-04
1.215503865034869846e-04
-1.493519174056405942e-05
-1.522902074685474083e-04
1.709272485509147116e-04
1.301011389916953030e-04
-5.637250599576961845e-05
2.634172087211689313e-04
-3.508843580646834638e-04
7.496395310683539215e-05
-7.480877204376022705e-05
-2.278721640044430315e-04
8.991412431088932080e-05
-1.941272980751253868e-05
-8.683272979497348807e-05
-3.660960705272013204e-05
-1.323001816723879966e-05
-2.670220495276735603e-05
1.731213929152477263e-05
-5.113140821475667072e-05
2.127362396740115579e-04
1.132783951847273987e-04
-2.290217360893597820e-04
-3.683707648961650680e-05
-4.381136888326561825e-04
-9.532663761750390254e-06
-3.722154263596615109e-04
2.413995168198514521e-04
1.388592075411350751e-05
4.243827787996176675e-05
6.910029479382057400e-06
2.561956867831708296e-05
2.539985352587641438e-06
-7.896816461776147292e-05
3.157036576182072540e-04
-1.418873473080175152e-04
8.427238252340118780e-05
-3.459171130711613767e-04
2.269256754917823009e-04
1.195620215042204046e-06
5.034122645424281354e-05
6.282952288264818117e-05
-3.013320674289085067e-05
-1.257989865062802666e-06
2.962546835880100702e-05
5.717969346232168037e-05
-6.592230283988492041e-05
-6.191565159196140973e-05
7.345172762103338354e-05
-1.025036836932973882e-04
-7.389199716988206811e-05
1.814461899210949205e-04
-2.870955090404746026e-05
8.243518919352054309e-05
4.261216253823457847e-06
-6.611078232314853927e-05
7.939659051375019968e-05
-9.713755082434932331e-05
-8.821316114479676985e-05
1.911224475390054520e-04
6.993597437227551850e-05
1.396540492254148835e-04
-1.959311556007442491e-04
5.878251206951348799e-05
3.642629601059450676e-04
1.407330391533158256e-04
-4.859559729920500401e-04
-1.009178803723776964e-04
5.281873542086386330e-05
-4.599744892903276258e-05
-3.636905143075373634e-05
-9.088577982151962271e-05
-5.187396879287513529e-05
7.426769290153608716e-05
5.522481485007454212e-04
3.283790763613996877e-04
-2.219843640739547889e-04
-3.263068989480735348e-04
4.134435868814471997e-05
5.613076236803926883e-06
6.426975255488669744e-05
-2.326389927065041144e-05
4.214921095697877953e-05
6.971139805728358385e-05
1.053569130201443101e-04
1.752004493597955246e-04
-1.982269581540522705e-04
1.329955925514162828e-04
-1.454505734186653998e-04
1.690853956574569366e-04
-1.388376441121239068e-04
-1.543277904949971597e-05
-1.503167647655217999e-04
4.345540199062433072e-05
1.220580409308556313e-04
1.251407824714345272e-04
-3.530640411778910865e-05
-2.238156684222762055e-05
4.423942706637690260e-06
6.500592487744782629e-04
8.404055250105115340e-04
-1.085908054541510778e-04
-7.634021432541418864e-04
8.828364421800288277e-04
3.625165238759991775e-05
1.128472058795295014e-04
-1.554747992860621775e-04
-3.511335178351061354e-06
-6.645904306796309065e-05
-5.372855085669506810e-04
7.406194088075978860e-04
1.580634290220292817e-04
3.888608905291949147e-04
4.314561523086633322e-04
5.606612132135161422e-05
4.297444396967889043e-05
-7.297974870293365572e-05
-2.449995676831653174e-04
4.392372278768659461e-05
-6.690429342848365436e-05
2.256419286563060729e-04
-4.008952497703701474e-04
-1.522640842248516662e-04
3.753802033872655534e-04
4.574366799113277462e-07
-4.096050357058038795e-04
3.730604711778812534e-04
2.639840049555552655e-04
-2.546386376674266306e-04
-9.436014235782151095e-07
2.097711271212008283e-05
1.508172619855562447e-04
-1.432726833230671089e-04
2.676881448421686231e-05
1.567329315088454239e-05
4.294056580750386888e-04
5.820088232486812091e-04
-1.602810148143651403e-04
-3.543574269797487944e-05
6.930935402955596888e-04
4.823238546992400901e-04
3.000451420314510309e-04
-2.301533811475027502e-03
-1.378349256112469624e-03
5.490182019944614888e-04
-4.921563331271651442e-05
-1.088599532570824237e-04
-1.256284023081670562e-04
5.053112618387341128e-04
-1.258566329238713357e-03
4.071617150958975495e-04
-5.189257627880909879e-04
-7.084689433906158100e-04
-5.383800135300896789e-04
-9.117888153268842054e-04
8.813315973206048252e-04
8.803307198245123024e-04
7.136423469706648821e-04
-7.371796131098768030e-04
4.095768053444198513e-05
3.405879339750377140e-04
3.146036914903175305e-04
1.358693088479888574e-03
-1.059016425027988146e-03
3.300446787243805583e-05
-1.061618715642849247e-05
-3.106025935995046657e-04
2.543352721691625093e-05
-2.971248710014553237e-04
4.396435722261539785e-06
-1.071994792140239060e-04
5.185739035401104574e-05
1.248322163731983096e-05
-7.286466389019014933e-05
7.775181929900892061e-05
1.106936969216880488e-04
-4.334731002367748961e-05
3.995028963759244932e-05
-1.118695686759130367e-04
4.598477171722146307e-05
-1.015356313039321001e-05
7.565962456983071091e-05
-9.754864070304639849e-05
3.118148782757840020e-05
-1.222253468252810897e-04
-1.078347871009257078e-05
-1.287013319675971287e-04
-6.224663633686248721e-06
-1.195733095016547078e-04
-2.997833758311413540e-05
1.361639208487095581e-04
2.017012519554615523e-04
-5.352211156052849518e-05
3.429430399311096471e-04
1.822041789744018600e-04
-2.825369073169359995e-04
9.441764028627002521e-04
8.434722753945522462e-05
4.757534102140601725e-05
-8.580854370759948035e-05
2.802965580386670616e-04
5.907783718499968941e-04
3.437886770346015408e-04
7.218115390823831893e-05
-8.915038853737347006e-04
6.991447302432705424e-04
4.565336454058786580e-04
-9.179132309737898093e-04
7.648917292205359103e-06
7.122418786935479226e-05
-4.721647280745632321e-05
-6.955912780365699653e-05
-4.313595204079789997e-04
-3.653975269500537942e-04
-1.078376412237388719e-05
-2.162282602365363715e-04
-1.422931932981409361e-04
-1.661963031563441773e-04
3.042832078704158405e-04
-3.512554166335124907e-04
7.027458999491104705e-06
9.573852244338243043e-05
5.381666698327079333e-05
-1.907085553741241215e-04
-6.096974127236380896e-05
-1.224188482799751048e-04
-3.077319561263854746e-04
-1.941421590483956414e-04
3.747622954527872908e-04
4.083751268411356231e-04
-4.221632779064833922e-04
2.077875413061721081e-04
5.170572459447386618e-04
-2.372088466337909701e-04
-4.460573010856795835e-04
2.329494114143587256e-05
-2.603236933124077231e-04
4.715434655225755607e-04
-4.933317205953471288e-04
