-1.385148816565547519e-06
-2.136620740590429508e-05
-4.463572368170883281e-05
2.530025535341739494e-05
9.087929482602421542e-06
1.658810490923690110e-05
2.010938671951969527e-05
-4.081766508296406990e-05
-5.357586580553889098e-05
-3.618113189632292241e-05
2.173726776373563485e-05
-1.948475406518824281e-05
-4.194531609026933980e-06
-3.711158697013242227e-05
-2.591174143342088215e-04
3.511597800178451042e-04
-2.666211870231900737e-05
2.208747423191280413e-04
3.609434798205756498e-04
1.028953390804360863e-03
3.374126617633836081e-04
-5.262222014964449134e-05
3.278566342032269488e-04
-2.617752687494195014e-05
5.588450452155761632e-04
-1.620240103838088903e-04
-1.605201975876831006e-04
3.210595260747650258e-04
-1.599022009435778187e-04
1.863196321073237890e-04
-1.507806969945907067e-06
6.293989791149991544e-05
1.658166444797902809e-04
-1.162607904899252552e-04
-2.041641250064007645e-05
2.191950125359695407e-04
1.388196863570964157e-04
3.237287407201883257e-04
9.872502409458987671e-05
-1.588163630353961432e-04
2.818190030674597450e-04
-1.029930732045131788e-04
1.582177754548073749e-04
7.909179770197761214e-05
4.292271332623061672e-05
3.078039631029795770e-04
1.503355535022198570e-05
-1.274730129841049927e-04
2.017306114482765405e-04
6.617455746713899974e-05
-4.741896274650505492e-05
9.319308959690506369e-05
-2.995626351955400966e-05
1.370914882259267745e-04
-4.643195497874581107e-04
-3.716553369922671993e-05
3.209833988872858317e-04
5.466356275241047958e-04
-2.446209583906583645e-04
2.077846900020794275e-04
5.696463892886983234e-05
1.946065067384715236e-04
-2.317226035821330198e-04
1.427440928459682869e-04
-4.847642740167467480e-05
-7.063298072580385251e-04
-9.291112547026657395e-05
1.480477165397522563e-04
5.682408057870723010e-05
1.636202167576159884e-04
-4.561432396901992612e-05
1.532913302275743775e-04
2.154489911974417186e-05
-7.293856067392842592e-05
4.059490699941087068e-05
6.989983471879743519e-05
-1.267893373087370485e-04
8.736905730689848088e-05
-1.019768887888011159e-04
-7.517312900556517548e-04
-4.935725773136475812e-04
-1.191405236072460606e-03
-3.825983102034901718e-04
7.402419392752340776e-04
-1.615228444500842837e-04
-7.867295972756898530e-04
-1.659111408362708997e-04
3.301466474628700679e-06
-9.872412314146518602e-07
-3.461253793962835112e-04
-2.098201376012316178e-04
2.229498165826269049e-05
2.412361619698255783e-04
-1.992068729326040258e-04
-1.075074934525157997e-04
2.426575652350459339e-04
-2.261131942217116928e-04
8.039791360356261720e-05
-3.679850008348302328e-04
-1.455378833399646233e-04
-1.813851741522204755e-04
-1.723243874314149516e-04
-3.271448800555820354e-04
-1.609243769430591698e-05
3.056153962933239694e-04
1.435146305515063218e-04
-7.002932777278824111e-04
-1.059692749794206097e-04
-3.085284468489626962e-04
1.433176188622975659e-05
2.617485589832362059e-05
1.238511355445086858e-04
-5.903299152182398907e-05
8.806125811799518112e-05
-5.121426656493103472e-04
-8.242999841454889693e-04
1.720844501445171213e-04
-4.926043959305871460e-04
5.252503905052631093e-04
3.198486889753144810e-04
-1.347851545296834062e-04
-1.022477059119328833e-04
-1.308138712767213392e-04
2.964505090457324557e-04
1.884965131957954223e-04
5.831990225100112816e-04
-7.077570170904619058e-04
-6.465140109584403697e-04
3.155102504312536625e-04
1.876497602510943834e-04
-1.646817330480635389e-04
6.359788678831376860e-05
-6.380047599640847303e-05
3.382108899625243864e-04
1.351528666707460026e-04
-3.017809515833176371e-05
1.451739804235349066e-04
-5.172615018758428522e-05
-1.321015679877826491e-04
7.771411193216262205e-04
1.300087418011947873e-03
2.599365545148601899e-04
-1.151995727856746721e-03
3.495941149344662961e-04
-7.924424915092147031e-04
-8.007167987968092791e-05
2.703095891063071288e-04
-9.454295121579329433e-04
-2.322940663363806386e-04
6.612496007378350577e-04
-1.063313819856089026e-03
-1.614401504405213407e-04
2.753957239669895495e-04
1.974869806775142922e-04
-4.677269509171321058e-05
8.531497821429196175e-05
8.837128581214509981e-04
-1.071727040772012821e-04
-7.547354055990706904e-04
-6.713809282867288022e-04
8.173158016641548628e-04
7.779166880961423721e-04
-8.607421632008822312e-04
7.253760089408582690e-04
1.856905182145883123e-04
-1.336629383349392038e-04
-4.539322593676965267e-04
7.660517178567878354e-05
-1.535352291532095096e-04
5.291401999083241532e-04
-6.519694457566462941e-04
2.537863938744280672e-03
-1.537149159122259013e-03
4.381370652826618818e-04
3.892730015714781209e-04
-1.684413509576707167e-04
-2.958229514447478586e-04
-9.056286578074690960e-04
5.007375174736743845e-04
1.434772886907943312e-03
8.209306496050692691e-04
-1.025717106931056015e-03
-4.936291391205150075e-04
-1.347646340440493808e-03
-2.021158848125679391e-05
2.095516105993192480e-04
4.411880936879801355e-04
1.888314912383800876e-04
-3.697338323388110119e-04
1.906004569186627343e-04
3.016812410358055630e-06
1.352210059051707600e-04
8.570659487185551941e-06
-2.482265167605366969e-05
-1.270959121690225550e-04
-2.071686016068235547e-04
-1.582239860331918161e-04
-3.351323693197349259e-04
8.902497573704122694e-06
-2.200257959205091012e-04
2.673518585701444863e-04
-7.915182866585303344e-05
-3.765613824314273617e-05
3.085104480069860680e-04
1.803781250665571268e-04
-2.285836848695452884e-05
1.675954166137389335e-04
1.442621665199391768e-04
7.059569012970503545e-05
6.431660611117329986e-04
-4.003242838848659435e-04
-6.078148126754019404e-04
-2.164761690824469967e-04
1.399366478588290395e-05
-2.268338232719364510e-04
-1.339398209654138884e-04
-1.001879332459484375e-04
-6.744316939037291484e-05
-8.051489520072451140e-05
5.076121132857757979e-05
6.349609651529889483e-04
4.259313470420619699e-04
5.910010962674621705e-04
9.824886487787866645e-04
-7.766794147835275747e-05
1.365711398446389519e-04
-2.997866366225362825e-04
-3.616928255808529274e-05
-1.481574005686807621e-04
3.344309602539682815e-04
-8.167378085988276490e-05
6.954742546879048425e-04
-6.885576947495366694e-04
1.045772510857340956e-03
-1.222203232610225834e-04
2.382880655221954975e-05
3.083326111961567028e-04
1.689002801668754974e-04
2.134982315358454361e-04
1.472187502956798190e-04
1.241033386570637915e-04
-9.033136934324258085e-05
4.797108643240301871e-06
-1.212053795620033985e-04
-6.372337759424563815e-05
-6.099852944894375371e-05
-6.720293612650775719e-05
1.804302538515152262e-04
1.180320539105776461e-04
9.964749731470329687e-05
1.960589497647351328e-04
2.226974743051391087e-04
-4.475672057868306295e-05
1.041464546456313524e-04
-2.417109140829273395e-04
-2.302232545221095190e-04
-2.188956885608459111e-04
5.668936698847410025e-05
-2.171098447256771544e-04
1.394572985166299569e-04
3.759445485648888575e-05
5.457072866553927803e-05
3.181624981686470615e-05
8.477835281926651267e-05
3.783345167013604901e-04
9.270877298631724180e-05
-2.689438625244090493e-04
1.610755997087549851e-04
-1.061546329940726450e-04
-6.587355434670480849e-05
-1.559283804911353998e-04
7.079977795121954111e-05
-1.062501419367978634e-05
7.207084896403227249e-05
-5.014561863349670598e-05
-3.493062606040932294e-04
-3.214323640895429875e-04
3.219919915967578659e-06
-5.259156210130301356e-06
2.705184105624937389e-05
-6.833235622859190823e-05
-4.991469511689830351e-05
-6.150745476547303352e-05
1.182373220534205390e-04
-4.819346502552242022e-05
-7.602702664405273495e-06
-6.848187448888139758e-05
4.354294976338415451e-05
2.762805754418804635e-05
1.401996903884861027e-04
1.498445147627672940e-04
-2.019398022150625186e-04
1.801038742154261851e-04
8.811458608046082857e-06
5.376065563901841855e-05
-4.287521980328489260e-04
1.871998092722512437e-04
1.602045717804483191e-04
1.775744682222868745e-04
-2.814317645395862805e-06
1.590280504732046862e-04
6.559814288503848165e-05
2.035764498916233826e-05
1.167623531043850100e-04
-6.878463059999510593e-04
-2.431084681127300472e-04
4.188960136871500281e-04
1.263237011948105653e-04
3.447945055275238057e-04
-2.045900657330689627e-05
-1.647084741451243495e-04
-3.786993326185502301e-05
3.254852448115848953e-05
7.763959672840931373e-05
3.834076126102783119e-04
-5.886718461970413135e-05
2.117681096764951901e-04
-6.094177981762934071e-04
-2.401361084681743899e-04
3.450416593587115699e-05
1.621513254900572428e-04
-8.027859219665399839e-05
2.899405073720334714e-04
-2.231134865589252470e-04
-3.161128742347337438e-05
-4.025406369122002043e-05
-2.519414180444217442e-05
1.484009001624083464e-04
-7.061528621731052730e-05
-2.235425215926091600e-04
-1.233900847759957626e-04
5.467457082192923992e-05
-2.319572563567184344e-04
4.231689805991333989e-05
-1.511821410536062107e-05
-3.838548867617841344e-05
7.327597280052339593e-05
2.077056605024889567e-05
-2.921322418256364615e-05
-3.148958358732065606e-05
-1.637476261870769115e-04
-4.312621287133282634e-04
-1.159730593483999288e-04
-3.826518751636336394e-04
-1.824731376986291063e-06
1.708843750312839742e-05
4.349503865963287764e-05
1.907379516081988838e-04
6.747315685199286998e-05
-2.068502028656657129e-04
-2.132619008506223598e-04
1.981047634366237187e-05
-5.531890765946721657e-04
3.481006183022377558e-04
-1.303123132702880150e-04
-5.030758823409131055e-05
-4.362191190201798936e-05
2.312806434446531580e-05
-1.973857773040278468e-04
5.550082800055601838e-05
-4.135565969050025129e-05
9.006242418627820421e-05
-6.773042802724474137e-05
4.175796352150869321e-05
-6.269870478551755981e-05
2.583503340713722414e-05
-1.967560031758933367e-05
1.404347837786322105e-04
5.009700566897038441e-05
-2.348701208933109117e-04
1.545404672524416207e-04
1.527262756659786790e-04
1.236148623819394643e-03
-9.524038874000662937e-04
1.214928529091742308e-04
-5.419192023791584754e-05
1.292046809868236041e-04
-1.699617056541939805e-05
1.529476535991132924e-04
1.352806576552768815e-04
-2.886787972283769046e-04
-2.381673407065777899e-04
-3.228229822818555798e-04
-4.260267738419976731e-04
1.904889108977467942e-05
3.982258106696381786e-04
-1.888520787962144675e-04
4.879708994213638760e-05
-1.767646565126536383e-04
-1.116834525866169546e-04
-4.740611783181506507e-05
1.056440501220615511e-04
-1.105441504054321315e-04
-4.217684155175968565e-05
-3.735352522818117816e-05
2.902059524461472642e-04
6.136835000375181050e-05
3.580238983778853863e-04
4.606481283797720890e-05
1.346885858922146763e-04
2.106100538620054975e-05
6.428684975678376518e-05
-2.206351357877279441e-06
8.293075591934824194e-05
2.682970801335129670e-04
-1.155437980345294381e-04
9.760423076840827109e-05
-3.679842929241732453e-05
1.296130747445708238e-04
-1.435528834821358793e-05
-3.456946363858163590e-05
5.983197914783806940e-05
7.582199021184568392e-05
6.186944093330137286e-05
-2.345871259987241178e-05
-8.994892258986236257e-05
1.656231711094730496e-05
-1.640324653251308909e-06
-1.023429670458905160e-05
-5.958450944267290345e-04
2.834958209000712080e-04
-1.987728518344028745e-04
-2.602184929869346894e-04
2.635990938651764227e-04
-4.279483495878058636e-05
2.033056306129620559e-04
-9.306030723413189236e-04
1.196439609833508224e-03
8.893788413636365521e-04
-4.146714701903696048e-05
1.708522516096955995e-04
5.105146790991084340e-04
2.916718682306234300e-04
-4.908678737835512392e-04
-6.354201518101125609e-05
3.012260037918716889e-05
2.663611353203799407e-07
-5.623773221832650924e-05
-1.453080710783157036e-04
3.325543241659431810e-05
2.949321870545216942e-04
2.820708386695003713e-04
-8.909580485347374438e-05
7.608400196859489565e-05
3.687959610825239543e-06
7.694735362178667230e-05
2.475832467903391456e-04
-1.849973608469806640e-04
-1.214836197394187077e-04
2.048892610760095419e-05
-1.863565368309767149e-04
4.422377016619533807e-05
1.270393603998187848e-05
-1.252701693481384058e-05
1.913089522910830717e-04
-4.181273883696240206e-04
3.683818989951871941e-04
1.892322199993544884e-04
-2.248965939026882686e-04
5.095771589918131946e-05
3.881802636655102558e-05
1.196827703719859774e-06
9.134737356918756518e-05
1.716361749563971562e-05
-6.472859130706508737e-05
8.169938688007877302e-05
1.021771137170302256e-04
-3.769318420997459188e-05
-4.827044621862626152e-05
