-2.527318663859861569e-05
-2.493469683496714524e-05
-1.260575991678793159e-05
-7.839171857683869973e-06
3.409466640494074736e-05
1.179597691783406681e-06
3.413426272052520082e-05
3.921930288739136468e-06
4.436029454165953107e-05
-1.417951427286855906e-05
-7.024910608005067937e-05
1.638457151052483601e-05
-1.123710804841841387e-05
5.632356317856129550e-06
-1.833343186536551153e-04
-6.928967807515306753e-05
-5.160512904027588906e-06
7.708096293654847890e-05
4.713186397708126374e-05
1.550715025498862267e-05
9.758743136082605912e-05
5.388721122228100650e-05
8.914471111690736938e-05
-1.003171584796508386e-04
-9.832506833929582912e-05
-7.407995285717897647e-05
-7.434579727368161115e-05
1.915732667155994323e-05
1.537594555956013143e-04
1.495169926981919958e-04
2.585384677571718668e-05
-2.038640184418331284e-05
1.554450543595568813e-04
1.845774818338244991e-04
2.523453286981219542e-04
-1.737517395509469414e-04
9.496659202900342917e-05
-8.459881338228061539e-05
1.431318088312176758e-05
-2.771320039190218272e-05
-6.750464017276101630e-05
5.952974229565366556e-06
3.284339948831404882e-06
-1.154135369876294938e-05
-1.518988807668019683e-04
-3.960224259140366753e-04
-1.864615074300918576e-04
-1.753031052078182723e-05
1.569372220353080322e-04
-7.021049671457851449e-06
-3.367299340243860948e-05
6.716346210295696755e-05
2.933754861001063434e-05
-1.131345088118741556e-05
4.959193375550589980e-05
2.365243412759946340e-04
5.895884328882670825e-05
-1.554552437837139001e-04
-1.310013254987889481e-04
-3.141764265291853929e-04
-2.288156801236500499e-04
4.735856173813018434e-04
2.491566758263553797e-04
1.757787582682589700e-04
1.925552759579778929e-04
-2.635355247272633933e-04
-1.140842977980100614e-04
4.169331986511421541e-05
9.332136828054293960e-05
1.180247080191596383e-04
-3.203036234784061367e-04
-9.162342219548035862e-05
3.913004405970760328e-05
7.741919050907091957e-05
3.839377506644143026e-04
-2.637014710101154335e-04
-1.268440590005933722e-04
-1.431348732851042802e-04
-9.378485907716721385e-05
-1.743395466419888891e-04
2.771626441903079967e-05
-8.647858373197518590e-05
-3.936010032424967672e-05
-2.042868091874234496e-04
-1.711030497522842472e-04
-7.839682041009837668e-05
-7.227191315129836563e-06
-1.611217659745467208e-04
-1.986152243338404257e-04
2.486057935631982494e-06
2.578561034467585300e-04
3.160599835665712782e-04
-3.328302873126456223e-04
-2.316340782857431886e-04
1.257946890241625230e-04
-2.349862910873417199e-04
1.754065396005546624e-04
1.186822101767281398e-04
-9.736915276695285132e-05
1.033663033679598891e-04
1.000411015658514050e-04
1.487142926934638461e-05
-1.856411119531229333e-05
3.430144490912663237e-05
-7.215814340030756130e-05
-1.454905794771008706e-04
-1.889737301715167773e-04
-2.260271534222648516e-05
-6.754780130380927134e-05
4.774367186267255238e-05
-4.555143297279569636e-05
-8.427663603708034849e-05
3.296876595080415245e-05
2.428812087253647586e-05
-2.828349337749088864e-04
8.887537065287909506e-05
-1.080174201755947631e-04
7.982667610967095315e-05
-1.968901560252458310e-04
2.232110328734600996e-04
6.420052359410704634e-04
-2.408644092461800518e-04
2.608655431618069715e-04
2.731468496908891989e-04
1.948575423866080606e-04
2.956156686390625692e-04
-1.368680346802655272e-04
1.771251160619739242e-04
2.117804451412829737e-04
1.991480051779999946e-04
-1.093532424155369524e-04
-7.542468565682034398e-05
1.382304637384679648e-04
1.251247251849783957e-04
9.778541422685607621e-05
1.974691419429580683e-04
1.140228903075927319e-04
3.079263428374582712e-04
3.159323957372285737e-04
6.719851539908403676e-05
-8.877395935570032092e-05
-1.707029587091098816e-04
7.075513960957422268e-05
7.415604069057765139e-06
2.745026823501404938e-06
3.547728605218172120e-04
1.904693061138443104e-04
5.625497905295054877e-05
2.419170744754708155e-04
2.311538026311112332e-04
-2.604771231402441562e-04
-4.144998974030575351e-06
1.741278822700772762e-05
-6.856936198295702340e-05
-2.621434601127848075e-05
-4.472058076501685982e-05
-2.983559445279372498e-06
-9.565121912657595707e-05
-2.188972509740811457e-05
-3.054724662202068009e-04
-3.504248023292415152e-04
9.870095576516669047e-05
-2.142859895960648551e-04
-1.766576915521260156e-04
-1.064779111731858295e-04
-3.650854571566612732e-05
3.238365242294748603e-05
6.941815140838573928e-05
3.944202086141823741e-05
-3.488809902380141255e-04
1.649951641818113229e-05
-1.036393047946428412e-04
4.470125310578803511e-05
-1.018678406136067099e-04
-6.182329538641619451e-05
-5.931722448055643752e-04
-7.324268125849455087e-04
-2.173489668345594003e-04
-3.275508588331483358e-04
1.269905364692136725e-04
-2.054869855290159843e-04
-1.957071604496952663e-04
2.525520544913055824e-04
-2.992613078525069347e-04
-5.820626169256047568e-05
3.913289616579823356e-04
9.512820662142194546e-05
7.290087160720975699e-05
3.711425764525782764e-05
-3.353237279929510792e-04
2.340196588213449961e-04
-1.678905238410343726e-04
-1.749420409240785585e-04
2.507272072080087943e-04
9.596084691084034947e-05
4.354962638087042984e-05
-1.414922853155156320e-04
7.406593073729443556e-05
-8.396313201580438460e-05
-8.433167143598904562e-05
6.935933819248773829e-05
2.481950488480929337e-04
1.655536159320613208e-05
1.108084328602041693e-04
9.884322949684669953e-05
1.303701951521624559e-04
7.770016463551036184e-05
-4.766078405083657191e-05
6.103456065507436033e-05
-4.157511577318940990e-05
5.344481048294355405e-05
9.984122118435904481e-05
2.212767822928393268e-04
-1.656280368418015488e-04
-5.458366038419907559e-05
-4.542883020005792326e-05
-4.610277171424938833e-05
-1.071193301283723171e-05
5.958621871313243877e-05
1.761491500073589212e-04
-4.048356246437949499e-04
1.102628510451408357e-04
-5.148910936450662164e-05
-3.446009763287737689e-04
4.821721014865405839e-04
-5.684426200019685377e-05
-6.838368241724745739e-04
6.120161424932082624e-04
2.504128325366502630e-05
-1.303518970707111843e-04
-3.110569930754548615e-04
-1.177036243586227534e-04
1.101061489544291600e-04
-4.335168067893139599e-04
1.908272997870949094e-04
2.717668650803835615e-05
3.466261395741233615e-05
2.648748623377001742e-04
-8.247459817438437097e-05
-4.692882330098533116e-05
-1.830378642362837094e-04
-2.080426944692563779e-04
-4.556505834869459780e-05
-3.100673976475355298e-04
1.825901245871680274e-04
-3.363092496967812857e-04
-5.294223294541172133e-05
2.063755390094821913e-04
-1.945151727538743333e-04
4.305980177159140219e-05
-1.428592806700618096e-05
-4.324516779862426925e-05
-8.599470150373164016e-05
-2.693800084986944232e-05
6.519644166031742611e-04
5.427994659468031186e-04
-2.400462149031914322e-04
-8.556538490072766474e-04
5.184971000752972578e-04
7.750774554821565415e-05
-1.049425552067790560e-04
6.433619141267594044e-05
7.052321963572357822e-05
-4.000217151012087143e-05
5.617465011681236145e-04
6.890449858342246768e-04
-2.704573382481204199e-04
-6.364254040110040467e-04
-4.247025456560977259e-04
-7.621899977058166483e-05
-1.051414258604297346e-03
-1.144107079142125255e-03
-8.543334716269029849e-04
1.514630555329875283e-03
2.251075358556482362e-04
1.889717962382348956e-04
-7.074274185680558139e-04
-2.837245400155641761e-04
-2.247337513250099357e-05
7.851487597529642612e-04
5.465499660627326462e-05
2.469822108952831989e-04
-2.031704015863868603e-04
4.495075204636282814e-05
-1.780862474679444812e-04
-2.834321272669449476e-05
3.331111232495314873e-04
5.526630578231260657e-04
1.779289968432183166e-04
-1.267553592672108044e-04
1.141301571463956751e-04
-6.167764112442126524e-05
1.291642992841482440e-04
7.422522871907837353e-05
-2.258591030880077689e-04
3.188578574350554249e-05
-4.966305460159064425e-06
-2.917295977306369166e-04
7.107316181843489076e-04
-1.344660372451057047e-04
1.332086403428598923e-05
-6.202785822044890797e-06
1.958730232742940858e-05
4.366516790394874985e-05
4.382382177418041617e-04
3.383351148459923003e-04
-6.979508355426174051e-05
-3.047363561948526430e-04
-3.292169090949756361e-04
1.257137188371665239e-03
1.104209886490684582e-04
-2.507497662376101258e-04
-1.648704308141809129e-03
-6.744441486766346522e-04
-1.043155044475661093e-04
3.582710599705367957e-04
-4.500853316660214948e-04
7.666719995828994360e-04
2.936070424057707720e-04
3.190385903548646610e-04
1.895150693654108125e-04
-1.783862887587670562e-04
-3.307663520603542555e-04
5.549404884169551541e-06
2.851247911334283975e-04
3.415595135983647285e-06
-1.983492758655393230e-04
-2.638189997937310681e-04
-3.134958033658459672e-04
-6.361653601471587100e-05
-1.307297173032856451e-04
-1.067659802748886858e-04
1.372984496503392598e-04
-4.601764096403198950e-05
-2.659056315355984098e-05
-7.173787971188178535e-05
-5.879399222860485949e-05
2.606269854367999789e-05
-1.213684216928402578e-05
1.391435257247818698e-04
-2.327929378741650860e-05
-9.352463979124303649e-05
-1.901435224049145053e-04
6.670283394148745267e-05
-6.366547150611092352e-05
2.837004475562634911e-04
-4.712383389450419181e-04
1.186728972354116778e-04
1.815549497778110629e-04
6.647514041325810433e-05
-5.454295168678833578e-05
1.407388758262064334e-04
1.403211831274343054e-04
-1.787745807867537379e-06
7.472574309543522869e-05
-4.478528071712977718e-05
8.978677513319524377e-05
7.633919523504051168e-05
-2.586333779692049408e-05
-8.032901330570877156e-05
1.457489842766349394e-05
-5.595506918071261330e-05
6.457975241876359892e-05
-1.511959720904870632e-04
-6.403480522560168174e-05
1.006305666144716003e-04
1.509332924915320658e-04
7.767699590391033364e-06
2.253227342516269288e-05
-2.539570863128684953e-04
7.097086434207848342e-04
1.529124722801608366e-04
5.845623660996469677e-04
2.279077678268820096e-05
-8.995548368316499824e-04
-3.512200087379131318e-04
-1.371693516899780575e-03
-1.132294374081622935e-03
1.144212893963937383e-04
-5.530952359249761453e-04
-5.896498864074256824e-04
7.850364754866040459e-06
-3.105804497771948430e-04
6.535859009437505231e-04
2.567518304645556798e-04
-1.333717124877736621e-04
1.772762002377097697e-04
3.744668239386319782e-05
5.050918082912527699e-04
2.020869591336594878e-04
4.176528319166172105e-04
3.769710119626461307e-04
1.774003477568561915e-04
-4.910076374240010706e-05
1.898366940089897114e-04
-3.006336431579855414e-05
-2.197309279043369701e-05
5.634449309086814607e-05
-1.374431495926351323e-04
1.387924724546413767e-04
3.309341823144960329e-04
-5.406280907128109894e-04
1.641112021269755452e-04
-4.643603737060047733e-05
2.392519452916457446e-04
6.431577564218379220e-05
-4.966845499638978037e-05
-1.036827276829480250e-04
-9.544002841274610844e-05
-1.887983165901948733e-04
-1.671183262853778885e-05
1.135474415856281463e-05
-8.362348303647442122e-05
-1.095918003969365492e-05
-1.342633792613149516e-04
1.300927829569346384e-04
-1.841706079595428096e-04
-8.427122896970251219e-05
1.562638118257296516e-04
1.029551593434970946e-03
8.737779812961793575e-04
1.176686597702378398e-03
-7.485767096498833822e-04
4.788104389469199137e-04
2.994838030001941353e-04
-4.085272438769431088e-04
-8.945644161074822742e-04
8.916731475505991521e-05
2.140829637625526276e-05
2.423478179491891905e-04
4.569961707702857026e-04
5.051466197643857993e-04
-6.863311645408954340e-04
6.035638402128249824e-04
3.522688980230066606e-05
9.239272801811995630e-05
1.482218016532610286e-04
-6.172867311508147903e-04
-5.331351774474522506e-04
-5.840423165341731161e-04
1.517640549379789061e-03
1.883411473754615978e-04
-5.936501553799669595e-04
-2.130252619216461540e-03
-4.669529383460822158e-05
-4.896945587702293502e-04
-2.795167639449792148e-04
-1.652412380584473680e-03
1.323064572634208161e-03
-1.334854991140889315e-03
-7.753430787751963878e-04
1.634154745494203012e-04
6.553363831604091779e-04
-6.005915737663764615e-04
3.292807818750571490e-04
2.146684055291900339e-04
-5.070907450955240963e-04
-1.820524485773735676e-05
-5.957155604140346476e-04
-2.344256376845792601e-04
-1.560020978324361371e-04
-1.602236369176339773e-04
-5.052233420838263918e-04
-1.718446628961314501e-04
9.914933107404058209e-04
6.022089312502084757e-04
-1.365350128631192541e-04
-5.340717894670436077e-04
1.028493709751365461e-04
