-1.966118123192819745e-05
-1.742085078637858935e-05
-2.648598626868421281e-05
-1.158070228400966566e-05
-3.557890170988096100e-05
-9.368864193443730295e-06
-1.097949185919921576e-04
4.917326351917791262e-05
1.501691136006446840e-05
-1.503474558012277232e-05
-1.135832950794337065e-04
5.132210050983234404e-05
5.845571932246755250e-05
5.022827742146266804e-05
-1.752634316864279699e-04
9.488494855705737212e-05
3.175037101744806637e-05
3.512690010931144235e-05
7.004530001832559680e-05
1.023308210121213568e-04
9.931243578430225347e-05
-1.341334108823442732e-04
1.720597512603317899e-05
1.234416128684043951e-04
-1.013452722891985936e-05
7.678592595738028767e-05
-1.235688336848967859e-04
9.695320067091711691e-05
1.191632516345243449e-04
1.775833186108941074e-04
3.522351708155088777e-04
1.393950176296469042e-04
2.235232460765487262e-04
6.435367247621495734e-05
9.193727757499061857e-05
-3.485197869241510467e-04
-1.625214620254162689e-04
2.787125516899153469e-04
-2.011103299787143060e-04
5.589906851386043651e-04
2.827597212501775778e-04
4.196514799497680771e-04
-1.721435730485329236e-04
4.048131278749710440e-04
-2.214553976190785994e-04
-1.362840790766413649e-04
-1.616794763078300049e-04
1.099213017907862158e-04
-1.135480712555997189e-04
4.556548522115224048e-05
-1.541980258805971478e-04
1.230251945335057815e-04
6.319850553573458515e-05
2.626039386008040461e-04
6.418960868919150312e-05
1.510232045115960742e-04
-1.440253538207434195e-04
-9.648307703835643857e-05
1.496677166229617116e-04
9.793653998342108781e-05
3.246650001194341080e-04
-2.174374166265628241e-04
1.170814852626945421e-04
3.805761129289583224e-04
6.795579636292183707e-05
-8.864912509248956012e-05
1.190893262604897460e-05
1.031183096992397753e-04
-6.564866526178681286e-05
7.388863032607469585e-05
2.703264672158122017e-05
1.537182505644633722e-07
2.904099819856330306e-05
-7.092610385571592943e-05
1.323610866211611737e-04
1.959841958631134470e-04
-6.277811496772072862e-05
5.653592042086357655e-05
2.227940938727785640e-05
-1.031037677935125844e-04
-6.214176043878564431e-05
-6.563239330376805078e-05
4.583496520095673885e-05
1.069014602923523140e-04
-4.099415626382198522e-05
-7.926638802575452234e-05
5.693451629234636653e-05
-1.711568456358416844e-05
-3.666945264473947069e-05
1.566951777714125705e-04
1.506983336374195575e-04
-1.897675317475213958e-04
-9.929479691029497086e-05
9.725255128202858193e-05
-9.854506899839983415e-05
-1.115851986651809278e-04
1.054893433864500585e-04
-1.362357926710496068e-04
1.174474597290582232e-04
-2.848809689574427614e-04
5.036541873771168331e-04
2.157126244272637044e-04
2.854655065784775085e-04
1.464327353125923869e-04
-2.463231266903646399e-04
-3.195472433519890541e-04
-1.759478232064643139e-04
-6.437898303119518151e-05
-6.397295184406552474e-05
1.100172387291742740e-04
-1.616285727815379843e-05
1.325176375444524440e-04
-4.432040560926612713e-05
1.876860919419971253e-04
-9.658401108097926929e-05
9.757530537821476743e-05
1.806526648674204008e-05
-4.689825018363830942e-05
3.255436955442382634e-05
-1.116477151166333191e-04
3.222752472463879820e-04
3.411535388408353051e-04
3.295606038512605075e-04
1.179436171163508105e-04
-1.219476557182504390e-04
3.111351058678639089e-05
-4.311784083374882638e-05
3.974936227356272629e-05
-3.886606984278665486e-05
-1.293519525529876479e-04
-6.458488160399114802e-05
-4.872182237814521325e-05
4.584925009880186573e-07
-6.766187814896943602e-05
-2.226173283249138193e-05
-1.608743651837670743e-04
1.876920148172844891e-04
1.324469375703860052e-04
2.233985245014155643e-05
-1.614938230657168936e-04
9.136159621968565063e-05
1.606136945833837445e-04
-1.909544261798111020e-04
-1.580856924456298761e-05
1.849034525529874226e-04
-3.028131773224302607e-04
4.222522630511997685e-04
2.142267647759345348e-04
-5.959366112819232267e-05
-2.505634816712389522e-04
1.984826996951645885e-05
3.324276614192157235e-04
2.747320862797017244e-04
6.284162877072334936e-04
-1.153063390750341550e-03
-3.504239323649152024e-05
-9.030003246985418379e-05
-3.280261099104519215e-04
-8.695880127822719005e-04
3.328603572861789221e-04
-4.219897509493834072e-04
1.523542274589010509e-04
1.043122137712656496e-04
-3.049926468596173262e-04
2.232279898521770541e-04
2.141271023122689186e-04
-2.171649754073545194e-04
-1.628228322119017885e-04
2.867547175548846639e-04
5.557817865377180503e-05
1.467225591153321397e-04
1.900401885190788841e-05
1.703043300957848003e-04
-1.113494822747260351e-04
-2.284344752244954859e-04
-1.278051590395760646e-04
4.221991257283909697e-05
5.186446791720036474e-04
1.267126656355720138e-03
-1.926793153207978092e-04
-1.740771927546951199e-04
-1.059215567728493058e-04
-7.829156588788230232e-05
2.786355801565891695e-04
-1.935948304987310009e-05
2.604051590614629599e-04
1.465574192373396813e-04
2.059652774513117939e-05
-3.431610413961001604e-05
5.517475976701428025e-05
5.667251094750709551e-04
-2.388147825923955174e-04
2.960068538367705178e-04
-2.870734871146966090e-04
-3.419915914633805097e-05
4.183153582056279153e-05
-1.889641145156689358e-04
8.800106497784119565e-05
5.484431300656595709e-05
1.798544215851523298e-04
3.780534012578105007e-05
-8.446260760336626698e-05
-2.010490175780214010e-05
-2.345767828775995923e-04
-2.082569934238900043e-04
9.220777114316705273e-06
-4.543160207129819670e-04
1.957841279452033224e-04
6.767543416436685750e-05
-1.436194126848410206e-04
1.494611083940298741e-04
2.129721040446755646e-04
1.394095097134043573e-04
3.215120966709024647e-05
1.592494715157083743e-04
3.419518524635320347e-05
2.028477538838525116e-04
-1.473666650906330783e-04
3.636316382661649525e-05
-1.283335926274639575e-05
-7.198246666728850131e-05
-9.556116209499431662e-05
-7.889567976390439528e-05
-8.204551457724448607e-07
1.627506782226974030e-04
-2.173278989076098480e-04
2.250141328241907440e-04
-6.308025900271281713e-05
-1.590606636084971584e-04
-2.474186638458010856e-05
-6.486577647667796825e-05
-7.134359947060958413e-05
2.583032120275064090e-05
4.551569472291598184e-05
-8.549976704299681602e-05
-1.782774365724125942e-05
5.941283431084609181e-06
-6.343785298717893254e-05
2.949661339705520537e-05
3.003655880031831735e-04
1.841293567204855598e-04
-1.540273733679671259e-04
3.941682236886569641e-05
9.904049303864151670e-05
-1.925925858604655570e-04
-3.939069449578268506e-04
-2.483660309976870833e-04
3.505417508537245230e-04
-3.645786952774123630e-04
-5.372094854592772417e-04
-4.643719784361808071e-04
5.657089458324069146e-04
-7.051275219271176814e-04
-8.630957097695955574e-04
-3.243809398781169793e-05
-1.646605360658973932e-05
7.407321932580204760e-05
-2.729628313257298467e-04
-3.728867103294096659e-04
-4.414927369885096424e-05
-6.324845876696654238e-05
-1.402868663664491946e-04
4.447284514137186083e-04
-3.849639415846944847e-04
-1.220085905901618360e-05
1.521372791558538390e-04
1.162272230006269132e-04
-9.152223885996720130e-05
-4.476657187495736021e-05
8.135170397854079704e-04
-1.165492320067723804e-04
5.466429088264909133e-04
1.276335160097008536e-03
-6.655599049791457956e-04
-7.209892771745293626e-06
3.890019038323795295e-05
-2.846497317754734062e-05
8.971582309431197760e-05
6.586104246738312413e-05
-1.879932663215850522e-04
2.490240388645330717e-05
-5.830692314231956540e-05
-1.390526769099251626e-04
4.628749375661132066e-05
-1.463343685604716641e-04
-2.907110802598309287e-04
-2.115185868366568542e-04
-1.984118547788748057e-04
6.439706801737026009e-05
-4.584203622637271188e-04
-3.569651464314131596e-04
1.562593632267086268e-03
-5.645976351057358129e-05
-5.374449730931062964e-04
4.024804693991592265e-04
-3.973168670184956696e-04
8.971412179314237293e-05
3.339065826311981948e-04
4.185061487300807356e-04
1.151302123028546758e-04
-1.488271354548955402e-04
-2.785038656784778353e-04
-4.348067931567837249e-04
2.022006021745387643e-05
4.956438015247552192e-06
1.215106585489283280e-04
9.368489029538178769e-07
-6.977752089568627785e-05
1.573257143937191102e-04
-5.073438802426162618e-04
4.748859738354968660e-04
-1.207934119330180420e-03
6.370011943687696639e-04
-2.401344002168195120e-04
-6.277276545744845835e-05
2.739024310049267027e-04
-1.883751776768736866e-04
-6.012596533598892464e-05
-1.565989141256728156e-04
1.501582432815355770e-04
2.622826234206112163e-04
1.357019696228804479e-04
-2.590985831299958742e-04
-5.874580577243676430e-05
-4.282703251206851662e-04
2.464411843387235602e-04
6.841377671554895509e-04
-5.259297051676613499e-05
4.304025679677837835e-04
5.734736126070391285e-05
9.469018556839080541e-04
9.674659101227460825e-04
-6.360606738709816176e-04
1.139728269827869908e-03
-4.417858508806628975e-04
-9.319357343494590095e-04
1.383146079258975062e-03
-2.612983924467831643e-04
-5.028895463244150040e-05
-5.632175207275282340e-04
4.972152033696738190e-04
6.622677195832814365e-04
3.076090214230562292e-04
-1.291859804417259928e-04
-4.977551181882337297e-04
1.410397342302424336e-03
-1.319259896476526186e-03
-2.154389657355423502e-04
2.284023243639618072e-03
3.495348964354231435e-05
-3.443679118731737495e-04
-3.414815181787961827e-04
-7.797034402209659075e-05
3.413837115783512223e-05
-1.737487692250092551e-04
2.418629083660748462e-04
3.260809251360333546e-05
4.634913546920730871e-04
-2.511481030445482918e-04
8.566808067527054019e-04
-8.737211988069842677e-04
1.277997013870889831e-05
-1.108511685372290346e-03
1.357362218654934415e-03
4.462527263857014891e-04
-6.281625682343360299e-04
1.837131898470858950e-04
9.016451199725303821e-05
6.429555833279388625e-04
-1.259337220987122069e-04
-2.081618101813502593e-04
-1.158103252917654384e-04
-1.968409076387993436e-04
1.604374726923368062e-04
1.014319058550258422e-05
5.074184593756694882e-04
-9.379087473194081719e-04
1.597435453468372141e-03
-1.266427887915479460e-04
-3.061632515759878277e-05
-3.328479230265921638e-04
1.644345475397815859e-04
-1.785300069229163282e-04
-1.042619935277033114e-05
-7.010752145516990850e-05
-5.865744833860248265e-06
-2.880269903449250279e-04
2.975885063615573908e-04
2.151348228394904907e-04
-2.213764424716872900e-04
-1.053645810587470870e-04
-2.043287731632242117e-04
-5.967333335615067650e-04
-5.970636646849324054e-05
1.114812534265326470e-04
-2.618283290034748283e-04
2.854219276326265867e-04
4.294056478090396868e-05
1.729887050489628748e-04
6.425513317691843853e-04
9.042324178955825440e-04
2.619670515381763358e-04
3.146160220835147970e-04
-1.080194717899247243e-03
-2.385496510036581354e-04
-3.799741590758844005e-04
-8.203948529632880328e-05
-3.800877315235255059e-05
1.929968071489628133e-04
3.451247454598936138e-04
8.116618273862801012e-05
-5.925658132294155599e-05
4.243145702805751129e-04
-3.844047741180978313e-05
3.568851300847498660e-04
-4.588471154871324098e-04
-4.636138037969454880e-04
4.933397985130266164e-04
-3.025286357710718979e-04
-5.124363022577325803e-05
5.772938600596449934e-05
6.991552488765705262e-04
-1.832534196130224178e-04
-5.017518671030727620e-04
3.006333879461247822e-05
-7.047779623700883150e-05
4.167369198219899131e-05
-1.417423825975760564e-04
-1.136725946324433878e-04
1.611957658842682955e-04
-1.087352408912729612e-04
7.895297558255581966e-05
-9.445263379330217919e-05
1.492186060017411451e-04
-3.486299032376618146e-05
1.969063039300330387e-05
1.741640586116283899e-04
-7.446869722136562249e-05
-1.634547258127817544e-04
8.364389909530899883e-05
-1.405595183824326626e-04
-8.194975627110254309e-05
-2.695461158514037849e-04
2.030733532934264271e-04
-3.894688762248665545e-04
-9.833673520520509422e-05
-1.190318586571809676e-04
1.046747845015633962e-04
1.343264367965827776e-04
-8.558299657336605835e-04
5.661557568793790934e-04
6.502565845327161649e-04
3.555550844937431856e-04
4.020412227862553271e-04
5.999726853867862570e-06
-9.433225213459799422e-05
-5.979722744149342439e-05
-2.276022188645682963e-06
1.657995270653776190e-04
-9.654389630778393422e-05
5.184564045687938688e-05
1.359707706182902232e-04
-1.462795571453790128e-04
1.010922130938846878e-04
-2.004741096047903235e-05
-3.670207709097743506e-04
-6.493310004393974951e-05
3.374950019133171137e-05
1.198012962858504009e-04
