-1.784223471684578677e-01
-1.638561480043159990e-01
-1.614593478853289799e-01
-1.519963049230995122e-01
-1.468899189531550076e-01
-1.429931413409303576e-01
-1.397033328832855414e-01
-1.371211883927002939e-01
-1.322938291914743103e-01
-1.321382870873934468e-01
-1.292166826363726206e-01
-1.256699356690899050e-01
-1.215070958677804541e-01
-1.185871305308979079e-01
-1.171272917735328989e-01
-1.165003618438986421e-01
-1.109874219144526830e-01
-1.096141961689757749e-01
-1.083856827733556960e-01
-1.047621238009116551e-01
-1.008113179027927964e-01
-9.870362329002732582e-02
-9.470402189668014614e-02
-9.287532884644988940e-02
-9.204195092585780447e-02
-8.848250412435962331e-02
-8.374383663177042969e-02
-8.196117679267111988e-02
-7.971525218441836980e-02
-7.619358490946213924e-02
-7.400173682620581062e-02
-7.365240644029319439e-02
-7.172118767258003902e-02
-6.914809591450543635e-02
-6.711405999181341286e-02
-6.361381363114326781e-02
-6.027550875570411582e-02
-5.869086955966535540e-02
-5.472759348327643075e-02
-5.221124242075343008e-02
-4.948750249185045885e-02
-4.640849040508847334e-02
-4.610451792161304740e-02
-4.326489316654097417e-02
-4.016654605906088554e-02
-3.829681416919200609e-02
-3.757539137479218999e-02
-3.553409707660250966e-02
-3.170900209134566022e-02
-3.148459884453520125e-02
-2.973322665633083492e-02
-2.579291097658400339e-02
-2.447945405331111712e-02
-2.177537718782782822e-02
-2.105856351958965145e-02
-1.956303899691730006e-02
-1.889221320886801114e-02
-1.799250568933312769e-02
-1.202514689087867510e-02
-9.903246274773661387e-03
-8.009827709276143640e-03
-6.509857068698043751e-03
-4.190387430927830156e-03
-1.106428048818606505e-03
7.459652465988656942e-04
3.241047262482543018e-03
4.511771063393670879e-03
7.005821118673077191e-03
8.023874008484210146e-03
1.210698040878849246e-02
1.326088530003012578e-02
1.885525581292408354e-02
2.087940837715820605e-02
2.176508179801000392e-02
2.372530495129220041e-02
2.559230931354687308e-02
2.800803791001738388e-02
2.925445947862483770e-02
3.251461666295387548e-02
3.273735096679358803e-02
3.537838997126029755e-02
4.133828623401659963e-02
4.252406893707634528e-02
4.463646676642026717e-02
4.552083880210884559e-02
4.652790689339478258e-02
4.886340408750278197e-02
5.032530505928348163e-02
5.411502879567998275e-02
5.757783982020589497e-02
5.838972765954140304e-02
6.173358824845723292e-02
6.262925356219130324e-02
6.663662335790343505e-02
6.941551858638782269e-02
7.177416349697292308e-02
7.320007148111105921e-02
7.473475663136877611e-02
7.713142860135396850e-02
7.870233845890678426e-02
8.329653014353326224e-02
8.351460131421754862e-02
8.740092384573126816e-02
8.903221143081413436e-02
9.214428229834033257e-02
9.519651588124035391e-02
9.685467020413872363e-02
9.886343202042312261e-02
9.973337143330211763e-02
1.039070500272332165e-01
1.073663094775380716e-01
1.118414009955936567e-01
1.131409623852514812e-01
1.156392885690808170e-01
1.201220731433302186e-01
1.240387904906167654e-01
1.261166532859438472e-01
1.267608508642942278e-01
1.308199332844673934e-01
1.346283348673038560e-01
1.434897299541328386e-01
1.445467349450876571e-01
1.470129963748341706e-01
1.493739349737137068e-01
1.524772199191103406e-01
1.572840913438525168e-01
1.613120823740072929e-01
1.653867673445466591e-01
