-1.695481737165316638e-01
-1.619428847112006353e-01
-1.585778316333738280e-01
-1.556645390780149185e-01
-1.495771086122035798e-01
-1.448455119620839782e-01
-1.434460325015450288e-01
-1.391086019820077790e-01
-1.373262557367815606e-01
-1.318433572661288078e-01
-1.291157324219876223e-01
-1.265630346036853704e-01
-1.235701419948664892e-01
-1.223306791128168647e-01
-1.185019729243163289e-01
-1.168188649541743174e-01
-1.105740957939936042e-01
-1.081386173201852180e-01
-1.061644232311184516e-01
-1.022396755852851558e-01
-1.001930386495994002e-01
-9.819530347951399563e-02
-9.207512521166255626e-02
-9.019380615346775376e-02
-8.830142882715820429e-02
-8.724917287349368000e-02
-8.604000462254622617e-02
-8.315758891079377824e-02
-7.824425646392824119e-02
-7.465352400213169648e-02
-7.306445703445833828e-02
-7.159770631601269919e-02
-7.035551598949024710e-02
-6.520925532139905390e-02
-6.253807902803007468e-02
-6.127402880822645920e-02
-5.920615879431759959e-02
-5.745772830482814147e-02
-5.589162486762964260e-02
-5.335450460381659793e-02
-5.242632624319659013e-02
-4.860665071693120315e-02
-4.713197866630711858e-02
-4.692410636840952526e-02
-4.163224498932399653e-02
-4.062028224571669066e-02
-3.811078728316102948e-02
-3.444266314075353913e-02
-3.203080665483753336e-02
-3.003669074290113428e-02
-2.904732690995696226e-02
-2.577436090940513069e-02
-2.417436711995072859e-02
-2.249649083270473943e-02
-2.011288206580581772e-02
-1.907847911705146116e-02
-1.818817253515933596e-02
-1.359135420768820511e-02
-1.071345475590522282e-02
-8.331901404787763268e-03
-6.921759971924657494e-03
-5.607501673978327987e-03
-2.614905209948280816e-03
-2.412092878634765000e-03
-6.631984082805644559e-04
3.952173525294868923e-04
5.556173479160120623e-03
5.867337048048793489e-03
1.003086490593325421e-02
1.111486740008421105e-02
1.333846280141488296e-02
1.372695146564943680e-02
1.519659621413278761e-02
1.971615488635730662e-02
2.082261264959868810e-02
2.416146854809946010e-02
2.531893072086290747e-02
2.915317557903441062e-02
3.048362535135706528e-02
3.234316835736681522e-02
3.741737872045541174e-02
3.937887093623884671e-02
4.006819698286388093e-02
4.273101744475105157e-02
4.381993620371450043e-02
4.543642304655137049e-02
4.911912197606268377e-02
5.097419535327542273e-02
5.367819221928878809e-02
5.597520504007010012e-02
5.815982315081069665e-02
5.984613655080855965e-02
6.379906616324994284e-02
6.562044539974033752e-02
6.912985007260497028e-02
7.089162072495838740e-02
7.167593753662498957e-02
7.251159206549441516e-02
7.527280497654449676e-02
7.621446909500778633e-02
8.348265219189955622e-02
8.535276089999839499e-02
8.908852884156871765e-02
8.985269379640818677e-02
9.246859535818467701e-02
9.706431460539917400e-02
9.772469104931098827e-02
9.997936462751443043e-02
1.036917215093826339e-01
1.072015243659487083e-01
1.104530556552272696e-01
1.137139685761914959e-01
1.155133488723411178e-01
1.172735504289054848e-01
1.208222585345767597e-01
1.239952934300216081e-01
1.269101387334135578e-01
1.309366510301005204e-01
1.348177700006079893e-01
1.360625551423219060e-01
1.369196581119414002e-01
1.387384870118505698e-01
1.449594576625025388e-01
1.484233482326277331e-01
1.525440258929117165e-01
1.569219997615537432e-01
1.622438141811266554e-01
1.697385095349412398e-01
