-1.716549058249883242e-01
-1.638819555413492390e-01
-1.590536323587677103e-01
-1.563456832701752564e-01
-1.506489788436339572e-01
-1.444057388076695758e-01
-1.413862494676055015e-01
-1.369212953938685473e-01
-1.353519294679944307e-01
-1.295734310448168058e-01
-1.241130389490037456e-01
-1.205597506094824856e-01
-1.191845020621194878e-01
-1.157629966098006613e-01
-1.148077411184857538e-01
-1.118083959111401265e-01
-1.100141422010064290e-01
-1.080282570475661758e-01
-1.059570197601763242e-01
-1.034843098142748524e-01
-1.008931155072805008e-01
-9.558921352378804692e-02
-9.324458416818211248e-02
-9.197413056698801326e-02
-8.778629737014219392e-02
-8.578329907606666027e-02
-8.212987103649541099e-02
-8.016304266577761739e-02
-7.900231146586055020e-02
-7.759475540624949375e-02
-7.560671883204579669e-02
-7.443744616819741866e-02
-7.304654817229955244e-02
-6.823475530926982613e-02
-6.581120358047526375e-02
-6.378823905400804462e-02
-6.182467312893285410e-02
-6.149299330919300033e-02
-5.768256906113423260e-02
-5.600012148087096103e-02
-5.320557577971309765e-02
-5.155185391141953177e-02
-4.891820275361036946e-02
-4.706843270333141427e-02
-4.468610411051743281e-02
-4.081556509042674058e-02
-3.962842374909335968e-02
-3.515345738016618926e-02
-3.397570059993830494e-02
-3.143481419771716745e-02
-2.910023928424214715e-02
-2.727569478715038270e-02
-2.544021363724297685e-02
-2.419027036450401361e-02
-2.233590939172669029e-02
-1.722388887943690147e-02
-1.632578736520794854e-02
-1.534725544670629757e-02
-1.284492352813019524e-02
-8.786078337182708087e-03
-8.040095921766380813e-03
-4.311762653001762272e-03
-3.234439083788943643e-03
-2.327119364950062681e-03
6.057145692700114823e-04
1.129215468893546206e-03
3.432096360079667837e-03
6.258541092034015235e-03
8.218127917133413035e-03
9.598923346874777690e-03
1.285855986557617701e-02
1.429900170066569429e-02
1.660800493462913363e-02
1.937164374632374328e-02
2.209601584687060499e-02
2.426882712202129908e-02
2.774103903834045787e-02
2.935165449354244782e-02
3.119727182614180291e-02
3.151597252578649394e-02
3.292391581698070335e-02
3.658343732583326652e-02
3.937281590289169048e-02
4.118455671252384959e-02
4.703857037534784485e-02
4.852056169372836320e-02
5.067373117787638687e-02
5.352591308800480618e-02
5.553511075629320726e-02
5.828581740558646390e-02
5.866531029908465811e-02
6.095538583799696430e-02
6.214907726145384864e-02
6.306000264807840039e-02
6.513734634062566531e-02
6.930035529082538559e-02
7.009365232067164830e-02
7.114998221988547145e-02
7.671522697160483573e-02
8.005039790142355616e-02
8.268493109842228739e-02
8.560631046151623291e-02
8.881779640962214617e-02
9.431001908103156528e-02
9.582754755770341026e-02
9.808769438843122079e-02
9.972797781165552988e-02
1.014631503360129139e-01
1.027509347119273941e-01
1.044115088800625785e-01
1.092663742695823142e-01
1.109246026652379313e-01
1.149940375926606917e-01
1.157609241908918313e-01
1.182132682818772818e-01
1.214686991871104793e-01
1.264924632451450981e-01
1.312953474730302328e-01
1.349237238045250253e-01
1.384123311942323797e-01
1.406942382661044155e-01
1.437653489413879271e-01
1.461517291420102727e-01
1.488755415430740026e-01
1.562685013344168317e-01
1.583606282711729762e-01
1.595958113919971610e-01
1.696284325764113587e-01
