-1.671369824943308713e-01
-1.628471629998606285e-01
-1.568581803656254603e-01
-1.534969902914064821e-01
-1.473231955938756887e-01
-1.442877841340614031e-01
-1.430987858712048644e-01
-1.399349506020630685e-01
-1.383564909583464286e-01
-1.328047416637638811e-01
-1.275284773368242919e-01
-1.261015710890498187e-01
-1.251962943543019902e-01
-1.165570689544019323e-01
-1.145596110803346751e-01
-1.118516159539493793e-01
-1.110087297031087245e-01
-1.064022108548259432e-01
-1.030632090363072795e-01
-1.026080923475481133e-01
-9.791267064405001497e-02
-9.603577218291603490e-02
-9.500798691306056032e-02
-9.238546249663560916e-02
-9.103753318698959429e-02
-8.870081148173845909e-02
-8.633444197511792872e-02
-8.352018539832255228e-02
-8.249920880481872998e-02
-8.069443544910960553e-02
-7.811507090376972051e-02
-7.407026680835650245e-02
-7.197183244572498417e-02
-7.085921872521419584e-02
-6.374383492097020210e-02
-6.197084627039350230e-02
-6.129098094312484396e-02
-5.880129810071116347e-02
-5.637593051897656776e-02
-5.503618536923093885e-02
-5.226262971870176272e-02
-4.950343787124834860e-02
-4.758157501546026596e-02
-4.518715838830844600e-02
-4.202223160572496341e-02
-4.003318801963869772e-02
-3.770192906345759543e-02
-3.699933786089917159e-02
-3.633825964658669166e-02
-3.135136225969405166e-02
-3.040904504319462756e-02
-2.982372400900553874e-02
-2.701557373001944873e-02
-2.646045876723884457e-02
-2.139616520553319634e-02
-1.839127456838142091e-02
-1.707863130087421133e-02
-1.332300116771710161e-02
-9.909389171047609454e-03
-9.356383915090478454e-03
-8.186623806184942231e-03
-5.492566546351143088e-03
-3.061146661415038890e-03
-1.651024011328715378e-03
1.848113632153879993e-03
3.339024523687090552e-03
6.274425555757444546e-03
6.636605388532878028e-03
1.155767719024526283e-02
1.210356425141435183e-02
1.536838395895230927e-02
1.709466383223759781e-02
1.901370140908906561e-02
2.095697574009001626e-02
2.509439292999701351e-02
2.741757269562756713e-02
2.834681021549847676e-02
2.932115033644809229e-02
3.155690528857896943e-02
3.384790897256618331e-02
3.561699015853028033e-02
3.753759942438879976e-02
4.057539582023333286e-02
4.183381073436018976e-02
4.379754313323668685e-02
4.552098255628569262e-02
4.883396873601374144e-02
5.044304798154860409e-02
5.243395150613993499e-02
5.829252565334057390e-02
6.151074415640201548e-02
6.229735704071961977e-02
6.639024179128202863e-02
6.799531346415889355e-02
6.927559514105274818e-02
7.224919811026166150e-02
7.504702582315776749e-02
7.555548070982322229e-02
7.981427557569970022e-02
8.137968428771007179e-02
8.309730313623769904e-02
8.638401734205672367e-02
8.781821182480703536e-02
9.225722232299024550e-02
9.242962629849546530e-02
9.350864015408152929e-02
9.678581763612155442e-02
9.896494475654765699e-02
9.977901790510858293e-02
1.048793206429959324e-01
1.081427966928716899e-01
1.102213535727214894e-01
1.131276930691631766e-01
1.156601013834100411e-01
1.201882588332749136e-01
1.234688793733246387e-01
1.252255796772888674e-01
1.281095881932435565e-01
1.318476614971704763e-01
1.333426056291789064e-01
1.362181166763019036e-01
1.439683461048423818e-01
1.464785598575307490e-01
1.471627415865212340e-01
1.476312027475920052e-01
1.583116556401797936e-01
1.645111644732016598e-01
1.722232018250436369e-01
