-1.761288306160864181e-01
-1.681968404777936521e-01
-1.593884735743464620e-01
-1.548866481831713271e-01
-1.535432076226282416e-01
-1.454110936709956392e-01
-1.427037722603641812e-01
-1.407300008709441441e-01
-1.374025401439594452e-01
-1.315177956649406232e-01
-1.274482345814786921e-01
-1.242479859120925317e-01
-1.197479451911935000e-01
-1.167493400693112304e-01
-1.137613179142775294e-01
-1.119090359219075126e-01
-1.100933305777189869e-01
-1.074449864736011090e-01
-1.030999981057215964e-01
-9.986434961835830015e-02
-9.896442597356182314e-02
-9.646247793966135353e-02
-9.313169989455234721e-02
-9.131660809470937279e-02
-9.048994532283462233e-02
-8.728199408823225647e-02
-8.371572269631891161e-02
-8.210971338129806341e-02
-7.949146724763170302e-02
-7.818385722682912042e-02
-7.494418143965586587e-02
-7.213366630946980995e-02
-7.030746851804793585e-02
-6.849098390014937698e-02
-6.449558645702133108e-02
-6.334179036364936954e-02
-6.181050666454678683e-02
-6.092430797496144190e-02
-5.693942765730644617e-02
-5.492090985283436255e-02
-4.903277750939687152e-02
-4.784082508586078725e-02
-4.650559332789363370e-02
-4.318184878312766178e-02
-4.106182306199657184e-02
-3.918748136677625837e-02
-3.657707850897799068e-02
-3.436393474195994363e-02
-3.221452364736687723e-02
-3.134024923464355517e-02
-3.041267279975883031e-02
-2.715618534989211116e-02
-2.641511279800625583e-02
-2.133521455760025928e-02
-2.030840620388439655e-02
-1.812000928713209183e-02
-1.690311352948115423e-02
-1.587821851657537572e-02
-1.162436979038750616e-02
-9.050923329496619874e-03
-7.528639588669065047e-03
-6.743352721036505876e-03
-5.594182113152528640e-03
-1.028473632605333369e-03
5.468107085270060589e-04
4.044778574003206686e-03
5.322088497766105236e-03
7.001884337728504770e-03
9.389600780258794757e-03
1.150142644812258974e-02
1.352968628751674736e-02
1.675828359745529933e-02
1.781634363507577853e-02
2.212761132828284724e-02
2.346397490360836377e-02
2.449505507836680779e-02
2.622658370788598370e-02
2.787394952569806697e-02
3.029443353264987815e-02
3.448552355105454631e-02
3.755687696694553351e-02
3.958013379459902892e-02
4.109487936106511613e-02
4.320904163486171540e-02
4.503982796211032646e-02
4.674118936100008642e-02
4.834660697991306072e-02
5.200991290383050192e-02
5.214803040814292717e-02
5.460541436027295525e-02
5.786375135128644931e-02
6.106111020133070388e-02
6.403498993894622682e-02
6.743661546007480301e-02
6.764602148413471905e-02
7.074286355312124630e-02
7.121561025921432919e-02
7.577227718146470337e-02
7.696884330329788193e-02
7.851145777093719580e-02
8.075960429847291178e-02
8.268249307811528781e-02
8.730871249486917007e-02
8.975846291785412323e-02
9.048336323036891560e-02
9.418967486679437340e-02
9.733811643965270544e-02
1.001758394663134349e-01
1.013874515365091877e-01
1.046505784180813414e-01
1.077831475216702306e-01
1.099710075135419546e-01
1.117528692528073908e-01
1.147853016568583101e-01
1.197264611358416359e-01
1.239086041493158291e-01
1.281862757011143494e-01
1.302277231410427227e-01
1.323174896947874324e-01
1.342618995218820832e-01
1.399425898991658035e-01
1.407173656812762963e-01
1.457618078842121967e-01
1.476572166850108336e-01
1.531231466812931485e-01
1.596500786977098629e-01
1.656027350163347678e-01
1.725639726283954845e-01
