-1.707293218159855464e-01
-1.631707224409010837e-01
-1.615905076489517755e-01
-1.574974975082744089e-01
-1.480351430947351166e-01
-1.469973456560537683e-01
-1.412792474559442790e-01
-1.384713317206924810e-01
-1.370939317343936870e-01
-1.341066028192942072e-01
-1.296567309420499359e-01
-1.252891836126944491e-01
-1.209429420226433155e-01
-1.184146071724431204e-01
-1.147759296813265772e-01
-1.138431951153719701e-01
-1.118136825351230268e-01
-1.095509307487628620e-01
-1.050617960977310861e-01
-1.036360064536748921e-01
-9.992557356510421707e-02
-9.603939224016372345e-02
-9.252207011419230631e-02
-9.002430147989987086e-02
-8.848260146830574935e-02
-8.632236817460718636e-02
-8.626235332396910149e-02
-8.290902172877061271e-02
-7.964094205265419280e-02
-7.900915208294984060e-02
-7.369963292473080685e-02
-7.197640043605590954e-02
-6.739636681989395750e-02
-6.497758186906885114e-02
-6.302602003562866873e-02
-6.229688842267991356e-02
-6.058176402558879819e-02
-5.589308655668313863e-02
-5.364248696222925078e-02
-5.214089100810587185e-02
-5.031305958029709535e-02
-4.806840201722279576e-02
-4.624104635859740270e-02
-4.403648973814843631e-02
-4.344962044825615571e-02
-3.948736736105136480e-02
-3.862719380141934472e-02
-3.355768914868078462e-02
-3.226325638435970089e-02
-3.013125122953175944e-02
-2.830466271967047726e-02
-2.491797478746833952e-02
-2.302686567815219465e-02
-2.148347875521553971e-02
-2.067876448543291140e-02
-1.844304902885835970e-02
-1.708836854211362444e-02
-1.301729996867669222e-02
-1.168450974092044917e-02
-9.865971475254859194e-03
-8.658834736540079596e-03
-7.500972426751237494e-03
-5.687115306485292406e-03
-3.375864204325040516e-03
-2.764596397143830216e-03
2.419010423819232397e-03
4.268584690472564287e-03
4.942835121815372483e-03
1.152075646586521104e-02
1.211627368795101245e-02
1.449611791381901979e-02
1.558576926958521285e-02
1.641167639079951085e-02
1.900643223926292216e-02
2.155054894655828931e-02
2.207511437455095260e-02
2.484634822111105382e-02
2.719944331490018602e-02
3.005228046529540356e-02
3.118135259734611600e-02
3.718801701365070933e-02
3.745627656285808321e-02
4.040777300122684601e-02
4.125393828050003681e-02
4.259980304769447890e-02
4.557641505743273425e-02
4.708033943135474936e-02
4.949905411542455946e-02
5.217679928700411779e-02
5.521740783884486470e-02
5.744338198792882377e-02
6.132439304624141135e-02
6.258478837024021579e-02
6.376984177169352230e-02
6.979273177161909869e-02
7.222946174823192955e-02
7.353616468544464657e-02
7.465282448500910883e-02
7.608647514999362926e-02
7.939783879536252420e-02
8.325561357159320941e-02
8.669405086004959571e-02
8.853207188657821747e-02
9.020543322858122492e-02
9.194985541961599174e-02
9.469650283074690367e-02
9.658946252323233339e-02
9.906977702515977480e-02
1.022240996529385909e-01
1.057383913705542827e-01
1.081933423434346953e-01
1.094256755589624874e-01
1.120684804795742812e-01
1.185587251836829337e-01
1.191333373735659479e-01
1.224667412386733628e-01
1.266394975569836434e-01
1.289356955463362153e-01
1.321024073676010935e-01
1.343588235606407166e-01
1.379781966472122812e-01
1.439192767481178303e-01
1.473460323592978016e-01
1.505368724199250829e-01
1.573136920898012825e-01
1.599899494578837233e-01
1.654474350822098816e-01
1.710835469350414639e-01
