-1.701027687829300694e-01
-1.644484914500639050e-01
-1.563742598859738930e-01
-1.517700827547408260e-01
-1.474705964268628322e-01
-1.449716431264323480e-01
-1.427252939557318023e-01
-1.411865294376623559e-01
-1.361643490618150432e-01
-1.328695008884455686e-01
-1.270620053426032570e-01
-1.261920750754135512e-01
-1.226662432485400023e-01
-1.174362467062707166e-01
-1.160271065128887918e-01
-1.139720451723750944e-01
-1.118067410061888284e-01
-1.090091675971134322e-01
-1.070886533751733705e-01
-1.023834815985357610e-01
-1.016046094428502272e-01
-9.862115716148271705e-02
-9.617568491315095502e-02
-9.461579708316000814e-02
-9.110509047685357020e-02
-9.024670819848509828e-02
-8.690846322928125200e-02
-8.334449490847710418e-02
-8.130321143237854986e-02
-7.751542608130213008e-02
-7.306341118367297438e-02
-7.256975278000815655e-02
-6.988712794244598958e-02
-6.699280049831471406e-02
-6.545235846421880443e-02
-6.382798003330829306e-02
-6.258063466267861641e-02
-5.899944993045695002e-02
-5.681637929654127783e-02
-5.487399966168947374e-02
-5.152099638214227562e-02
-4.768293960671859955e-02
-4.709261573519412519e-02
-4.441628012579630636e-02
-4.296975502816222786e-02
-4.229775025782313985e-02
-4.086985987914500129e-02
-3.626306328510335575e-02
-3.536335103392821561e-02
-3.345168058411930601e-02
-2.968064822903119376e-02
-2.866414441036365529e-02
-2.546475079005755190e-02
-2.195233282911671427e-02
-2.114476485594287206e-02
-1.777197963570133557e-02
-1.576688237694758368e-02
-1.439369324165353133e-02
-1.011981321774032064e-02
-8.679164400156563763e-03
-8.001648697727041168e-03
-7.238669207470718216e-03
-3.609224766498520757e-03
-1.138771033708461814e-03
4.435034793994861854e-04
4.596583225518898266e-03
6.991896789085836651e-03
9.449071637352918565e-03
1.063933418036996405e-02
1.184481050086634742e-02
1.626448693147433677e-02
1.672337414419123799e-02
2.061530273785407152e-02
2.223700809715541127e-02
2.417032653840687703e-02
2.821814288762826417e-02
2.847960268687187158e-02
3.083680309810116205e-02
3.409465072260992741e-02
3.437170829546857403e-02
3.716681610718570311e-02
3.986088681089664659e-02
4.177522889150751817e-02
4.488629415124888861e-02
4.595409492091748899e-02
4.994191644961012977e-02
5.081450043799548566e-02
5.235319018911907540e-02
5.328610421569133365e-02
5.567998578970889678e-02
5.906103962671474528e-02
6.045845884731735481e-02
6.305844797595194784e-02
6.671461424405440710e-02
6.763165918144715960e-02
6.917157160792467008e-02
7.244336575141245571e-02
7.572653678834702362e-02
7.830797210071710479e-02
8.109538793357082276e-02
8.295572580089401182e-02
8.356115277747613868e-02
9.003523233039512075e-02
9.251960709837803165e-02
9.357766508764282787e-02
9.515189997589333648e-02
9.878795457599817698e-02
9.947188686817723391e-02
1.031536393614119196e-01
1.038989919893859443e-01
1.086966124611796758e-01
1.117076109039599474e-01
1.171610809243829598e-01
1.184686198008421815e-01
1.211773207642224265e-01
1.226808182153797111e-01
1.233463692047165605e-01
1.259064589041690441e-01
1.288440216142592021e-01
1.326288919810820754e-01
1.364411669786067260e-01
1.400346919282069447e-01
1.443123075588414184e-01
1.472182058362999091e-01
1.503777709001937191e-01
1.557009689982337131e-01
1.613646500386377858e-01
1.692405975442057564e-01
