-1.737071128084473615e-01
-1.680693078205962865e-01
-1.623903774612897311e-01
-1.579049636957207681e-01
-1.491942552524446741e-01
-1.463781997404603463e-01
-1.414124775495481934e-01
-1.373038178196667458e-01
-1.362166042284115031e-01
-1.348327141961603581e-01
-1.291337170485255814e-01
-1.286033248070304058e-01
-1.224833307546915190e-01
-1.202892387785475248e-01
-1.183449937831671933e-01
-1.158804548670784307e-01
-1.114093437994355673e-01
-1.080116328959108696e-01
-1.050893473385586113e-01
-1.011144928378121394e-01
-9.673502822724308614e-02
-9.331284799085108606e-02
-9.083749034968928437e-02
-9.049201873596691981e-02
-8.954040754180876693e-02
-8.648100085656923453e-02
-8.192498911240622683e-02
-8.011349294832215140e-02
-7.777805922536128180e-02
-7.585930210202802837e-02
-7.466634744413762348e-02
-7.127463720627857935e-02
-6.968544270096654891e-02
-6.825998186167810122e-02
-6.516209048084059541e-02
-6.352853326940119394e-02
-6.083593084664286332e-02
-5.898773613566408308e-02
-5.558444150650451721e-02
-5.371563679611789793e-02
-5.123549888741629754e-02
-4.916095794399315960e-02
-4.804376056869524153e-02
-4.541744715262855531e-02
-4.495265531790038765e-02
-4.414191030655213038e-02
-3.954568112043778394e-02
-3.680205960341426108e-02
-3.500736074825130245e-02
-2.942572076083673285e-02
-2.830583695061325566e-02
-2.787283011432960950e-02
-2.607579250425889894e-02
-2.438472124505467603e-02
-1.850851785678503045e-02
-1.788144757631561499e-02
-1.588015608227112338e-02
-1.231967571908448335e-02
-1.190967569326991868e-02
-1.019799459180276320e-02
-6.978628106334964880e-03
-5.896012975443640745e-03
-2.007165613257110449e-03
-3.360557911432905079e-04
2.031178183333609381e-03
5.744804711815053137e-03
7.072342553729848991e-03
8.771742032723078494e-03
1.234759733443419744e-02
1.299735413144110542e-02
1.473499390255224480e-02
1.866585117247742190e-02
2.018767011842049347e-02
2.059298353380659488e-02
2.388049803519227618e-02
2.783335706858128950e-02
2.870381576898467166e-02
2.987994562146722641e-02
3.130496562115386849e-02
3.423861134446168353e-02
3.672300960975628803e-02
3.734900782488458776e-02
3.906093874808150290e-02
4.218004373525416351e-02
4.538508646876208280e-02
4.696714465325866478e-02
4.915152589347503154e-02
5.178650862836967766e-02
5.296385316297275853e-02
5.653768851860480060e-02
5.927591009474993122e-02
6.036188794205409047e-02
6.403606748930198989e-02
6.683400588957968957e-02
6.904712170435656216e-02
6.960801757437555526e-02
7.141489924432990744e-02
7.508057892922261056e-02
7.607743485076845502e-02
7.990566232682227987e-02
8.149623295512745114e-02
8.460302433604072192e-02
8.613951023293436871e-02
8.949018014752496697e-02
9.219038141577626244e-02
9.354111264637736400e-02
9.520473722987932153e-02
1.000879112438393809e-01
1.027911104975436779e-01
1.041260275477252639e-01
1.070966867038240511e-01
1.109191540014873717e-01
1.161018533992804608e-01
1.167793333725490323e-01
1.196135274298629203e-01
1.240381224769150359e-01
1.247199394732104172e-01
1.267041714307195754e-01
1.315687907405755364e-01
1.336789761572515778e-01
1.375334623907217002e-01
1.430871553897870851e-01
1.456383700184062380e-01
1.507966002491052115e-01
1.531296254066324691e-01
1.559927416380457177e-01
1.637160996487132258e-01
1.653137434486595947e-01
