-1.751215102920811173e-01
-1.670145612774617261e-01
-1.559621631155714006e-01
-1.539763507421467725e-01
-1.482464375032158665e-01
-1.425288470675511177e-01
-1.391532039063891057e-01
-1.332479798082712441e-01
-1.328177361817523272e-01
-1.313313338958133070e-01
-1.281165466293765209e-01
-1.241620217076211397e-01
-1.209813334063888635e-01
-1.203516643806828018e-01
-1.164976309816317807e-01
-1.137293255368097833e-01
-1.133971056322572030e-01
-1.090835924256454842e-01
-1.085484633518347536e-01
-1.037592116891886129e-01
-1.003734725583784876e-01
-9.792340934440622868e-02
-9.408834455311525236e-02
-9.298465158944091424e-02
-8.776143358668930805e-02
-8.585173992402515830e-02
-8.434429511989623152e-02
-7.921699447157978802e-02
-7.838001321729644311e-02
-7.746345052401212850e-02
-7.237884583005056716e-02
-7.147495163037527466e-02
-6.815390066439236394e-02
-6.745856103200525977e-02
-6.579462219614588825e-02
-6.431177677229546474e-02
-6.185743515391317615e-02
-5.816710251311751900e-02
-5.590206036721074440e-02
-5.380935345271027626e-02
-5.263720371884757221e-02
-4.988387011313032138e-02
-4.690639947993113790e-02
-4.576771512837842643e-02
-4.220589384043557657e-02
-4.101954443116784255e-02
-3.972800492512726378e-02
-3.602631904983663591e-02
-3.503336511205208670e-02
-3.228844772487136222e-02
-3.146479772000213004e-02
-2.938703635107595136e-02
-2.753848409114632509e-02
-2.366105905630847689e-02
-2.214647808932739687e-02
-1.905894849735934038e-02
-1.469687505307970196e-02
-1.207439114358038919e-02
-1.046305668522122881e-02
-8.149060588878952183e-03
-6.234875681625382839e-03
-4.501285270154350981e-03
-3.153205587599156902e-03
-2.718239570170055599e-03
1.457780179834056438e-04
1.278447987315820076e-03
4.688900352472831490e-03
5.659627881759949318e-03
9.088612568559148799e-03
1.104571430529512066e-02
1.440010117604404762e-02
1.779105909649103187e-02
1.858153644942459395e-02
2.281898532157613374e-02
2.314791233951182109e-02
2.362436950347989589e-02
2.807111516154773070e-02
2.975374354664326454e-02
3.167587449017295054e-02
3.448531595701397751e-02
3.457042088327087065e-02
3.666998102742478199e-02
3.866836582315452686e-02
4.231242726648576369e-02
4.397281140896866503e-02
4.582911924292525779e-02
4.772294815504601190e-02
5.072291615175972268e-02
5.262356179592660860e-02
5.490278816178643939e-02
5.664997069271629493e-02
5.874557953666535715e-02
6.003579093122268784e-02
6.359701229238638731e-02
6.473749591535457593e-02
6.927577664833174664e-02
7.056473050998904317e-02
7.474234864777043463e-02
7.770560020726363648e-02
7.914950920062766015e-02
8.192504300126436656e-02
8.487206332578443868e-02
8.815278572821928782e-02
8.998243731004877677e-02
9.384560811774911304e-02
9.607532997061056512e-02
9.824282408319391646e-02
1.004162051007976425e-01
1.052353875601745314e-01
1.063826598917240046e-01
1.090836670081219012e-01
1.111567786378646200e-01
1.142749354277367291e-01
1.174265614639023458e-01
1.197181981581698224e-01
1.206975867612756770e-01
1.234327512899572737e-01
1.307855120852134678e-01
1.316094430513093105e-01
1.361695991719621412e-01
1.391941565264221692e-01
1.409756045178022499e-01
1.481064579794082181e-01
1.508836847073718734e-01
1.567595005016451937e-01
1.623634939439420333e-01
1.638906496009172598e-01
1.713528173650973874e-01
