-1.708217270471364124e-01
-1.676568732641562087e-01
-1.577824453542857885e-01
-1.537152235052207383e-01
-1.482213080725144072e-01
-1.465714515017847996e-01
-1.430996829515248647e-01
-1.357740167606247550e-01
-1.344065534388922956e-01
-1.321155508869856499e-01
-1.304934470466738439e-01
-1.258841974775631589e-01
-1.224851842112727462e-01
-1.195154632646108633e-01
-1.177090276000096886e-01
-1.124149912604626433e-01
-1.113729476809222907e-01
-1.110748648762480140e-01
-1.079857606740850240e-01
-1.044172930606127869e-01
-1.015138638059238096e-01
-9.805137007638232982e-02
-9.565445657331241025e-02
-9.363350264754788377e-02
-9.180218760072120232e-02
-9.078169086737625237e-02
-8.613030755513369219e-02
-8.220937804940339766e-02
-7.979287322475417388e-02
-7.772145944038681697e-02
-7.380952055259515365e-02
-7.270946683881512884e-02
-7.040635725694681379e-02
-6.908121581368996400e-02
-6.639435382225185311e-02
-6.349148782444716255e-02
-6.216411888377958855e-02
-5.821638439048809621e-02
-5.616301534862480627e-02
-5.409447600654586352e-02
-5.227772286465977997e-02
-4.947270076892981705e-02
-4.794838622725193511e-02
-4.542606474439159214e-02
-4.226349589592025280e-02
-3.954967463815040746e-02
-3.934771991019770515e-02
-3.781566013377876678e-02
-3.380013421382392635e-02
-3.190812412718509877e-02
-2.945191816620520292e-02
-2.668127023799968939e-02
-2.328973432021451753e-02
-2.168341459218217637e-02
-1.976183920399258998e-02
-1.681208960479910544e-02
-1.280411709886030563e-02
-1.124792425637342538e-02
-1.077281802246951234e-02
-8.323189946988832771e-03
-5.880859767506609048e-03
-4.037044536176942304e-03
-3.301782268568816993e-03
-1.693169591855648486e-03
5.329593654980681761e-04
4.737663919357091788e-03
8.579773407522970838e-03
9.628652104985336094e-03
1.265748798268740219e-02
1.382329977447277133e-02
1.604030472571676275e-02
1.841773264123409623e-02
2.200500300273403390e-02
2.319001978588518253e-02
2.540452957120630656e-02
2.685634157550207540e-02
2.781381556723268311e-02
3.180429279367845419e-02
3.428112137005441540e-02
3.445986593110932084e-02
3.666641155181721984e-02
3.828223760219411076e-02
3.909671236157667706e-02
4.048645034453542818e-02
4.458694318242054089e-02
4.719095800445067407e-02
4.907410999437560040e-02
5.319247774707740878e-02
5.661597440480647253e-02
5.852006651541886290e-02
6.072730634490949853e-02
6.253677864912182693e-02
6.320501552263503575e-02
6.431968210038097045e-02
6.543734971333259320e-02
6.875464642520161263e-02
7.124460709333670094e-02
7.406560973138705262e-02
7.828626173898879659e-02
8.323682561686246428e-02
8.430432545529309429e-02
8.513622534166889744e-02
9.013679547151724758e-02
9.156638594921424901e-02
9.367504357026937289e-02
9.602623762847503630e-02
9.864686398472979900e-02
1.007085924273167094e-01
1.016860992499653144e-01
1.034618351513608564e-01
1.048322294133347266e-01
1.082572882350810312e-01
1.101255191185847027e-01
1.149505693105537796e-01
1.182852582405799491e-01
1.212147309625828673e-01
1.249601450313049811e-01
1.274424312631833589e-01
1.305466887762765371e-01
1.318219568652989893e-01
1.342180234659145488e-01
1.394318208299843986e-01
1.414096388000818938e-01
1.458127459247058333e-01
1.500592765163732967e-01
1.534325252118731719e-01
1.695147279804465890e-01
1.754670833135187902e-01
