-1.666814143275855420e-01
-1.610727925439677521e-01
-1.540175711505378797e-01
-1.530575824042175459e-01
-1.478963871241643357e-01
-1.456451238450751640e-01
-1.443236431060086200e-01
-1.387324977736359155e-01
-1.365862239446975490e-01
-1.319058244767465915e-01
-1.286005615372236011e-01
-1.256338909611159904e-01
-1.204853945438953133e-01
-1.186125805036489789e-01
-1.145949607902331385e-01
-1.125483275465526262e-01
-1.110270118911266535e-01
-1.086422892461418321e-01
-1.047757178651273630e-01
-1.020717670554090045e-01
-9.883929017828270436e-02
-9.671469641034942388e-02
-9.422871399622724520e-02
-9.360913243040334952e-02
-9.043360954333981572e-02
-8.734270564629721678e-02
-8.327600005982190023e-02
-8.189324315510894403e-02
-8.043664981054539365e-02
-7.940990815089564447e-02
-7.401861014795506344e-02
-7.279505109460158996e-02
-7.033420347949677354e-02
-6.725551665349517594e-02
-6.580305110667121482e-02
-6.537464816252924749e-02
-6.182290169689171055e-02
-6.047421725426836703e-02
-5.799239376347310737e-02
-5.707117672648934215e-02
-5.429224726745891794e-02
-5.232080390312023044e-02
-5.082545138362294657e-02
-4.669404194463987190e-02
-4.347717297770763850e-02
-4.102166461170399930e-02
-3.848159978170257595e-02
-3.729388239788808401e-02
-3.545017368863227769e-02
-3.235662186392204709e-02
-2.916783693977384462e-02
-2.739653516010603571e-02
-2.726717392075838839e-02
-2.257205048299606651e-02
-2.143346286844616949e-02
-1.884364315470385756e-02
-1.781514136357665798e-02
-1.327924790638988425e-02
-1.309658187949188160e-02
-9.083545377143533578e-03
-7.539046743735827033e-03
-4.350859970731197138e-03
-2.195200214764371667e-03
-7.240717625387049902e-04
2.985961180341901652e-03
4.059808513530182607e-03
5.076935068753723503e-03
8.757517328931471723e-03
9.493272504126831074e-03
1.227090484462277191e-02
1.448839084524631421e-02
1.619627371782080688e-02
1.820454728473054964e-02
1.874283835485533387e-02
2.016592522196585663e-02
2.334270998763349897e-02
2.529633778398715505e-02
2.848920071471159124e-02
2.946525299363585496e-02
3.419198432207886523e-02
3.651743245400008997e-02
3.856258080035616237e-02
4.103042910507438690e-02
4.345324145417369527e-02
4.456851410023443538e-02
4.684596229419621394e-02
5.064624214716405282e-02
5.211717555894193610e-02
5.539613979589044085e-02
5.589918097994232143e-02
5.851167668315521847e-02
6.187152947396914321e-02
6.276587206905261118e-02
6.547930576639972300e-02
6.757414936512802506e-02
6.915990870840209304e-02
7.301828143619862321e-02
7.636272334279886609e-02
8.061928966004749952e-02
8.267932941686195747e-02
8.375449564760696630e-02
8.654047738629884468e-02
8.810506159990019737e-02
9.112231594727804307e-02
9.324523182049407333e-02
9.571999142710081732e-02
9.679972895128874377e-02
1.017386080567931755e-01
1.028049081832317774e-01
1.067073028794747053e-01
1.110447598267828712e-01
1.116523816207452974e-01
1.135581998843525897e-01
1.167088428905655312e-01
1.206402056448246524e-01
1.226123476629329689e-01
1.256185768695749494e-01
1.265190890379570277e-01
1.288884068330141686e-01
1.327349852963617405e-01
1.390473667747294528e-01
1.429521541722021394e-01
1.436497642710389266e-01
1.485206401758399630e-01
1.536798724554410966e-01
1.565386409191817374e-01
1.645462178443543866e-01
1.732579403114822836e-01
