-1.724584939447704468e-01
-1.651672320282211448e-01
-1.601457017607449684e-01
-1.557601950776295596e-01
-1.532370170609525795e-01
-1.493222690795844299e-01
-1.418849998045322858e-01
-1.395855156437857125e-01
-1.312381325167986668e-01
-1.288550207492881738e-01
-1.274846248713948915e-01
-1.255299229274796646e-01
-1.228109516233694271e-01
-1.217860228890679519e-01
-1.169344107299124108e-01
-1.140555212685121916e-01
-1.085720808164339635e-01
-1.067495189916815579e-01
-1.059812124596067884e-01
-1.009982887517500011e-01
-9.812274585123809123e-02
-9.552418271671465899e-02
-9.267253826271196204e-02
-9.091905320434516546e-02
-8.958434965602182776e-02
-8.708271531711613000e-02
-8.364632487374785985e-02
-8.118983775337368369e-02
-7.945566544436798162e-02
-7.676019789653466818e-02
-7.267025291607413784e-02
-7.138059736625840257e-02
-6.978557395594814361e-02
-6.793793986452661970e-02
-6.536397906046939599e-02
-6.356693918795729148e-02
-6.189279165856364368e-02
-5.605809699585260347e-02
-5.510151631824889568e-02
-5.196307346879485561e-02
-5.113239798301200123e-02
-4.798371024765810122e-02
-4.581588591860064757e-02
-4.443755755534101182e-02
-4.389231940819746103e-02
-4.222644027139107331e-02
-4.024346271033190509e-02
-3.607814213881860993e-02
-3.264639120599906880e-02
-3.161285004181310643e-02
-3.048287211650228812e-02
-2.932628135972100911e-02
-2.592044198990236734e-02
-2.376783824805308448e-02
-1.833159753520190519e-02
-1.665155314496028285e-02
-1.476413446518524443e-02
-1.232309926976108208e-02
-1.060493966586783555e-02
-8.036149065264288141e-03
-6.735947962523657073e-03
-5.554976324194008108e-03
-1.909035530427360136e-03
1.622590292056900780e-04
1.419136055373802427e-03
2.545287624126714096e-03
3.319763169431795731e-03
7.903702979489420424e-03
8.900280808651061040e-03
1.151631419186063994e-02
1.299438915440381641e-02
1.556404567376496947e-02
1.837115561566150454e-02
1.948560288675942401e-02
2.156646559126064455e-02
2.253375384331986545e-02
2.422532748162613270e-02
2.847577296519080564e-02
3.007277713433418112e-02
3.244784095202664365e-02
3.412586081025981849e-02
3.491080910573660101e-02
3.809693909883956481e-02
4.049595555012543147e-02
4.541824181143858802e-02
4.599694612139804129e-02
4.673070379566763438e-02
4.857840463579432555e-02
5.007047184721562932e-02
5.420393537249065807e-02
5.662395191378061243e-02
6.085398757658062180e-02
6.235195405652015771e-02
6.551250248141028687e-02
6.700693474728039445e-02
7.058820873476391589e-02
7.563014164190504096e-02
7.727462691511739756e-02
7.840031812178938075e-02
7.980809771545099851e-02
8.420447893746375867e-02
8.503567873043461900e-02
8.741242967858663115e-02
9.023567764778833711e-02
9.266853025112420372e-02
9.670061894564169203e-02
9.750802259884859546e-02
1.019344450788610829e-01
1.045869665435140428e-01
1.058658605921798668e-01
1.097265216244788510e-01
1.124629730892517804e-01
1.163899008741869079e-01
1.187048833658434083e-01
1.194013822078601600e-01
1.226638856153981216e-01
1.249282758034307717e-01
1.286801465185152815e-01
1.319681360459810382e-01
1.331734917851012667e-01
1.360411670913344306e-01
1.415149371621483854e-01
1.448335230262237094e-01
1.489141421990306802e-01
1.513635754040503767e-01
1.584775827328689379e-01
1.663381856552076932e-01
1.737952425077026464e-01
