-1.658656916034844664e-01
-1.634371893868644676e-01
-1.561916583456443575e-01
-1.533289544943668148e-01
-1.497106068572016668e-01
-1.439824551691750443e-01
-1.398666824721226387e-01
-1.329652950876823447e-01
-1.318090128184133958e-01
-1.313417703119273416e-01
-1.270304908562651380e-01
-1.255744861912323762e-01
-1.232449594559784783e-01
-1.191610704930143039e-01
-1.143982004071564251e-01
-1.128076543002580340e-01
-1.102074859015894082e-01
-1.088420543754970993e-01
-1.038945630170746426e-01
-1.014443327615401347e-01
-1.010654461428275308e-01
-9.842976636121984757e-02
-9.428757721198775810e-02
-9.258099229909162731e-02
-9.204169588365894439e-02
-8.589340242576544437e-02
-8.330015098166450305e-02
-8.169255058821381366e-02
-7.750595189337759761e-02
-7.689888875490898112e-02
-7.535588417080907320e-02
-7.370806839705722202e-02
-7.208857303991952903e-02
-6.907965009615021912e-02
-6.700742431400168175e-02
-6.511917144213785758e-02
-6.124175138350249070e-02
-5.838602953434841175e-02
-5.808405725241775480e-02
-5.581021117904508277e-02
-5.215864439439165529e-02
-4.989503157473686862e-02
-4.716080562433253714e-02
-4.652552419463926170e-02
-4.396397911921252205e-02
-4.259111956600034748e-02
-3.989896277821738946e-02
-3.664434049307765950e-02
-3.559582531373626374e-02
-3.348956911711725715e-02
-2.956904020019262766e-02
-2.824363505551842624e-02
-2.573577876779120643e-02
-2.424864085135369773e-02
-2.124256144928717005e-02
-1.910307407163306867e-02
-1.781711476187279944e-02
-1.435164309400599816e-02
-1.312839597825499541e-02
-1.044644870550418859e-02
-5.447211194336487421e-03
-4.082671965718792650e-03
-2.031040840509124555e-03
-8.680501311489148466e-04
7.423194915900762280e-04
4.563841254536964327e-03
6.391045490623396656e-03
7.939266243022134045e-03
8.663541057937556092e-03
1.051865222921054624e-02
1.268717216234132791e-02
1.610429974359849428e-02
1.963971319801990564e-02
2.095776020358576519e-02
2.307838320781554695e-02
2.490317225481004926e-02
2.506495468022814505e-02
2.753041476301449145e-02
3.243097244342738050e-02
3.281354992750185051e-02
3.505285844117716348e-02
3.797399233165225235e-02
3.922606718163910294e-02
4.175014747747194527e-02
4.323361453296390572e-02
4.679191052697331821e-02
4.714333105613323360e-02
5.080258592639350784e-02
5.340727703263994930e-02
5.658583609539291626e-02
5.819005507681848655e-02
6.172382173985430098e-02
6.292115882109267089e-02
6.391502483470201668e-02
6.577719321797968755e-02
6.775444783497097667e-02
6.985768425117767910e-02
7.317403075010631142e-02
7.765707094067569871e-02
7.930970269110423909e-02
8.069622065655210341e-02
8.570381604818309851e-02
8.691100835561567373e-02
9.009571732343492345e-02
9.133813013977004625e-02
9.455407328891046737e-02
9.574234787258828483e-02
9.826097859754988340e-02
1.011840711692881117e-01
1.040551300701041959e-01
1.084105239643503721e-01
1.113134669600737842e-01
1.158116503444831386e-01
1.183406344525678722e-01
1.197405403806947322e-01
1.212618614220053737e-01
1.234643185072196447e-01
1.280311590741161631e-01
1.321190407293853231e-01
1.343185041035760141e-01
1.416421355568705520e-01
1.444450782497885555e-01
1.477321120316120173e-01
1.490585969323172943e-01
1.548957846136890804e-01
1.636804442162957396e-01
1.716166895388542002e-01
1.782200631891031062e-01
