-1.733650034077822422e-01
-1.632338832440814180e-01
-1.590287086642646064e-01
-1.543235757791677210e-01
-1.500748187313950266e-01
-1.463870611822048196e-01
-1.431098383335649427e-01
-1.362828659684899024e-01
-1.360651186667799217e-01
-1.298678253581597719e-01
-1.291168312732789702e-01
-1.255812990085037328e-01
-1.195526495059417577e-01
-1.187225247504287012e-01
-1.169850821660364110e-01
-1.132768723330713906e-01
-1.111253605503638719e-01
-1.092833985765379046e-01
-1.052758574198052466e-01
-1.034753054340965539e-01
-1.030250580907146746e-01
-9.664512390899472616e-02
-9.123619573221536383e-02
-8.940073890429103831e-02
-8.781127465609411820e-02
-8.711082826154985248e-02
-8.309968407628658127e-02
-8.085929524895506260e-02
-7.972181855063477374e-02
-7.799777848598232755e-02
-7.317446189275049473e-02
-7.203665869377785802e-02
-6.901108532804178797e-02
-6.795504516693758046e-02
-6.709791767659316342e-02
-6.476721455039458064e-02
-6.236816269935149815e-02
-6.141129271158050906e-02
-5.614904400319505745e-02
-5.509017843476920334e-02
-5.247672657069309826e-02
-4.802356184917559029e-02
-4.650835776428684232e-02
-4.376451154538368860e-02
-4.014520115460636085e-02
-3.973159987996285891e-02
-3.872522722685461244e-02
-3.664527994164237107e-02
-3.435858303217576015e-02
-3.124058013310091614e-02
-2.894482972873483814e-02
-2.765990884101562908e-02
-2.529019783561527179e-02
-2.323890787696332796e-02
-2.222943829100038765e-02
-1.861813602872802384e-02
-1.592841985169536276e-02
-1.430836004306199061e-02
-1.206293806450344820e-02
-1.008917365706785488e-02
-8.794194353304998074e-03
-7.703741016615552745e-03
-5.253577963523259169e-03
-3.914626726545691708e-03
-1.519153467930236309e-03
2.985225530360922051e-03
6.525942399228680350e-03
8.048993290171405079e-03
1.045134002611484633e-02
1.273296073956947660e-02
1.638546132442377651e-02
1.711887041242035959e-02
1.969484272231079858e-02
2.177598183842462121e-02
2.403303184845425461e-02
2.499341425970740341e-02
2.791809825711550480e-02
2.858392409518712915e-02
3.042773590161294839e-02
3.314388143782024537e-02
3.409615776836837087e-02
3.595316644564251068e-02
3.756885907141597342e-02
4.171800166132228621e-02
4.384237065401597189e-02
4.604195183293473270e-02
4.810999747021432044e-02
5.191725236198347498e-02
5.537003780849328316e-02
5.619312398639691314e-02
5.913543202824714240e-02
6.153347553030298622e-02
6.257883716170375976e-02
6.457438850286251197e-02
6.715677816255388732e-02
7.126095547039630607e-02
7.344996973197613632e-02
7.619344271544510605e-02
7.908808140211705251e-02
8.026788882358197597e-02
8.466254206902604218e-02
8.796845386749041484e-02
9.060369185111305512e-02
9.150918783967240677e-02
9.352473184035089981e-02
9.589523422501909644e-02
9.733082810761253811e-02
9.896408754069466185e-02
1.017667361587889369e-01
1.046041050758124563e-01
1.070555996647213071e-01
1.100160369034122038e-01
1.132104965682406705e-01
1.152244618352935984e-01
1.173185404752196265e-01
1.238121550983359853e-01
1.257166664613410534e-01
1.288513266421112413e-01
1.306525530922731104e-01
1.345297127642690327e-01
1.403695424989832019e-01
1.419626314394225597e-01
1.457149063322831228e-01
1.480570606864186067e-01
1.522259981560048214e-01
1.581508348795555019e-01
1.638811130424326079e-01
1.728288624824574349e-01
