-1.654482646880474084e-01
-1.603262286626195854e-01
-1.563986662229700231e-01
-1.559910895329738034e-01
-1.456198167037500713e-01
-1.447742974560562723e-01
-1.413401410951505843e-01
-1.356601452298047406e-01
-1.308451655595484486e-01
-1.303129077555644222e-01
-1.278543338310568211e-01
-1.251757058586422944e-01
-1.221211879431356034e-01
-1.205005888998305352e-01
-1.172674673095187442e-01
-1.133226796067440950e-01
-1.102792425084692940e-01
-1.072374777068793861e-01
-1.049781869972251230e-01
-1.015677887858560530e-01
-9.943077904416017243e-02
-9.684234698235849592e-02
-9.148188225704406706e-02
-9.120968197977932790e-02
-8.893565826021596066e-02
-8.455750605769613015e-02
-8.319032223509005564e-02
-8.224444816843787254e-02
-7.723131055038914838e-02
-7.386223739810673927e-02
-7.319751364319841691e-02
-7.269182921861361280e-02
-7.051507751311177075e-02
-6.977368610980995423e-02
-6.643374964526602144e-02
-6.264835625698919608e-02
-6.163995113727378794e-02
-5.999181672328229159e-02
-5.891808553797190512e-02
-5.319375602672688635e-02
-5.230932877332820224e-02
-5.088918470953147921e-02
-4.805581979371245649e-02
-4.463619415695355835e-02
-4.295708698453419572e-02
-4.107826065431745971e-02
-3.785331460820740707e-02
-3.688976610718797816e-02
-3.472759188398610863e-02
-3.245883031137806324e-02
-3.165411002754969089e-02
-2.799835943197459889e-02
-2.553681367180868009e-02
-2.420044197487054155e-02
-2.087252969040426925e-02
-1.903223041420622555e-02
-1.649794255343630875e-02
-1.570513403751639878e-02
-1.211197345799387357e-02
-1.205774495617490880e-02
-9.490121376188254826e-03
-7.484165937258245929e-03
-5.759710004155186094e-03
-3.748167426599253917e-03
-2.731764977450266366e-03
1.699547432827832640e-03
5.487417890557714888e-03
7.395050989752406136e-03
8.190206279650868657e-03
1.080797888579175178e-02
1.251548046429773464e-02
1.384951390715521112e-02
1.496743396679724343e-02
2.041541724297470453e-02
2.130181999561566938e-02
2.249942887612462958e-02
2.658628615764259406e-02
2.770789688965146283e-02
3.019631728713582583e-02
3.035325220453036904e-02
3.332327544294624855e-02
3.676596941673019453e-02
3.850568911325222277e-02
4.014431999553203650e-02
4.181628343751278565e-02
4.501380724623792184e-02
4.574471436430035259e-02
4.962016355628968978e-02
5.064696442870184057e-02
5.491969309268995153e-02
5.743264459352030726e-02
5.947672447285964892e-02
6.154319428171574347e-02
6.328425604955939532e-02
7.006379567552253884e-02
7.270165152321196589e-02
7.310905286237405487e-02
7.611172498054230573e-02
7.988478682020661026e-02
8.083063040898705309e-02
8.201371038242190326e-02
8.452773705696001172e-02
8.541612643753619671e-02
8.814264212388084330e-02
9.102417821538309750e-02
9.433657502596416722e-02
9.797321601159979243e-02
1.004733677577482331e-01
1.016964537505540001e-01
1.054402240935927160e-01
1.098343067352198776e-01
1.127958932294926553e-01
1.142582443535221093e-01
1.144546311239688502e-01
1.205389808187805889e-01
1.226532543141014980e-01
1.258569064539551974e-01
1.314725418313022198e-01
1.335631961193315675e-01
1.374167336238185655e-01
1.413657506778686623e-01
1.439934963289413727e-01
1.462484505204533769e-01
1.553645229960297358e-01
1.581371652221665591e-01
1.653746763606867565e-01
1.696782483663911989e-01
1.727843448552173755e-01
