-1.739984306964828253e-01
-1.650461844205648454e-01
-1.580919737058294749e-01
-1.559939929801459069e-01
-1.502186771966372292e-01
-1.480170254176449152e-01
-1.426578557734667629e-01
-1.400908872681111417e-01
-1.357372950002158074e-01
-1.340928008641386893e-01
-1.280194460784313260e-01
-1.243078194950915927e-01
-1.242301820377250121e-01
-1.195390899944962643e-01
-1.172647266666272253e-01
-1.143874108862634464e-01
-1.087748594058961793e-01
-1.049929950168654730e-01
-1.007717405198327587e-01
-9.901364794994246821e-02
-9.724158922573367114e-02
-9.467451425867531856e-02
-9.296060394943748972e-02
-9.124281269212385082e-02
-8.878060087513099663e-02
-8.629938720650620620e-02
-8.582240483900267780e-02
-7.993961082782985450e-02
-7.810976754131297717e-02
-7.640448308740874217e-02
-7.559535664164099278e-02
-7.306380728132048918e-02
-7.070472003080734147e-02
-6.845219113098559294e-02
-6.623469912677672211e-02
-6.486921746092427776e-02
-6.025202888416075764e-02
-5.967344923409362289e-02
-5.744482601582670545e-02
-5.365644351066543860e-02
-5.282975044101433787e-02
-4.707298515634920216e-02
-4.571658304289841213e-02
-4.331441792989156048e-02
-4.211680761941556661e-02
-4.069391277382920780e-02
-3.821547517825498591e-02
-3.755026832856028784e-02
-3.331626885649575237e-02
-3.084938508082942996e-02
-2.845385946059254823e-02
-2.616818312011912756e-02
-2.544698631634774097e-02
-2.219781417302464643e-02
-1.989291497259734753e-02
-1.754805454043082205e-02
-1.625529440010848800e-02
-1.350458725932648062e-02
-1.189143009743725415e-02
-1.093814173810035706e-02
-8.273237090821812870e-03
-7.301752066007755580e-03
-4.519623341774160578e-03
-3.035443165896712248e-03
1.267379231364595136e-03
2.897959371867391346e-03
4.930004156625673352e-03
7.759320296229885346e-03
9.274943920193975608e-03
1.009157895630224261e-02
1.229560497756507220e-02
1.446568359556937335e-02
1.836909051483088390e-02
2.073134599456127880e-02
2.184795870908298743e-02
2.465575068685360582e-02
2.519696568904941300e-02
2.885429943000989914e-02
3.177157321953957836e-02
3.391969309111804443e-02
3.644295166440941758e-02
3.848053677835406444e-02
3.951203565550439473e-02
4.195907348163658429e-02
4.494068867508310000e-02
4.538571520252555197e-02
5.031811245734209292e-02
5.184201060461871013e-02
5.211282754656610533e-02
5.658677092463071379e-02
5.929767540916548035e-02
6.084788443575996769e-02
6.404540741315815910e-02
6.524174269358297418e-02
6.623807065867183541e-02
6.836188292064614147e-02
7.026734991492498972e-02
7.304475067354711249e-02
7.723525373537566685e-02
8.076673101437280289e-02
8.351904275492517959e-02
8.480947216097411978e-02
8.681921261877829921e-02
9.171868341706394812e-02
9.413618054866854101e-02
9.446867316256410407e-02
9.901226727438695863e-02
1.004540195361428301e-01
1.039271574018094252e-01
1.058806299751373636e-01
1.099709556680037587e-01
1.123696381665206245e-01
1.145972246488331237e-01
1.185161059738381595e-01
1.211851831696676152e-01
1.217478337289245871e-01
1.246343759388009037e-01
1.263023195761712458e-01
1.320072033667792355e-01
1.362907937279269899e-01
1.385452337683946988e-01
1.449889675766260766e-01
1.458963848373136252e-01
1.474248604289242481e-01
1.513776444866655468e-01
1.595939305139459363e-01
1.625669108582184219e-01
1.697552023582518665e-01
