-1.707447219585887799e-01
-1.644762735719784152e-01
-1.628631555188843338e-01
-1.597757382005065840e-01
-1.527255450356054256e-01
-1.481521832489917923e-01
-1.475271635111117252e-01
-1.379943935013586143e-01
-1.346002104394700416e-01
-1.331367627910786666e-01
-1.317534622153298807e-01
-1.287126204584531364e-01
-1.265090299238248450e-01
-1.181056515127103246e-01
-1.174661471967001908e-01
-1.147825389055412842e-01
-1.114692336284208302e-01
-1.078530797588003048e-01
-1.058163326158394202e-01
-9.987932434206180099e-02
-9.867049297059161950e-02
-9.542503286281497910e-02
-9.506037100929751182e-02
-9.191067246280873460e-02
-8.782934624408321456e-02
-8.530175640684889427e-02
-8.120126138683819716e-02
-7.889158193500965532e-02
-7.830958436966745095e-02
-7.578582302552139272e-02
-7.303607193791469832e-02
-7.145682063349470536e-02
-6.864850584250740961e-02
-6.849931036684049623e-02
-6.653123154942844342e-02
-6.204379830986739286e-02
-5.835647349972343523e-02
-5.479930595722342507e-02
-5.389279440693622858e-02
-5.236196027854144591e-02
-4.943904365460739803e-02
-4.769394375312242113e-02
-4.513892325631237851e-02
-4.436674328457934635e-02
-4.223581236706577119e-02
-4.011621021058044828e-02
-3.772061416607713075e-02
-3.347510102706562074e-02
-3.241817354889747760e-02
-2.981617218448617823e-02
-2.878301976820590163e-02
-2.654961361983058585e-02
-2.419055206212229747e-02
-2.198450089899555218e-02
-2.150509110237777688e-02
-1.955980100308458633e-02
-1.807701654413930090e-02
-1.463290738883706553e-02
-9.829896790302383724e-03
-9.401731348066922483e-03
-6.028081353247071589e-03
-5.214925158043954255e-03
-1.680204363438675885e-03
-3.837869581568255839e-04
7.683252370886990831e-04
4.872214829481850973e-03
6.008488685656190008e-03
9.302415332056609282e-03
1.143296405970426269e-02
1.190082364716757608e-02
1.342361791102176204e-02
1.440639075675486866e-02
1.788611703150960394e-02
1.935732493021221495e-02
2.139470998501601454e-02
2.527928801232487074e-02
2.592898479701095590e-02
2.973249482409430142e-02
3.113159355690186397e-02
3.419294416469152026e-02
3.705473418289830650e-02
3.979496361256479320e-02
4.088749518858901533e-02
4.432313503554753675e-02
4.508953887952373701e-02
4.857522168521304085e-02
4.913697460273308559e-02
5.190777360284570124e-02
5.537912466772284409e-02
5.675284137201405676e-02
5.684135752320879087e-02
6.117707645951357687e-02
6.349279462760509807e-02
6.488889488366053615e-02
6.563300062221184838e-02
7.021017695208678355e-02
7.198646714789606882e-02
7.414757507698145622e-02
7.785014795695008316e-02
7.888279752055275817e-02
8.121673149668467984e-02
8.234652264056313564e-02
8.636951980310898780e-02
8.729990360371209235e-02
8.980447012270630081e-02
9.227349293588427148e-02
9.575179024586949472e-02
9.710411118183627510e-02
1.003682144122867298e-01
1.062050469089708127e-01
1.077619162428344740e-01
1.097302883893712805e-01
1.107032914535714119e-01
1.156038326352226420e-01
1.164550665713899175e-01
1.234231161781784297e-01
1.267143327304413591e-01
1.290184094526262149e-01
1.309949914335845067e-01
1.315536677118377129e-01
1.397322357653853209e-01
1.410749360870856284e-01
1.427317623744574770e-01
1.535022599063786686e-01
1.564497789216422741e-01
1.586729609224178383e-01
1.664918479984240640e-01
1.722123421153741174e-01
