-1.741818940585961872e-01
-1.620905140491904484e-01
-1.563563685416538285e-01
-1.541653969026397786e-01
-1.462729584436741337e-01
-1.439477077841028185e-01
-1.404213248259773283e-01
-1.387235294163670918e-01
-1.361699550115962332e-01
-1.316691537210182006e-01
-1.295916990092643994e-01
-1.246019320847588652e-01
-1.232612665558082271e-01
-1.203294619466611093e-01
-1.180303214743375906e-01
-1.159434348711625568e-01
-1.137886086700850979e-01
-1.108144372388835258e-01
-1.075969479469564699e-01
-1.033198974574042889e-01
-1.020334223068626867e-01
-9.816244524547138028e-02
-9.459105933869425831e-02
-9.116675850278811721e-02
-8.744778418753031135e-02
-8.679521977557994039e-02
-8.362383807109372014e-02
-8.088697930600564912e-02
-7.824038987113474120e-02
-7.618271004606590180e-02
-7.395797213724041030e-02
-7.120396209332119364e-02
-7.033052824229822642e-02
-6.903834164963158770e-02
-6.511669070231519696e-02
-6.348025265483142610e-02
-6.012204376179838133e-02
-5.806853138670393238e-02
-5.645965839715733070e-02
-5.381169596618243928e-02
-4.894000355295439336e-02
-4.856196074290010378e-02
-4.744889013290497226e-02
-4.237057891663471160e-02
-4.172689337433405088e-02
-4.054637468586707455e-02
-3.845418101133600552e-02
-3.671700911413523089e-02
-3.275166538019774060e-02
-2.963897754234407281e-02
-2.823788459677881862e-02
-2.625660992736356461e-02
-2.474558796912123756e-02
-2.330665090054941796e-02
-1.803618197770784012e-02
-1.695363692629633934e-02
-1.483754359220347541e-02
-1.425754916690562951e-02
-1.095897172837042091e-02
-9.485018118406168125e-03
-7.009095642156206590e-03
-5.799372634660019538e-03
-3.387028686324001798e-03
-1.887821221123478282e-03
-5.332553249941225995e-04
9.407365848340809708e-04
3.307076486715314258e-03
6.930651171500381950e-03
9.732031199885525161e-03
1.242285980346360084e-02
1.424709172866800953e-02
1.796347479733670718e-02
1.863612847475627776e-02
2.052444356119477800e-02
2.285615437954407331e-02
2.358118431000240031e-02
2.508115443743903078e-02
2.877534941488402165e-02
2.996602699910377518e-02
3.216891064207003798e-02
3.644982359750495449e-02
3.834390348676246230e-02
4.015121469965637208e-02
4.300722417533819897e-02
4.470826601847185250e-02
4.623461946044216120e-02
4.748126217205189681e-02
4.960536896229224973e-02
5.110904258242798814e-02
5.303088324759091393e-02
5.681944330982195007e-02
5.914478969702713362e-02
6.218167259297092964e-02
6.415401233580052265e-02
6.517759050290275469e-02
7.009716007120049552e-02
7.109507074903682888e-02
7.527351348353837623e-02
7.800591203907251969e-02
7.991897555928860475e-02
8.398298384401489680e-02
8.610907714362656118e-02
8.860481364499375734e-02
8.898507011274531253e-02
9.339167319134300538e-02
9.458742065629517637e-02
9.822416228684394124e-02
9.935310590223433991e-02
1.011127051783806685e-01
1.021366314510316342e-01
1.066598510557903862e-01
1.096166026098675111e-01
1.126553020958881435e-01
1.162677046004646775e-01
1.228711875520042129e-01
1.275262487004270029e-01
1.276683745930637104e-01
1.323495827317249796e-01
1.329074304021564679e-01
1.352169141397149554e-01
1.377724395976538396e-01
1.461158773068561290e-01
1.472905680112385207e-01
1.502560375848422392e-01
1.558465002633981911e-01
1.574008259238230401e-01
1.624140537821740504e-01
1.683996694222195945e-01
