-1.714669870641814531e-01
-1.694279457006973577e-01
-1.620129674160140643e-01
-1.568267327128495536e-01
-1.484701140443309142e-01
-1.454886715201663960e-01
-1.429190882385747707e-01
-1.393506111362926847e-01
-1.370985728690827521e-01
-1.348719381994317734e-01
-1.312647009246464269e-01
-1.263127986213697096e-01
-1.215019542596042917e-01
-1.183240036870421841e-01
-1.166070011232710757e-01
-1.139396127072636461e-01
-1.124993912323928175e-01
-1.088972080071570619e-01
-1.049996131142086203e-01
-1.013092543785462790e-01
-1.002562205603114570e-01
-9.944222444756511958e-02
-9.257742049097582304e-02
-9.147892645432066649e-02
-9.011913871574132873e-02
-8.847214145813592223e-02
-8.474233693534036216e-02
-8.105153604928924671e-02
-7.939566073362105958e-02
-7.469452948487997901e-02
-7.440839284063185954e-02
-7.125668414339114687e-02
-6.877064256564469069e-02
-6.382115805363694494e-02
-6.238202371044825056e-02
-5.961099832606993332e-02
-5.866883442515147956e-02
-5.702733525809953324e-02
-5.373963838168047819e-02
-5.315222272144218274e-02
-5.170823912698115088e-02
-4.741574434478157407e-02
-4.637678932208961352e-02
-4.422014335279427638e-02
-4.209824548740098010e-02
-3.886675256410506568e-02
-3.858514315586998589e-02
-3.547263138239011016e-02
-3.252599240217594195e-02
-2.855490549343921505e-02
-2.807463447929367528e-02
-2.613884684266599978e-02
-2.338843000947162312e-02
-2.172690006024973267e-02
-2.112975282856600912e-02
-1.928173480472335916e-02
-1.786378969895143290e-02
-1.502221178313913746e-02
-1.340927741672948668e-02
-1.097072599306833825e-02
-9.345682595549357347e-03
-5.607992633254057710e-03
-4.669339417624869364e-03
-1.011131438701353422e-03
-1.884180347026305372e-04
1.764176147786198322e-03
5.295069224531036463e-03
5.689476986359325549e-03
8.503885583458705918e-03
1.093845847334712872e-02
1.230249385621079786e-02
1.618533719919779817e-02
1.889033455911178980e-02
1.997391682207584271e-02
2.157798978888316593e-02
2.487331527315738561e-02
2.710199358957839089e-02
2.869447975495086761e-02
3.237904301694912584e-02
3.436529447383328967e-02
3.490679543345182739e-02
3.794197491456479526e-02
4.135400908785985541e-02
4.359286375606807179e-02
4.516857711793624552e-02
4.938061463608720003e-02
5.078695423194491687e-02
5.280430291141696014e-02
5.393873121323916608e-02
5.770432506901127662e-02
5.917075974420640122e-02
6.034340060862885408e-02
6.099607293711695188e-02
6.703295736300328433e-02
6.746768910763398241e-02
7.174863308194909250e-02
7.345898337020130564e-02
7.526592937185996868e-02
7.978353446306789276e-02
8.145694100457533116e-02
8.382244976972053063e-02
8.417379464841336090e-02
8.592097164198955750e-02
9.024999484329990218e-02
9.103331535913107564e-02
9.415486668520144098e-02
9.831515682237608467e-02
1.005437197610149908e-01
1.034579586767804538e-01
1.091248865248133776e-01
1.100869096278798004e-01
1.116256402252849833e-01
1.125780332331641209e-01
1.161389682592840339e-01
1.179060223620244097e-01
1.204838837482211100e-01
1.252833636552612429e-01
1.262227589226008473e-01
1.293278186397652241e-01
1.345901611526786334e-01
1.366602785455504065e-01
1.404149377570056145e-01
1.466449909972971088e-01
1.490210773713774861e-01
1.537822913952857917e-01
1.596527099487919377e-01
1.603291510630135974e-01
1.679252615717383712e-01
