-1.681030931067031831e-01
-1.609257115268683536e-01
-1.571500938827305460e-01
-1.548294815374716416e-01
-1.463390730071593981e-01
-1.452593678564985391e-01
-1.390376984915651093e-01
-1.378976009429777050e-01
-1.365930963457819003e-01
-1.342925570151416448e-01
-1.312897942978295263e-01
-1.234535557655577764e-01
-1.214249066465585419e-01
-1.183530117947431820e-01
-1.142537770541250663e-01
-1.125939640980417322e-01
-1.115978982561664778e-01
-1.083466807174440216e-01
-1.051143635629468442e-01
-1.019531220202065103e-01
-9.909921970137895719e-02
-9.672519096915888070e-02
-9.338731927663963817e-02
-9.081463587223220779e-02
-8.927012136343592807e-02
-8.824720404867179846e-02
-8.582488914235311683e-02
-8.112201220898258847e-02
-7.978029268356968962e-02
-7.723622670296863280e-02
-7.478722974435136894e-02
-6.978018873941069233e-02
-6.912805993262005622e-02
-6.722903511758560047e-02
-6.485273092927472394e-02
-6.069911382248473902e-02
-5.910370697713913934e-02
-5.771380020335793032e-02
-5.626569692795178879e-02
-5.360545862324284788e-02
-5.210163916863766453e-02
-5.104001160843631840e-02
-4.972611608010635287e-02
-4.747162941273384840e-02
-4.592056310660061480e-02
-4.007100302054731472e-02
-3.865887554962977452e-02
-3.588585409561086820e-02
-3.371689232464144398e-02
-3.101777741497210861e-02
-2.969412724591759256e-02
-2.784611019263497425e-02
-2.701543049346517844e-02
-2.467451359904040270e-02
-2.199018944088569974e-02
-1.860463166500730958e-02
-1.721610855439929810e-02
-1.406902516674092031e-02
-1.235959395829078905e-02
-1.198761233133482582e-02
-9.040305482617623165e-03
-4.944392966159805516e-03
-3.244866820515306203e-03
-1.279290154709470046e-03
1.118859001654833431e-03
1.446631224183811144e-03
4.982658208758396039e-03
5.293486453478458802e-03
5.957729626584884822e-03
1.000454837240491966e-02
1.201381274922564725e-02
1.534833207152112508e-02
1.806165744750504870e-02
2.011014804099839001e-02
2.268451071505267133e-02
2.481224647523783480e-02
2.595722391032069185e-02
2.678720782116537566e-02
3.161864924393725101e-02
3.347903065686599205e-02
3.632171638680768005e-02
3.912514892488139218e-02
4.030366046379133677e-02
4.411200248548069469e-02
4.561716172222248650e-02
4.908670619363117438e-02
5.036138210494758849e-02
5.168884857755391693e-02
5.337454189283659389e-02
5.518754277319872642e-02
5.604929178435549830e-02
5.963973818893037598e-02
6.105475814503991128e-02
6.841082335595034813e-02
6.938350212566433972e-02
7.075267025654827235e-02
7.198348865560863508e-02
7.397837994086883806e-02
7.759376281009958132e-02
7.892737677647695960e-02
8.113253580096009554e-02
8.342876849770322623e-02
8.418035675090210224e-02
8.867574876434283770e-02
9.071240008447876979e-02
9.320617708186325345e-02
9.462138109428516741e-02
9.798663353773658102e-02
9.899377586915372729e-02
1.030061860213605657e-01
1.075393449927325995e-01
1.091535916442334248e-01
1.146779851207355982e-01
1.173378819004168572e-01
1.190661580868715291e-01
1.231764798948356138e-01
1.265811472240146451e-01
1.281697201033121514e-01
1.308685486797680209e-01
1.381337206831772246e-01
1.412987945213291241e-01
1.449076502957999946e-01
1.457325246432494836e-01
1.521388315925227552e-01
1.553847615562545803e-01
1.637849366377451266e-01
1.695749784782318303e-01
1.769572856251564186e-01
