-1.759035687653753288e-01
-1.620818915426519291e-01
-1.575764236009380148e-01
-1.570212427681538236e-01
-1.444401037076770977e-01
-1.423805944898386133e-01
-1.396012479307508491e-01
-1.349771205100237792e-01
-1.342342407621460731e-01
-1.273353469840254881e-01
-1.256796724287582434e-01
-1.237892907711063972e-01
-1.187346265805361151e-01
-1.168008556607759985e-01
-1.141231615884281819e-01
-1.129292961595242395e-01
-1.085797361973506459e-01
-1.067523546741499935e-01
-1.046287414172782093e-01
-1.006123366677224157e-01
-9.654404213460922313e-02
-9.618633730933930093e-02
-9.241023278289230147e-02
-8.959578462677286748e-02
-8.810610897420020904e-02
-8.702710331171359392e-02
-8.351897418224495107e-02
-8.199246950957320146e-02
-7.874322406762367110e-02
-7.829527103400003851e-02
-7.691494643763845118e-02
-7.531586404674942004e-02
-7.002627908494231390e-02
-6.729318735510209093e-02
-6.611881172510146454e-02
-6.548910304314428665e-02
-6.306507233768293696e-02
-6.199284742015091082e-02
-6.113202426447359589e-02
-5.652032315293532838e-02
-5.474562841166073779e-02
-5.310200935824808260e-02
-5.159623409072205263e-02
-4.885890098127198405e-02
-4.499554845926596880e-02
-4.355330165256668384e-02
-4.172996471953823588e-02
-3.838777458467435705e-02
-3.476255077132947569e-02
-3.359343713493686406e-02
-3.138190216341295996e-02
-2.925681379867101084e-02
-2.785955391160630998e-02
-2.493777373579195503e-02
-2.216137469728116094e-02
-1.819483066887560285e-02
-1.668001702741991540e-02
-1.579813420128538953e-02
-1.444130082607817354e-02
-9.385218622523528245e-03
-6.985003480177846315e-03
-6.876838127770069399e-03
-4.401396972931970360e-03
-2.194163145023235017e-03
2.538027197249301953e-03
2.987221680984007872e-03
5.264561008796917255e-03
7.429495309585374199e-03
1.031081474978939524e-02
1.166021835896271543e-02
1.322367238014166696e-02
1.534645144730458106e-02
1.613972452837750260e-02
1.876167670878566354e-02
2.135154178209130310e-02
2.301983159769282680e-02
2.484221892997623068e-02
2.755890105954002939e-02
2.916739800213169476e-02
3.397212235413914205e-02
3.811779826224408890e-02
3.925694260447613881e-02
4.086237084094478805e-02
4.312463259651810876e-02
4.658267650634479590e-02
4.941493990186785618e-02
5.037166082432712605e-02
5.320211259332196380e-02
5.386150658810903713e-02
5.490849301343257022e-02
5.681652178908407069e-02
5.912280690291540908e-02
6.432531276931058306e-02
6.620611776169911533e-02
6.892985179079681723e-02
7.069194976153940491e-02
7.233495965568535746e-02
7.581620563057343831e-02
7.736769075440864951e-02
7.988277180700387170e-02
8.242403996899980156e-02
8.559930171721244485e-02
8.886976303564245172e-02
9.145442899362356270e-02
9.269381968534436134e-02
9.596112171273432634e-02
1.003924526496416253e-01
1.006899759811564210e-01
1.042640386648889111e-01
1.079915679766680486e-01
1.103104726569551497e-01
1.127070554101845395e-01
1.136378832894111013e-01
1.177077499899858021e-01
1.217436627792588544e-01
1.230736268326390742e-01
1.248118909824030703e-01
1.285821236103121823e-01
1.330346603596942456e-01
1.383953077545723442e-01
1.422110090959791684e-01
1.456811101365179661e-01
1.462750357166328896e-01
1.481451407684278854e-01
1.526037624673573512e-01
1.533877427925892656e-01
1.627583053492456244e-01
1.701712817229353580e-01
