5.333099713052721468e-04
-3.609993566691646659e-04
-2.473262870306841836e-04
1.838682459248294732e-04
3.602093918404336418e-04
-2.568091294049091385e-04
1.963662225037653142e-04
-2.566188620137187893e-05
1.694947131364039471e-04
2.616073799666303887e-04
-6.913553204889062980e-04
-8.030669518626732751e-04
1.020682982580738314e-03
2.642593515771237290e-04
2.749748517344875590e-04
-6.211053388742226794e-04
4.253325596421737484e-04
-2.504419091620978298e-04
9.233257784681756777e-04
-5.942248708551686525e-04
5.888036103963668541e-04
1.681986856741019064e-04
-5.346835535327018694e-04
-3.265825747399513351e-04
8.711917241021833796e-04
1.722285040869046152e-04
1.047190051238609202e-03
-7.033025017377421157e-04
1.332718698162848540e-04
1.301911326940558716e-04
5.112568855281259504e-04
-5.895252952451442282e-04
1.907911884813386061e-05
7.866341668242807662e-04
9.605579419927962514e-05
-1.444671344144188698e-04
2.524225739032377345e-04
-1.195112675352150199e-03
4.357031724862180837e-04
-9.496574144592186996e-04
3.219591131290560617e-04
-1.553299304698645516e-05
3.456089395894728646e-04
-4.323517146232209177e-05
3.218179329104288791e-04
3.142494517622912106e-04
-2.307972778216627573e-03
-8.498846941870999167e-04
-8.902088911816806146e-04
1.622844544407480707e-03
-9.926369278450291895e-04
2.458264298892887806e-03
-2.514416894848148058e-03
-6.998109146791095091e-04
-7.466406015914313138e-04
5.159812745545024970e-04
-7.435363497969824402e-04
-9.967433192723869784e-04
-1.085533803507147390e-03
5.927198716541571795e-04
2.637363740355537067e-04
5.339479566836453917e-04
2.587361711028483315e-04
4.441874629964207379e-04
3.006676869977151310e-04
-9.438138904027397642e-04
-6.389447412998525708e-04
-6.636681003242354262e-04
1.054158720626398532e-03
-2.194272788279541184e-04
-1.103583191254454109e-03
-3.310419815526392611e-04
-7.423914334886701043e-04
6.312661139283922297e-04
-4.219708512261319266e-04
-1.296951378938066544e-04
1.641571962361047712e-03
-8.510275756755332531e-04
5.155490997037849620e-04
-8.949426739087828608e-04
-2.050939823010382022e-05
-1.469341496456900639e-03
-2.293926364343564710e-04
5.714026003462237312e-04
-1.495425762497392145e-03
6.359195920582548338e-04
6.459442474093069842e-04
-9.412531339602114898e-04
-8.772140690809319139e-04
-4.369087492265084558e-05
-8.714340675468394649e-04
-6.031152776783255251e-04
-1.274707015533650461e-03
-1.423009316263993546e-03
3.396799235106315318e-04
1.364663824026454177e-03
1.835350711766414820e-03
2.974528681783284063e-03
-3.872965259621550952e-04
2.652756349342947836e-03
2.505575824327450386e-03
-1.288077196528880728e-03
-1.382270083241867072e-04
-1.415829349167216367e-04
9.022625967890730500e-04
-3.074673656209842964e-04
4.022231306561292003e-04
-1.631246234381008783e-03
5.424321655604311685e-04
2.028196604183509118e-03
-9.844729257873776566e-04
2.972158385399563635e-04
8.473242714956066976e-04
7.538705815740312467e-04
1.087678036216843886e-03
1.043071065934430023e-03
1.700885492530035544e-04
1.089047434125423866e-03
1.010744817948524285e-03
-1.313711835157633763e-04
5.700406175805836344e-04
3.850353268242164961e-04
-1.640265747362603136e-03
-1.451670357364617889e-03
2.840891855683875980e-04
1.596939624891483955e-03
-4.942726308736236597e-04
-7.777150129882968565e-04
-2.545336537269573705e-04
-1.067977518166130009e-05
-1.099638021846207356e-03
-2.422938183853181292e-03
1.126543116933486363e-03
1.809951565413965395e-03
-1.653968035535639770e-03
-1.689894221778768255e-03
-1.482082321728325422e-03
2.709522915208343805e-03
3.016405811992171199e-03
1.464683148471799135e-03
-1.780655184775951395e-03
3.326760363378927754e-04
2.756307290805595040e-04
1.273591375136965678e-03
-3.868789345493457249e-05
4.196453936394209838e-04
4.358592299053994350e-04
-1.508214921125709254e-03
3.350010389882415902e-04
1.160094859798337964e-03
-4.286728138578306340e-04
-1.076182386159921711e-03
4.464902209557139196e-04
-1.796602573650333190e-03
3.108832217317129311e-04
1.964031816053922550e-03
-1.657495914050888947e-03
6.357346464396409613e-04
-7.698644785803812575e-04
-2.568144091410540014e-04
-3.277387121809841064e-04
-8.937767488345652815e-05
-7.386314548753847645e-04
2.885364032642419763e-04
-2.716512413494829117e-04
9.509494079899268688e-04
-1.499348678075526891e-03
2.527958333449652727e-03
-2.564186514379689866e-03
6.745797223035634440e-04
-8.913761683243244614e-04
-1.804055008363591658e-03
-2.023576873466927713e-03
2.069433277369006532e-03
1.068106495658856280e-03
3.542996793485328304e-03
1.641222043610648799e-04
-1.187079412515091892e-04
1.110994426285490111e-03
-2.405137077697204148e-04
-1.027834297126065327e-03
6.779222080635112632e-04
2.334470141011862183e-04
-6.948297655533640805e-04
3.969302491355017077e-04
1.448011602445210401e-05
-9.845246026628604475e-04
-6.670779279676862777e-04
-2.110058658903727258e-04
1.052176844574866359e-03
1.108081817445145988e-03
5.588019708443715209e-04
2.007253289932482395e-04
-3.110345808035471470e-04
-1.789773661066861350e-07
-1.032870436349687281e-04
-1.129755016708967842e-03
-5.986553413142394788e-04
-1.372819628791777276e-03
-6.144279626401783628e-04
-1.754091616509196065e-03
-2.273151049724507228e-03
1.285728830393109397e-03
7.415919783054193085e-04
-2.062580469580486530e-03
2.469256582974829403e-03
1.028471702916097276e-03
5.548971194438094947e-04
5.847316882324223421e-04
6.813730400666251309e-04
5.020521403723960090e-04
6.209513535170510393e-04
-6.897836994382174330e-04
-6.931039325165833011e-04
6.256760861518196508e-04
-5.923136264084943219e-04
6.047676717885592618e-05
-8.196991667717168925e-04
4.519126518575339942e-04
-4.809577541780200123e-04
-6.042681321063979056e-04
-2.874756572637775101e-04
1.530682074381045166e-03
2.515180572178587169e-03
5.285801939373250321e-04
-3.985695310987836431e-04
-1.427879723120925506e-03
-1.164673055050183129e-03
-4.033283610279195588e-03
2.680346040173057706e-03
1.745654031873864137e-03
-5.316024959233148347e-04
-1.994099091266379915e-03
6.066708234937971504e-04
5.557382612853895487e-04
-3.774741258836852419e-04
-5.278343592216263236e-04
8.287801815813528082e-04
-6.622918339052018006e-04
3.638031960756758776e-04
5.566066911460775066e-04
-1.042860406172815271e-03
-1.655293304832495139e-03
-2.352149244980260612e-05
-1.161179248731605005e-03
2.945861929179319130e-03
1.971092948343770997e-04
-4.028310497751831296e-03
5.819592750419177920e-04
1.567305858520841614e-03
2.996131030142277964e-03
5.219030552547664677e-04
-1.549121979795250884e-03
-1.378838793116006099e-03
-1.371795442894646611e-03
-1.071678572646385776e-03
9.967784033169952828e-04
-8.398567785629849599e-04
-6.421261624916440799e-04
-1.637367169584833622e-03
2.605220387242612756e-04
1.180732407755871695e-03
1.750487628434097465e-04
-6.905931737772314080e-04
-2.471319230271338922e-03
1.319904981949879480e-03
-1.294455051902335639e-04
-4.398604220805826500e-04
-1.034759442983983375e-03
-4.567434232252660996e-04
-6.594085643834708926e-05
9.889644209808356404e-04
-2.538735273687323536e-03
6.954743865841661599e-03
-3.374563530815349703e-03
6.117952306299458522e-04
2.942980795861139566e-03
7.868424693073279704e-04
-7.380545093223597102e-04
-8.747092186982272696e-04
-3.346781457269600284e-03
-2.108512791623784206e-03
-2.834701641054270232e-03
-4.009028324966916641e-03
-1.100631395339419567e-04
1.317052214242495035e-03
