3.300544446403057568e-05
7.923876819886029347e-05
-1.704756711652352695e-04
4.452265628470875231e-05
4.578877239247625450e-05
-4.641591755672466800e-04
-1.663993861021173634e-04
-1.799846780540744525e-04
3.176424642433988018e-04
-6.204677996195253047e-04
5.397937709126456507e-05
6.379710429740131092e-04
-4.114462015907808970e-04
6.240684404289095722e-04
7.325721822416347796e-04
1.752663478679183213e-04
4.502239198924293489e-04
-1.128106666590810358e-03
-8.485986564050841457e-04
1.141629309387264847e-03
5.757052952221077376e-05
6.599916755850540357e-05
-4.575536546111079700e-04
-2.178370047898930593e-04
-5.410805408008089639e-04
-8.269412789733429983e-04
7.783668159270178523e-04
4.765814471642337109e-04
-5.636238331721569930e-04
-5.341919057498992858e-04
7.895424226024443080e-06
-2.316219422957161160e-04
-1.291654397693141592e-03
-3.491997287704568659e-04
-1.889218373267021313e-04
-1.081092320754125594e-03
-3.127211835287136733e-04
-9.089923198893139992e-04
1.084008431120909825e-03
1.443569600661350752e-03
2.101671456319040873e-04
-4.095611656779678364e-04
-4.590772397174352560e-04
-5.015110959150103666e-06
3.505364665384593198e-04
1.558908246867144799e-04
8.322061391040125366e-04
-6.096245020887464637e-04
-8.186533373319727089e-04
6.339092852905297713e-05
1.940822379878699331e-04
-8.454250343379069929e-04
-1.427434505243642491e-03
-1.872175517132368839e-03
1.209829483808801337e-03
-1.378456537814055135e-03
9.035025623683830189e-04
-1.414467965003394882e-03
-2.079251602771292357e-03
1.845857927191792971e-03
1.084161524344594806e-03
-4.141467738811821747e-04
1.246310210530939130e-04
2.352961019175642504e-04
3.343947904928746466e-05
-2.198133225798488030e-05
-6.983654344486431298e-04
-2.227326143295432716e-04
2.110774368183021500e-04
3.882787623069300213e-04
-8.285480639561415941e-05
-4.791178184598659487e-04
4.814885124267016792e-04
-6.092641983937000004e-04
2.650479674448943490e-04
5.181987378049746551e-04
9.326301298754669823e-04
-7.087459033258382756e-04
2.410125657983304176e-04
3.079002853690268062e-04
9.705486312456769102e-05
1.215429511228418181e-03
-8.341003218208797865e-04
-7.941049420848575111e-04
5.998086982844335995e-04
-3.774558760184198478e-06
1.526444608467565460e-04
-1.138255997342745409e-03
3.977156320797641084e-04
7.833927224319788734e-04
-9.027196497182492143e-04
1.664529605169439070e-04
-6.575768324897442348e-04
-3.271673750890387203e-04
-3.626231199919243971e-04
-5.995667537173232127e-05
-7.962952028238553994e-04
-5.657705503606719113e-04
3.853272769318772566e-04
3.909372883065644956e-04
-8.855600071434389150e-04
-6.406531025761691639e-04
1.845386920678860699e-03
4.960114901521496403e-04
2.513854736750575848e-04
8.396322771329892869e-04
4.449268173402216018e-04
-1.686036498323401555e-03
-4.033172036228193855e-04
-2.385000742846370755e-03
5.106276040838201316e-05
9.905372790341821464e-04
-2.002336115869212622e-03
-3.539549384089543498e-04
-6.716980473937311704e-04
6.672021083840975813e-04
-1.657748945670476292e-03
-2.672753437855616282e-04
-1.238982022021221886e-03
2.137903763132531151e-03
-1.453721513876181457e-03
-1.341054747447090927e-03
-2.088771981239039466e-04
-1.425657376534949800e-03
-9.877269551731009557e-04
-4.958604936075643134e-04
1.117543631100687039e-03
-1.123019158823897667e-03
-3.448339162592766859e-04
5.559470460873185268e-04
-1.665027756380862154e-04
-8.200592439738001909e-04
4.536122043657532629e-04
7.466387376818123256e-04
-1.582645226847668616e-04
1.634906698912784624e-03
-1.647412296655126037e-03
1.002840062680123963e-03
-7.600214012983540776e-04
-3.881930837157109709e-03
1.263148417948730274e-03
2.923843839533509306e-03
2.558637872870324955e-03
2.285429500162142451e-03
-5.441476197397130321e-04
2.461104503715064434e-03
9.555697000816988553e-04
-3.333619320893981865e-04
6.059649352541368996e-04
-3.524098177108952860e-04
-1.116514135013893169e-03
-1.852418783027739210e-03
1.239687141589655966e-04
1.607010590070016148e-03
-4.966638951514385945e-04
-4.825018568480802074e-04
2.449113629964184274e-03
-3.889193791125451164e-05
-8.858277432468007490e-04
-1.301177835570709778e-03
-1.160090399237507326e-03
1.553540911889400155e-04
1.327128082807706774e-03
-1.222194811074229603e-04
1.649278322828467633e-03
5.484352221787934870e-04
-7.389681949910047913e-04
5.551387865183699064e-04
-3.647535858200480659e-04
-6.291296170039509424e-04
-1.475401917039026413e-03
-2.768691780708594334e-03
-3.262391175675258964e-03
-1.657342027803211356e-04
-1.695049453380771199e-03
-1.678438419972796752e-03
-3.156907292072730613e-03
3.125008952739666973e-03
-1.804551653160560085e-03
-1.609713239115980734e-03
-7.830141305857364056e-04
1.155206751110185968e-03
-1.059386289753425515e-03
7.204552021429616029e-04
9.758548221250167845e-04
1.601861957298407859e-03
-1.168405305825607641e-03
4.147973275237392017e-04
-7.751621859360021934e-04
1.073655470023910600e-03
-1.671971736881903113e-03
1.295220969958256214e-03
-5.004530007352429085e-04
7.043746069946042266e-04
1.072782110121055872e-04
7.566828206675095926e-04
5.502184945552255442e-04
8.894982403030455426e-04
-4.916797935932406757e-04
8.400303853109626802e-04
8.521587595924306167e-04
7.365935354080305328e-04
-5.144693020813752510e-04
-1.706265242544722800e-03
-6.864706075345270320e-04
-8.313749816621058370e-04
2.152780344197538932e-04
-7.040172291128171840e-04
1.440938304962330026e-03
3.278747250610292759e-03
-1.119127576112567083e-03
-1.238036760996717332e-03
2.464919781565877432e-03
6.280489725496060356e-04
5.374622293079303354e-04
1.931261385770305329e-03
1.200149615833612388e-05
-6.240322186656246202e-04
-1.131413315860385974e-03
-6.614247065683295627e-05
5.849077950154611943e-04
-1.011569334097058969e-03
4.764382711767198541e-05
-3.814912040138651247e-04
1.015198216635211865e-04
-8.950136955728607612e-04
2.366185253711908503e-03
-2.866005331557799473e-03
1.216831983409332948e-03
-1.045581853333291686e-03
2.519431963307086804e-03
-4.711127148079847604e-04
2.287781167386592884e-03
7.492478898232557459e-04
4.229742254823189336e-03
3.147822720817979730e-03
9.060044562568497599e-04
4.554100881241944705e-04
8.550699108709920986e-04
-2.713950885394714607e-06
-6.339230411160351323e-05
7.513975647081971442e-06
6.194133168397541675e-04
7.961140871136951650e-04
9.141070182864380594e-04
2.710173884300685296e-05
1.566986909636828131e-03
1.304441696803396600e-03
4.998399592435758161e-04
4.501774950650533173e-03
1.036712645619374332e-03
-2.974674511686037793e-03
-5.214046041027480200e-04
5.391239595610845294e-04
-2.224658700387323676e-03
3.940715338474953811e-03
-6.138017527551516963e-05
9.456412409356487595e-05
4.744091279517586354e-04
-5.778426118822260543e-04
1.005534113943946928e-03
1.115910085463030248e-04
1.103512975900110792e-03
-1.714516644841715528e-03
-6.210508436102567904e-04
-2.613381099339815144e-03
8.625869285379975061e-04
-1.401659392117345082e-03
2.168133854151842177e-03
1.356527551407495135e-03
-8.395259266049817995e-04
-1.208208047193464309e-03
9.382584317934027649e-04
5.736535481583435094e-04
-5.014477970081582811e-04
8.067568739757475117e-04
-1.386454191024724756e-03
8.777412376680902026e-04
-1.905673556574000085e-03
-1.346033068979031206e-03
-9.856109979830315459e-04
-2.154538951264258341e-04
-6.778658042898452925e-03
7.981881214302601838e-04
-1.523248570013604726e-03
-3.715947592811284696e-03
