1.237875274583758714e-04
6.279152016023597464e-04
2.207919733511040834e-04
2.009731104334774822e-04
5.075836110953370209e-04
-1.845187496934260700e-04
1.888196518671722568e-04
-7.335730672877715239e-05
4.948827557577998573e-04
1.665985144539606935e-04
7.997093584118134489e-05
-4.556963243057455051e-03
2.551898508922998288e-03
2.927946788533668330e-03
-1.242802120771119550e-03
2.773482544754658340e-03
-9.756870865200663236e-04
-4.594425746287045470e-04
3.168365477470742875e-04
4.395550106168123359e-04
-8.349595436669224888e-04
-4.201206181284597224e-04
-8.057859302342147961e-05
1.449353442914307457e-03
-1.372347067930520040e-03
-1.741104515219114813e-03
-3.329144231512672775e-03
-1.224549483526968371e-03
2.850211436420472741e-03
1.614255418684019516e-03
-8.150377253297749845e-05
8.254816330713850075e-04
-6.376692888101833387e-04
6.128667876386838720e-04
-9.267769775200966923e-04
1.088270563489784470e-03
-3.540264638882162937e-05
9.667026447527350902e-04
-1.493227164411037918e-03
-8.300125635396027671e-04
1.417135677700942162e-03
-4.727033348284889812e-04
6.232364844062866695e-04
-7.523735178263280150e-04
-4.848354857228078158e-04
-4.714774962111501714e-04
-4.146567775917523358e-04
1.467340838545109355e-03
-1.379744349211203380e-03
8.536731523640470488e-04
-2.838005533119480851e-04
-1.604939628996044591e-03
2.415802862722753359e-04
1.164089538215486408e-04
-1.826739495258414758e-03
-2.448454830898576587e-04
-1.962397461792532438e-03
7.657976198570920056e-04
-5.827965583359696975e-04
-2.660605398592607619e-03
6.515261128364926817e-04
-1.048234478138729015e-03
9.186452844634717101e-04
1.588496158786368174e-03
-2.289445427889806248e-03
-1.090904358846225266e-03
-1.033793541252270732e-03
-3.777066424876233085e-03
-2.999735599653460469e-03
-5.819123101199817454e-04
-2.865736397617128697e-03
-1.437495939466165674e-03
1.265060626307539611e-03
-3.579591995686833786e-03
-3.219435031834597550e-03
-4.870909374805626295e-03
-2.763563388434888118e-03
-1.141479000939922984e-03
-7.823388793983858608e-04
-1.422026128338842003e-03
2.703059846996214654e-04
-5.818313561319474929e-04
9.604981532267458039e-04
-2.542302354644087291e-03
-8.037345326313307097e-04
-2.173906979661177023e-03
1.025216474263280792e-03
1.171503420258745293e-03
6.237744140508991522e-04
-1.739610705323279541e-04
-8.431499753950516887e-04
-2.512087993197729876e-03
1.610593987928910778e-03
9.498625979923360895e-04
1.261511467567406333e-03
-8.466395440471988351e-04
4.209981585634692768e-04
-2.047692463918518446e-03
-2.684663454281454795e-03
-1.841388212847498316e-03
1.234324990740189075e-03
2.074850185882172980e-03
-2.199133540807343603e-03
-7.233098793098839349e-05
5.238533135825298136e-03
-3.367287243287384220e-03
7.286700711857670805e-04
1.437758434142921834e-03
1.316260972891646454e-03
1.057669233718474058e-03
-1.133598752945271220e-03
-1.102803056516117597e-03
-1.636911755677736540e-03
-1.065897995206462924e-03
-4.072056332389297189e-04
9.132786229496126635e-05
-7.852557248728982532e-04
-5.948541117724618580e-04
9.438149566173578784e-04
-6.987450677608414993e-04
6.568055153169090419e-04
-8.898448120018942042e-04
1.242843453202897505e-03
5.383145509339825539e-05
-5.816784423270255624e-04
9.204551331106711762e-04
8.698382695326446865e-05
6.174770581091789919e-04
-9.633200120956039096e-05
1.597540934320530986e-04
-5.037158742718488838e-04
1.926201795448830121e-04
-3.230735443512461552e-04
1.469254079150799763e-04
5.335615329288275832e-04
-2.134049355058720060e-04
6.780476170822373949e-04
8.449894144035088872e-04
-6.799260302243959790e-04
2.004495464630936662e-04
1.097796573246919040e-04
-1.500026657487333953e-04
-5.381354692274920633e-04
1.085144824790791997e-03
-8.589609347602820662e-04
8.094280207355974326e-04
1.854040769043320720e-03
1.976722845734789694e-03
3.468474941817880556e-04
-3.084732529097061055e-03
2.938824301725385599e-03
3.329743917372379042e-04
-1.440414042261008165e-03
2.714217381362579967e-04
8.051104366178327035e-05
8.763373472244704579e-04
-7.918539018287934148e-04
-5.498100538246117287e-04
1.015776377332148301e-03
1.371553839611088627e-04
5.558693762010349102e-04
-1.376351059735925241e-04
-6.736311243003365729e-04
-4.306690322694746421e-04
-5.451562524008483326e-05
-1.397350142315566127e-03
-3.991577695481022983e-04
6.543920259285496231e-04
-9.848708130468040306e-04
7.058372965864351646e-04
-5.471278722948137545e-04
-1.016520888454004300e-03
9.890813707597260335e-04
1.192264922075208892e-03
-4.314168412596642026e-04
-1.263055107983152925e-03
7.645615759507737004e-04
-1.284305000657946262e-03
-1.110207968780133145e-03
2.623644790726926274e-03
-6.188194201021000786e-04
7.766452570638967146e-04
-2.480602241695105056e-03
9.185334028099179310e-04
-9.932842062773852409e-04
1.908936870961319308e-03
1.348032260852872815e-03
-1.267246184008081209e-03
-1.590281787862891276e-03
7.664590889535667769e-04
-1.874851238208284122e-03
-1.068822948525703761e-04
-3.837885399120014788e-04
-1.834792687505060280e-03
-1.106816445846617271e-03
-4.606962736282228582e-04
1.035113818000704114e-03
-1.430843526783688070e-03
4.183698785789554970e-04
-3.428084212039914460e-04
6.010192702351847610e-04
-9.886572523409532451e-04
-3.841685260234376973e-04
2.085925723241812985e-03
-1.712387421354899649e-03
6.839433871136263183e-04
-4.801166526297401759e-04
2.188447383379651424e-03
3.037400557993080123e-03
-2.163216157670000677e-03
-1.164425422199787466e-03
5.655236518227282384e-04
-3.696023782160828722e-04
5.720326032198700924e-04
8.593283107735475172e-05
-4.501356860623540617e-04
1.116318498547987223e-03
-7.302238125523359677e-04
-3.506904491037538246e-04
8.301229305682695820e-05
-1.297941730354508303e-05
-1.088926036418428212e-03
8.629652345173481837e-04
2.791862206950218887e-04
1.284181979131458111e-03
-8.065515216096148451e-04
5.674014159767552497e-04
4.676097088743039979e-04
-3.092955049738937675e-04
5.005887597216552133e-04
5.517342735240118303e-04
-5.976717102616435845e-04
6.166718826758079385e-04
3.728923985278313345e-04
-1.411136163901782455e-03
-9.860488422000469010e-04
-2.037209825728305342e-04
7.394819026059622517e-04
-8.269234497486542502e-04
9.348159914733312787e-05
-6.709670119778003315e-04
1.843133694722775564e-04
-8.265125125957680820e-04
1.446052670389354135e-04
-1.097175444110634049e-03
-4.599025842298238637e-05
-7.924201613032943493e-04
-4.453675800728147671e-04
-1.141265093946727815e-03
-6.207122804845747370e-04
-1.074949035342267914e-03
-2.743200803928697051e-04
-1.381599827093715630e-03
-1.251683325119002646e-03
-1.028823222840811883e-03
3.272444857779989620e-04
-4.581237741818036842e-04
2.114162350559664410e-04
-4.344510301171303928e-04
3.012075439313224596e-04
6.841750899126526012e-04
-1.248734669920357619e-04
-4.853259888762681898e-04
1.230823592011897867e-03
6.503993512414129805e-04
-4.405732614710802320e-04
6.729624032896284027e-04
7.471758219198336506e-06
-5.464799624789695677e-04
-1.198480723557227836e-03
-2.906164757980753068e-04
4.474100200567908913e-04
-4.866406370602929625e-04
-2.402141429131175255e-04
1.665226482984456639e-04
-5.163184518923783200e-04
7.219485280177442539e-04
9.528111899626235618e-04
1.468328572152407131e-03
-1.084400506781347260e-03
-5.229098662136593984e-04
-2.244512083316123742e-04
1.558039500686299057e-03
1.020108430274419296e-04
-1.112020986392786267e-03
-5.735363820329360263e-04
