6.937167124012605249e-04
-1.186441738192890787e-04
-4.584024346403395137e-04
-1.408656610209582671e-04
-1.239035250732128512e-04
5.885062193492887796e-05
-3.472347524912421449e-04
2.279699573697501933e-04
3.866428133503980753e-04
-4.796542600642405137e-05
2.887178984884603027e-04
-6.000329954911331207e-04
1.610645580269682523e-03
-1.920071396831103325e-03
-1.073877364663614834e-03
2.350926939387698415e-03
2.566260919068446894e-04
-1.742930924813249809e-03
6.933503905052195446e-04
1.447326052239172704e-03
2.823629881517394913e-03
1.959423501804218905e-03
1.934457454041830496e-03
-2.450139631061352095e-03
1.928193233301984206e-03
-7.813687001738491608e-06
-4.041946359004004730e-03
2.991419705489602870e-03
3.830675612730468325e-03
8.420671931525698390e-04
-2.010699044572640624e-03
1.328668585284584333e-03
-2.206812980132804615e-03
2.165207891506250055e-03
-1.985078519761136837e-03
2.163851931638396692e-03
-2.817248137681528132e-03
-5.298887208194101237e-03
-4.832729560123300949e-04
2.334658864088512420e-03
-4.200121856401562749e-03
8.196226457071452984e-04
3.610800403412519374e-04
1.255595494614498639e-03
-6.738623055088728726e-04
-1.442603214166735979e-03
3.197445231358627717e-03
-8.312949523147540728e-04
8.526003858461939870e-04
2.457184418393794281e-03
1.439140864193140436e-03
1.659897964897118390e-03
-1.823432960255112886e-03
1.580335130714344283e-03
1.667089634564274678e-03
2.105347444475236327e-04
9.883764674871193395e-04
-2.197116456428576834e-04
2.267602609122314726e-03
-1.354632300636060245e-04
-1.146901051578222679e-03
-6.505360404326785339e-04
-8.750949860428638765e-04
7.262398270825824861e-04
-3.692566082049307985e-04
2.712654878047474815e-05
9.267269546410120780e-04
-4.591792481933274785e-04
-7.368272398058644135e-04
3.567226408188957408e-04
-1.708212148425798747e-03
4.135024801957115761e-05
-6.723577700777261419e-04
2.139526328805543061e-04
1.445406535682445225e-03
-9.347962339554046363e-04
1.170991656854501126e-04
1.525624015124997285e-04
2.895902913245030925e-04
-7.598590553931564148e-04
-1.092067184198291119e-03
-1.019963204600883360e-03
-1.261146725142258838e-03
1.999517715894951961e-03
7.369908283973830419e-06
-1.470245647812956505e-03
-3.045538840290439747e-04
8.027991609759706812e-05
-2.958807835923722425e-04
-1.166740108699522243e-04
-3.034138767392480858e-04
-9.753445877411833637e-05
1.403713961007943371e-03
-1.402525600923497547e-03
7.326025854495691984e-04
-1.673460827866753327e-03
4.226082230534537352e-04
9.923512387186566447e-04
-3.694462526850056773e-04
-1.120429526349150723e-03
1.610036465548511653e-04
-6.662087906891749978e-04
3.304489831274963008e-04
3.769806754616787355e-04
-2.548897649576896450e-04
1.423259916312231564e-04
-8.803149387380262113e-04
-7.929457625230235422e-04
6.829767149071981798e-04
-5.134426432079092380e-05
-1.024075872522735536e-04
-1.523313744829838529e-03
-2.810711119452150670e-04
1.303670068534948595e-03
-1.932703964078229383e-03
-1.087266121688714154e-03
1.462875895224438616e-03
-1.283959075495579721e-03
-2.477272879882691861e-04
-1.491997993043100285e-04
-5.988546558411830204e-04
1.564730145107743817e-03
7.484053663992732818e-05
-1.163529905855108975e-03
1.908773501787285661e-03
2.357846182949470491e-03
-2.497802883659808442e-04
-2.094186390364259414e-04
1.622306766468382207e-04
5.655139558859051835e-05
5.843575248684104283e-04
7.656498032310236597e-05
4.167655835716076347e-04
-1.248511408179301882e-03
1.001979518196040395e-03
9.226326876619652924e-04
5.779589619705625047e-04
4.083328742885199646e-04
5.088701987989691740e-04
1.016558367579351811e-03
-7.831431581666322772e-04
7.237979355419710227e-04
-2.035930674346642306e-04
1.082161020317909839e-04
-7.137255125657369394e-04
1.064787214872177541e-03
-1.845264471263612658e-03
-6.461918918703932462e-04
9.517733096515336314e-04
2.399015750985853367e-04
3.420163439030858912e-03
2.233279340747885164e-04
7.084341480248324907e-04
-1.470839333239034935e-03
-1.241247021241830353e-03
7.177941820214854551e-04
1.292384478602022317e-03
1.560787031834811591e-03
-1.580445414510786573e-03
1.244386969013803763e-03
-7.549168192572287958e-04
-2.004584748164031931e-04
5.788192741009649638e-04
-9.180548429801883284e-04
-5.404180379135180030e-04
9.569775069291149190e-04
2.893977196595893479e-03
1.192186041118151012e-03
1.328068097610710704e-03
-2.265619072108943132e-04
-7.806450897635407345e-04
-1.682649847283218449e-03
1.123046537705419410e-03
-8.727189701985324494e-06
1.089619616780076019e-03
4.637282952214026653e-04
2.986993715430835521e-04
-1.142085021658781688e-03
8.995692982170968969e-05
-3.338766900913382263e-04
-6.180821310951674320e-04
-1.395830200105812159e-03
9.893740595442229637e-04
-1.643070808984634654e-03
2.377619765559628472e-04
-2.570615051573533691e-03
-2.745066125539766082e-03
4.429673975004919974e-03
4.153671134210902213e-03
2.247505779124098040e-03
4.761471838393897902e-04
-1.134325589995187735e-03
-4.966881572774613576e-04
4.721849775483119961e-04
-1.563876131990362068e-03
-1.538672276222777984e-03
2.500351748892095088e-03
-8.337542893204543401e-04
2.481181835887122378e-04
5.938673000329725178e-04
9.597182971850450484e-04
1.341995399946167020e-03
1.098844827793477291e-03
1.421170914774473972e-04
-9.323511402364876698e-04
6.310234419073353664e-06
1.379715047059729485e-04
-1.085904507081067623e-03
1.123811891580517482e-03
-1.452345233272120222e-04
9.472047316605493057e-04
1.027205870001490773e-03
1.731823735170100100e-03
2.011495490445530838e-03
4.085441022820310948e-04
-2.442804983471921331e-03
-1.958336349960282732e-04
-2.228416195476054008e-04
-1.365061276159224056e-03
-6.280945071694168632e-04
2.402005281473161753e-04
2.001753220548854999e-03
-6.502502459017444995e-04
9.219824321395684967e-04
-1.495784431684173653e-03
-3.726447118604251990e-04
5.654592561640587505e-04
-3.050226317112607289e-04
4.705889322968882099e-04
5.932960918614135423e-04
-4.269531938947141304e-04
3.531268352960843554e-04
-5.993045829577152428e-04
-9.412122445100127823e-06
4.850735810548833355e-04
-4.681840812272103033e-04
-5.453040774233724368e-05
-4.191949283322203524e-04
-5.487417261100758711e-04
4.891952714310784543e-04
1.644295817315817284e-03
-2.069675587828108225e-03
-9.012928755054487812e-04
1.406208666276198430e-03
2.987765161223776382e-03
5.159919654129704186e-04
-2.676851723542092183e-03
1.746505919901930864e-03
4.906115112776605311e-05
-1.166552294223005505e-03
7.951035138249978700e-04
-1.096109832355985410e-03
-1.306206649497463701e-03
-1.037235796095376536e-03
5.962526481637444881e-04
-8.850432899232995232e-04
-4.576987884738722740e-04
-3.639613765665698986e-05
-3.902070034528326442e-06
-4.811564228320038385e-04
-7.992325071685373993e-04
-1.680711375137304076e-04
-3.383474895483266453e-04
2.014687374405748369e-06
1.913917044079198088e-04
-3.509698103922104977e-04
-5.352966792088614551e-04
-3.946972922774801104e-04
-3.909328489235754556e-04
-1.915113200921831770e-04
-3.724481381734124318e-04
1.229525158199449826e-03
-8.828399478987997715e-04
-1.944651411241746859e-04
5.538873833397192116e-04
6.469623851755291165e-04
-7.688406316354895898e-04
2.889632731233798878e-05
6.694643941277990406e-05
1.348815206138753860e-04
9.001706505002067017e-04
8.943344846698279729e-05
-2.509990411566240752e-04
-1.339500065615943701e-04
1.784391411940682004e-04
-7.450004871734798367e-04
