-1.696266234714977758e-05
-3.712348972734286971e-04
-1.660175052157345020e-05
-3.002810280374270421e-04
-6.535383208947004091e-04
-2.266974943168321651e-04
-5.346480078267373945e-04
5.850895098273820342e-04
-1.140684322085941160e-04
3.164316418845218191e-04
1.690520962959468366e-05
8.757767876949157891e-04
-2.629230614868165693e-03
-2.521228836731785779e-03
-4.635622383736726256e-04
-6.815173459968574404e-04
1.570501666545440775e-03
5.769386762742728398e-04
8.621724507930575302e-04
-7.206730287787332110e-04
1.210235926063784728e-03
-9.334077418959817445e-04
-1.067749132217986341e-03
8.388549368089633996e-04
8.214757253542675402e-04
2.771596099683915721e-04
1.849918659617656594e-03
1.792773341612693971e-03
-8.665928107211707653e-04
-1.492506756917823555e-03
2.903000654044815901e-03
-1.841199241549967489e-03
-8.776820247842854810e-04
2.565404939954066266e-03
1.731673414091162815e-03
-1.090480747735715367e-03
-8.445130600973434123e-04
-1.049237292357338598e-03
8.481154820191649053e-04
-3.562390147713614908e-04
-1.127312088732943408e-03
-1.091554312109700936e-03
2.276089589741580243e-04
1.665483890723002671e-03
7.037651245818956573e-04
-1.010852299764649102e-03
3.995200743673866378e-03
-4.954036393513655025e-03
-3.350482921721874285e-03
2.784435280447369681e-04
1.182863342866932038e-03
-2.523056967823344377e-05
-1.545153774792741531e-03
2.100152458188570513e-04
-1.470958557752412472e-03
1.076372423613937169e-04
-5.199123211633053469e-04
-2.252863809636677060e-03
1.157625015463083305e-03
2.197378971227481950e-03
-2.451765811924873535e-03
-2.402135173075472206e-04
-2.179416090569974147e-04
-8.160886381363172275e-07
8.015568895735748853e-04
8.490264585062765783e-04
4.164019895599330189e-04
3.247683108790332552e-04
-4.934354727304258439e-04
-4.199390052818671531e-04
5.853774120205202302e-04
-7.620971682863982358e-05
-1.569016667109090308e-03
2.071598418343088052e-03
3.909667564324586326e-04
-1.147497556875487056e-03
-4.284296195843172563e-04
-1.237911528270170406e-03
8.353879142130197295e-05
-3.810163208756171187e-04
6.029747169421245277e-05
-3.322619116748900224e-04
5.771311136493244764e-04
-3.824848076174657344e-04
-7.427376933148581483e-04
-1.067185989299652841e-03
3.599440641471077728e-04
-6.453671025750551014e-04
1.159739133230742320e-03
-5.646723406892540471e-04
-1.577135378159750818e-03
4.215175625936781289e-04
-1.518034156652275056e-03
-2.363336735160789564e-04
-1.973982135240596059e-03
1.723089850146744800e-03
1.158877514097299125e-04
-4.421539297033519897e-04
1.085864260884030928e-03
6.295300165283222206e-04
-4.498409055878162862e-04
-7.126658202749576801e-04
4.501264867666444815e-05
2.427640464218276943e-04
-2.220074038680225088e-03
-1.698113801964998976e-03
-5.742690796718375682e-04
8.048350916440739499e-05
1.529900058076127294e-04
4.606115130888689300e-05
2.296332201500758511e-04
-6.450634246007138283e-04
-4.856783077989327928e-04
-2.027879683938754382e-03
1.147946430478301609e-03
-1.101600879794475008e-03
8.948700788277844716e-05
-7.515102973501984387e-04
-9.131256685395293827e-04
-1.386741159244193769e-04
1.952455572779243870e-04
8.904838687823735891e-04
-3.164642939193128496e-04
4.215002263015174013e-04
-6.122963350090546977e-04
-7.166134736293457630e-04
-9.505230368859778805e-04
2.862357630919092955e-04
7.454797029344929033e-04
-3.435610128633462568e-06
-2.778410825025940019e-05
-7.593958893477452442e-04
-1.055902410916613509e-03
1.004080198053267439e-03
9.245239316622809716e-04
1.273281954657405450e-03
6.228931773596289509e-04
4.041472314947692818e-05
1.207401467990794835e-04
7.055476122664301004e-04
8.177849780106228206e-05
7.127995517104278485e-05
-1.143963615185735264e-03
2.080252242512638271e-04
1.065229236166109891e-03
-1.016250886105540298e-03
-1.099428269234045165e-03
-1.316011209312146352e-03
8.154313626692169569e-04
4.663421779800645665e-04
1.149268725802187613e-03
-8.354106364281473508e-04
6.133740760343105473e-04
-2.299554825716184107e-04
7.922984667117521267e-04
1.229292590894437431e-03
4.743410707903619934e-04
6.786247031673717277e-04
-1.800852298671535992e-04
5.971191130059991031e-04
3.149316533026673458e-05
3.290131447051941729e-05
2.658509357723725107e-05
-1.322701877511535569e-03
-3.268072392113895511e-04
1.108720243520255518e-05
-1.167241407593659630e-03
-1.039052412356486141e-03
-2.138659321346622275e-03
5.787812550363372098e-04
-8.127743919124166307e-04
1.845568916828369913e-07
-5.440378230186278946e-04
1.236016956436113568e-04
4.617228346353585700e-04
-4.060248295795560380e-04
2.028261594621679430e-05
-6.358007167358150713e-04
-9.768592816962620804e-04
1.977862098709689718e-04
4.436244059033323146e-04
-4.358037380131339969e-03
7.348636125499967160e-04
9.047280894507436213e-04
3.452874018946830090e-03
-7.439730062663540673e-04
8.738940928654525837e-04
-4.775596408859723971e-04
2.028121215448246834e-04
-2.314996265444403158e-03
-1.564593602963351530e-03
-1.512817786770597958e-03
5.980422917880108720e-04
1.201125344569189306e-03
-1.670840673653188179e-03
2.957868485702781487e-04
5.205232418217028457e-03
5.053556759502625569e-03
-3.084941180450799167e-03
-2.931282361272565581e-03
-1.200563436112473585e-03
-1.350149550429452809e-03
5.186344383202363571e-04
-1.507272533059000842e-03
7.110111625979757463e-05
-9.006034021174721699e-04
-1.992475874087757531e-03
1.196628056900026719e-03
-1.655034257989371291e-03
-1.403540446025957483e-03
1.769830469228493098e-03
1.265827530793250033e-04
1.732001698813678955e-03
7.768846549497659005e-04
2.433367452460763870e-04
-1.367507792097524518e-03
6.968613395948551744e-04
5.690111305929415348e-04
1.354376307055362057e-03
7.945250073197523619e-04
-2.831712204772921068e-04
2.838221136609849447e-03
1.414981541239508720e-04
1.671468039041464461e-03
2.865117895870601152e-03
-4.268332214950053098e-03
1.124660830510682994e-03
7.278207311635295773e-04
1.504061511870864818e-03
6.921296362852120054e-04
1.175918769669131135e-03
-1.715977764113617689e-03
-1.341207479655852439e-03
-1.873319271229240048e-03
2.850345880443715335e-04
3.570933588080429065e-04
7.873020508382202760e-04
4.469503822028994241e-04
4.521733991417136540e-04
-1.162322588076861190e-04
-4.282850865230219386e-05
1.419827142638722473e-03
1.448150855911725654e-03
5.423829553839123888e-04
2.179430742345057816e-03
1.742420677800484959e-03
2.259980167784780890e-04
1.091635417461900883e-04
-2.579463536093246556e-04
-3.931573360576700172e-04
2.387060358604947913e-04
9.100156311750552760e-04
1.164699744415993363e-04
-9.658682484415947057e-04
-4.371468297835988935e-04
1.076382083584199426e-04
1.316362586540014866e-03
5.765193765935239982e-04
-7.333653595044935941e-04
7.093691688881740122e-04
2.290227062964915114e-03
-1.704507706164860110e-04
-7.294611092338195140e-04
-6.821991541727147204e-04
1.385783467423251387e-03
-1.200243260227848094e-03
4.333505805491745869e-05
2.218625519295243527e-04
1.645995479671644559e-03
6.125109427940647437e-04
7.725223044737870989e-04
-4.195302878581126074e-04
1.558964136143163939e-03
-6.622720407808242379e-04
3.868051382247782020e-05
-4.337556711637688455e-04
-3.444955886311092206e-03
-2.257511224325196679e-03
-2.632439141029427158e-03
2.386029942197420467e-04
-3.044476229812685219e-04
-4.984727073105409958e-04
-2.694785810908355761e-04
1.255121160394927259e-03
7.927527993366332085e-04
6.460795050424458308e-04
