-4.578549016375155147e-04
-4.884240130952594667e-04
4.640195894893278520e-05
-2.872317152033273968e-05
9.700258310786231942e-06
4.142981455870039425e-04
-4.778729018412072437e-04
7.086718037123609243e-05
-1.123628202940217335e-04
3.417601752088187880e-04
9.948273109702667567e-05
-1.916761368147362754e-03
-6.278711255055337065e-04
1.208238251881960101e-03
-1.756251630664134753e-03
4.089608618558906788e-04
-1.064437094702991651e-03
-1.542141483940930426e-03
-1.656614943142359613e-03
-1.152200769548994549e-03
2.472119190759596973e-03
2.307580685786604635e-03
1.957462439007991075e-03
1.642906203076789293e-03
-5.295263515284020020e-03
-3.387190331444289975e-03
2.298740343446092384e-03
6.335504025121252783e-04
-1.102868845674609454e-03
-1.282869997845884546e-03
-9.625680875031541539e-04
-1.675083451879028074e-03
-1.421596426765856826e-03
-1.092184368830363770e-03
-9.126703146818959667e-04
6.814820024342166382e-03
1.080334486505987908e-03
1.246634352333398504e-03
-1.588273999056601408e-03
1.553257496043388818e-03
-3.505445113044219213e-04
-2.744620494941725757e-03
-2.094469183994370799e-04
-1.964893180085284900e-03
-2.510632039345480921e-03
-5.233984773698764897e-04
1.815942363585560174e-03
-1.031963981001944065e-03
1.322244816163768277e-03
6.728387880639305572e-04
1.368135968098270526e-03
-1.744360842488361059e-04
1.253936731937945023e-04
-2.449660000394155834e-03
-7.349912783366495698e-04
-2.408006207155392148e-04
-1.916859793458705347e-03
-2.079885528344572153e-03
-1.161666209887878345e-03
4.782164630043844560e-04
1.279526322498897393e-03
-6.609088353982559786e-04
5.733103278075192457e-04
-7.537012438453298459e-04
5.745457203488372024e-04
-2.960551937897359779e-04
2.560960034860515228e-03
-1.599257609471970972e-04
-6.400662537564632236e-04
-4.397700313847281760e-04
-8.898586780069783504e-04
-3.024624452242534933e-04
-4.370089780047456711e-04
8.480037186665207762e-04
1.369019822716932198e-04
7.839363821671764283e-04
3.036654784582897525e-03
-4.312746279512248097e-04
-1.377368559120037937e-03
1.402752067277051283e-03
-2.028578605748687386e-03
8.705877658478979346e-04
9.972079413837558418e-05
2.929361691998738811e-04
3.993845609104489710e-04
6.897413402810089996e-04
1.306034737037944536e-03
-4.226874316301393320e-04
-1.576936619115201950e-03
-1.188852066121985499e-03
-1.485594314217270496e-03
1.584705540269161494e-03
-5.654224997085585984e-04
5.279051096106912458e-04
-1.006328663930854649e-03
-2.751582808519523280e-04
-6.223927481110126322e-04
5.103120874391007351e-04
5.413486521696600539e-04
5.081544247366478442e-05
8.738500341253980543e-04
4.622934383577183021e-04
1.121564173733810565e-03
5.067060826017040108e-04
1.079667808274649117e-03
3.677497596724889285e-04
-1.359178867506202889e-03
-6.419035787048169061e-04
-6.636649986005919814e-04
2.157500968419702632e-03
1.338572511280857174e-03
5.813281699265063392e-04
9.209059860654014978e-04
3.242754098075305833e-04
-3.452291741205558212e-04
-1.171782802714619936e-03
1.665859191681001586e-04
-1.735503940117216499e-03
3.442181361976291709e-03
-1.058251039646168580e-03
2.502976239092270360e-03
-4.112326846310326692e-07
2.133263996051530415e-05
2.485002489471330590e-04
7.604533915458658441e-04
-6.505220009684995353e-04
-1.523134524860344575e-04
8.927523514582792752e-04
-6.822474537045763792e-04
-9.185930372685060900e-04
-8.393557728912310126e-04
-1.233600271627584093e-04
-3.572147706361033918e-04
-5.781772627879509362e-04
9.054767468899218739e-04
1.338229224563356758e-04
3.079755948173056989e-04
-3.053175475145385805e-04
-1.817061156430666675e-04
-5.169773239781488405e-04
1.144113765983132596e-03
5.285541413080684179e-04
1.736874195592714727e-04
-1.108961897369321425e-04
5.841987377274268558e-04
-6.593836241142960906e-04
-1.534040482840828921e-03
-8.710454342554927636e-04
-2.426340006473033401e-03
5.556814330920781047e-05
4.307650458084901391e-04
-4.500294963876654009e-03
-2.675021530196698694e-03
6.532580137690175955e-04
-4.399024089119025170e-03
1.931037109554985991e-03
2.124812378458285501e-04
2.124547166635505809e-03
-8.537630735116446114e-05
9.338608374850925669e-04
4.240997372872186021e-05
-1.081153750787359862e-03
1.549721748963489966e-04
2.026284797373363675e-03
1.392447046245500484e-03
-1.623620374417880478e-03
-1.110064753829972418e-03
-1.133587588250627816e-03
9.818332417974265261e-05
4.899980317450604176e-04
-2.750557570984327790e-03
-9.577128391935579551e-04
1.379663645719402584e-03
-9.355502043130629409e-04
1.176974096024381491e-03
-9.121877529508589559e-04
8.521305137048873187e-04
3.109039214696027306e-04
2.304287280593489331e-03
-5.332287594844418738e-04
-1.249967462965638747e-03
3.245448701328356236e-03
6.744051862732527818e-04
-3.278435328636660319e-04
-6.453970160563506130e-04
-1.004181205447045891e-04
4.586076806691459203e-04
-2.857888491340514116e-04
6.754922283061431726e-04
1.024636705525902667e-03
-1.911606833792633129e-04
2.696794420829161636e-04
1.258843866508167677e-03
-6.450493633844234329e-04
1.261316033381174951e-03
-7.621123989715191359e-04
1.253933172488326563e-04
-1.035306891627631697e-03
-3.879694747327719719e-04
-8.870234126719887249e-04
-6.689233163690755553e-04
1.022176540610567806e-04
8.311364065273001102e-04
-2.670932802171471060e-04
-9.648779975254912974e-04
-3.369030348592889001e-04
-7.972274436800313698e-04
-6.218685730865001603e-04
-3.666437930665414672e-04
-1.759401437415543574e-04
2.310400764596558102e-04
-5.059507005774116408e-04
7.935024925577088871e-04
7.857460557259862526e-04
4.258504756014580344e-04
1.828853597269742854e-03
1.473116993783050001e-03
-4.946487283257025754e-04
-6.303574722463552843e-05
3.698505813638508933e-03
2.321832430985873962e-03
3.124281849697420083e-03
-7.037139192400398979e-04
5.578214609778312221e-04
-1.853407524088489028e-03
-2.400618409408633927e-03
-4.285131922740328719e-05
1.075592698716268001e-03
-1.254451493790795322e-03
-9.923276495095272043e-04
7.866177691184152035e-04
1.935231820291251955e-03
-2.100360863725499877e-03
-1.553459276477885164e-03
1.513886449294856622e-03
-5.762267544550500782e-04
-1.906196808910694913e-04
-5.602076269664048574e-04
2.535858662422696658e-04
2.293719398736521827e-04
2.814670419161974897e-04
7.492660491069767911e-04
4.690791067928292584e-04
2.861032572407129515e-04
-1.936250169479009585e-04
-4.564658846539667008e-04
-2.091703448464235840e-04
8.239378483333602472e-05
-6.486890046687358120e-04
-3.005307080800964257e-04
3.599290119832756888e-04
1.086969675316313823e-04
1.434679224079020744e-05
6.933250110696504657e-04
9.570603415735302313e-04
-9.530281133504055289e-04
-1.109493433567993598e-03
2.436132404060826822e-04
2.742834929550030465e-04
-1.620838817218985504e-03
9.309827275214020747e-04
-9.315458019737715570e-04
-1.574032315651280453e-04
4.125892384528005719e-04
2.035979285665276200e-04
3.806945495792814953e-04
-9.826218312125494566e-04
-4.570440096916257946e-04
-5.574410314840987394e-04
-6.932071711234190836e-04
-4.946681663038588958e-04
8.411041840526054479e-05
-1.084598465963605577e-03
-3.317390414673251822e-04
-8.717981273426063122e-04
3.274099856999424538e-05
-4.467785139614860522e-04
-7.028057461738411709e-04
-1.185895887995929137e-03
-1.594482331732651696e-03
-1.258112994835540368e-03
8.840764616042488810e-04
1.897126702992457442e-04
-8.324221984764681504e-05
-6.245851991148588080e-04
-2.023863410434015644e-04
