-4.274300949553806544e-04
-2.709313186769251247e-05
5.854900302994450615e-04
-1.454019644716699920e-03
7.385211914733469558e-04
1.139499993086241477e-03
5.144113165624360326e-05
4.732704371386951153e-04
-6.283333100235601173e-04
5.465212697146644557e-04
3.416027939931251946e-04
7.099424886827755340e-04
1.231125995834184876e-04
2.868785066516780363e-04
-1.983916521913303926e-04
-8.857920999935367176e-04
4.263107156473415200e-04
9.292123362767487496e-04
-1.848182051121714472e-04
3.271190511051604781e-04
-2.172102016652579680e-04
3.627882723586539019e-03
9.952770447274100676e-04
-1.046869476924230978e-03
-1.011883126129678196e-03
-1.465497573071152448e-03
-8.546951343316838397e-04
2.353082407185104095e-04
5.128766179372423913e-04
-6.670733840234222348e-04
-6.530472963271710500e-04
-8.981764607200934652e-04
-1.370011165258901804e-03
-1.057704129532032692e-03
5.178192033612514329e-04
-2.475021678054324485e-04
-9.435037661615116710e-04
6.352304963886173592e-04
-7.161437143107592281e-04
1.039954074875172087e-03
6.179282906131530187e-04
-3.531254394512543348e-04
-2.557972219076739217e-04
-1.857107636050826847e-04
1.270476266666255467e-03
1.167024048504731277e-03
5.884863702623356467e-05
-1.201611574342540973e-03
1.867046172439713143e-04
-1.008440942560660802e-03
-5.383083762757147252e-04
2.396346546147418242e-04
-1.026725265468261990e-03
-3.585060294205312097e-05
-3.687693723248942288e-05
-3.627148562882094845e-04
-4.835072206041255067e-04
-6.402180616409770602e-04
-6.376569871252472466e-05
-6.354733287868296904e-04
5.858696371325479305e-04
1.534257380575791826e-03
1.314841312732420876e-03
-5.153485269252290352e-04
1.285923134980287812e-03
-1.105777465655097226e-03
-4.299154797115505022e-03
2.533785057634476388e-03
2.679335818055655905e-03
4.260022475243267943e-03
-2.266419436998860695e-03
-1.287552382041628552e-03
-4.583261285228569103e-04
1.250934259717499664e-03
5.593434688476129832e-04
-5.985731772494734841e-04
2.759281279406594688e-04
3.932271020989985127e-03
1.875398041367303155e-05
-1.190566919222920111e-03
-2.411549114843772323e-03
-7.371965521640140226e-04
-1.116822638926141548e-03
-9.423327285848340012e-04
1.352217037275361576e-03
2.538565203706410686e-03
1.537591250877879279e-03
-2.685684436185557973e-03
-1.162059862904433680e-03
5.905162153856528037e-04
-1.635877497161584624e-04
6.721622347749319371e-04
-1.320178208380271782e-03
-5.155167550550195273e-04
-6.514546528560567458e-04
4.908237137673816114e-04
6.386915360794976747e-04
-9.346980517260201427e-04
-2.348743656084056799e-04
1.767413355127560944e-04
1.759452702824079642e-03
-7.784012787017940277e-04
-3.600003787605729228e-05
1.302005172358088915e-03
-4.856334605797391329e-04
1.503034183285187309e-04
2.254903104017760927e-03
-2.679936139163190904e-03
-2.688436474280233787e-03
-1.711447613814640013e-03
-2.445818501633026994e-03
1.057431106236777791e-03
-4.493160645239046170e-04
9.784613582505851444e-05
-4.499902665440298419e-04
9.906240765520141927e-05
-3.013888554493954815e-03
1.212950718500393479e-03
-2.050543716626833119e-03
-1.325235390289818387e-03
1.471709958674609613e-03
-1.422465835031030794e-03
-8.122583342938578419e-04
4.760100539688133232e-04
-2.422266695916199517e-04
1.172022624879112424e-03
1.079730158346777630e-03
4.444366984534740784e-04
1.640107841935305134e-03
-6.198116314664500444e-04
-3.668152347031554606e-05
2.593793692664178563e-04
-8.793430813379552380e-04
8.264527647330105128e-04
1.112184821338778242e-03
-1.763576187755363329e-03
6.189324296267248102e-04
-5.059337301558508972e-04
-8.324483361085143482e-04
3.562789140509010693e-04
7.010190412397528418e-05
-1.358485391837612149e-04
8.697632661943099355e-04
9.422190591144137756e-04
-5.731795413287843650e-04
3.417051804649606111e-05
-2.426550521736605716e-03
-1.237746243142603562e-03
3.011694461147020833e-03
1.766261327060457637e-04
1.619014626948417660e-03
-1.205627000528518332e-03
-2.438175287737489975e-03
3.899877165304075494e-03
1.362601456201830395e-03
-5.830624969029602617e-03
-2.053992808378553043e-03
-1.990234903909880552e-03
3.138007292825270925e-03
-1.769576509358296561e-03
-2.787567699450752435e-03
-3.256181604328368950e-03
1.659415750978463682e-03
1.559502320130246467e-03
1.708116678418127206e-03
-2.881954544975738521e-03
-2.093494867618072870e-03
5.471782543183062670e-04
9.774599025941445741e-04
2.434471331557767036e-03
-2.634873785955386526e-03
-9.658683770708883370e-04
6.386627771636515941e-04
-3.093228131468160527e-04
-2.043032532832232077e-03
1.171447095910405859e-03
-2.035049084941922132e-03
-1.164072796413422939e-04
-7.449824944783275775e-04
-1.193658535931591642e-03
2.043754656994905584e-03
-1.527772722582784780e-03
-2.473897660939129023e-03
-7.824182438651254698e-04
-1.255173556244943388e-03
-1.548673787692592336e-03
9.140894017558823421e-04
-3.797855069837034422e-04
-9.588301159368907910e-05
1.329127160155762176e-03
-1.084011307202167363e-04
5.756935151235751487e-04
9.240841333612139288e-04
4.474830736645635286e-04
-4.795378789524550761e-04
-1.129549018273319987e-04
9.663142019569413146e-04
-8.638787163631708212e-04
-5.000815917408875030e-04
5.915862983336330361e-04
-5.372813788491329675e-04
3.439385116964810440e-04
-4.145568005931805152e-04
-6.942041422012552431e-04
1.183215214951699852e-04
-4.061776638354920805e-04
1.314769999656416810e-03
-1.038432948608911441e-04
-5.426297503432592987e-04
4.968302946204648232e-04
-2.210044099628350150e-04
-1.901563370609224944e-03
-1.515154222818544921e-04
2.529645757952290954e-04
-1.850630457062453070e-04
-2.017442548344156473e-03
1.512899056491824948e-03
2.187326870539285477e-03
5.074695392279872158e-04
-1.391271633131589171e-03
-5.800669467341519701e-04
8.890625344221451346e-04
-5.453813240519427789e-04
1.371685504385503507e-03
-8.209091072773992952e-04
2.238690617587055058e-03
8.591967809732188252e-04
1.102319776491361269e-03
6.422354343742403592e-04
-6.802735950637217241e-04
-1.432826836209583185e-04
-3.452985837724341063e-04
-1.198687730960450084e-03
2.000650761779006713e-03
-9.717985865032663720e-04
3.794407433388146951e-04
-5.201192478989942860e-04
-3.139208509382125558e-04
9.016019817027389870e-04
9.507501735947773225e-04
-7.891637458372451064e-04
-4.663310207314457531e-04
1.090172330630667739e-05
3.924202054039992432e-04
7.768099203864949325e-04
1.007119100865145776e-03
-2.594732740645524388e-04
7.144168986482496984e-05
2.342608173075738025e-04
2.274893605161984001e-04
-3.657119283832916930e-04
-1.159647818630746285e-03
6.992789571142639382e-04
-1.088943037145320442e-03
6.200362963142696138e-05
-6.710883453057322730e-04
-6.571088664909841047e-04
-7.221094063513626817e-04
1.081881490823425338e-03
1.844436638431431064e-03
-6.124145267513691213e-04
-2.942500117301732800e-04
6.413428953050074720e-04
-4.951030279579322945e-04
6.599286806076679361e-04
-8.229390524631215913e-04
1.070834432124629591e-03
2.194680129682058888e-04
2.772282989009008524e-04
-1.190525447803960366e-03
7.016654411928654154e-04
2.222252001337266967e-04
-5.655031539620941280e-04
1.057988208136462243e-04
-7.268515151843184209e-04
-4.512609855315772309e-04
-1.710523565097604596e-03
7.193304322864343091e-04
8.282805346821540526e-04
1.033777236268914419e-03
-6.524642197985159285e-05
6.059945256737262267e-04
-6.271404950766225903e-04
1.717096351987036456e-04
-2.009829821352218584e-04
6.001567892357249695e-04
