-3.867674010488703204e-04
3.299492820666493427e-04
3.984254256100329563e-05
-9.425789868754452013e-04
-4.186558427822717953e-04
1.530170127270839018e-04
-4.560406370888784558e-04
4.911509493263109061e-04
4.107565455168260700e-04
1.689438326029633116e-04
3.381862008603935075e-04
1.333891220405320540e-03
-1.945915213131773616e-03
2.548212282195319849e-03
-8.544394928235803620e-04
-1.759486750430762662e-03
-3.849287686410510201e-04
-6.539110420787075644e-04
-3.083560782065891594e-03
-7.256459602988225800e-04
-2.823235298544249112e-03
-6.559558809489928486e-04
1.111464675629404957e-04
-4.088499830372614198e-03
-3.891039749124793230e-03
-5.468858067722110090e-03
4.189811748929525917e-03
-7.357598528396652087e-04
9.680194817211762708e-04
-2.793435357178573105e-03
2.998139539987147370e-03
-2.813389148661050825e-03
-2.268693298624841880e-03
2.543662506335945097e-04
-2.722241433901646628e-03
2.161804462136828722e-04
1.870349684743089153e-03
1.016056512233792699e-03
7.589742853396350998e-04
9.992477211114435438e-04
-8.078377076256401017e-04
-4.499488296210227951e-04
-6.675655730081264444e-05
-6.212300233034345536e-04
-7.925275139808133241e-04
-1.320397697769421516e-03
3.444900596067969594e-03
-4.254600077164033718e-03
3.427053789619065663e-03
1.589193062913882249e-03
7.019320318320316403e-04
-1.016438935118354429e-03
-6.018650350419700156e-04
-1.859628987394912412e-04
1.346862932237871202e-03
-1.631264088365523774e-03
8.838162374395542881e-04
1.930611264290938789e-03
-1.543016465066401324e-03
-1.224285662470282060e-03
-2.061511231907932340e-03
9.921415814757891631e-04
-9.221005197106090998e-04
-1.290399209911848553e-04
8.200760315546993780e-04
-1.787687142712950442e-04
-1.044601564831437518e-03
-5.908823853518324056e-04
1.660368597679288613e-03
9.221328877557483485e-04
-2.542853676563480020e-03
2.519749768251342047e-04
1.364829759613827480e-03
1.625763128574363517e-04
1.949853920620547333e-03
-3.193223511258453350e-04
1.608277267118871480e-03
-7.972370186699056455e-06
1.273758450013515653e-03
1.359559278944154218e-03
9.252979021259024640e-04
-1.635009341449962365e-04
-1.416378927564389376e-04
9.782656623344288655e-05
2.748743014527103260e-04
-3.710273147763830295e-04
9.021105152483297005e-04
-2.230634677276775138e-04
3.390623840016358825e-04
4.576103477527651195e-04
-5.356456326425781478e-04
2.234312828680726486e-03
-1.233955745979605466e-03
-4.519676377054042751e-04
1.464580372699192520e-03
1.323528982857368223e-03
-4.240284322962556635e-04
3.061850035515707637e-04
2.620913660955460174e-04
4.927869013877435745e-04
-5.765522839040644609e-04
7.952414872410369304e-04
-5.001217860092735824e-04
-5.356410708062847754e-04
8.360043472945644181e-04
2.455235345389384359e-04
1.542392287462377321e-03
-4.364244303108658052e-04
9.785227885976163602e-04
1.155972588390084821e-03
-1.086566954970594103e-03
-1.007369592192559025e-03
1.665646578330339574e-03
-1.891086029723496173e-03
-1.958207654882993757e-03
4.872497855583772823e-04
-4.022659479227393381e-04
-1.358620757088950179e-03
-3.291401094088760660e-04
5.972213320982220708e-04
-3.000611769291391040e-04
-1.449659463033386325e-04
3.957770655250943451e-04
1.369953985394902320e-03
-8.149816267385758548e-04
2.030558478635515840e-04
-3.084886136248617973e-04
-6.749610552285233243e-04
8.500004475387570098e-05
-7.150489699067821966e-04
-7.297429628421903841e-05
1.719641714910401546e-03
1.651080857618179680e-03
-1.163799173224013992e-03
-1.485545688814609092e-03
-3.035261714163410736e-03
-3.921371364975722137e-05
1.253334490219459960e-04
2.540983011363172784e-06
-1.326551303030922327e-04
-1.659170484831354927e-03
4.629233438388539134e-05
-3.403076046734307480e-06
9.997371010272347548e-05
5.832047604123225546e-04
9.431263654449865237e-04
2.759275029861493322e-03
-2.301524458658340579e-03
-1.833365575778754530e-03
9.799683778261853839e-04
-1.245946483342522310e-04
-2.406889808985850261e-03
-1.616232782347903039e-03
2.000035331813994951e-03
-1.472762684415113415e-03
-4.772453633380363091e-04
2.113289678550774617e-04
9.456597981920679494e-04
-2.511490440288397224e-03
-7.320999119403930446e-04
-2.539916839539480171e-04
1.514826478741919684e-04
3.083414737722218199e-04
-1.401215222268037072e-04
3.344310301766946904e-04
7.810575601499319042e-04
4.776357228064608603e-04
4.593455197499529295e-04
7.896570482936848389e-04
-4.795287189579481094e-03
3.478400314123989388e-03
-4.150421575240465562e-04
-1.294493879738797511e-03
-1.304908436278890695e-04
-8.230357900460477443e-04
9.943877268398866771e-04
-8.813000846277543572e-04
-1.463928838572656817e-03
-6.032866768710662192e-04
7.570835989890076743e-04
-7.554344563447094483e-04
-3.426979415815052991e-05
1.139580531178007458e-03
-8.699001077813269163e-05
1.428760605618973212e-03
-1.210004051777514308e-04
1.118237957505881881e-03
-1.250431746544089116e-03
-2.427398125480204126e-04
7.173207798162760298e-04
1.135013803239376959e-03
1.450094211542341882e-04
-1.155379549438143418e-03
-5.417885735488631041e-04
-8.081372616393624154e-04
-3.539249701064844911e-04
-1.771828918214166137e-04
2.747764589748483751e-04
-2.911147795462217143e-03
-3.066664805497880831e-03
2.786625711017858345e-03
-5.194876492142969137e-04
-1.399825310043026783e-03
1.088597150046590563e-03
-7.207039016538912537e-05
-2.005586434143147388e-03
-8.068672794816380937e-04
1.057588740880287389e-03
9.917313229186488881e-04
3.425485180803009640e-04
6.311346500704399613e-04
-7.490903770740268139e-05
1.334526882678115274e-04
3.942219632314701095e-04
-8.387388373251246062e-04
-3.337123226302610954e-05
8.926781374599118820e-04
-1.321859306280767665e-04
-4.035538068262422271e-04
-4.607059083917459399e-04
2.909887475903566987e-04
-1.710747115672022400e-03
-9.185820093894161466e-04
-1.121344940503114871e-03
5.916399485791168714e-04
-8.916704398730986719e-04
-4.740251949482539263e-04
8.506994071805975156e-04
-6.798229641805845049e-04
-5.267752925529049128e-04
-5.280101325270217813e-04
-2.796480163885575201e-04
4.776558996709499415e-04
2.532919737916159179e-04
1.363357196869681030e-04
3.439277659048484430e-04
3.618382149713729110e-04
5.665858043655731553e-04
2.540476191241962758e-04
-3.347730935224283149e-04
4.014234922636427533e-04
-1.250775349303519680e-03
5.214199980474132313e-04
-1.954947881450523964e-03
1.207877371672547986e-03
-6.855831857350987678e-04
5.860598813896298947e-04
-1.343689588623561313e-04
1.671056701740059101e-04
1.782546445105616650e-05
4.147425063840966633e-04
-1.084016049461526004e-04
6.483365802013535493e-04
-6.353187816811646730e-06
3.822664764009784831e-04
5.020782594274529219e-04
-8.982586591159863769e-04
-2.000661756841148279e-03
-1.397652666518971513e-04
-1.718744161878785139e-04
8.475269169402185540e-04
7.020156472262786005e-04
-3.802004672245724794e-04
3.778667471772933746e-04
4.134165885689890653e-04
1.139567856802414656e-04
1.501135753575758773e-04
-9.517746883032974538e-04
4.660473010292929966e-04
6.922988006703423552e-04
1.382203193881599503e-04
-5.974121381230961501e-04
1.423292606557896404e-03
-1.378899912551101795e-03
1.417805726977010717e-04
1.012729592223424787e-03
1.467918247317070383e-03
-1.167933042143816337e-03
1.461685891124125665e-04
2.576469406612612789e-04
-7.036865264839177935e-04
5.730968330585944816e-04
3.524698243133040330e-04
-4.799942722514673817e-04
-5.494409907509829882e-04
8.419228061703417938e-04
