4.854621725412745434e-04
-2.496351825528892051e-04
6.374730590667379918e-04
4.333767215304212589e-04
6.423687976821089104e-05
1.318405408101016283e-04
-7.735192559488780501e-04
1.831268305903169106e-04
1.114623179912735667e-03
1.716792322433103246e-04
5.482718098791754648e-04
2.131826146624537133e-04
-6.659980595098961452e-04
5.843962973879305179e-04
-5.270595048919322683e-04
1.273223459228357574e-04
-7.199321377097726805e-04
-1.932148566877322116e-04
3.484322647277227894e-04
-7.744815458113060236e-04
-1.532709402682893912e-03
1.679533180326440826e-03
1.553270591277932907e-03
3.766985832509869131e-04
-4.948737455323271202e-04
2.052301485387495687e-03
1.978876928857518913e-04
1.977664943420768661e-04
-7.167790423501264061e-04
-3.989805453065032453e-04
1.409567090210964429e-04
5.565960718857151761e-04
-1.923499844265134213e-04
-2.872489290199226617e-04
2.137450752738903864e-04
5.847748388885387486e-04
1.198245650135433679e-03
-9.703328665446468758e-04
-1.103810829663817239e-03
7.963202455498645050e-04
-6.752352011611734888e-04
-3.618513853663237606e-04
-2.015595321286887140e-04
-6.540008679539141036e-04
-6.887042225182668856e-04
-6.031837411174351907e-04
-7.373380345414220030e-05
-9.009558810830651729e-04
1.999843798705433669e-03
7.956325052734047150e-04
-1.529772443019844974e-03
-1.539005014423127163e-03
8.787456350194096995e-05
6.285321772095106346e-04
9.235192878735624770e-04
7.065229099488563186e-05
-5.796521221276594929e-04
-7.497573368334737491e-04
2.765234371939277974e-04
-9.499913193485884453e-04
-4.187695318579606556e-04
-2.960774591318455573e-04
-5.116144961471699769e-04
-5.865216130004666348e-06
-3.224144378283643636e-04
6.886181384648073275e-04
-1.068877752944026984e-03
8.705603946100759927e-04
-9.641681759547987476e-04
5.872115125760685303e-04
4.840226453068449284e-04
1.843442056794462078e-04
-1.987655582441335894e-04
1.166352860423189751e-05
-7.520641256826739998e-04
-7.402730016829342334e-04
-1.204539323360657493e-05
8.042663858949735420e-05
1.786300536772084663e-05
1.499381947072593894e-04
-1.835802888564596399e-04
-2.458964771134719454e-04
-3.705471557271781567e-04
-6.953940563588047793e-04
6.606571771983241973e-04
5.514339867126047878e-04
-5.280552125184975222e-04
-4.004840815338042812e-04
-3.976818533895314480e-04
-4.061714784053764419e-04
2.035901499926238381e-04
1.329359148145793819e-03
6.346786214046787550e-04
8.866609108428784953e-04
-2.278791807685170761e-05
-1.030976618454183770e-03
2.043205407886123726e-04
3.633915386003181715e-04
-1.216450552468236954e-03
-1.082445961066144644e-05
5.672413814984798733e-05
-7.761013966835890411e-04
2.181186644684962042e-04
1.387095539760624949e-04
-9.841278569789869111e-04
9.244380844998895900e-04
4.705330887195422677e-04
-3.029589275077985196e-04
7.109958139706573611e-05
-1.403137404451773986e-03
2.057111849968164784e-03
-9.629809626754065122e-04
1.047281749118238745e-03
-5.937057527568733633e-04
6.946350118121994181e-04
6.272819639188306458e-04
8.753752114991712177e-04
-1.370488079235818429e-03
1.006617014522353821e-03
-6.770020334377905213e-04
-3.279088875341107856e-04
-9.838222369841196930e-04
-1.294639537859471144e-03
1.054772038420439834e-03
1.070531178167886477e-03
1.067416428684237048e-03
-6.750728122331431337e-04
-2.274145373136884170e-04
-9.613592170716875112e-04
-1.041816849640883136e-03
1.607700587961504509e-04
-1.359371069500238741e-03
-5.212282725920002868e-04
3.084686171884790909e-04
-1.281904738579301610e-03
3.289599515569686158e-03
-4.148198796275079180e-05
3.722636966840133215e-03
-1.586837001119648441e-03
-2.865020311038562334e-03
1.884389502316777135e-03
3.267716897309360866e-03
2.236336626285301190e-03
-4.688145366146459080e-04
2.883818331208727343e-04
4.552375382582900904e-04
-1.613485711633712467e-03
2.593002559664923413e-03
-7.967706986524592666e-04
1.278015194867241668e-03
1.498276416956713071e-03
-2.070277694508093971e-03
-1.084279931531141779e-03
3.168774502912895209e-04
2.223102085637933831e-05
2.927700045076784413e-04
1.746176438002375797e-03
-8.067449622791856689e-04
5.012910409467743545e-04
-1.951165102228540667e-03
9.833205292967846895e-05
7.461725665330820817e-04
-1.067439890531877728e-03
2.474977409687725751e-03
-4.218583905331824515e-04
-2.385108619694864204e-04
-3.023676637243454934e-03
-3.747713245869475776e-04
3.670764881352174373e-03
1.092785656325112511e-03
-3.287929254196980070e-03
2.131902860405397347e-04
-3.113239570006573909e-03
3.255297367622104511e-03
-3.539622456972556230e-03
2.917636832476216795e-03
-7.078943098677830531e-04
2.301113839476363887e-03
-2.424277201871937858e-03
-4.153574426086917640e-03
1.654434761244014855e-03
6.458753629739259457e-04
-1.093074863665870460e-03
-6.587989692183066764e-04
3.884292208245685146e-04
1.108789983227746832e-03
2.759385450144341773e-05
5.528684088546903172e-04
4.024176098304041308e-04
-3.253324495432894834e-04
1.340545402589114017e-03
5.090333659726260004e-04
8.668395832076749696e-04
-7.159990058338973980e-05
5.733225885968251532e-05
-9.310087853784892271e-04
-1.250775917639530745e-03
-7.052534044600705567e-04
-5.693983174741109503e-04
3.697013266831787349e-05
1.323446963095450870e-03
-2.358048559066183334e-04
-1.909128248083614152e-03
-1.341530635239171010e-03
1.083858972265960710e-03
-2.861501244175711244e-04
-7.288126586882721263e-04
2.886097176347836302e-04
-8.855488881932366231e-04
6.672029529917620962e-05
1.686240514790585902e-03
3.903595310069701732e-04
9.784569858146056724e-04
1.808948060960753062e-05
-3.787974367385270151e-04
2.924416737760938923e-04
-5.093429137679898527e-04
2.231188507625773173e-04
4.221310734466912347e-04
3.384438754303521638e-05
-5.273569012421121726e-04
7.018775281358981353e-04
-8.959741254296353305e-04
2.146646571971668209e-04
1.547106299569616424e-03
7.497244163505605886e-04
1.573766273054420317e-03
5.960952854234464245e-04
-1.269964139794997572e-03
8.977819680110809766e-06
6.696000326588924219e-04
6.396206078260697819e-04
4.663194421857737066e-04
-8.004144136924113795e-05
2.627309600912668239e-04
-1.491374899598131836e-03
-1.719445251192284639e-03
-5.167566476052655802e-04
-1.245851012287357840e-03
6.047699142785651922e-04
-5.549069493893660351e-04
-1.757112753944894273e-03
1.103464596935719785e-03
1.566500695714774169e-03
1.173805000676077454e-03
3.588520648551868125e-04
-9.209955385942711521e-04
-1.158988293601503254e-03
2.881937281378005311e-03
9.736806170292631752e-05
-1.108257651032507063e-03
1.131476515212602582e-03
-1.103880862428716124e-03
2.041092458238278479e-03
-6.074523748123144022e-04
-3.456816932748535127e-04
-1.047215071852666823e-03
-8.721002121443709740e-04
1.974426109482665167e-03
1.322161322880410208e-03
-2.352029624476139854e-04
-5.204996850735272088e-04
-3.015140814568252058e-05
-1.955052874054859832e-03
-1.238784841868053029e-05
-1.349402003370399642e-03
-5.965271041338222413e-04
-1.099683825270500546e-03
7.308348456447123255e-04
-1.444121800999372115e-03
8.110682064550562512e-04
-3.077096162545380452e-03
-3.886403033240721453e-03
-1.595676001586069195e-05
5.145345713439383913e-03
8.374453299376857091e-04
3.149198136302597869e-03
3.169049745698673988e-03
2.652766069260651012e-03
-1.592758000713044748e-03
6.824226360742216340e-04
-5.539542874706492731e-03
9.832755113578697109e-04
7.030304626167131624e-04
-1.761944110099979794e-03
-1.935690494602714147e-03
