-1.345947592061865308e-04
2.718232577280358287e-04
4.997546352789329063e-04
4.757136033350418155e-04
3.059740052205455483e-04
-1.006194573514032295e-04
5.825925052187039439e-04
-2.912304210729444853e-04
-4.273799021062279634e-04
-3.217205186206286501e-04
-4.526863143467157265e-05
4.391145791537810826e-04
-8.483561225856817113e-04
2.119552391008534006e-04
1.040508682999439225e-03
5.039985173599375191e-04
6.323341421275969305e-04
2.398779046585145652e-03
-4.650296748207719032e-04
-9.797640352683441734e-04
-1.693412002672201261e-03
-6.398976699225204009e-04
8.362681339525328056e-04
1.390686999627428549e-04
4.078620675262657129e-04
1.549090179157349800e-04
-1.127897607958393581e-03
1.819723032702778940e-03
9.426187021440652139e-04
1.428283649104847373e-03
-6.497754408233205603e-04
-1.018184955641249613e-03
-6.250772020252920360e-04
1.804524472481163898e-04
8.444789578398229340e-04
-1.493563049587704654e-03
9.172477331764026685e-04
5.733513917552104586e-04
-2.236614507656990714e-04
-5.701031773659817918e-04
4.280798763167178046e-04
9.556308219233251465e-04
-1.677188704958767606e-03
2.423633450759510191e-04
-8.511656378957623893e-05
-5.268885519847067364e-04
1.062408337422276003e-05
-1.034040227846959141e-03
-9.001442960670582325e-05
-8.089143119050190523e-05
4.197801721802886586e-04
-9.109347421234934798e-04
3.696590508094626951e-04
2.653428636283026152e-04
9.350806857446342796e-04
-6.516453871761863611e-04
1.471137911839436259e-05
3.748277447873407360e-04
-4.004163897503075584e-04
2.657123970740155744e-04
1.007669270106326077e-04
3.226120010190490668e-03
-1.643327930043239019e-03
6.657366367762331937e-04
-4.490765758694475161e-03
-1.955773953449341674e-03
8.828312156218880115e-04
-1.490428911640259615e-03
4.429692140773220385e-04
7.127215833139131040e-05
-8.081317978409700668e-04
-1.183382226702215561e-03
-1.909224665050250711e-03
3.275839532270843728e-03
-3.810698635166670512e-03
1.787672922034513542e-03
-1.409846164918323978e-03
-1.055366419045354398e-04
-3.013817337721901783e-04
1.940563217044677553e-03
-7.276866812246373132e-05
8.950985268376905396e-04
1.700201860734507683e-03
5.560469566004359442e-04
1.999699619002480964e-03
1.342189365924635570e-03
-2.202096516709420814e-04
-2.792104416159268618e-03
-1.929301391451453520e-03
4.017567845510275175e-03
4.444173152203360503e-05
-9.189455848488290932e-04
-1.133720357968474694e-03
-1.143888053813777676e-03
5.310614926855762455e-04
-1.392035937661632600e-03
-2.062771838777657275e-03
2.057025637707926482e-03
-1.966842893074697857e-03
1.033651009751587356e-03
-1.864652440822429404e-03
1.640592330554893749e-03
9.940892822526367113e-04
1.038914430850998861e-04
-1.691460484963774966e-03
-1.020324559629003916e-03
1.104504649073091574e-03
2.364628819689259794e-04
-1.114378167348692699e-03
7.061875880700468075e-04
1.560429917433509971e-04
4.001284706772813803e-03
-5.310262429694651010e-03
-2.905819223386873259e-03
-1.490262780548196183e-03
-9.445081691533258311e-04
-2.356717543741573828e-03
1.420372768032938720e-03
-1.215567086509273783e-03
4.735947608092588336e-04
-1.621706803822815703e-03
5.955156595039817194e-04
-8.385162781754700782e-05
-1.762472933635266491e-03
3.130246044965452851e-04
-1.775273741454581281e-03
5.160256682978736284e-03
-1.163906925790104876e-03
-2.292351159051132271e-03
-1.189782295144750342e-03
-8.719087136755332900e-04
1.089387895820789981e-03
4.223980087371928169e-04
1.332706997590490808e-03
8.413353539361154631e-04
-5.826925972635593537e-04
-3.658787035343417688e-04
-1.673847291955435964e-03
-2.197331779326472726e-05
-9.525879922340165949e-04
1.681276217095038338e-03
1.638991337762825699e-04
-1.157876197119784645e-03
-1.615399036934508405e-03
-2.239422173933725956e-03
-5.130196312163428686e-05
3.296400020540479802e-04
2.010434957297260467e-04
-6.049936912848977730e-04
5.347455040228317079e-04
-6.354338007681620921e-04
1.403305435153398919e-04
6.260706003309356258e-04
-7.312424424197977403e-04
5.108810588401632409e-04
1.789223416590277082e-04
-1.889970854757232535e-04
4.582044012685006652e-04
7.008554612661656823e-04
-3.528514281931257593e-04
1.300498167822367089e-04
-1.120380687312381301e-03
-5.835562304813722090e-04
-5.425960443614474653e-04
8.110333396550613045e-04
5.139039556554203335e-05
4.662110434986466460e-04
3.468975740292893619e-04
6.107374765497684821e-04
-1.421473073121926945e-04
-3.030417193683035198e-04
-1.793014276117007921e-05
-2.232129490881309722e-05
-2.831311148489411181e-04
9.803414954248856027e-04
-6.789959760544212602e-04
-7.837017981016624864e-04
-2.048153201097282041e-04
4.050657674994625557e-04
-9.796014900742509575e-05
6.432671908465836461e-04
2.520035434410832290e-03
6.720960541223726912e-05
8.335340980803693798e-04
-3.432405994586785244e-03
1.008282571513135313e-03
1.233983236223437641e-03
2.074146228046655580e-03
8.532062936933332330e-04
-1.699691331251286627e-04
1.781214829594746345e-03
-1.194656333680083884e-03
3.130604598671074459e-03
3.197658038609349582e-03
-3.655422696271290808e-03
-2.700672090617806651e-04
-9.587896388639679515e-04
-1.561147721365577223e-03
3.977272047768298335e-04
9.694760483893599418e-04
1.111362408251154307e-03
-1.619552253091444951e-03
-2.210589818288139288e-03
-2.422588176309944821e-04
-1.599917416627406148e-03
-2.773778807325889915e-03
9.589500944935415438e-04
-1.087349867989662608e-03
-6.297107380619141161e-04
1.263718540975950497e-03
2.447886805068646868e-04
6.413953802799273471e-04
-1.243878836976814155e-03
-3.896456993177725681e-04
7.520826144340763721e-04
-1.006707253288044966e-03
-2.002336376737048635e-03
-1.232734010678998354e-04
8.321806233321727342e-04
-8.919868188854336317e-04
-6.973371574649903960e-04
-1.125892981309584238e-03
-1.881227479156155581e-03
-7.064154944186664406e-04
3.154770779188474829e-05
1.974241469235000037e-05
-5.194084129141558412e-04
3.401778247831412452e-04
1.509836746699053144e-03
4.513077750664612280e-04
-1.414785722986193917e-03
-9.428939326817497441e-04
5.420828382575566346e-05
-2.846822180925016890e-05
6.255902991251569142e-04
1.226076532692846636e-03
1.851124678004034208e-03
1.213444696565139490e-03
3.411874950683033126e-04
1.244407444281088590e-03
2.559184611532688142e-03
-2.424364625191975913e-04
-7.588716357210719679e-04
8.681335418928768071e-04
-4.256431702447177276e-05
-7.242473433973467111e-04
-1.404926109557653232e-03
-4.775707265272201903e-04
4.057998972083850424e-04
-1.116414640795972309e-03
7.537031410770185470e-04
-9.008138158516400262e-04
7.947498965754373496e-04
5.126417159509570349e-04
-4.635500877561224832e-04
2.614333005218548943e-04
-4.242252488763137343e-04
9.306032808132632750e-04
5.447261113238584859e-04
4.227840371564470234e-04
1.305649258202521302e-03
2.114493782538898105e-03
-1.441992428979468280e-03
-1.154681050759082984e-03
-1.548780182796393888e-04
2.033744860440677132e-03
-1.478869998247345522e-03
-8.771721525565231428e-04
-6.689740547464416692e-04
-6.698104440226873915e-04
-8.828188648938593749e-06
5.496822094508213921e-04
-2.534826495282801974e-04
8.595236312521339558e-04
-6.604076296372055543e-04
-4.593528160985939791e-04
-1.257594615173077959e-04
-5.387496609538006305e-04
-5.080154794344162198e-04
-1.290872693703284035e-03
3.212808112788976449e-04
9.244129895677937001e-04
-6.151962440001219564e-05
3.735562615586575310e-04
8.159260530868425330e-05
4.457575046729905940e-04
