2.465726569548334392e-04
-5.165262278735853517e-04
-6.088310083926236176e-04
-1.993541267349059382e-04
7.423204549164696010e-04
-2.281933181830376046e-04
4.984083544816096363e-04
3.420988094790767490e-04
4.216182438159201589e-04
7.827631091873526407e-05
1.112603696470142666e-04
-4.921748703099903697e-04
4.454757501746919781e-04
8.232959984612328933e-04
2.790200390994981568e-04
2.166537163818626859e-04
-1.333756913670623928e-03
6.960831530530265342e-04
1.159202195797710963e-03
1.464309648755275856e-04
-9.015559330144527631e-04
-1.372247047924699632e-04
-2.281133802986140275e-04
-1.788174727441491985e-04
1.430630906958169166e-03
2.639676596323131696e-04
1.508951478335511954e-03
-1.474367905412327226e-03
8.824134037008833469e-04
2.047277981934302656e-03
9.881379797756187529e-04
-2.190948499017744732e-04
-1.155160304309297995e-04
-4.480349940167199416e-04
-6.115711041255325131e-04
1.503503994202518327e-04
1.688861597368528610e-03
-2.272650546999758180e-03
-3.817481018491916830e-04
-1.077653734345829402e-03
-5.378884924947579041e-05
-4.670880568062829282e-04
-1.266796010566064237e-03
1.040727172139116301e-03
-4.778175296282271894e-04
-5.035494384740423933e-04
-3.045432725889232772e-04
7.470942783460227847e-04
-2.727018221244040664e-04
-3.706130392164759296e-04
-4.378120171256399788e-04
7.804771246193543477e-04
1.788160306881417152e-04
-9.644490956638004844e-04
3.714824490886603210e-04
-2.352171820201199182e-04
-6.161790725020994952e-04
-5.426188026720611159e-04
-3.156424903878022898e-04
-8.037328485524964251e-04
-8.355471887237402907e-05
2.367147349134561974e-03
-2.090984289642035341e-03
-2.434330396824810599e-03
1.095846408100463291e-03
-6.507630443830902511e-04
-4.960489844937869671e-04
7.130245716783170261e-04
-8.833135125190448274e-04
-7.176109311899578607e-04
1.285854457077583802e-03
2.987943095060992781e-03
-3.663334854364563332e-03
-2.027920131186948570e-04
1.637942451539393853e-03
-2.028994307062626304e-03
3.884777008336748674e-04
4.325595441596528879e-04
5.721873311940106274e-04
5.161525969107868584e-05
-9.882813974486654839e-04
3.228970570183901240e-03
2.380011898223440090e-03
-1.620865473768563856e-03
-1.525918222337655037e-03
-2.026360831854300774e-03
1.432131927200378223e-03
9.615337113274715188e-04
1.318122767190047732e-03
1.558683391643079456e-03
1.646764993055906167e-03
9.216808712395113332e-04
2.008105367570195247e-04
5.970436598120784644e-04
-8.232537232938047598e-04
4.960773068015900475e-05
-6.899900795443313258e-04
-5.676666614994073162e-04
-2.804048881978134689e-05
5.408945142070187501e-05
1.456636812043125536e-03
1.380909243296290871e-04
2.826585774371235919e-04
-8.463900872790927317e-04
-7.919695157647176163e-04
-1.024028127967538653e-04
6.623849211444474139e-04
-1.350243978412544012e-03
-2.342438334491617907e-04
-1.647494623661430223e-03
7.486628557976754102e-05
-2.321179038639613248e-03
-7.995231073771627258e-04
3.497853581402955714e-03
1.238008985431547420e-03
2.143920129346457704e-03
-1.165081969430541587e-03
2.652129590548955797e-04
8.096073451908032171e-05
-1.050625071090384791e-03
4.220021708160270023e-04
2.581217436033779629e-03
1.862440394115775968e-03
1.136507598306668891e-03
2.724487220531356894e-03
3.491038071397016031e-03
1.998098061245560941e-03
9.134306321045075855e-05
-1.271367454246287746e-03
-2.458544196955762470e-03
-6.302711617789906592e-04
-7.646689053223597538e-04
1.047536953008871966e-04
-1.403193571254600759e-03
1.079091005432150836e-04
7.934284607622083289e-04
2.202423768314359844e-03
-1.799478809652179040e-03
-9.930497909086501759e-04
-1.725798686564794559e-03
1.158307627368419145e-04
-7.291400474221394323e-04
4.687946887697255782e-04
3.878618060238733290e-04
-7.007872186854913980e-04
-8.992703142792619854e-04
-9.921793573930844622e-04
1.497285808922161135e-03
-2.514546898123901954e-03
-6.972398278350734916e-05
-1.692537311042502119e-03
1.170730510722293918e-03
5.449616504152977403e-04
-1.143693194190423170e-03
-5.218055389934020709e-04
-1.636687753023126715e-04
1.089850738082744509e-03
5.860097566169530838e-04
-1.909396723590711653e-04
1.037180757314584565e-04
3.021297682620616544e-04
2.961921435188802918e-04
-7.358113309048469868e-04
-6.443140324095918267e-04
-1.021658776696552718e-03
5.164587280805471537e-04
-1.083957830942988221e-03
-2.733972980405706827e-05
-1.541296581121686033e-04
-2.157836875626847558e-04
-2.908997674247129238e-04
-6.284983757540899647e-04
7.016854627684669535e-04
1.364285711258527789e-03
-1.584412929452577289e-03
-1.357716015956482686e-04
3.439823543681608470e-04
-6.026613051089718285e-04
-6.665106348688704064e-04
9.482350862177331115e-04
-4.536418178968335013e-04
1.564040070768156574e-04
-4.223527250066289756e-04
5.898407827413157780e-04
-2.029115894129999379e-03
4.514191631753388507e-04
1.875728828166802614e-03
3.234163048220134017e-03
-6.965709608072068876e-03
-1.407094384053417550e-03
2.474134287069769118e-04
-8.628504417594988485e-04
-3.367962853065005306e-04
-6.789080690595347689e-04
5.246309347423240566e-03
2.072505861917399200e-04
-4.797713268624410150e-04
2.839914144638981913e-04
-4.525879962716197898e-04
7.971044345848978842e-04
-4.500036954094872453e-04
-1.049799247021959443e-03
2.872976822496073161e-03
-2.488222674375929018e-04
-4.075064984373778440e-03
2.206321363824858498e-03
-1.994422229325127933e-03
1.661866687486598807e-03
8.148453077776304440e-04
-4.345086167964110459e-04
1.741450586176305918e-03
-7.482832911935369258e-04
6.253561749120412116e-04
1.594613815094882581e-03
-3.579729837347867937e-04
-2.609021582551454554e-04
-6.268309285076259160e-04
1.008998230050834818e-03
-3.958911406843392271e-04
-1.289465820256069286e-03
3.883790248762312319e-04
9.737276723363372352e-05
3.918959157898657219e-04
-4.771369931031893314e-04
1.747763341060489472e-04
4.437474565346265416e-04
-1.197535717794529333e-03
8.022691727800627037e-04
2.542859725103850839e-04
1.629713459721849104e-04
-1.957990433163573371e-04
4.530293350949307824e-04
-8.787343938851441662e-04
-6.683925312295239593e-05
-5.405148641941679094e-04
1.273324595237844414e-03
2.714418910017665516e-03
-2.622877835912840704e-03
-5.072549473767291005e-04
-2.973146361879300693e-03
-1.448248254701930623e-03
-1.069024806763375305e-03
1.570003371486740178e-03
-1.261916730812038352e-03
5.679669042549956868e-04
-1.267049423710617500e-03
-2.452740741480070614e-03
-1.317877124268419028e-04
-3.294406075472714607e-03
-7.367177659543488978e-04
4.731602499801600831e-04
9.012422881404920589e-04
-8.292241668634063806e-04
1.104269292779621247e-03
6.614901472043728612e-04
-1.179403477421560060e-03
8.885030915873661774e-04
-3.788504202416257522e-04
9.560258299915941121e-04
-3.687757849439908878e-04
1.235352279430983235e-03
-2.348399878435935249e-03
6.694742459137168877e-04
5.245503355273939926e-04
-2.429520371721094561e-03
-8.053663134722151588e-04
-5.380563134160642330e-04
-1.899188730213071221e-04
1.688637781384161362e-03
-1.378527415244071167e-03
8.982349661966289225e-04
6.911699428958028267e-05
-2.512890071870217830e-04
-6.389772290440878322e-04
-1.054290075650840888e-03
-4.889527736365106787e-05
1.291325520446195269e-04
-4.596053138522612118e-04
-7.731112967551531298e-05
1.961245372562477312e-04
7.337761205253989089e-04
-5.742626338026897729e-04
7.459158381093222755e-04
1.639452487683048143e-04
1.138715609795105032e-03
7.024931486869242072e-04
