5.492269049147130303e-04
1.420401665700672168e-04
-3.879856210656815012e-04
-3.942281975511249749e-04
6.087519347419599819e-04
7.120180592007143436e-04
-2.552021609239241975e-04
-4.747927279338643130e-04
-1.547376423867948328e-04
-3.329472198805526174e-04
1.115055052012767786e-03
2.342589983867152201e-03
-1.061668696161353594e-03
4.959788096412590932e-04
-9.647141962495232306e-04
-1.675507119359753759e-04
1.185944517855176846e-04
2.559614785568242997e-05
-2.962822144866325905e-04
9.544302449045968275e-05
8.868477943082393690e-04
9.700358696457308941e-05
-2.402500389959056921e-04
-7.349459153067509432e-04
-8.056720962295209679e-05
2.486417348863345319e-04
-4.440097210507653030e-04
-2.847428759106890783e-04
-1.295168524582231357e-04
-5.699168960127115732e-05
-2.071826898846476823e-04
3.657929859917981199e-04
2.743555624157340862e-05
1.606454433886472268e-04
-4.154779448858865812e-04
7.281085952758467247e-04
6.394969221024893397e-04
2.244835376674751432e-04
-5.602941799143505881e-04
1.352102976905273030e-03
1.495189915003029358e-04
1.000677938774163387e-03
-1.616960300849247609e-03
7.065104425844737730e-04
-6.807083372719615819e-04
-4.381517352770984437e-04
-3.094289751441992140e-04
-7.142995072953187618e-04
1.179263407042127707e-03
-4.843319132568689542e-04
-7.652303105387198373e-04
1.087131940654090072e-03
9.258526856080352002e-04
5.112529074561472436e-04
-2.638644385621823313e-04
-4.829706699195548264e-04
7.465405160207211257e-04
-1.703100545088003306e-03
1.213446234303529889e-03
-5.287611338913292183e-04
-4.014126205690011324e-05
1.672677899582426960e-04
-6.160992277307700575e-04
-8.656444188199244284e-04
9.968561882938239581e-05
-5.575847747194456793e-04
-9.747840623806517746e-04
-7.470717380418500503e-04
-3.316299132524441057e-04
-2.183398658012875547e-03
1.858677513345478524e-03
-1.965078568495021659e-04
-7.018527447654231762e-05
-3.249955881600512220e-04
7.076243482315201306e-04
1.093856967728328283e-03
1.325349954788525991e-03
3.355874509110239436e-04
-5.542097475784253310e-04
1.194533318184791675e-03
1.307226811495470088e-03
1.536401047761166939e-03
4.087745594237440772e-04
4.453592982444922431e-04
-8.205262643289207010e-05
4.417071359365308081e-04
-7.416737814753873162e-04
1.143203216828065239e-03
3.057027245738551608e-04
-1.796198631434431153e-03
-3.588072798906351323e-04
2.036402148643035037e-03
-4.663520961730598688e-04
-3.862735125075390861e-04
2.382644563345740450e-03
-2.471737827889582302e-03
-6.759828213668598825e-05
1.052944395928994770e-03
1.817317642196921009e-03
-3.251138328811911280e-04
1.448900721860728888e-03
7.253539574475279233e-04
-4.080964483561824122e-04
3.265631146318653984e-03
8.705299886483204228e-04
-3.062131986451594075e-04
2.837613196464474361e-04
1.069504459742405588e-03
-4.676878612257380193e-04
-4.119280337792584606e-04
4.276795946805003550e-04
-3.741969134017135109e-04
2.997916260421090392e-04
6.542402764442231688e-05
1.204218416168789083e-04
2.375021616501337123e-04
-1.952656365820229837e-04
8.026190783384841041e-04
-4.674167998059478284e-04
4.308524085893520369e-04
4.732082880294319837e-04
-8.378402627683401692e-05
-7.785657773699297636e-04
9.644435662649888334e-04
2.142358742266892613e-04
1.211074910321052397e-04
-3.242720469965541786e-04
-2.635581375200129551e-04
1.337919407557658109e-03
6.461713908238115906e-05
8.144156340150421553e-04
1.928429606788923203e-04
6.985721301447524569e-04
3.285442491815565775e-04
6.233874920121273153e-04
7.326869234482237840e-04
1.178424311215517297e-03
-6.766998472959741663e-04
-1.053570872054952756e-03
6.913128332345525604e-04
1.921425035670830698e-04
2.044489597926475586e-05
3.292979247247744030e-05
9.171711257469539105e-04
1.019082828766641399e-03
-8.443645102028451499e-04
4.695573104460194270e-04
-5.647968433783178170e-04
6.535439208623002863e-04
7.525296226825769867e-04
-5.453352794210160380e-04
-7.801401217157737664e-04
-1.374276543010542360e-03
-8.957188944413158179e-04
1.086526303402262066e-03
1.236053470353464488e-03
2.030044927844268268e-04
1.326921818537448328e-03
1.752061436340709944e-03
6.477979704653916192e-04
-6.162575312288078424e-04
-1.266512127150087137e-03
-1.463156191221983088e-03
6.135956241917261749e-04
1.662713186192625895e-03
-1.466360374406233116e-03
6.807076372517094495e-05
-3.201683787987720953e-04
7.472308260261102371e-04
-8.992349882838119408e-04
4.297906106107325934e-04
9.724957661983009373e-05
-3.161683780266307062e-03
-1.419031631562591789e-03
6.079611113923088584e-04
1.392776093903497475e-03
3.904055300703474299e-03
-1.355470592573532985e-05
-2.639253591434252959e-03
1.027509293998340271e-05
-2.644807875815156830e-03
9.629515582367276531e-04
-5.591316733852449549e-04
-7.067835328340257069e-04
-5.956839539261927661e-04
-2.195549903977437754e-04
8.283221915425543211e-04
3.747560534647491901e-04
-1.038412422674135117e-03
1.859034631307611299e-05
-3.825137692304805435e-04
6.877524139402884295e-04
-8.147673380076445385e-04
-7.467444308018689279e-04
8.952729126068705153e-04
-1.334332206970849886e-03
-4.850305406458033639e-04
2.705637130177010116e-04
-1.228240582798048120e-04
9.746119584910541145e-04
-1.897627834561180725e-04
8.496757128749572383e-04
-8.473520944581644900e-04
-8.679050415497517905e-04
1.131806046351627138e-03
-9.257566539655579397e-04
6.752830189414979391e-04
-1.311238973429310246e-04
-2.286916550637593630e-03
1.323339464038632588e-04
-5.096073907403669574e-04
-6.632357374103634321e-04
1.134507073954388090e-04
-4.856635275446006162e-04
4.360705417091727894e-04
1.211130687952022972e-03
5.109284551874453649e-04
1.936902153909653796e-03
-1.365489963226908287e-03
5.857176265317114161e-04
1.330325371588001295e-03
-9.004634456547994147e-04
-3.235597735593770462e-04
8.780331602038726974e-04
-5.929510792057992360e-04
6.642084718149265455e-04
-1.328522876001607120e-05
9.212922985817325683e-04
-6.420339866640575009e-04
-1.870166365275403170e-03
-1.408888082342722172e-04
1.255195793494493818e-03
2.699088484899943210e-03
-1.154502430543308131e-04
1.407857641135335132e-03
1.509134403128475563e-03
8.036631491806805376e-04
2.275926834171815554e-03
1.685681573637945173e-05
-2.518555052123238030e-03
-3.788200582531335049e-03
-5.874077106179813378e-05
-1.212689978714262009e-04
-6.572525331013932045e-04
-1.416984864223239018e-03
1.451160571900409358e-03
3.795257763182996065e-06
-2.350204467800625328e-03
-1.237833570802424673e-04
-1.066057372237834769e-03
3.279166034794022723e-03
-2.452848833818357770e-03
-1.463528686420027120e-03
1.395753235249647464e-03
4.755386602282387493e-03
2.303513655397628184e-03
-2.110606236765870045e-03
1.510685860901904995e-03
1.565626780398293814e-03
8.999497250843665032e-04
9.573895908016488189e-04
-2.564130868200403899e-03
-2.585758731012776420e-03
1.757695249654170041e-03
-2.865589376027677729e-03
-3.716345934275093292e-03
4.519386851165417139e-04
-4.522713284417735277e-03
-1.156078096750647695e-03
-1.762054319364449043e-03
3.899596752952591300e-03
3.490216343452161979e-04
-1.100999115720018061e-03
-1.924657509619711422e-03
7.682881180424472095e-05
1.778623021583671275e-03
2.903710402790044259e-03
-2.966557315143811529e-03
-2.099867380573734905e-03
-1.151282392055965817e-03
7.321523171310859515e-04
-3.600199701043430012e-03
2.875469329582088906e-03
-2.821260397821122746e-03
-4.471463488346475411e-03
-1.947280377599093721e-03
