-5.147033031000969230e-04
-5.573533835100390622e-04
7.930877451954471157e-05
-7.075308952423178289e-04
-2.557516854176835187e-04
-3.313661503708015699e-04
-1.355350717408925463e-04
5.131880510040073666e-04
2.749073170840521732e-04
1.960310392523397351e-04
4.506758537695719036e-04
-6.676178329341531971e-04
9.091869173232734183e-04
9.673376147598727534e-04
1.356316240560053420e-03
-1.899703231201711078e-04
3.133686946419833239e-04
1.646964911006019538e-04
4.908720540848017944e-04
-2.197931816726560324e-04
-1.009414612845359023e-03
2.582102042611783208e-03
1.551276275137559524e-03
-1.346798997458671421e-05
3.428221688428084897e-03
-7.422890234167681253e-04
4.480520427708703946e-04
-2.173092441955470867e-05
2.725745352246860599e-04
1.731425085503755746e-04
4.203168358099411742e-04
-1.186041642341684925e-03
-1.102177841427465005e-03
-2.349894880224885976e-03
-2.824177980268307263e-03
-8.958497162095356830e-04
3.403432002757893378e-04
-1.257609137640075363e-04
1.162388845237602008e-03
-1.526999268539021553e-03
4.281168696924620137e-04
3.058189512231207838e-05
3.136446745079465203e-05
1.154308759302371786e-03
5.002272041105510587e-04
-1.333158747857183981e-04
-1.756945671938462327e-03
1.373728745688371352e-03
9.993162499080476911e-04
2.596166724404948907e-04
1.238699507303127030e-03
7.780521765493416037e-05
-3.760778514830114298e-04
-1.042712859425058572e-03
-2.374533920449466281e-04
-7.744823875833765827e-04
-8.504533845053236689e-04
-4.270214776937392501e-04
1.075410481212655178e-03
3.671400281735802342e-04
-7.251323625102844544e-04
-5.521410004314367039e-04
-4.386184299611241527e-04
5.051314421523573966e-04
-3.518980934615545332e-04
-8.095606803032773290e-04
-1.578587935230518248e-03
7.900661280251826532e-04
3.098722438252184911e-03
8.362957241975886450e-04
8.827339162909334479e-04
7.572238868587856386e-04
-2.707588039665138175e-04
5.276028663446679420e-04
8.256542822908505188e-05
9.382212736629228769e-04
-1.771946219635050319e-03
-2.659632982589909059e-03
1.865990675453425059e-03
-1.171766226069585661e-03
-1.946851166468521407e-04
7.742017895384386119e-04
-8.921064706103211525e-04
-4.982217461654078619e-04
3.672621078498989147e-04
4.747988720988630313e-04
9.588425180678507775e-04
-4.681524211491477818e-04
9.394902733592838499e-04
-2.267188768323339688e-03
-1.444083180471799049e-03
-1.631581765139694825e-04
1.605756450769200028e-03
3.916787853480530957e-04
4.429397010270618080e-04
-1.856090059356574904e-03
-3.982871580142023529e-04
-6.983985120605460143e-04
7.479594990717419126e-04
8.303629160366646699e-04
6.886206827797466175e-04
1.294505298351741798e-03
-1.232136462985301026e-04
1.278398430831224680e-03
-9.294135629793458676e-05
7.121637195797383838e-04
-3.786965882951751961e-04
-1.844652028282480968e-03
-8.516088797105391241e-04
-2.096911755356335770e-04
4.892931070416164756e-04
3.825442705212225717e-04
-1.788402626436709606e-04
6.534499074976456720e-05
4.039612211860965012e-04
-7.678694401585300293e-05
-1.053970269998872646e-03
1.640058403137069094e-03
-1.557094317632114590e-03
-1.678791890127989553e-03
8.922210547159043414e-04
-8.212287024698917447e-08
-9.007169410646736433e-04
-8.514050095172117369e-04
4.403887178817117573e-04
7.362762890560692374e-04
1.473366845260871538e-03
-1.891758516039559069e-03
-9.956620749239281955e-04
-6.683083230766269194e-04
5.954789701786753322e-04
8.307518483037024722e-04
1.844517737152035321e-04
-7.728642701661986086e-04
-9.086179768661115661e-04
2.390234657965339038e-04
2.430855382077468780e-04
2.291351644372210223e-04
1.685587208472254380e-04
-7.022749546453608822e-05
-8.149757946449500030e-04
-9.269735065575396109e-04
-2.517292568216099465e-04
7.672473457024254345e-05
5.017440481789360324e-04
-7.629963217847396666e-05
-9.848845102578616777e-04
3.202395935891670176e-04
9.423388094837606508e-04
1.509621551319906448e-03
2.435581953995487293e-04
-2.312459395477346833e-03
1.688080985417194999e-06
4.515508728851843137e-03
5.336039261934902474e-03
4.815601688690822335e-03
2.664645222896451070e-03
1.595429186996055347e-03
1.908139798616827502e-03
-2.802737553920305481e-04
1.454841540449855345e-03
3.357334022130326664e-03
2.651688484121467442e-03
-3.877949366147669368e-03
1.863220247585675553e-03
3.594948780943273635e-04
2.400515510281070908e-04
-1.694008225892657980e-03
2.148532546707457389e-03
-8.383090019820325391e-05
2.523467634542590071e-03
-5.833162554901717266e-04
-2.005273622532949198e-04
1.795832861931079705e-03
3.306109506227285460e-04
-5.590314764118751003e-04
-9.740765711935531115e-04
1.607718291387327412e-03
-9.227764038613722308e-04
2.329350117009580407e-03
1.241434891522114731e-04
-1.766494757130736108e-03
-1.413059653306902863e-03
7.442426815355489104e-04
2.020923347672575181e-03
3.154157289542842925e-04
1.033565300009895577e-03
-6.361540716462682314e-04
-2.996962027704297448e-04
9.060817100824228613e-04
-5.281054661602496833e-04
-3.588685337232655958e-04
-1.171419087611775189e-03
-3.645821555294808552e-04
6.065880241075879151e-04
-1.213814503894154826e-03
4.935466939984556886e-04
1.073121905232261560e-03
-5.971747904274112527e-04
8.041871107846551483e-04
-2.138852450185114778e-04
2.081022198844374477e-04
5.153777503481339096e-04
-5.008576392973805016e-04
2.297631575525140469e-04
-8.390601273567274655e-04
1.155364034996394541e-03
1.757654527064950211e-04
4.367477752225931210e-04
-7.996421135932981102e-04
-4.559614740871681848e-04
9.664639128651011978e-05
2.260781320640372662e-03
6.784629653656556970e-04
-4.093039410352001216e-03
-1.264249030036142252e-03
3.491999658673890575e-03
-1.200012027287477917e-03
4.232961199003542306e-03
1.584494869294102940e-03
-3.599662957124389402e-04
8.029515972656222581e-04
1.081309888252318403e-03
-3.545488993767137009e-03
2.669999624984716047e-03
-2.030973607514121194e-03
-9.794956043778001251e-04
5.724745460018275259e-04
-2.958425485024364951e-04
-3.317764535147396947e-04
-1.525729890607072222e-03
-1.500325058766339287e-03
8.187690655182151009e-04
-2.578520359879045779e-03
2.187740116858361613e-03
2.407130215265721211e-04
2.332150609408350454e-03
1.627080753816254576e-03
9.607700112311047015e-04
-7.318629128470820026e-04
-1.321594703103263699e-03
1.417489729215268756e-03
-5.603548419369798732e-04
7.769829837691486722e-04
-1.077342232837519894e-03
9.109230839759468621e-04
9.158531494097203827e-04
8.021495943335122216e-05
2.884361116642248377e-04
6.205770885755530113e-04
4.655084003030729727e-04
-1.216053035309242706e-04
4.568019375584815404e-04
-6.283294961769954941e-04
1.451457976423564688e-04
1.143791978829057643e-03
7.099842335004675348e-04
-3.327459514277656327e-04
-3.696412067653463609e-03
1.153698258251793958e-03
-1.668680537960187324e-03
-1.227205167722033837e-03
9.238229418129307365e-04
-9.274928839405584746e-04
-6.143748891968240245e-04
-1.031569250907263475e-03
9.064552477946997110e-05
-4.838384131626410878e-04
1.160499749462880377e-03
7.790931669268534327e-04
-8.946394510024884179e-04
5.316299289502481474e-04
-5.687221262469575704e-04
-2.577315698101004466e-04
-3.316869843389674138e-04
-1.150162370966506791e-03
4.948416094796400299e-04
1.376113947506233835e-03
-3.659798822017721926e-04
-1.221861397653316176e-03
-8.788704910606191627e-05
2.376759084143695690e-04
2.747183191167382643e-04
9.987352920373714429e-04
4.521224317814059911e-04
-2.798210884521542142e-04
