5.514985805048480596e-04
-9.897273676396716412e-05
-1.817390711651307436e-04
8.697947421911894888e-04
4.561296563575795030e-04
2.140835454790659183e-04
1.267251532983502649e-05
2.720255717488408295e-04
-1.646603245670424985e-05
3.271817845875576395e-04
6.481003438100847638e-04
9.588967346206817661e-04
-1.148435932897038433e-03
9.767108783307000466e-04
4.787848463418882300e-04
-2.010669077715069328e-04
5.476548457897549224e-04
-3.281931634320148358e-04
1.111043487680285621e-04
-4.425261369394785263e-04
6.005684617864903404e-04
-2.611387041535627213e-04
-1.365913334325614568e-03
3.443817106882663369e-03
-8.354115644993495961e-04
2.858311746400152395e-04
-5.029786544806984314e-04
1.258114378327367328e-03
6.834082480273235465e-04
-1.473182490417470052e-03
-2.094792758508278157e-03
4.173697180288256955e-04
7.835329584755585568e-04
-1.005516945667841262e-03
-1.381600110773689456e-03
-6.073413532114838899e-04
4.229797277604669379e-04
8.052324016257097041e-04
-4.960850309091810895e-04
2.269161275380052699e-04
3.956525045879716925e-04
9.902726701528760580e-04
-4.534757103772024060e-05
1.697367800855586518e-04
-5.749171360724977635e-04
4.166841054301384257e-04
5.815363980992861856e-04
1.346329583073369485e-04
3.732662655076777742e-04
-4.096061351815763495e-04
-3.926503948281854893e-05
-3.422750068142851507e-04
-9.741612391175488673e-04
-2.280824561812983160e-03
-1.212096746778656454e-03
-8.968406152586951051e-04
-1.087229996270925019e-03
3.926787919777568504e-04
-9.637146799749782972e-04
6.900533170550252884e-04
7.419453195052744905e-04
-1.170391234676859769e-03
1.337438023821191314e-04
1.032355137739345962e-03
1.987484716687886366e-04
-8.718087026969044201e-04
-2.500364032556237799e-03
-1.288748450103252780e-03
2.061839964902880892e-03
-2.183816144689092187e-03
-2.913763065108288322e-03
-3.277366879604727036e-03
1.887960903899787047e-04
-1.540619023706106322e-03
-3.111504941220819345e-03
-4.977992481054354431e-04
7.748557677320426192e-04
4.316513367168040342e-04
-1.590194082730444526e-03
1.569474514305044960e-04
-7.382580151826654462e-04
1.340314046982941411e-03
5.028607910797648932e-04
9.433952894083982637e-04
6.923459570403238611e-04
-2.277332184012341464e-04
-5.310849902866418863e-04
5.685318545517354131e-04
1.075526498013555215e-04
-1.229493851239318685e-04
1.754144457991621423e-03
-7.511624871512508593e-04
1.011154812773125931e-03
-1.560733454549507050e-04
5.456122852766727069e-05
-1.550479118917554738e-04
1.083068785266226141e-03
-2.190799881960550492e-04
1.677413412762570428e-03
2.396947515102071640e-03
1.104360373399578812e-03
2.908307643307796089e-04
-1.237837841772388651e-03
-1.326233630477144300e-04
7.713502323982303994e-04
7.242843967495459293e-04
-9.133367732609803643e-04
-1.111707505707786601e-03
-6.391034563359131724e-05
2.930560160246501204e-04
-1.891517612046065958e-04
7.124766437611156772e-04
1.030051764086349457e-03
1.872096376800950644e-04
-8.339283935915498165e-04
1.092831890686105653e-03
-8.474307548656533117e-04
1.518906046719980812e-05
-7.439155008098514293e-04
3.071229701635733969e-04
-3.793532069900562510e-04
-5.849088635630970935e-04
-2.974712200576007208e-04
1.252838549693189609e-04
-7.535593982945908847e-04
-5.642543818543075415e-04
-5.787494742666351175e-04
-3.994787765638284729e-05
-5.153418377458450234e-04
-4.420290173508789589e-04
8.424744631959360996e-04
-6.003495321017714116e-04
1.196621398650114663e-05
-1.823714558837911861e-04
1.794877703523068584e-04
-2.917944662683943425e-04
-2.777540161792020252e-06
2.330829269750933532e-04
7.931696497345448477e-04
7.320203453213270902e-04
-1.067312078816985655e-03
9.573317885285804974e-04
2.916863184426187762e-04
5.378467323251800167e-04
8.151990674508182181e-04
-6.595884959833844775e-04
-3.358916860827935828e-03
-7.317999289900403758e-04
4.660257363922565808e-03
1.849982574430847088e-03
4.207870051882033231e-03
1.079789419625075192e-03
1.730725716481150534e-05
1.636141269466916256e-04
-1.834573679545211484e-03
-9.755371891426550509e-04
-3.667467468999103652e-03
-2.744603938443006003e-03
-1.668544372847414017e-04
1.617244123125139961e-03
1.006028713107940493e-03
1.017546013326053184e-03
9.819379009053229995e-04
1.529474190984486974e-03
1.744787616146901976e-03
-3.472369420808067968e-03
-4.311728936225625694e-04
1.412309680607286289e-03
-4.523933683399296193e-04
-1.336776380456748594e-03
1.412992178330359011e-03
-5.271493405198243373e-03
7.034854240329394893e-05
2.078203989855044974e-03
2.792445829402384616e-03
1.893155258839052286e-03
-1.966448201105018903e-03
2.714592210814714256e-03
7.015205124637243069e-04
-1.996030457351943247e-04
-3.464502283304852072e-04
1.240704603297684838e-03
1.396012542031142270e-03
1.022265629254078597e-03
1.926651456861480866e-03
-6.802618881746590749e-04
2.598275262983775098e-03
1.671732756484276905e-03
1.244058554561651301e-03
-9.190727936348980600e-05
7.142178748221768942e-04
-8.322299756837666122e-04
-1.725418304910396675e-04
-2.747389518401229750e-03
2.370786781476587920e-04
2.197493405924982445e-03
3.033894841449834268e-04
-1.464994923342098371e-03
7.452292190854910986e-05
2.764370493925976877e-04
4.514795214869828468e-04
-5.825383684991932050e-03
-2.810662481437757728e-04
-1.703891164916985579e-03
3.047946467994709988e-03
1.506460081743457699e-04
1.375344773502000430e-03
-9.807061018642755038e-04
2.253210743312822600e-03
2.242258229819991174e-03
1.894395509006264328e-03
-6.203693994148688643e-04
-9.957259982836951136e-04
-3.741910627233869320e-04
-1.639133896243158547e-03
-3.872783240096120154e-04
-9.134362961442478782e-05
1.220076510078251615e-03
7.339417469151919126e-04
-1.116350444848378731e-03
-1.532094137543106582e-03
-5.546906827549457231e-04
-6.454603242257039462e-04
5.107078659579931392e-04
3.657933958692419544e-04
8.766050859900250238e-04
-9.936949092375958487e-04
1.207040783041084817e-03
1.837986041842466778e-03
-1.507874398565348128e-04
-2.197478832481289954e-04
8.418199537334476843e-05
-1.130699520455916412e-03
-5.324892767058138918e-04
1.335141253521157168e-03
-1.110650333465966781e-03
3.824330324093381281e-04
9.002538697558175535e-04
-2.703500683911472225e-04
7.884204552801079289e-05
1.256330754985936996e-03
4.243861986985986569e-04
-4.140798685352055928e-04
6.622659904943840924e-04
7.125366569895597024e-04
7.587726868100358240e-04
-1.299366065468544147e-03
1.720592480125485006e-04
6.537334674387138044e-04
-5.231189105968896006e-04
1.211670313943226862e-03
-9.963550245048920229e-04
2.350144366163793054e-04
5.599698010951706866e-05
6.113307559404636445e-04
5.015755540143213790e-04
-6.273813537218483503e-04
2.127459248158322289e-04
7.379298280728004492e-04
5.820768562144919408e-04
5.729648231966214629e-04
1.230826396171686354e-03
-1.828322894811161862e-03
2.089976332058451382e-03
-3.060876650855592213e-03
1.937266144348855773e-03
-6.276661313541534969e-04
-6.602524541396868549e-04
-1.598796481388322852e-03
8.047206294389753134e-04
7.909490316078987993e-04
1.271915796358808739e-03
-4.152945109023726796e-04
1.061117919664808810e-04
-8.728604216243972215e-04
1.558409844590161446e-03
-1.251434225911539095e-03
7.096247580113398479e-04
6.632529138931911295e-05
1.541594562660321573e-04
-4.358173090356003512e-04
-6.744639221252866478e-04
-7.841927374809669902e-04
2.456184385118946427e-03
-2.189223069600791834e-03
-8.670474067774623216e-04
