4.739235393103775613e-04
-8.599985857549413519e-04
-1.073830873592236944e-04
8.931854025229877137e-04
1.387992578052617710e-03
-4.376748355795917760e-04
-4.165855857151581475e-04
-3.583541504811451955e-04
-3.114927377722882185e-06
-1.915005603108952759e-04
-8.131195904635755544e-04
-1.037364281867017611e-03
-3.926400082960088264e-04
1.709826115880914901e-03
1.674482541676519182e-05
2.060856404066063014e-04
1.956330976744100931e-05
-1.170215713232023846e-03
4.937356954287912963e-04
9.460817621490609682e-04
-1.111948735430109362e-03
1.282042346122949043e-03
7.935972431981488462e-04
-1.788066811954286840e-03
-2.757886482765814495e-03
-8.785588721453655705e-04
-2.881229882345993486e-03
3.570981267548941317e-03
-3.247686245024200211e-03
2.254853854842316964e-03
-1.466775797732835108e-03
-7.978389208119217616e-04
-9.208620164869917241e-04
-1.247281412155005857e-04
-1.894449543569976229e-03
-1.057216718815120202e-03
8.941533624572227260e-04
-1.275755404098980568e-03
-2.021976267176983644e-03
-4.431260833919304178e-04
3.908596215730495067e-04
1.524630497261533942e-03
1.862989114475683064e-03
-5.271319422765189831e-04
1.356931553349039789e-03
8.723327571705543867e-06
2.109088203134569330e-05
5.416915040806200878e-04
-1.513714311137050357e-04
-5.827245933726920863e-04
1.057699285336333606e-03
8.970811157757629852e-04
5.938996261752113191e-05
-1.331173411777686116e-03
-5.369181864367327493e-04
-7.474861853761408754e-04
-9.251123529966672311e-05
9.831883813877782038e-04
-3.617762234517345600e-04
-7.226153537426236459e-04
-8.053350218331586669e-04
-1.665618973772007259e-04
4.073416570376642678e-04
-6.616606113252301337e-04
1.434608751000531488e-03
-1.003971735532731280e-03
-1.893262996897321143e-03
1.268582794213790957e-03
3.428738738390318909e-04
-2.378097067390736081e-04
2.298422472971241705e-04
-2.639759120126146212e-03
-2.665763594439520857e-03
3.634527619643458749e-03
-1.537690486521651665e-04
2.176956884572604691e-03
-8.636856552828903362e-04
-2.124975947149387000e-03
1.479718739377081571e-03
-1.865705638242340109e-03
3.153369100994082505e-03
7.043583022704050841e-04
9.958506096780783690e-04
-1.347075987332828654e-03
-1.009825819650113192e-03
-5.522416677442245790e-04
-9.501355561974937245e-04
3.551819607955693388e-04
-4.761340196079297737e-04
-8.713614573799353252e-04
-1.404340497073254751e-03
1.218981451050384600e-03
-1.391458637833798079e-04
-9.621183953575610133e-04
-7.111375149374188007e-04
-7.194673207353578705e-04
7.030889361868554021e-04
-6.249068451613764815e-04
-8.709757209551274816e-04
4.460479905188714398e-04
-1.892368489909547770e-05
6.626965149935177190e-04
2.261471324265320357e-04
7.816546630336967472e-04
6.462798752397442160e-04
3.686252791533310138e-04
-8.911775444639385025e-04
-1.211445306844378478e-03
-7.703034686731016984e-04
6.240066616835018018e-04
-4.104657122558457143e-04
-1.768896186242618386e-03
-1.943352977391270969e-03
-1.554727155304889931e-03
-8.415244269259301163e-04
-3.454971318242046037e-04
1.645826497227504152e-03
1.094056576969986696e-03
-2.420788650406782846e-04
-1.583977494545245118e-03
-1.346384765103400940e-03
-8.633058730473997574e-04
-9.771652537132649152e-04
-2.093654382732115446e-04
5.066688835057361765e-04
7.758873030856417146e-04
-8.160043065569585856e-04
1.759823023530781910e-03
1.085844419204603844e-03
-1.564783552721999392e-04
-1.309536451443412634e-03
-2.088860158203473976e-04
6.181922017632290010e-04
4.190604645858632860e-04
-2.264442199264126007e-04
7.288557822919701761e-04
-3.890777723399297923e-04
3.081468784552795879e-05
-1.013410616038436804e-03
6.325596075798183655e-04
4.605930116374856525e-04
-7.864567090327820786e-05
-1.074261843162898353e-04
5.581539014278024454e-04
-8.724723915059715267e-05
6.896603016822278444e-04
-4.478847925251491953e-03
1.403285092319958094e-03
2.533479710983466593e-04
-1.862273480251629490e-03
-1.491164640312958589e-03
1.930386415705160263e-03
2.516004546771397326e-03
1.159627817672880890e-03
3.444368134101535167e-03
8.105475479466644996e-04
-8.234830009442007347e-04
9.863000787649397333e-04
-2.694290020313692795e-03
5.487726451427505248e-04
-2.174363350979212611e-03
6.186367724066407000e-04
-5.818783518492064285e-04
1.369540623587955181e-03
6.608907560122424156e-04
-2.072608367328972450e-03
-6.773324498735882509e-04
3.353272458465211565e-04
3.083690884284793842e-05
-1.065619617619027390e-03
-1.050784179102531336e-03
-3.095343516325083024e-04
-3.074315255800325573e-04
1.031051064075987631e-03
1.174006960827039467e-03
-7.070013860900087755e-04
-4.011015833412141535e-04
3.451748475014713036e-04
4.625838601325361313e-04
1.862091132206159124e-04
2.530326956102874557e-04
-4.030383169033018714e-04
1.188716421018768277e-03
1.009967230933951935e-03
-5.646769904232274394e-03
-6.174866295468357455e-03
-2.284845896892216070e-03
-3.295534805259686759e-03
2.555397137025427080e-03
-2.508982206149770310e-03
-1.387418144988735282e-03
8.924510061783413103e-04
-2.400700777136431999e-03
3.438740577894547779e-03
-1.744358920099755173e-03
6.187136611803156945e-04
2.288888838507806799e-03
1.093127398819891552e-03
-2.170346158559335447e-03
-8.792547430802267940e-04
-1.742280085232862999e-03
1.123446813602529048e-03
1.993343263948646211e-03
-7.011492993968770600e-04
1.259195825968374054e-03
-2.267218964867923395e-04
-1.119657978581981321e-03
5.701057081415555981e-04
-1.064916751112382530e-03
-1.329444283957074806e-03
3.404359034367024448e-04
-1.409207782115661726e-03
-1.973973912944556285e-03
2.233611752825510628e-03
5.861794961989601075e-04
1.013290330383357632e-03
-7.156013413655161037e-04
3.804483475415818580e-04
4.343645897014261625e-04
1.615026569125556453e-03
-9.841456671385352423e-04
4.817009784976116035e-04
-1.645316071832950849e-04
1.849784608738767660e-03
2.809711955052875544e-04
-4.741026431378153106e-04
-1.903971988566113696e-03
-2.833968836630691994e-04
-1.276872556428332956e-03
1.457840672783212565e-03
1.314045486824536643e-03
-6.247377308216849534e-04
1.257468788185112530e-03
-1.168961375036580179e-03
-2.239012876913208628e-04
-1.115353432053915565e-03
-3.259891480844250380e-04
1.430453028099771629e-04
-1.600945853315545279e-03
3.646029432385346452e-04
-7.531753681558949007e-04
-4.645803768258364042e-04
2.071571118559884157e-04
3.134839774200602332e-04
-2.162605283107555689e-04
-3.392945395796857495e-04
1.031240374713615496e-03
1.804553771310365973e-04
-4.963750764733152734e-04
-1.302130562427484877e-03
-3.652980351084172158e-04
3.609896785920073837e-04
-3.757388505181955582e-04
-2.966876747387854748e-04
-5.996537756415211851e-04
-9.894549153066395809e-04
-5.310815121048879884e-05
1.695891684097576482e-04
2.989134065263994466e-04
1.086821110035001044e-03
2.055055629005794792e-04
7.496606331548123000e-04
-7.916596462959177207e-05
-6.001157987454227996e-04
9.078634328361405914e-04
8.627142039819370211e-04
-1.743487993116819791e-04
-2.586316165030675611e-04
-3.479749224924945828e-04
-1.886411937644068618e-04
-8.182935849781866524e-04
7.987558243843737591e-04
-4.317257382268808747e-04
-1.320698714324831794e-04
3.076775653651124822e-06
-2.994010713524604276e-04
-2.939464997005736484e-06
1.957312127103043265e-04
-9.844222149638898298e-05
2.320501711153130295e-04
5.850878683537326461e-04
-7.172612687446831533e-04
-7.136240659312620470e-05
5.800707607308441165e-05
4.146945776507654480e-04
-1.040528316090892484e-04
