-3.118734682496339324e-05
-4.171923410786190561e-04
9.379462544641031037e-05
1.713218452786637903e-04
3.856589689760695069e-04
-2.225270682265813728e-04
-2.455302411477402200e-04
-1.480503242263202376e-04
-2.259182911599541663e-04
-2.502305407316260822e-05
-9.748374366396871460e-06
-1.017911834955381126e-03
1.215480989273515493e-04
-5.186311879653294739e-04
1.822734392144060504e-04
5.316355575194383048e-04
1.003077362052828261e-03
1.851746846219520922e-03
1.576756512817147808e-04
6.816485299748058788e-04
-1.043285040356112464e-03
9.378229615240906477e-04
2.595090111047460273e-04
-2.119155209093236440e-04
-2.277549299163443824e-05
-2.637468140715970577e-04
1.046102388542240408e-03
-9.390939323868592375e-04
-7.266045635230780793e-04
1.958975776719581454e-04
5.024386333448727657e-04
5.069190569812996594e-04
-3.726582028988441515e-05
-1.413758501888090643e-04
-7.005747661383404093e-04
5.715891437494849230e-04
-7.327264937715669869e-04
2.183021243747779985e-04
1.574945405522646725e-04
7.747555428223893781e-04
3.761917476710495878e-04
1.945791004779217812e-04
-9.572666543841891083e-04
2.213369360871744729e-04
6.138185610787077161e-04
5.162014439737574838e-04
8.471514861539321956e-04
-2.865645939450561720e-04
2.040835917281107691e-04
3.906995471518625489e-04
-3.002168995237008736e-04
-3.077187237445313302e-05
4.313611892638959837e-05
-7.656996788331645954e-04
-5.166396095567117987e-04
-1.817987456396898065e-05
-9.623379832265997053e-04
-1.288492761129283239e-05
-5.301278741437992579e-04
-4.863178295451886166e-06
2.924791824465651285e-04
-2.036110553075628094e-03
-1.271486507092275996e-03
-3.779801728226150881e-04
-3.056386651011513706e-03
-2.566110264100772854e-03
-8.941341785520896324e-05
-1.112135811810113100e-04
7.559119594973758190e-04
-8.467785818203161716e-04
-3.950326958860532305e-04
-5.796988257146326465e-04
1.585087401880823973e-03
3.563082422039792405e-03
9.968204291693270164e-05
-8.615893287333571118e-04
5.271552630632189576e-04
1.926724309483354356e-04
-3.343971430497921760e-04
3.115589598897181402e-04
4.214341346425634193e-05
8.095860925282179947e-04
-6.462883944101681160e-04
1.044737565378145135e-03
-2.171719010973050933e-03
2.266282910182139398e-03
2.054873568249417114e-04
1.624623072137287199e-03
1.599078984533469975e-04
-1.226700730655958102e-03
-1.914431465600127539e-03
6.378205473663519937e-04
-6.983869514766675600e-05
5.486305929546097127e-04
2.630315463145606433e-04
-8.212118901048490616e-04
-5.342010776208043054e-04
-3.894812987397467058e-04
7.096271014121788940e-04
-2.452368136052420107e-03
3.028899064966303432e-03
2.278534669211499612e-03
5.461123010660353478e-04
9.325878783082093321e-05
9.348822151148672693e-04
1.249657409344144456e-03
-1.879525474833257511e-03
5.602865679539887527e-04
2.327615032115642991e-04
1.519707328771947299e-03
3.722887151179893718e-04
-2.367876257573400638e-03
-4.514831213843137066e-04
3.529151264377301204e-03
1.179012916962578466e-03
-5.826396301820730914e-03
-7.759993618461661843e-04
-8.637285385816805775e-04
4.097081084905989930e-04
2.022723368327411465e-04
4.246661720159340247e-04
1.839747691491118789e-03
-2.415754292993587283e-03
-1.408847608185193143e-03
5.006028096502895776e-04
-6.089822244781307363e-04
3.051288923267830768e-03
5.801586705910900333e-04
2.468119531069819152e-03
-6.785548171564609278e-04
5.812984632355417802e-05
-6.306295312719777547e-04
9.507025094090353458e-04
-1.446937317074065057e-03
-6.329502538660215913e-04
9.761832624272610620e-04
-3.687148447861741084e-03
3.394591793251258271e-03
3.275921779565674381e-03
7.493470500707302565e-04
2.403142883670567856e-04
-2.159493983275125560e-03
5.685786230902498909e-04
2.750750511379149253e-04
3.940358460732585472e-03
-1.050505856061972068e-04
-2.446946777634084920e-03
2.021455618358416247e-03
8.484011881073653342e-04
-2.214859584624362333e-04
-2.937616471895829803e-04
1.641562737850253500e-04
1.252107484626174703e-06
-1.958292077767711419e-04
4.740500171195470618e-05
-3.430756190254428072e-04
-2.330643583694680561e-03
5.972566866081230883e-05
-6.464560335705265724e-04
-6.134103415658471363e-05
1.233975275976116311e-03
9.984387076163591009e-04
1.655052371697334108e-03
-1.267810606520504467e-03
-8.283451278313088773e-04
5.086258811141853740e-04
-4.138383051710167434e-04
3.801377526747680619e-04
-1.914613966880185630e-04
-3.928197555824655533e-04
7.428845209168688556e-04
1.423209835662471445e-03
-1.165009741193611965e-03
-7.127601139388391573e-04
2.500044616998939881e-04
-4.645412750030503981e-04
2.080836655233000369e-04
-6.843563493748785201e-06
6.012845964664133682e-04
2.351826617500311955e-04
6.147002542330626956e-04
9.412693991617185471e-04
5.932598663636259742e-04
1.557144079008606404e-03
1.988601367551393886e-04
1.738440478985699687e-04
3.589477397066052986e-03
2.919853689833835052e-03
1.742031249346341973e-03
4.050396730998553625e-04
1.056089629794995524e-03
1.679612225775152295e-03
-3.931443272099597805e-03
2.311703410631204408e-03
2.865704920367808176e-03
-1.895749933351449038e-03
-8.369615837352670446e-04
-8.259036510138347562e-04
1.033224245651643029e-03
6.316891608304182404e-05
2.558706821663116020e-03
1.797105513982180181e-03
-3.913288148609115474e-03
4.832137453197277795e-04
4.151499943298477859e-03
1.349104603358232358e-03
5.866258688924728525e-04
-2.068530700749912805e-03
4.738103246153504608e-04
-1.783088073391990566e-03
-5.228168270894284703e-04
-6.084163456386592651e-04
1.381334488955449221e-04
5.863703465199813407e-04
-3.929071744498617395e-04
-1.088790803943763411e-03
1.618636183637587244e-03
-3.062779445275200891e-04
-6.966857271176470729e-04
-5.207993889751884157e-06
-4.179626731997560527e-04
6.501242699779211749e-04
-3.517901619286760255e-04
4.832339839607938787e-04
6.289663412767473221e-04
5.953796788301612920e-04
-1.581159302301813523e-03
-1.001527547955850068e-03
-6.189848040072892885e-04
1.239819328302843484e-04
1.111775245508628659e-04
1.670750607411856633e-05
-2.948416665717982512e-04
3.711443994977618667e-04
4.606875163973844236e-04
-1.122016844010376114e-03
1.462917105882734431e-03
-4.125121186657407100e-05
1.098275876953442275e-03
1.477621093235473087e-03
7.497188501750371619e-04
6.711010481847656502e-04
-4.488778972209349501e-04
4.625627651165473424e-04
-1.967930365367464587e-04
1.463351980880350355e-03
1.753703367265866493e-03
-8.369906782195657077e-04
-8.311736689076019893e-04
-2.955408654983299123e-04
-1.807366778843110802e-03
7.059828218330139321e-04
1.478938739679397981e-03
-7.554418253282268016e-04
6.552123535057733338e-04
1.843260131817413315e-03
-7.084225943650989147e-04
1.086928879784802111e-03
-5.251760509579994586e-04
9.320320443156355356e-04
3.817439836527756407e-04
-2.772051817589865370e-03
7.480418974375627021e-04
-6.017817884325743450e-04
-1.766241539066387440e-03
-3.577011085076310746e-03
8.324906666112164965e-04
-4.547635014541112630e-04
-1.546861240950768413e-04
2.258430162449912319e-04
1.160812023146461092e-03
6.776030693492595541e-04
-1.826983549450563837e-04
-3.624374187334740687e-04
5.641155039803009757e-04
1.826288122548841214e-03
-2.697487658600932186e-04
5.418735807685845984e-04
-3.452957463219528803e-04
1.151680596993834120e-03
-1.433358941432760173e-04
-8.389799095517712531e-04
8.391563630209185288e-04
8.601362503849485663e-05
2.382348290385278601e-03
1.150436585264875099e-03
