-3.429857782508568542e-01
-2.973101149862664716e-01
-2.712020615548487168e-01
-2.363221660087639342e-01
-2.170070517277423172e-01
-1.954531507049715178e-01
-1.729169312762668942e-01
-1.469787015834822241e-01
-1.314548041149386226e-01
-1.119671944057436946e-01
-1.075022750834472296e-01
-7.956042935310843334e-02
-5.736646420994824525e-02
-3.439342930047718100e-02
-7.131082744975950245e-03
-1.574821060165681802e-03
1.322099395473947704e-02
3.004183703378009856e-02
6.112099695568396635e-02
7.510874201689858587e-02
8.541569429040195283e-02
1.153319265875718813e-01
1.215871711670494931e-01
1.406325348273306242e-01
1.526141265849978168e-01
1.634982428652347608e-01
1.890213868675129916e-01
2.196723661729571564e-01
2.284575196958982812e-01
2.427523986507694465e-01
2.658966792127991918e-01
3.067538394823786096e-01
