-3.590641459741624741e-01
-2.684132666363211461e-01
-2.378395690895602210e-01
-2.217439265810065008e-01
-2.077978290475024081e-01
-1.919491170742123054e-01
-1.738058644925465357e-01
-1.670774870341978635e-01
-1.469287814621140498e-01
-1.182394241988209693e-01
-1.053386063759786662e-01
-8.070588534464340214e-02
-7.116978422850378516e-02
-3.077745527621393584e-02
-2.158876221718642255e-02
-1.478515780523062366e-02
2.840655207684885004e-03
2.668417145142245109e-02
3.776817440035273171e-02
7.005248848390702165e-02
8.546603761378589181e-02
1.044919002273670683e-01
1.244985645215980763e-01
1.443660539990233305e-01
1.596737501414579874e-01
1.643727966551923603e-01
1.991083243428655725e-01
2.088591271969673369e-01
2.457021250649482069e-01
2.656627533602630709e-01
2.831328448449324520e-01
2.945452953264329210e-01
