-3.196330622127971366e-01
-2.852471570263898637e-01
-2.580256439447843886e-01
-2.460679291585184669e-01
-2.072295284194309861e-01
-1.912483630753320230e-01
-1.621841180012851269e-01
-1.541896702377942019e-01
-1.410896111948146958e-01
-1.168300039008133284e-01
-1.017533229161795977e-01
-7.509855337803464370e-02
-6.660001337165241675e-02
-5.825422669947125792e-02
-1.990328484720756130e-02
-1.370300731750962765e-02
9.162131421718728089e-03
3.254019779268867846e-02
4.813998306226230373e-02
6.524658401943132791e-02
9.039684369589578994e-02
1.029909218887568173e-01
1.134326330149015155e-01
1.358432148965128261e-01
1.522734259175453631e-01
1.695471727608024171e-01
1.805378076570393620e-01
2.180441295165136406e-01
2.227668236131762347e-01
2.408677656979330561e-01
2.824923040275992836e-01
3.527755567192381592e-01
