-3.258799412680294383e-01
-2.905927853305882991e-01
-2.695226588465269302e-01
-2.163076939316087577e-01
-2.005638844035995405e-01
-1.846774217889552705e-01
-1.662648496760244787e-01
-1.497793279221204255e-01
-1.436374623133110928e-01
-1.142466394180672168e-01
-1.063569519257646923e-01
-7.942179281369550481e-02
-6.384441822059222504e-02
-3.844894754098553830e-02
-3.409140043972334194e-02
-1.378880340729829457e-02
5.401152166168816764e-03
2.250555130581276611e-02
4.053693459433294760e-02
5.491966160231970262e-02
8.840221125582037320e-02
9.808185661712931491e-02
1.185077502304588276e-01
1.355418874137657992e-01
1.519426184872227636e-01
1.700119803552220532e-01
1.777500064811694258e-01
1.961944400582216752e-01
2.162147100054171711e-01
2.936687473130654702e-01
3.049098216170656461e-01
3.228356497436977723e-01
