-3.447444352290828240e-01
-2.721842139850583764e-01
-2.345428051753289111e-01
-2.277392167687493085e-01
-2.076695273723910828e-01
-1.946816591154898746e-01
-1.749805069721731554e-01
-1.506006728993528332e-01
-1.273393805305878257e-01
-1.165866126690644627e-01
-9.819445391789635713e-02
-8.076156350594168587e-02
-6.855830248418669226e-02
-4.715991227130855723e-02
-3.077093245897101134e-02
2.459036580941815868e-03
6.568912221960241521e-03
1.210715926570802257e-02
3.834258284715107851e-02
4.507535440093341644e-02
6.865854414060934552e-02
8.766634237031939447e-02
1.064822284161170418e-01
1.269495266938216738e-01
1.583398713793288115e-01
1.827505633371019900e-01
1.992214814136821777e-01
2.186928280244953837e-01
2.347335615259742159e-01
2.467678605197087260e-01
3.034947458733007197e-01
3.382035963444286475e-01
