-3.450360758637742720e-01
-2.999749069935895296e-01
-2.682103158360755191e-01
-2.161790624483284351e-01
-2.093835568310527806e-01
-1.891273630147282669e-01
-1.631935727674150571e-01
-1.541483449113174309e-01
-1.241736092991204410e-01
-1.069554448756449422e-01
-9.252998144052158869e-02
-8.194246325895541971e-02
-5.718193258667898793e-02
-3.244083177763350950e-02
-2.284624056654951940e-02
-9.755772737482775597e-03
2.813377869775722084e-03
3.654855135614650669e-02
4.790374066567518185e-02
5.531797275225232291e-02
7.033051041802880488e-02
8.698728011225397017e-02
1.005475422668520580e-01
1.155426230881819727e-01
1.656349721155051524e-01
1.737301851438561862e-01
1.965165899566956587e-01
2.144982936098159543e-01
2.364744346028449240e-01
2.605900872649687949e-01
2.869413436708316278e-01
3.227019703151836616e-01
