-3.069280264812233039e-01
-2.768817805114539565e-01
-2.623101016250080630e-01
-2.361341838995245079e-01
-2.183950643927956015e-01
-1.988038247121600988e-01
-1.657740085187291712e-01
-1.526317139268887346e-01
-1.359858701212272869e-01
-1.220930398598821520e-01
-9.778983232215829324e-02
-8.652944645245382038e-02
-6.693443688936663583e-02
-5.823676789589796177e-02
-3.364709380813295930e-02
-1.752000314490180163e-02
1.178030872540688535e-02
4.064026640548504959e-02
4.871966452712842011e-02
7.196706275467600056e-02
9.274197187311483681e-02
9.897056978953898410e-02
1.063836148708850876e-01
1.321483674252207363e-01
1.472528890109225941e-01
1.682268749084105952e-01
1.795357982069998026e-01
2.172541635571431651e-01
2.317969474510073735e-01
2.681090503755702015e-01
2.759082021796550599e-01
3.451594425006394573e-01
