-3.270934630637663543e-01
-2.926450129098073227e-01
-2.626958185356406128e-01
-2.572349623792575257e-01
-2.076421351041355112e-01
-1.869228885132648288e-01
-1.642351495453581722e-01
-1.531061714738791990e-01
-1.384778382098303673e-01
-1.228548634846074045e-01
-8.470602237379455668e-02
-7.257765389581949389e-02
-5.418955990445200460e-02
-3.943875716103727169e-02
-1.043914130086006156e-02
-2.274498529996157436e-03
1.498971009086063483e-02
3.074253688651396380e-02
4.714501684680376392e-02
6.645324582519566980e-02
7.225227128969678725e-02
9.446693089328538073e-02
1.046153340490544870e-01
1.231704309192732799e-01
1.501565529871956572e-01
1.629190819291354841e-01
1.845282659212007514e-01
2.021932713060880793e-01
2.274776208603953853e-01
2.802380747804315564e-01
2.875317340041133041e-01
3.276538577962627152e-01
