-3.353680164090524496e-01
-2.970651233667465640e-01
-2.615314788817540981e-01
-2.285474876636778008e-01
-2.113739531128917826e-01
-1.968732748238743446e-01
-1.745819947751346690e-01
-1.735900816116265066e-01
-1.365020333012112452e-01
-1.012755930695708184e-01
-9.223747287350059221e-02
-8.090810730147250662e-02
-3.794282305545941536e-02
-3.219290568277167336e-02
-1.935009176327480776e-02
-7.425348453626476677e-03
7.770488194250941595e-03
1.041487732035417148e-02
4.197166194863777983e-02
6.533542147069189288e-02
7.688366409330280038e-02
1.114854230779755845e-01
1.229537419957703326e-01
1.468295437777921153e-01
1.579552107410300832e-01
1.718886762587680250e-01
1.909515431643980243e-01
2.111782894903823093e-01
2.276226747813872020e-01
2.487577713216312936e-01
2.830297686412744373e-01
3.117370298679990048e-01
