-3.446827310266784572e-01
-2.927532163565224610e-01
-2.480951705295295073e-01
-2.297969445218678297e-01
-2.139225220196282196e-01
-1.955351981742327883e-01
-1.702098500182322727e-01
-1.483586211710531677e-01
-1.263991788401535865e-01
-1.192828457757892369e-01
-7.955310598477144390e-02
-6.394892314379163611e-02
-4.971305921171165210e-02
-4.375977706592425881e-02
-2.152736027332171828e-02
-1.566736063570306828e-02
-2.965250103727816271e-03
1.548867420261746189e-02
4.154592214835473030e-02
6.789195359167407573e-02
7.777976826595038584e-02
8.869596322289921564e-02
9.393467816947384530e-02
1.305267627606912229e-01
1.568096105543367313e-01
1.703970292295049482e-01
1.765800964805699924e-01
2.303593230422470162e-01
2.340578310839066811e-01
2.599975346471357085e-01
2.985484976503128274e-01
3.235574698029650142e-01
