-3.216291571082489087e-01
-2.928626306821386915e-01
-2.507496043678077435e-01
-2.121887745296056615e-01
-2.014997602909030239e-01
-1.777327235147521112e-01
-1.728149393718018123e-01
-1.456323038740444109e-01
-1.274246597310176865e-01
-1.236716424418580623e-01
-9.635422673735923038e-02
-9.015037192249787668e-02
-5.980311129352849919e-02
-4.647126616585114250e-02
-3.899054761256165458e-02
-2.476639869278831479e-02
-1.296232041316775115e-02
4.042207306549385620e-03
3.443134661021206994e-02
5.452278867736698453e-02
7.553283851886319344e-02
9.718236429278552524e-02
1.239392640224855485e-01
1.354454493678634575e-01
1.599765686130547038e-01
1.702779369481739469e-01
1.835525408076035536e-01
2.067491217164523221e-01
2.348046206827911764e-01
2.575880139342582864e-01
3.082855447742584576e-01
3.493738324772135972e-01
