-3.342187991816973902e-01
-3.093361028843351068e-01
-2.618528799755904801e-01
-2.464670209295840853e-01
-2.224231372133554929e-01
-2.150667135137753483e-01
-1.568095328232463059e-01
-1.478219517974266040e-01
-1.379452534287879673e-01
-9.997629504408690748e-02
-8.426897966460984712e-02
-6.525114344016499923e-02
-4.010866130691930626e-02
-3.760868040168199172e-02
-1.868654706777808996e-02
-9.491667640894503339e-04
1.492697283709892679e-02
3.976280916784061953e-02
4.077771823540124463e-02
5.781404532627807541e-02
9.342427219565398178e-02
9.625914030343465932e-02
1.132671300472327669e-01
1.260061878705131810e-01
1.492747959803545910e-01
1.637393080113491717e-01
1.944309692399389666e-01
2.194612339651700605e-01
2.326653004870782582e-01
2.519613679705542397e-01
2.869643065064527154e-01
2.980553072927785152e-01
