-3.306605822999160171e-01
-2.994954327455551235e-01
-2.817592255476406016e-01
-2.404560619819966216e-01
-1.837945366728224172e-01
-1.760500292955995416e-01
-1.604938849860039485e-01
-1.453782259541895605e-01
-1.408895062700833145e-01
-1.050100311709008943e-01
-9.270532977548140430e-02
-8.077049466270874722e-02
-4.426402722427330572e-02
-3.782116240580840616e-02
-2.622768538297500993e-02
-1.473062650975789749e-02
9.051459491277330863e-03
2.022729770583947886e-02
3.483442290890185339e-02
6.378178414400262342e-02
7.548142991562072079e-02
8.604571496848054113e-02
1.043535447450729542e-01
1.272769644853349591e-01
1.469629129574884230e-01
1.727311857571484088e-01
1.768795031022629693e-01
1.873972438870039892e-01
2.342537474131172193e-01
2.950496008820670535e-01
3.098715669156036356e-01
3.163084636064902866e-01
