-3.265075270109942251e-01
-2.996074064313411500e-01
-2.406941217466565530e-01
-2.268421466932691588e-01
-2.201411858166747448e-01
-1.640126504852267020e-01
-1.595791438445076926e-01
-1.443571331677018232e-01
-1.237418827245215236e-01
-1.012115881506471804e-01
-9.768092754385633569e-02
-8.255442413913820221e-02
-7.408581343426276500e-02
-4.371161549694734666e-02
-3.886112959288237634e-02
-1.562808290953828991e-02
1.169993643695379365e-02
1.290669504071684411e-02
2.794934432207258485e-02
6.012871740902812900e-02
6.051443464895182173e-02
9.381065130129809249e-02
1.113778411958136483e-01
1.311637165764642232e-01
1.555938883181536836e-01
1.563178262252054862e-01
1.863286432924445013e-01
1.950512047370784874e-01
2.265653505602347462e-01
2.560749369531241104e-01
2.680928037103176842e-01
4.056407884603080438e-01
