-3.419600132285975924e-01
-3.245520158774814479e-01
-2.582057052795644903e-01
-2.396468628716641736e-01
-2.146778238336940203e-01
-1.617518616132888609e-01
-1.573328934320221140e-01
-1.513885534259775678e-01
-1.278071310494016677e-01
-1.176489334141012505e-01
-9.071695716705477364e-02
-7.509219240026496212e-02
-5.986587540449874595e-02
-2.979818604678261332e-02
-1.606818786233505519e-02
-1.670166060780212298e-03
1.067787881784962485e-02
2.150585604127851908e-02
2.671643280331048934e-02
5.966008125771946752e-02
8.570836458610303632e-02
1.020052285815496868e-01
1.195678586677826200e-01
1.346418573307892885e-01
1.503732400643620071e-01
1.721756093412139810e-01
1.902387758046757138e-01
2.163911342770877821e-01
2.307828674789320356e-01
2.485533417841945536e-01
2.932560445115786063e-01
3.059287876190824318e-01
