-3.487561396357162224e-01
-2.958899012227574343e-01
-2.854051603141860016e-01
-2.449189133092544712e-01
-2.108038971046804211e-01
-1.785159020743706526e-01
-1.535698106202813273e-01
-1.435193085188334605e-01
-1.292376402881930952e-01
-1.233861689433104342e-01
-9.457658397638556147e-02
-8.059039751923367800e-02
-5.397416926967025380e-02
-3.264980354187808909e-02
-2.220223851248807195e-02
6.266947387383849967e-03
1.964665572983910480e-02
2.653680055485289555e-02
5.850810320193888109e-02
6.400365105590512249e-02
9.174646279505188629e-02
9.850797898167146238e-02
1.145002691753592844e-01
1.347592909125131522e-01
1.477699677340151008e-01
1.582284938335360713e-01
1.923929571822915185e-01
2.128088659286615225e-01
2.357973308107791099e-01
2.548310802822722487e-01
2.833013261795337412e-01
2.983898531056338732e-01
