-3.268512298975788100e-01
-2.778611221721838942e-01
-2.726636172554340876e-01
-2.444749173625740679e-01
-2.249339314433603521e-01
-2.136718068458964559e-01
-1.699636030501398554e-01
-1.404666983374434908e-01
-1.226919298383737644e-01
-1.156022504245414750e-01
-8.660031359521415395e-02
-7.344880346875991284e-02
-3.670327377685239645e-02
-2.237632706253108589e-02
-1.712887715360926488e-02
-4.768313524832245957e-03
1.016508003941593748e-02
1.544071693876904530e-02
4.772989553739394319e-02
5.190021233880838525e-02
6.661673467432253914e-02
9.043616355778250071e-02
1.060080627161442413e-01
1.209072493773394458e-01
1.458942585183104490e-01
1.743077914912470050e-01
1.888620767812912993e-01
2.244571685718749487e-01
2.359553539428982660e-01
2.607879768361400230e-01
2.752638029575971701e-01
3.354744709299894989e-01
