-3.416145137719951430e-01
-3.200630422267564668e-01
-2.239177976931960301e-01
-2.133325132382746236e-01
-2.047220976586623387e-01
-1.992646856319486848e-01
-1.792789098551562099e-01
-1.547460565088194517e-01
-1.347579730569441470e-01
-1.116909748983216516e-01
-8.669048738463429327e-02
-8.070244013804551975e-02
-4.955853596952811829e-02
-4.329426094190094720e-02
-2.453709092035481765e-02
-7.582731910178533777e-03
6.459805129132355304e-04
3.099984125546236327e-02
5.127495380853107354e-02
6.730738462148894152e-02
7.483765589013913200e-02
9.389649763335790322e-02
1.131185485559486059e-01
1.293742701163535513e-01
1.433249989085160214e-01
1.531594108429690515e-01
1.955754093151093609e-01
2.052515003793203563e-01
2.207610995033985890e-01
2.575963634256421830e-01
2.847698268140871902e-01
3.538603702214790925e-01
