-3.437063129208665635e-01
-2.849450633386562126e-01
-2.514495921363057440e-01
-2.245795020469456560e-01
-2.063961520424170137e-01
-2.002399079915893887e-01
-1.571278131556242130e-01
-1.494900931890519591e-01
-1.446669389470625067e-01
-1.072370672178359491e-01
-9.092168818796722563e-02
-6.925190293547545117e-02
-6.087621886533688131e-02
-3.457465946755108877e-02
-2.727236247523620594e-02
-5.057100159019406287e-03
7.382944594928852501e-03
1.858154628420338045e-02
3.246039578665484149e-02
6.274957734655575714e-02
7.059461575985841175e-02
9.278597047473451098e-02
9.614281388134453266e-02
1.233338663548302488e-01
1.378313812309217012e-01
1.687597379502150385e-01
1.855534262127314371e-01
2.198593945253776161e-01
2.367792208257268050e-01
2.726485177596383869e-01
2.836806056542091614e-01
3.486483604350110177e-01
