-3.766271814618984970e-01
-2.797560055307297677e-01
-2.370694989290108856e-01
-2.260741508505851316e-01
-2.184711293099095286e-01
-1.913694314653155426e-01
-1.671279678162093107e-01
-1.551025239547812462e-01
-1.222295693027271313e-01
-1.071317692694045698e-01
-8.882330205469948781e-02
-6.700308541819373354e-02
-5.658351458673466922e-02
-3.974096852916470662e-02
-3.845752400372436097e-02
-1.899448003311650021e-02
2.181331388085977832e-02
2.690238587214839952e-02
4.721356668077410224e-02
5.853981970012917674e-02
8.348709180433280808e-02
9.117979991697150455e-02
1.071911497572797939e-01
1.375547966385337328e-01
1.571724667233622974e-01
1.777976091123346369e-01
1.842392646850372351e-01
1.938487535739071566e-01
2.262670926860558818e-01
2.598872168533578053e-01
2.857031511618265962e-01
3.317646234692944174e-01
