-3.477175460670855478e-01
-2.666915412648953043e-01
-2.518124425871522409e-01
-2.330067341578711260e-01
-2.176170960970195412e-01
-1.904449439825357526e-01
-1.748236897169874460e-01
-1.614464305279798007e-01
-1.355295448461436014e-01
-1.198155085625975530e-01
-9.612930360406420072e-02
-7.130639180534643906e-02
-5.026077465176767567e-02
-4.136714458481970808e-02
-3.150882987810572911e-02
-1.450380354641139964e-02
-1.956155318925745408e-03
3.071179860202812376e-02
4.112912973072158085e-02
6.416511214561254617e-02
9.255416660769959225e-02
1.007462048442987479e-01
1.263093985053334867e-01
1.448673001768703006e-01
1.480316506217106975e-01
1.702970928463076183e-01
1.786108558276028879e-01
2.076856641795628011e-01
2.275965460895419956e-01
2.480016090471394985e-01
2.985178634498685257e-01
3.267134885254103782e-01
