-3.093817447109670771e-01
-2.839784085954052961e-01
-2.624753804233715959e-01
-2.240172018129680809e-01
-2.109608083284559843e-01
-1.886523027873362179e-01
-1.790542257590203301e-01
-1.689344550820183199e-01
-1.426389712481180849e-01
-1.333531445599285270e-01
-1.191304770555309117e-01
-9.780936350382399280e-02
-5.773324917126591849e-02
-2.631896462091327937e-02
-1.722030536846325469e-02
8.296708507259425297e-03
1.499815137459157080e-02
3.848684273816684043e-02
4.860553295599424894e-02
5.398464862371554068e-02
7.910334821792393278e-02
1.034316754336965655e-01
1.136140932712126211e-01
1.347233537387989011e-01
1.490981054765881109e-01
1.783782864293099735e-01
1.951883388328448099e-01
2.029487228678376887e-01
2.315053322509493250e-01
2.402166330286115981e-01
3.079047484884130936e-01
3.211744807916726563e-01
