-3.178325510461650905e-01
-2.905445122916391898e-01
-2.659438623912660504e-01
-2.580104369305199485e-01
-2.067029184217616944e-01
-1.794136114898313705e-01
-1.724571253530423620e-01
-1.634777194154041491e-01
-1.258113052619350691e-01
-1.195309025910969714e-01
-9.815450849314524828e-02
-7.019052984416065954e-02
-5.377644399420136723e-02
-3.535901288301653012e-02
-2.499514972586823480e-02
-7.069155185395886720e-03
7.156447594984766992e-03
1.900323480811215784e-02
4.232845612012118425e-02
7.090018674972958790e-02
8.196337467761474760e-02
1.088124526405821191e-01
1.264133398445485834e-01
1.294579190703175064e-01
1.460722406283642139e-01
1.686604246198368240e-01
1.765102009475350842e-01
2.022891216470556475e-01
2.122525518332357974e-01
2.730248280270330952e-01
2.852015626665803660e-01
3.392234034427981659e-01
