-3.361296214127534876e-01
-2.821754988984350176e-01
-2.699328770809424904e-01
-2.391264990070427476e-01
-2.046569549673200317e-01
-1.953638186067852001e-01
-1.678133767302107948e-01
-1.605671384069435048e-01
-1.319288593944798749e-01
-1.217641878066907241e-01
-1.105430866966995856e-01
-8.448316652997292509e-02
-4.580977454738715399e-02
-3.974439186762358800e-02
-3.175881011516272501e-02
5.393092401036139565e-03
2.243666586367620841e-02
2.945344160650100948e-02
3.558541291011559776e-02
8.231031308682430769e-02
8.245354418656263007e-02
1.133795990637139206e-01
1.188119838488728153e-01
1.398608797208973908e-01
1.478094155856455871e-01
1.685131968748927178e-01
1.948886758712415346e-01
2.085832879270546614e-01
2.339247418896979180e-01
2.434246049189421057e-01
2.691763014235368789e-01
3.257929048892385104e-01
