-3.113765750142754030e-01
-2.833491328015041999e-01
-2.771993098385000520e-01
-2.524997053375979683e-01
-2.128455671207783728e-01
-2.070761974453971810e-01
-1.764963847351321835e-01
-1.348316146914844971e-01
-1.111295731454224889e-01
-1.103224887977715118e-01
-8.817433908817093324e-02
-8.283237376924594553e-02
-7.028143332099721918e-02
-5.961196426661506675e-02
-4.207195636647342862e-02
2.156032600274907906e-03
2.475790101199258977e-02
3.176623162177712872e-02
6.130730856604758860e-02
7.447673257319065154e-02
7.743391644280951669e-02
9.425142216988340038e-02
1.050996473399592873e-01
1.180018573832464918e-01
1.621843486305358795e-01
1.677174979142626587e-01
1.761056080065558360e-01
2.115676254639818343e-01
2.306595970442860133e-01
2.672504397158725897e-01
2.959066728012934577e-01
3.194557764533970112e-01
