-3.434912474760251633e-01
-3.230841008913317158e-01
-2.756677953618802968e-01
-2.262537014817475600e-01
-2.125670096034978085e-01
-1.840679037242874128e-01
-1.595206113506359435e-01
-1.526344541181630932e-01
-1.381469649796223109e-01
-1.293245612276991419e-01
-9.626104258276220460e-02
-7.353315628115249247e-02
-4.569798712896225301e-02
-2.775783082920436559e-02
-1.472621496447891649e-02
-1.336558925304173404e-03
3.186836442166648964e-02
3.447806719268400183e-02
5.572924739481977668e-02
7.483029177633362949e-02
9.508658865861113751e-02
9.934201494796628118e-02
1.127920327012728596e-01
1.361645081298017979e-01
1.527753565269622527e-01
1.750087895353134304e-01
1.824626995318287814e-01
2.029852176173990164e-01
2.290976160712880905e-01
2.378216341983213356e-01
2.824851405743166177e-01
3.011435716481695724e-01
