-2.130407227091505457e-02
7.575387300685381374e-03
-4.168296482765843270e-06
5.427132546297432081e-03
9.939651813075472270e-03
-7.770206400213927091e-03
-1.698393029471160359e-02
-1.814186532238879629e-02
6.588517635827757964e-03
-1.280861891550826026e-02
-9.148146683372895827e-03
-1.718650584316821356e-02
-1.273265151277050552e-03
-6.231559230937322447e-03
1.749910449875251295e-02
9.121149966970377304e-03
1.047835652663319829e-02
4.978957978605881227e-03
-1.458026290482126314e-02
-1.250137664107943240e-02
-9.394947505284826847e-03
-9.835276619742082740e-03
6.238666226210008540e-03
2.171667372038227697e-02
-1.347220975392450504e-02
2.372143545689353594e-02
1.188896441380778678e-02
-8.662795479340583762e-03
-1.836520178719750276e-03
1.143132480001267728e-02
-1.732006756098792427e-02
-2.205408608953488350e-02
-9.991363111488715462e-03
1.756800089323142661e-02
-1.826429541894478495e-02
1.584871215988223336e-02
-8.375658729929158150e-03
1.956743248649919428e-02
1.324745053676603182e-02
-3.582902273256784609e-03
1.040183107909604769e-02
1.406131120673711869e-02
1.246611080654253315e-02
-1.721071564872398915e-02
-1.055590179314601536e-02
-1.161949642817136814e-02
1.443815135167248083e-02
-1.863094840253315095e-03
2.124024897883662263e-02
-4.996917943848893165e-03
-1.611871858409507155e-02
1.860293769505370204e-02
1.762043206734596398e-02
-1.275590011288977102e-02
3.686147060177426705e-03
1.387681905469050417e-02
-2.039632241998744905e-02
3.007373768329276863e-04
-1.597372990335995530e-02
2.170089678783717474e-02
2.379963685724713340e-02
8.748453208702348591e-03
1.056484034388066075e-02
-1.965862580044897695e-02
-1.088561501707442473e-02
-1.003938406857138267e-03
-1.045933059330247938e-02
9.902401252831019053e-04
-2.272863398111522187e-02
-2.202297766495599218e-02
-2.269888927017782703e-03
1.194290562490869616e-02
5.057931112878339373e-03
1.882800174114281772e-02
8.703229161558703741e-03
-1.658490932857153381e-03
-2.792980601415635464e-02
9.535665012823630422e-04
1.995814253441552735e-02
1.694834737031088862e-02
-3.416043055146706330e-03
