1.324715206076378798e-02
-6.927171156264105151e-03
-1.614522193063599662e-02
1.373326320121332628e-02
-2.015855609308870450e-02
-9.675589955778208379e-03
2.599171998660353838e-02
4.689547809530241092e-03
2.786213976320559699e-02
-5.400009009755880884e-03
2.562435490764763089e-03
1.681833127738177266e-02
1.044837675749805614e-02
-2.511278969327512475e-02
6.472269768285817022e-03
-1.401544577407174384e-02
2.088368826777891804e-02
3.140524110419395422e-03
4.319873607425570895e-03
-1.250429523032654984e-02
-2.282191513165300265e-02
1.056980337351384053e-02
-5.719415948433285296e-03
2.044596964449548609e-02
1.906049137849981021e-02
1.589420225474634648e-03
-2.861976366540115117e-03
-8.653031901265074988e-03
-5.684766352744547065e-03
-2.661033203916107065e-02
-4.668755533330925557e-03
-7.905214806220495563e-03
4.303437464787119833e-04
1.295174736410127821e-02
-7.076955667009303050e-03
-9.355847620579708099e-04
8.387543569749177433e-03
-1.753683094329438683e-02
-1.691959661945328930e-02
1.911188852967171323e-02
-3.495983431639124867e-03
-1.368884737401339195e-02
-2.579435253072205614e-02
2.425547836816003763e-02
1.750039005134661554e-02
-4.420669405698319024e-03
3.043682341144104530e-03
-1.960005845281555942e-02
8.936773305352408575e-03
1.372185009223209420e-02
-1.720608757373288944e-02
-1.033265820339941861e-02
-6.346220033126342454e-03
-1.027089410284341871e-02
-9.249133517384943576e-03
1.091760940521495360e-02
1.840212462760798182e-02
-2.624610969474744718e-03
1.506706953682545626e-02
1.167751232032340032e-03
1.590830873060059686e-02
-8.049584122093438043e-03
6.640842391012482908e-03
-2.223571440519869422e-03
-1.104564055915552810e-02
-2.546760408568407574e-02
1.251839944232034825e-02
5.641909492713283007e-03
1.635520705500795660e-02
2.110518987865322993e-03
-1.734096581487450930e-03
2.411689978927952435e-02
1.016370639063175936e-02
-3.947411495235964712e-03
9.038217952909795207e-04
3.319367906364507903e-03
-7.018259386462885781e-03
1.369947952227206639e-02
-2.674211483332052455e-02
-1.692198612016706030e-02
1.165131506339091468e-02
