-1.626638351289099241e-02
-2.158476197674462013e-02
8.726308468403323401e-03
-1.048175973311253270e-02
-5.977638052497147650e-03
-1.473588039336312834e-02
-2.218610357598604574e-02
8.739068256322630665e-03
2.832011104099888595e-03
-1.861112686265907132e-02
-3.727994266751678571e-03
7.192726129316251264e-03
4.564868821124896405e-04
-1.725719807467394938e-03
-1.798240056751896840e-02
-1.441567373951942697e-02
2.119307837719689933e-02
-6.712310459486570298e-03
-1.437520775770782799e-02
1.812948415140805056e-02
6.487347725994335040e-03
-2.142133288956429155e-02
1.384830648144391718e-02
1.960210038472457242e-02
7.839273188682393395e-03
-2.846286657077335205e-03
6.049291493804932751e-03
2.120280537011406605e-02
-2.573581171125922246e-02
-6.912378034163581091e-03
-4.357556922621397093e-03
1.653720191652189100e-02
-1.905755160449822128e-02
-1.381669788318545984e-02
9.376265772300420827e-04
1.706167030494844944e-02
1.776437825804258464e-02
1.162025047184407633e-02
-7.286231439603338758e-03
-2.501692222732403940e-03
2.318600181733587381e-02
1.688444763694827225e-02
-4.726585462277236617e-03
2.353101375349619939e-02
-2.031119421154957069e-02
1.527347425941382071e-02
8.543564037744944342e-03
3.600637984283057251e-03
1.530459944690678621e-02
2.087525385669783407e-02
2.028822996993222619e-02
-1.350037951513320331e-02
8.896942185375273857e-03
-1.360940603170231709e-02
-5.432794517813929226e-03
-8.999982322168420534e-03
-2.793823653892477110e-02
5.023492198568671116e-03
-1.547246245676612772e-02
5.901212394344437610e-03
6.178409696520901009e-03
-7.434342696194817975e-03
-1.448068889508818610e-02
-5.807527296555304447e-03
1.394347720315505627e-02
1.079886812676340672e-02
-1.374002029419608799e-02
6.742603212631568393e-03
-4.366559764690029939e-03
-1.780176139820957570e-02
1.890885766330254944e-02
2.362082012715185572e-02
-1.241284035025739564e-02
2.993935971332825022e-03
3.299039344759249065e-03
1.270922849614798331e-02
4.882855965577193036e-03
8.484982824139499988e-03
-6.207766360386846212e-03
-1.618136694507289405e-02
-1.404525253105072709e-02
