-2.374295132010263362e-02
-1.507715920288682336e-02
6.327991829627146320e-03
4.874882864882358960e-03
-7.097602530867673336e-03
-1.613290144329642198e-02
1.589621676556774929e-02
3.846010065982676321e-03
-1.654199750168692043e-02
2.582591774565528089e-02
-2.426162615716528567e-02
-7.127526622272130439e-04
-1.932190666810850235e-02
-2.051904439785218540e-02
-2.220777071177577888e-02
-8.245942178740797365e-03
-1.717448193248020949e-02
1.722911334083193635e-02
-1.608129312881419540e-02
-8.416353229515786266e-03
3.718085897734462169e-03
3.111396484293324082e-04
-5.445478537878090282e-03
2.092144346521390350e-02
-2.513401239571128390e-02
2.285538694207155021e-03
-1.167460536557617286e-02
-1.655276095931056124e-02
9.137949947839590914e-03
1.198330768834819475e-02
1.921802210382838466e-02
2.149285119320281431e-03
-1.672165651156482663e-02
5.462849097434925236e-03
1.178473632445017905e-02
-1.946987981766422696e-02
1.719626915722101412e-02
3.443951260422489780e-03
-1.248902790383225360e-02
1.125113691714321913e-02
-1.383827064785562479e-02
1.916743365659077936e-02
-5.331629114523517461e-03
-1.010200645005577061e-02
2.254610680854204560e-02
1.796408138508763692e-03
9.191695136681519995e-03
-2.377788102700308104e-02
-1.132693127676877125e-02
1.545038750951104566e-02
-7.018115410202871787e-03
-1.845950146819095097e-02
1.656689335397178164e-02
-1.647128498210655156e-02
-7.796003009165441977e-03
1.376669159208959888e-02
1.025291418709439045e-02
-3.114854924256272879e-03
1.011301197521627913e-02
1.487363222307662783e-02
8.594342705110320432e-03
-2.143405301328070792e-02
-6.074142498229457079e-03
7.315342938956314461e-03
8.530068816644318166e-03
1.846226784444920596e-02
-1.423245912884292703e-02
-3.041097988265579165e-03
1.979395629343470246e-03
-8.448592622255410821e-04
1.674234358489091849e-03
9.728999076145807001e-03
-2.558590631707662738e-02
5.675109434552050389e-04
-8.156390726368999144e-03
-1.024383623182513990e-02
1.495119076235193294e-02
1.710328225443355499e-02
3.357799826940839442e-03
-1.684772513945885161e-02
-2.708996328566723715e-03
