-2.040897422310376623e-03
1.954480081025155094e-02
3.095933197929190330e-03
1.659569069550835899e-02
8.562425098346853475e-03
1.288252881841682983e-02
1.868276733756909710e-02
-1.174746813859654619e-02
-9.757583900940714622e-03
-2.771730022341181016e-02
-3.175760151358714752e-04
-9.471679130058047007e-04
1.948570397396600165e-02
-1.009078054389513264e-02
1.981088915477738355e-02
1.045431464026020871e-02
1.767019309445474443e-04
2.007751406146586134e-02
-8.478639903759176491e-03
2.678423965678958935e-02
1.004224969957415864e-02
-9.222129458086923345e-03
4.284380533443397053e-03
-3.935783234613190844e-03
2.993453865781908058e-03
1.401398800162565079e-02
1.318802941968548123e-02
-1.260938451291874346e-02
-1.528763600838437160e-02
3.528543534260887571e-03
-1.100348069535428408e-02
1.315954238500029357e-02
-7.086421522364540378e-03
-7.994024943974106096e-03
1.862622829376546496e-02
9.380545135337640950e-03
-2.078530931425656009e-02
-1.040439374837313219e-02
7.291981573072032000e-03
-2.321669154025626791e-02
-1.283632171847748187e-02
-1.795216461965745691e-02
1.493902943736444972e-02
2.676836949637431337e-03
2.080864468985323470e-02
3.150736315083559405e-03
-1.438393945803292939e-02
-2.295712255930293030e-02
-1.646516215191283494e-02
1.771086068755841833e-02
-1.403593182955535645e-02
1.837802031889383333e-02
-1.094571521310359723e-02
1.106617731689126839e-02
-3.403911459758611306e-03
-3.704304717911108876e-03
-2.670999839577281251e-03
1.619224140982771301e-02
-1.238876276009842669e-03
1.082546865128907524e-05
6.823702853878946782e-03
3.635680276060743784e-03
-2.578585174835071325e-02
9.811542078463826068e-04
2.504601118049252367e-02
2.547260424701025885e-02
-6.127405099331392985e-04
5.606547177678327699e-03
-2.024672366843138782e-02
-1.732810494856875522e-02
-1.331433459159805238e-02
-2.126212423904039195e-02
-2.059705587947147434e-02
1.059740229504929111e-02
-7.155866603974971908e-03
1.653860178246861767e-02
-1.109091173441683828e-02
-7.499326841207608514e-03
1.170163346771835484e-02
-1.732213165495792334e-04
1.022472455209054963e-02
