-2.112099731634975788e-02
1.552486101847237385e-02
-1.012035412698036180e-02
9.688976571701934243e-03
-9.359785274061357616e-03
8.536612663448473956e-03
1.384416670728192376e-02
2.183982120018617551e-02
2.505279783047887829e-02
8.746491185167885266e-04
-1.106743995436131403e-02
2.435423107249753624e-02
6.499527176966216589e-03
1.979951589311033933e-02
1.032291622094934531e-02
-7.964830996521808648e-03
-9.649635099323657095e-03
-2.645550972331055933e-03
1.334676343296983120e-02
2.022666588474773819e-02
-1.971533147570274716e-02
-6.514960693560598037e-03
3.579753490759429030e-02
-7.223086072120736556e-03
-1.965342703938853172e-02
5.648576006871248133e-03
1.064878380788278345e-02
1.052992327134608802e-02
-8.813426562312877757e-03
-3.397173221836041063e-02
-2.413969622046507803e-03
-1.960080463694028469e-02
2.074811257416500285e-02
-1.425958280944105610e-03
-1.181582093748573085e-02
4.949276543819140610e-03
1.162282108546957085e-02
5.929365238874028006e-03
7.490353362893768796e-03
-1.482700267261016260e-03
5.975364658821823854e-03
-1.124638316687396992e-02
1.778375161907156960e-03
2.613849916160507214e-02
9.625207627185475637e-03
-4.251321106228357453e-03
2.923562035709380540e-03
5.861665609245056592e-03
-1.775468274675573097e-02
-1.077138251870261333e-02
1.000867422129930392e-02
-2.291849776285527149e-02
6.877070766255301282e-03
-7.438358988851877067e-03
1.180063754817605413e-03
4.331784910758826844e-03
-1.699269383151074536e-02
-4.154091348658781914e-03
-4.939816103580861421e-03
2.036238854561822978e-02
-2.204005784442780030e-03
-4.048684653980932219e-03
-9.460224461906722657e-03
-8.697960961255532877e-03
-2.146241736627834198e-02
5.247123767899971279e-03
-8.872647661226572627e-03
2.125295244902598857e-02
-4.392610875744219247e-03
-2.116653710411762340e-02
-1.463602104975414040e-03
7.996586587280751779e-03
-4.483441944707304908e-03
1.428163172419764969e-03
-1.174691371612078409e-03
-2.177959050661238891e-02
4.751975016949794295e-03
-9.288305901771739051e-03
-2.701931113215164451e-02
2.029227945058170376e-02
-3.002934759761769195e-03
