1.799910177032281247e-03
5.589890130538362374e-03
1.517937452001658603e-02
-6.931148774099186484e-03
-1.696260571766777803e-02
7.288176835713515260e-03
1.158098814933115547e-02
-1.818992681404897963e-02
9.400662609041250325e-03
1.630656097823949408e-02
-1.931644621893870975e-03
-8.354643985354784017e-03
-9.962887729537815706e-03
-1.894453946769527122e-02
-7.749059188857217173e-03
1.969640484100905822e-02
1.371148867084499325e-02
7.271356828663062301e-03
-2.168440355574139181e-02
-2.787074479350586109e-02
-1.010025512251465016e-02
7.713084788503089470e-03
-3.715467423608984771e-03
2.030762815598195076e-02
-1.502626142819494214e-02
1.383743389397577676e-02
-1.291026915466440481e-02
-1.515842386074416591e-02
8.202311058076575123e-03
-4.988922684477085055e-03
2.362720030949284813e-03
8.549843179309939839e-03
1.822902117715066717e-02
1.603301738168033327e-02
-3.472582281135790094e-03
-1.923632535610787786e-02
2.129243474760219375e-04
-1.057144710694228086e-02
1.260633137231205979e-02
2.099103543666636096e-02
6.650363617934878895e-04
3.059349447985278050e-03
-2.046935583890521770e-02
2.183508266421170518e-02
1.423232192377506082e-02
-1.677711774339484679e-02
-1.908613220327746648e-02
-2.650173726105470653e-02
2.003925826437377451e-03
-8.212795334544872872e-03
-7.583417088367132471e-03
9.359741359248501587e-04
5.231028501713822811e-03
5.058731337909037028e-03
-2.304154355091910661e-02
5.620397485249493431e-03
-7.870866273662192533e-03
-2.452034192164301036e-03
-1.271230015937816274e-02
2.581602347594910002e-02
-2.657334034207605930e-02
-5.725922717480872066e-03
-2.291324686990341142e-02
2.209424362160961140e-03
2.060363325902857604e-02
9.324041103258795538e-03
2.498493194299961431e-02
-1.643810299793398502e-02
8.236114911918160017e-03
-1.305612622094151631e-02
-8.431453320149735059e-03
-2.987258624744228586e-03
4.009330760628915073e-03
1.443757949874801411e-02
-6.176720304228123723e-03
-6.140843399594643828e-03
1.390071185536467108e-02
1.842984915986174352e-02
-2.209916653541211737e-02
-4.334895477577660754e-04
4.109624876753404342e-03
