1.562338491953877556e-02
-1.507031540621490626e-02
9.107456239159492442e-03
1.119410642887177197e-02
9.224967811243611066e-03
4.965907394214330757e-03
-2.101431382975569098e-02
-1.995125734202274001e-02
-8.223765821912264878e-03
1.817332757273723912e-02
-7.868039399123751693e-03
-2.450896717775594494e-02
-1.666049921946874748e-02
6.131001412643539636e-03
5.480835209038563242e-03
3.322536747868092173e-03
-1.946686345318775907e-02
2.174405579619547238e-02
-1.028259654391627158e-03
4.734824091058457756e-04
2.178563496827999948e-02
-1.802332601829026784e-02
1.920573881072199646e-03
-2.595144234792568297e-02
3.903000300470552304e-04
-2.198768110292841776e-02
-3.908438430147461243e-03
4.881365617641641313e-03
-5.028496357637891011e-03
-1.154452150543006268e-03
4.794238392548460029e-03
1.840895216291088890e-02
-1.752617746525645878e-02
-9.417439998173996255e-03
-6.657275964981710682e-03
-1.328202610200552788e-02
8.532627614700796434e-03
1.878347339087509116e-02
1.139328086603091754e-02
6.484973872715698966e-03
3.971437418060395734e-03
-1.494442404518825547e-02
2.372770088788837481e-02
-1.450743834484345858e-02
1.560261108619035234e-02
-2.960072315317666472e-02
-1.385337846107182087e-02
9.950316485161888810e-03
-1.200955328637416664e-02
-6.225027754782726068e-03
1.153318855945966766e-04
-2.044109489166547229e-03
-2.859961951305041526e-03
1.305460196413465654e-02
1.467111657362077642e-03
-6.987439497971472020e-03
-1.796456293230834153e-02
-9.938680185118739865e-03
-1.444382472133665801e-02
8.419152675119714532e-03
-1.051742729948394565e-02
1.542895796035936504e-02
-1.009585545873678894e-02
2.178842805275110002e-04
3.908467846786662162e-03
-1.377617140607211715e-02
1.423611946776198733e-02
2.375236488866260334e-02
6.364687956230768127e-03
2.118349252595776167e-02
-1.530801677386331612e-02
1.205003291392593538e-02
-1.311306310603893750e-02
-4.470605844388881624e-03
-2.205871366228169539e-02
-2.369531080531553022e-03
-2.099728091102059241e-02
1.484184167031672545e-02
2.064150592456913055e-02
-1.825497936331391471e-02
-1.369620914629950115e-02
