1.540711831929719548e-02
-1.165230526199337313e-02
-1.539150085478378609e-02
1.559009916673977959e-02
-3.445609289492460796e-04
1.391083555850161245e-03
-9.163942282773141282e-03
6.631394426834439195e-04
7.097565477955037651e-03
-2.084785430438469700e-02
-2.002298332141501727e-02
2.306958626440850507e-02
-2.037890125339143071e-02
2.653074343945983210e-02
-1.420877914884803236e-02
-1.384599241505731111e-02
-2.105745290032821557e-02
-1.939973444825620133e-02
-1.126040436377196904e-02
-2.651753230659077351e-02
2.201661473252280316e-02
-1.329462411264461900e-02
-1.356189292403821821e-02
-3.480210935286088669e-03
2.138733561606353736e-02
-1.080228746827019588e-02
5.211085091609527972e-03
-7.032436517996212312e-03
-3.395757536440511485e-03
-1.011317381759569155e-04
-9.593664042863407279e-03
-9.385313077739834697e-03
-1.491919392619260251e-02
4.344798741202041126e-03
-5.295281281108112255e-03
6.185218370106817729e-03
9.984062874517871458e-03
2.417275722843781338e-02
-4.645899280230242866e-03
1.042819518978855067e-02
-7.094924893958917157e-03
-1.531841291870630895e-02
8.164551385917963311e-03
-5.183539156950902173e-04
8.131594997629788477e-03
-1.203911363302811489e-02
-2.627793669713795067e-03
1.027624800989244101e-02
-1.346220367829605545e-02
2.147645244399798425e-02
-5.082045900328961870e-04
7.056902439815041905e-04
2.400349694377061031e-03
-2.529620304385854848e-02
-2.237327303911754162e-02
-7.343016160022070200e-03
8.879483517459593050e-03
-1.805098776349349163e-02
-2.458103640952420677e-02
-1.539172322560667001e-02
1.543191666439427435e-02
-1.402682602642187776e-02
1.358328204348687417e-02
2.199143832209006499e-02
-5.549067561885801317e-03
1.054842701561922898e-02
2.019401586996208420e-02
9.914212311336675562e-03
-7.996901182313611092e-03
4.184648102189112220e-03
-1.013579495935448002e-03
3.854405234715210793e-03
1.738045719929675811e-02
7.942507010650899993e-03
1.577038233022504121e-02
2.423516136690572614e-02
-7.966588853115451688e-03
8.543415285330820119e-03
-1.059183764789467345e-02
3.816590979812784206e-03
-1.432341234123908798e-02
