1.536550377078753013e-02
-1.386325707518160609e-02
-1.521291536947169676e-02
7.782298238343555823e-03
1.194073937949933183e-02
-3.828308654863075110e-03
2.024648528494504482e-02
-1.953880729965071922e-02
-1.143101354246486498e-02
2.273077727645054363e-02
-9.506931649519640912e-03
2.034789930337385644e-02
-3.489933804067482485e-03
-8.376598288168866230e-03
2.395400958557477103e-03
1.022952979154460353e-02
2.094798208576654011e-02
1.282886886217769924e-02
1.858096474326590905e-02
-3.893625942633326380e-03
8.405840794016754616e-03
2.198050305221407527e-02
1.198668493258138630e-02
-2.847298870692031771e-03
-2.683905981607966063e-02
-9.928829998405636938e-04
9.560954184018565991e-03
1.960474085382732726e-02
-1.232658675720023356e-02
-4.568114280036272672e-03
-2.374583594522097774e-02
-1.875570584687927256e-02
1.752601923570601752e-02
1.222826895315624017e-02
-1.261205643132760207e-02
9.198200370207845408e-03
9.130070100786081416e-03
1.786321456591311724e-02
1.466516727508171240e-02
1.527357523547196415e-02
6.632953045877429052e-03
1.894702694214214778e-02
1.581854676276892024e-02
-2.002317973330048836e-02
1.722000701560141497e-02
-1.747744852848591782e-02
1.282423311761204075e-02
-8.673480993482632004e-03
2.391318070215286192e-03
-5.746590713830965029e-03
-1.921941984998703015e-02
-1.261520836587842927e-02
9.720163449958928170e-03
-2.072798522131092964e-03
-1.023084028239585122e-02
-1.774483693323615149e-02
1.015001046162096639e-02
3.136581911772070436e-03
-4.760794418633186760e-03
-5.074038181841803233e-03
4.158031521580115436e-03
-8.017102246348486658e-03
-1.701000651321394122e-02
-9.263530166959946591e-03
1.272893719869370478e-02
-1.869485699458739783e-02
1.388850594856367096e-02
-1.771853462923688935e-02
1.694198223713342527e-02
1.752266359138846333e-02
-1.465035722031371272e-02
-2.555731203300746351e-02
-6.029514505832266405e-03
-1.876284622742253883e-02
-2.104923786684969201e-03
-6.986262807673830622e-03
1.512483614218108549e-02
1.033031905749903149e-04
1.352002520909688745e-04
-1.780198116927570601e-02
-6.180894244728083430e-03
