-6.959523088270273480e-03
2.093441029054084190e-02
2.568842109140299576e-02
-5.263546364562769753e-03
-1.908493705409635560e-02
1.060248605423495111e-02
-4.389787984912675968e-04
-2.134307441473133962e-02
2.009515392244478824e-02
-3.143501118514745868e-02
-1.115490412316751979e-02
-1.218359800376080104e-03
-1.207195511114727421e-02
8.639524980761656772e-04
1.125541310465617145e-02
1.337959272925865264e-02
-3.752721350165300930e-03
-6.857642916401161283e-03
1.436528972677031651e-03
8.154182883414210978e-03
-6.771591045114965131e-03
2.196668544080355306e-02
-1.630409197539868169e-02
1.492049607839037763e-02
-1.621636885643450848e-02
9.339474382307934178e-04
2.432647143215856470e-02
1.205368035355133469e-02
8.422914019306243115e-04
2.155175975255334275e-02
-1.020976353332882225e-02
2.252787881895293356e-03
-1.663499008374222723e-02
1.697359009437808541e-02
9.637894865935100683e-03
-2.978439066617017718e-04
-9.706168473344010950e-03
1.424015960569008192e-02
1.321547394740486131e-02
-1.673402493188115917e-02
-1.044957960263820720e-03
-2.284164799091053036e-02
1.380362404575754751e-02
8.283198734711134242e-03
1.035161679670862540e-02
-3.614170971110843966e-03
4.951009702204470925e-03
2.646576634201512970e-02
6.772939510787020709e-03
-2.207025408426927307e-02
1.224111668763762026e-02
-1.607611816170879601e-02
-3.267842175524885394e-03
-1.209766017885462522e-02
-2.744021419166959956e-03
7.666428653095997726e-03
-3.379748553555612933e-03
1.191398980681455770e-02
9.326291122331333006e-03
-1.515124132427679571e-02
-1.736962544665839004e-03
1.832083257107669505e-02
-1.067751041098959595e-02
1.729312344082296893e-02
3.924587970619348998e-03
1.232060370961016518e-02
-2.087541956036136157e-03
-1.496170625444188246e-02
-1.955055820138169517e-02
-2.519448419568393396e-02
-1.132950164872069919e-02
-1.210896087843474529e-02
4.909154930001266744e-03
1.500089661649202030e-02
4.739630939849271210e-03
-9.717053631291697538e-03
-4.539943506461079081e-03
-2.800069704999664719e-02
1.969406516206109736e-02
3.649077374248204178e-03
-1.201257177763116746e-02
