1.319662857096502891e-02
5.325833820769360766e-03
1.675606654406194829e-02
2.181755436377685528e-02
3.144455531878003385e-05
-1.601262427593799775e-02
2.275049374317063278e-02
9.386347035867634997e-03
2.069349395775335956e-02
-2.349910350523572438e-04
-1.273681969942198032e-02
2.726150199876852323e-02
1.789203784073105114e-03
1.582623693176139767e-02
-1.781195012404635999e-02
1.299529794828120210e-03
-2.083002551846879422e-02
2.377686031381098450e-02
1.700828328051745900e-02
-1.515238026629849369e-02
-2.345855444357328179e-02
1.328138598438165750e-02
-2.687556348516571478e-02
-1.036217274319966956e-02
2.586897070586281506e-03
1.228478232894858121e-02
2.189609497118131382e-02
2.955669676269113370e-03
2.362434652113580905e-02
7.229816580734745469e-04
-9.504484300793707759e-04
7.172604824899734416e-03
7.637253608061916887e-03
-1.339345835973975926e-02
3.900681022812462883e-03
2.321218410490958131e-02
-1.276555521665407103e-02
5.643037620500818315e-03
-1.138633017293215997e-02
-2.665839402654674069e-03
1.541306657452907970e-03
-1.173282047687319689e-02
7.769851928367098835e-03
5.162114403566579225e-03
1.700379253673896598e-02
1.660439514633393204e-02
-9.934834163819180469e-03
-1.645936015765314675e-02
-1.667322807465223752e-03
6.628087799577642332e-03
1.187576214233664051e-02
-1.153939281922193930e-02
1.099270955838943867e-02
3.326307762281224129e-02
-1.657938539170833100e-02
-1.007815640224736173e-02
-9.494408993822121140e-03
1.422777320916473499e-02
-5.621266940412913754e-04
-1.700957913380764935e-02
2.246157027092488337e-03
-1.641606677604402764e-02
-1.908911690209931207e-03
-8.175248159297477529e-03
8.086314135088692664e-03
2.386186924257011847e-03
-1.410269121357792844e-02
-1.114546256923058289e-02
-1.475878517853725959e-02
2.548024847782975194e-02
-1.790644842883832785e-02
-5.524234816845028512e-03
-7.516234985781329071e-03
3.594578160439704673e-03
7.167035044216584806e-03
-1.921704489161192228e-02
4.658657323617903384e-03
4.614605525742394854e-03
-4.436240785315136853e-03
-9.571033430847623695e-04
-1.622784083278282219e-02
