1.870435724943735750e-02
-6.439215986081486300e-03
-3.686598399376234472e-03
-8.133364854327852084e-03
1.231603103215279937e-02
-1.229447809993135070e-02
-1.534777036623338406e-02
1.027320987140606552e-02
2.164543487901304450e-02
7.886844430353244853e-03
-5.313925597350144768e-03
1.621677447084843640e-02
1.749858973609606447e-02
3.433265436162056790e-04
1.846908544064373991e-02
1.036961964407992660e-02
-2.689406609280983046e-02
3.895975365090896189e-03
-9.128911581512218557e-03
-7.342244550638096258e-03
1.402936981793072866e-03
1.413817046006661353e-02
-2.787493743718965494e-02
-4.194254942985425980e-04
-1.230848631889769514e-02
1.440529646565730411e-02
-5.634947501867928685e-03
-6.181297096083159318e-03
1.982192574060730184e-02
1.869968510383010832e-02
-8.443640939283693012e-03
-1.532354026959455509e-02
-1.313406121688041710e-02
7.112602047298429049e-03
-1.887856101283999152e-02
4.142291668254318403e-03
-1.700889460119279009e-02
-1.021746551440607699e-02
-2.181586586132358910e-02
-1.109622513419527244e-02
6.098342629729115727e-03
1.980896321521938980e-02
9.218569087213855521e-04
-2.375755143882009833e-03
2.973526828867165649e-03
2.269787430241164850e-03
-5.644661896986787400e-03
9.470732854229531664e-03
-1.800561976865696148e-02
1.067221631704412532e-02
4.954304746610065091e-03
-1.595904043988684209e-03
-6.828687709341984408e-03
-1.050607594153097311e-02
2.608242626702124076e-02
1.488619800378979292e-02
2.100563130073810833e-02
-1.261305752483445411e-02
7.633713122737252089e-03
-1.448866063455095041e-02
-1.764967958339964602e-02
-1.160704865218378790e-02
-1.159810238020135553e-02
-1.346394491542598831e-03
-1.494050894075029876e-02
1.016338122354080303e-02
-2.686824235345028605e-03
2.233530723728088113e-02
1.934055877096584400e-02
-1.783018495646235269e-02
-6.567731511065041244e-03
-2.321575977618207248e-02
1.650229836945122514e-02
1.230133896060723805e-02
1.700912072094474745e-02
-3.210191401724732732e-03
-2.248875648227707108e-02
2.013049746718591562e-02
-1.474024597931582019e-02
1.734608497672968097e-02
1.433120593110959878e-02
