-1.316627485089678397e-02
-7.657278251387002362e-03
-1.662931459832196063e-02
1.413023611812533678e-02
-1.716972619474408171e-02
1.753695948136216320e-02
2.895108736107794047e-03
1.696509084006699725e-02
8.864432535571304533e-03
4.352258515036051476e-03
3.404608797145715262e-03
-4.424075592401643768e-03
1.326274163137396329e-02
-1.902933944229239643e-02
2.811536117382344192e-03
-1.607354305415890222e-02
-1.137661441607329404e-02
1.835944791407147008e-03
-4.656845767826065484e-03
5.488491773421099590e-03
-2.635318084422205720e-02
-2.533812601819122531e-02
3.361796227337524035e-03
-1.580437633905428874e-03
2.971988869994447204e-03
-1.896345018819052671e-03
-2.496337802184605756e-02
-4.736374766896076058e-05
2.218850758754480068e-02
1.868990171993367352e-02
-9.988880924954982726e-03
-1.987361425789118535e-02
-1.237973317713684900e-02
1.904656468046467483e-03
1.198921275771553697e-02
-4.986445347964375474e-06
1.526572875536464204e-03
9.121578211478655746e-03
-9.977543981924135927e-03
8.021022013574087214e-03
-1.736748713626884086e-02
-2.256300097135984992e-02
-1.206099291004380028e-02
-5.965104151284744000e-03
-9.248766907015209746e-03
7.636880155143921552e-03
-5.724900951590868384e-03
2.673172901285112910e-02
-6.911146425542503968e-03
-1.872320096905550832e-02
9.600354389624206342e-03
1.603638323116629225e-02
-1.256752319323553146e-03
-5.716335650121643491e-03
-1.857961306829354967e-02
6.478594388127686086e-03
-4.395266762798965589e-03
-1.736037625178799351e-02
-1.244728793992706806e-02
-3.695366402376094091e-03
-6.060947447136492451e-03
1.914677047867955131e-02
-1.129250117435145161e-02
-2.541770797976123861e-02
2.363318043552892558e-02
2.388693359794869138e-03
1.215416246078705742e-02
1.413322279695398108e-02
-2.016228182665678187e-02
-1.984838228838744015e-02
1.848710771380841951e-03
-2.491500740079798017e-03
2.543831486816986245e-02
2.421707827620283443e-02
9.626436106753793673e-03
3.879717771604714559e-03
-2.293900306113579035e-02
1.278953699709838238e-03
2.180478445613783303e-02
-1.559778537658744121e-02
6.401695495687489100e-04
