1.737993036081238521e-02
1.709038010311905026e-02
5.198928881993473278e-03
-2.030825885122035032e-02
-1.094800805299614085e-02
-1.755307835486864809e-02
6.706369478375170425e-03
-7.435682694013994593e-03
-1.967936651330400022e-02
1.363139551141445173e-02
9.399904964375961625e-03
-9.009814513366957989e-03
-1.718833479693913230e-02
1.080305250774253427e-02
-1.647018629695709904e-02
-4.497207165943608274e-03
6.397911626339758753e-03
-2.128734956818265425e-02
-1.702874852668417871e-02
1.798187143501900342e-02
-2.129093162904812861e-02
2.014387053581336018e-02
1.274861756740299813e-02
-1.560075082717967722e-02
1.522002006015160701e-04
-7.464501659124907554e-03
2.135379139863525025e-02
3.875120928177769580e-03
1.012872040027818291e-02
1.722483680903818919e-03
1.119234430712106113e-02
-3.210547445806790148e-03
1.250623102090843083e-02
-2.580214100862131526e-03
-1.734471786491819170e-02
1.781925766709034284e-02
1.814922006972046267e-02
-5.997466999794885678e-03
1.757455234077849246e-02
2.854830912881644797e-02
2.357304404669312986e-02
-1.370474658551698068e-02
-2.397544530829366725e-03
3.799792199534120750e-03
-6.919444265403155471e-03
1.160080324593284161e-02
7.764999048161419157e-03
5.574880735231038317e-03
8.626793246401965459e-03
-1.131139575822231883e-03
4.009468305424979551e-04
1.730553952394018810e-02
-3.026881445491407321e-02
2.596598576074040168e-02
-7.244132747627913919e-03
1.243618496786766565e-02
-1.544635266285751367e-02
5.494557149255621491e-03
8.853453438196191849e-03
1.233017176058740991e-02
-1.741891783681031453e-02
1.611681314659325556e-02
6.805050474875774975e-03
5.718459104719697712e-03
-2.650588089607319991e-03
-1.151203518771221936e-02
-2.355949877352577979e-02
2.190305319830484695e-02
-2.248515461742121510e-03
-1.279552167438477352e-03
-2.150315902832655376e-02
1.394271196346115634e-02
2.370838254309324059e-02
4.221088113995636291e-03
-4.604653866722676812e-04
5.462397096720326105e-03
-4.838416254517358584e-04
2.783899536066541686e-03
4.980956581526085891e-03
-1.932344559727235123e-02
4.219904203965892477e-04
