-1.365991712686984681e-02
1.702946773943109574e-02
8.980627597038439228e-03
5.256720024155543333e-04
-6.892342157789047540e-03
-1.409327454753845190e-03
1.208446071086825835e-03
-6.685848797375312574e-04
-3.731820429861339074e-03
-2.261479479519348801e-02
1.859086042641990011e-02
6.268030872797500895e-03
-2.418902261646566770e-02
-5.252208893856314884e-03
1.114859450153138365e-02
2.010943545519359305e-02
5.595020807547718827e-03
-2.318620561287307400e-03
-1.123854522109635342e-03
-5.556016635555756887e-03
2.922464631937435331e-02
1.726508387354038290e-02
-2.157980845099567377e-02
1.214831687479880950e-03
1.394713947901903700e-02
-1.017605684677477806e-02
6.041859390014071504e-03
-1.858987189733476422e-04
-1.930821996657060627e-02
-1.614125253121586820e-02
-1.538661374548221453e-02
-2.724691936372797274e-02
-2.119975063202207341e-02
1.690789868006228880e-02
1.443684400001399824e-02
8.679080510552666591e-03
1.252365213683997482e-02
-1.023485582710564022e-03
9.578621684777639811e-03
-1.611113778079689696e-02
-1.519354846964830752e-02
-7.890842497650214782e-03
-8.545691496227291253e-03
-2.514813335422776477e-02
2.210102097761629247e-02
-2.138685111964234650e-02
-2.359505297778168725e-02
-1.147430229837782464e-02
-1.003109321622211361e-03
-2.029586053415493793e-02
2.054531644844100405e-02
1.022504381393233956e-02
-2.200088964127149970e-04
-1.072239226148147956e-03
6.166065801518160958e-03
8.265981482990509069e-03
-1.787768366522445723e-02
-1.273614674213488333e-02
4.931223787571758013e-03
-2.172771504491308094e-03
7.098025807378178197e-03
1.151206733338560120e-02
2.127636841489914318e-02
-1.325129220255753977e-02
-2.211873878920950220e-02
1.906439178618226510e-02
2.175603428589570972e-04
-1.228612590674596147e-02
-1.179301617069136200e-02
1.722789569242413540e-02
1.410799115478097131e-02
-1.400222218183516144e-02
4.051485124202433563e-03
1.966764683865579455e-02
6.028165979274933755e-04
-1.084156591810785455e-02
3.672910985146230368e-03
-1.025509126989355806e-02
4.864674587039308044e-03
-1.488644962149021297e-02
-8.900666352797232186e-03
