1.614896267673425739e-03
-7.455482928987062011e-03
6.198399461742745004e-03
-1.043164677337646805e-02
-1.819942545446204653e-03
-3.362163015224284984e-03
-1.783100295649603373e-02
3.269024622758311648e-03
-3.689839472121309374e-03
-1.022289262359858328e-02
6.541170195824532602e-03
-1.975189903938580002e-02
-1.561833571415895475e-02
-5.903836303297622240e-03
-2.357000776114909213e-02
-1.435844549973133363e-02
2.343103906093382208e-03
1.965716365771598764e-02
6.197625951183487018e-03
-1.540186607767726236e-02
2.255975766405453678e-02
-1.948779483764420597e-04
2.636866792098306947e-03
6.686829265116264048e-03
-1.076304710010377898e-02
1.348396143622223979e-02
-2.999472211928784146e-02
-7.996182951146724865e-03
2.144965782092258036e-02
1.475639038190582585e-02
-2.053924569072119663e-02
-1.306772257835325281e-02
1.157493474248377785e-02
-7.067753283804681548e-03
-4.105905887386658570e-02
-4.414692946710812617e-03
1.722624165523211140e-02
8.323698832790306368e-03
-1.396522753274574702e-02
1.155453560105351024e-02
1.956039593546008912e-02
-5.918605408512051837e-03
-2.466044960892378735e-02
1.625991584005621882e-02
3.065730194336237441e-04
-2.575992385743228891e-02
1.098856198849164530e-02
-9.386982712942948046e-03
3.426088175652029690e-03
2.916604437620242893e-02
-8.366177599506753083e-04
-2.250711454218180807e-02
1.492759887114626649e-02
-1.086097902126731234e-02
8.105564466661618851e-04
-1.340508652043104210e-02
-2.440704511718427751e-03
-2.141379358610621779e-03
1.557720300494901816e-02
-1.640102846491300892e-02
1.338512217518194637e-02
-2.239080943017037351e-03
-2.352607745866237582e-04
-1.236512171573503176e-03
-2.103270558270618935e-03
-1.386021768883622871e-02
-5.421632950604496175e-03
4.672938710678571400e-04
2.927125602843086687e-03
5.194360585873854068e-03
-6.494471558584168427e-03
-1.557407277608554089e-02
-2.014353640835244656e-03
4.545592784338841805e-04
4.012661496988560381e-03
-2.504736104508436395e-02
8.940751015761278875e-05
1.995330923700027598e-02
2.031471197298435546e-02
1.049713082324358997e-03
-1.932582865664679225e-02
