2.108396101575772327e-03
-2.060296041187578177e-03
-1.151532845118619607e-02
-4.243232626824335052e-03
-5.704109098882615379e-03
9.226510814936781518e-03
1.220390042515245854e-02
2.381944890076385848e-03
5.391896382776696812e-03
1.942889616648004955e-02
2.589690732534643408e-02
-1.976195450821013541e-02
1.625921340778024859e-02
-8.567499238329310401e-03
9.704578491805138443e-03
-4.338757066985519072e-03
-2.325735127779722175e-02
-1.338705075747143036e-02
1.893236956723544709e-02
1.735676224780917723e-02
2.198138346582722766e-02
-1.273037274204116658e-02
8.131426703727641023e-03
1.355030049937086881e-02
-7.646870186223507157e-03
9.650947152868346451e-03
2.520012858986521442e-02
-1.087387461308078097e-03
-2.055252973780056786e-04
1.593059934483349871e-02
1.291496500577773814e-02
1.235433566909974190e-02
-1.567480871991812352e-02
-1.431794940739794866e-02
2.363409593948913832e-03
-4.625570519760533079e-03
-1.086628508159229525e-02
-2.210198402460119421e-02
-7.984726135224624183e-03
1.176608116214717878e-02
1.174379727973369134e-02
5.132820682003619121e-03
1.346286406823440094e-03
6.148387792238830044e-03
-1.653473347829255424e-02
3.836721264951932324e-03
-2.465969704800035495e-02
1.476261897738727173e-02
-3.640751818677856206e-03
5.502678471723049941e-03
9.519382847648189330e-03
2.318773689610194311e-02
-1.773742949651107431e-02
1.560165616057633889e-02
2.561591970706668039e-02
-2.184814123059087079e-02
-1.437113329765993958e-02
-2.784317783728117689e-03
2.059742828610109603e-03
1.914756671701142374e-02
2.415620981349645910e-03
-5.412994411073084391e-03
1.066629418755104565e-02
7.374004022623874104e-03
1.658776988740317399e-02
-1.301809336220447616e-02
1.206007275801206785e-02
-1.599701652615805395e-02
1.195253692084042620e-02
1.876654000174288054e-03
-8.159072281872450580e-03
-1.825589273617643851e-02
1.849108695593659844e-03
-2.235210498840808219e-02
1.534112968659949970e-02
-2.863228755401949627e-02
-1.310277718428706946e-02
-4.480125727403370776e-03
4.464533185116861640e-03
-2.536373633077425652e-02
-8.794472991209528745e-03
