-1.324713651949515139e-02
6.006081344790750558e-03
9.878960624277370248e-03
-1.602861555744920785e-02
-5.337772564038507700e-04
-1.512088107200507299e-02
6.947689535694596269e-03
9.567981569804503636e-03
-3.310864823578404861e-03
2.341329893100846035e-02
1.241025363254628401e-02
-1.696547673707720846e-02
3.954378491827442201e-03
9.294800191296467579e-04
-3.297828496088520134e-02
-1.130846327279399176e-02
-2.094713321709014246e-03
-2.107738874640704627e-02
1.933777227978270355e-02
4.034882834070411747e-03
-2.264426865631825186e-02
-1.916850078946349609e-02
-1.058679955689083296e-02
2.064635757525583922e-03
1.611978569900322268e-03
-7.037476518692405841e-03
6.426885719423204189e-04
1.778897266044050102e-02
2.957885416732028427e-02
1.901341515071251070e-02
-2.209353781491516996e-02
1.389860126551897140e-02
6.075736436292857728e-03
2.105910801470317097e-03
5.756369369188504316e-03
4.503522363808788904e-03
-1.701747552763988860e-03
-1.933205666365598804e-02
-1.116878829041651269e-02
-7.887160919067945711e-03
1.787156960054148841e-02
6.869826408626837112e-03
6.517614657282295131e-03
-1.627647056739767867e-02
-1.994010704988331004e-04
6.232757166507703686e-03
7.786697660034599434e-03
1.698193552123380620e-02
1.569107934917348887e-02
3.045910238644945409e-02
-8.873961907093608215e-03
-2.467262096192207946e-02
1.192706640303636302e-02
2.405168418879850573e-03
-1.313812188639884755e-02
7.711802967946628472e-03
-9.379390870757254098e-03
6.604598042682892529e-03
-1.010680669922504014e-02
1.118276891265265662e-03
-2.019330126681076823e-02
2.509602598633379512e-03
2.046406506085479346e-02
-1.436333237359244640e-02
1.902620658688732730e-02
1.167472603093524901e-02
2.050156284044503396e-02
-5.048410270280514686e-03
1.218559944376516532e-02
1.066609700757992218e-02
-1.018002042223753109e-02
1.045147029464915840e-02
2.250912559681319397e-02
-5.164167969791227247e-03
1.098446571077341290e-02
-1.353567713584261437e-02
7.944361118525136364e-03
1.927575809373819476e-02
1.633317634761227016e-02
1.177607415562814674e-02
-1.628552770956622668e-03
