-3.320876268745656321e-03
-1.357715829067893641e-02
-8.893358879510173537e-03
-1.249818909974441481e-03
2.000473297096859275e-03
4.641680123450482066e-03
3.990599470584055286e-03
-1.455465444437442635e-02
6.108403438515501785e-03
1.350372244159629177e-02
-1.913188005474500755e-02
1.718570852862071410e-02
-4.186823552542217816e-03
1.686560953848060358e-03
-2.551497725759446257e-03
-1.749148119424913037e-02
-5.737118612094104821e-03
1.639489766472140148e-02
5.241116378426822873e-06
1.193778112960721879e-02
-2.016136900926517039e-02
-2.382659102762638755e-03
3.001131551863195357e-02
-1.377362054085361914e-02
2.380045858924628027e-02
2.886984330806680542e-04
1.597804981009853451e-02
-2.067878743153300780e-02
1.985840306552180690e-02
-2.836987162151202724e-02
-2.311351151193433151e-02
1.601502605264522186e-03
8.500608779079968716e-03
-5.987242776057387882e-03
1.292684731752704805e-02
-1.192082706795566903e-02
1.315064964140089457e-02
4.107257965196263634e-03
-1.952616639359443240e-02
-6.973429083755292371e-03
-1.518579124527100199e-02
2.888199068298857603e-03
1.145642472157787015e-02
2.303973201809689578e-02
1.751356579817280740e-02
-9.951915751030051063e-03
1.858698143271491146e-02
1.343421273209918429e-02
4.405170415767624241e-03
2.280107215323219291e-02
-1.077183954872897899e-02
6.021487323129630321e-04
-3.771949479707708045e-04
1.131623846649461654e-02
1.625739995994509787e-02
1.659122704513038213e-02
2.988813123497184154e-03
-1.178611188613251128e-02
4.755827140007108135e-03
-1.495541698026837084e-02
-2.792956925974311375e-02
-1.174167894893780872e-02
1.194058591441338538e-02
1.670178618499492534e-02
1.205494757689042074e-02
-1.580978673426292058e-02
-6.130770086697317524e-03
-1.491481644281936539e-02
-1.298498127715709202e-02
-2.171701338547797275e-02
1.772026367169630967e-02
1.167055292840892509e-02
6.124057412441641412e-04
4.716845914490316698e-03
-5.954432672475062568e-03
-2.057817173182256015e-02
-6.244182919774294085e-03
-7.770209966194980937e-03
-1.870884570560172808e-02
1.783641063450906727e-02
5.284345060258109454e-03
