6.455229493536314943e-03
2.125588673397380262e-03
1.128015900139759525e-02
-4.032874443794417542e-03
1.426764719902178825e-02
1.815435199627277521e-02
-9.449593825328136618e-03
-2.374062179284069929e-02
-6.217828347286151122e-03
7.386092156984386996e-04
-2.040482265340963844e-02
-1.636559767798316176e-02
7.337574862193421178e-03
-4.240868634232535265e-04
-1.030234647563194397e-02
-1.617222509338666139e-02
-2.148383237032881244e-04
-2.410458634906509183e-03
-9.533485568078975750e-03
-1.917525808046333449e-02
-7.942714120610110465e-03
-6.196880279136858689e-03
-7.043962856757970958e-03
2.935083393781036214e-03
1.160745993541963290e-02
1.314219358627954914e-02
-1.483341729017147691e-02
2.206773195911439223e-02
-1.086101000733813264e-02
3.400261101651988385e-03
1.550056425970867957e-02
1.255518301717454058e-02
1.649924555043322163e-03
-1.192211529066546094e-02
-2.367312709287922728e-02
2.274347982420547865e-02
-2.962881609460744811e-05
1.550751132105003538e-02
-9.743586819927131659e-03
1.670929442971780948e-02
2.220456745890163341e-02
1.303888545844290175e-02
1.013991392873579006e-02
1.122489704402648836e-02
-9.743854920567928887e-03
6.675578816485977507e-03
-1.249798170167634032e-02
3.606939507914526822e-03
-2.099435593129072089e-03
8.568100248052880688e-03
2.183541604359949539e-02
2.197830848255563890e-03
-2.268383806389255228e-02
1.302587227427210413e-02
-5.365271999505072907e-03
1.098663754136348057e-02
-1.201829064183296963e-02
1.628236761944186137e-02
5.051559252990102345e-04
-5.350728294641867236e-03
-4.976864315250532390e-03
-1.759755900557166339e-02
-1.422132388798247847e-02
-2.410672550999199207e-02
-1.250511264781020010e-02
1.995560926679167818e-02
-1.608056865886799830e-02
1.328154989689044572e-02
2.086714201919891501e-02
-1.966695972763038772e-02
-1.819175469173496540e-02
1.975240097791657046e-02
1.115957891023150548e-03
1.018602480238605702e-02
-2.954959846834802686e-02
-4.546044954733896928e-03
2.834287890000981858e-02
-2.307737848106828065e-03
1.551856710864140017e-02
-1.433245441800189146e-02
1.281748801036078703e-02
