7.120141078617167434e-03
-1.342768951513087505e-02
1.859777609338861964e-02
1.297596239963712088e-02
-1.168730729139745919e-02
-6.870735821632101108e-03
7.684506475201444836e-03
-5.653358644875049882e-03
-7.736337915422360559e-03
-1.090784832893289084e-02
-1.245701985123719852e-02
-8.471486561685802330e-03
-1.204487547601553951e-02
1.262239255536280746e-02
-1.716902727168279422e-02
1.506693677780567009e-02
9.417949142007754626e-03
-1.052093526575544925e-02
-1.612215944036097387e-02
-1.301235040085015580e-02
-8.707383068648485297e-03
-8.208904694285822784e-03
1.213764324881851445e-02
1.727604126007937710e-02
-4.763696333456635991e-03
1.838132227235001956e-02
8.647117505647670607e-03
1.416574335251283984e-02
-1.090006416526165603e-02
4.537566436070491170e-03
1.484378565609749227e-02
-1.728314931369852661e-02
-2.447594550199759175e-02
-1.770674618383133794e-02
1.318661873461620705e-02
7.589855589840183592e-04
-2.837367512705110673e-02
4.689378559634574048e-03
2.627603992648207265e-02
-2.005475321265907593e-02
-1.221281362020768891e-03
2.730955180602947716e-03
-1.492779341607736003e-02
7.257500255358742026e-03
-1.385694027838240902e-02
2.546573263667168546e-02
1.499587980815696858e-02
1.385010823751959934e-02
-1.211629961486870898e-03
-9.376011277399943361e-03
-1.260386325593963915e-02
-3.511183220701137673e-03
-1.935076653103477012e-02
2.019804654249892154e-02
-2.572406244179695559e-02
-2.276141361643499797e-02
5.318016890894427737e-03
-6.832972042688498227e-03
1.986412359726701798e-02
-1.149562748062246849e-02
-2.363147974339800152e-03
-1.529671835363350350e-02
1.408446946316266844e-02
8.423920132821106216e-03
-1.220134898113868667e-02
5.371449303403965508e-04
-1.045119443676235937e-02
8.128958580443787149e-03
1.609320775399424377e-02
2.448752489116638384e-02
1.110274493001397154e-02
1.312127742231693379e-02
-4.522619024962919176e-03
-2.165262175983978521e-03
-2.207332895440602613e-02
-1.455079664878803671e-02
-5.564671821096488745e-03
2.026086076189793916e-02
-1.527292512855907974e-02
-1.008309867448656423e-02
-1.869959286350861944e-04
