-6.184389453004680848e-02
-6.153575829288625981e-02
-6.122473203419466492e-02
-6.065328699656384603e-02
-6.037646617332522586e-02
-6.020183202502962794e-02
-6.012612864064670326e-02
-5.938691267748361091e-02
-5.928713143440294403e-02
-5.877145121448008880e-02
-5.825058466595208623e-02
-5.814185079334441980e-02
-5.782170713465574485e-02
-5.745015077813652588e-02
-5.719894944778641799e-02
-5.695115750171711455e-02
-5.675695794729211652e-02
-5.650010526234899855e-02
-5.628492652259969864e-02
-5.612648700418473163e-02
-5.601829089020883556e-02
-5.591762567128014116e-02
-5.565219017296416798e-02
-5.533167859614807060e-02
-5.519094915795318135e-02
-5.489599994821881684e-02
-5.480649270316764743e-02
-5.455573481926673240e-02
-5.434683512411559586e-02
-5.419943422712412973e-02
-5.387961191090864799e-02
-5.366757728693419272e-02
-5.336257120622646399e-02
-5.314987516890887220e-02
-5.303112105807043786e-02
-5.281275309775387145e-02
-5.271731155425237597e-02
-5.263117070527982555e-02
-5.249264725161820883e-02
-5.221563228849919469e-02
-5.203276966746213372e-02
-5.170704815349148886e-02
-5.163885293574986546e-02
-5.161133645893779126e-02
-5.124938844171943869e-02
-5.115613959858913984e-02
-5.111392678957139141e-02
-5.095585930741081127e-02
-5.060011926177035435e-02
-5.047373307700404182e-02
-5.043502122604538035e-02
-5.024930722596156196e-02
-5.009616773413009400e-02
-4.998656627786136203e-02
-4.987268734439130602e-02
-4.966924417610795589e-02
-4.945745656941877288e-02
-4.931014475779301603e-02
-4.911632835610044850e-02
-4.910453398410894593e-02
-4.902217297504003757e-02
-4.866111565218883550e-02
-4.860588181882032760e-02
-4.846641266351341820e-02
-4.828199452961674798e-02
-4.821888857249605198e-02
-4.806640250295427658e-02
-4.794265188000527977e-02
-4.775295317342420631e-02
-4.746315600239416066e-02
-4.735220182007253420e-02
-4.724115743747363261e-02
-4.705061535078815943e-02
-4.696857046660057877e-02
-4.679770287625729247e-02
-4.671451815538027463e-02
-4.659121092975020140e-02
-4.643040238542772008e-02
-4.632230267847607663e-02
-4.606277107996161607e-02
-4.590006420732860998e-02
-4.581104288605279684e-02
-4.566894792743633746e-02
-4.549882099141373815e-02
-4.544001115335901536e-02
-4.538290189472726083e-02
-4.519740787920825675e-02
-4.505797611653752227e-02
-4.486143709318447803e-02
-4.473880518530663070e-02
-4.460626973400101669e-02
-4.448552611156843944e-02
-4.436295703284778846e-02
-4.420643676146397000e-02
-4.413450514733288643e-02
-4.395525505301035168e-02
-4.369417514836968636e-02
-4.358531588389004396e-02
-4.344462263203308083e-02
-4.342901273519642752e-02
-4.318028528238242181e-02
-4.302708669938519470e-02
-4.295342852679072398e-02
-4.281188642589549287e-02
-4.259460890812889061e-02
-4.250360849100684457e-02
-4.233257508892284554e-02
-4.226047738201483411e-02
-4.216081950320967053e-02
-4.203287223097463415e-02
-4.197870572373800513e-02
-4.185029980024651541e-02
-4.157185473697296713e-02
-4.146558580266455213e-02
-4.134315512767533507e-02
-4.123121070695243140e-02
-4.108211428583564973e-02
-4.093965513462564237e-02
-4.075823095660400380e-02
-4.066394016818230400e-02
-4.047164577887496506e-02
-4.044068944942577626e-02
-4.041108511489789612e-02
-4.028227958553205063e-02
-4.019346187682291266e-02
-4.001651065596222717e-02
-4.000608700555206843e-02
-3.978399547719771445e-02
-3.952483243193483792e-02
-3.947244827887437524e-02
-3.945375021772364738e-02
-3.931444894560104375e-02
-3.915795810531335491e-02
-3.906855738409569651e-02
-3.890939729685123638e-02
-3.886239661804821027e-02
-3.879537803292342629e-02
-3.874291291368469475e-02
-3.846507347960623907e-02
-3.834716611173045325e-02
-3.828614752979189045e-02
-3.822544884289819089e-02
-3.797811675780547042e-02
-3.792832550546679921e-02
-3.781125759344377418e-02
-3.762260027381393590e-02
-3.757713224961719417e-02
-3.749568280674242526e-02
-3.735943278724192240e-02
-3.723075851619351423e-02
-3.716532717967709065e-02
-3.695067282513393031e-02
-3.691514898225482788e-02
-3.678710697672925994e-02
-3.663906697251616967e-02
-3.654144476608783138e-02
-3.641982210063676034e-02
-3.639621837242183050e-02
-3.615240436782205663e-02
-3.611448161363841475e-02
-3.588282000704821895e-02
-3.568284856019532381e-02
-3.562282394940968766e-02
-3.545179040955148686e-02
-3.530348672427845863e-02
-3.526046885845250667e-02
-3.518069083780879514e-02
-3.492742192398096829e-02
-3.478384192729191277e-02
-3.476649127551646734e-02
-3.450575989120724385e-02
-3.448230555233951916e-02
-3.439492881515624628e-02
-3.423704026029425473e-02
-3.406263712515059106e-02
-3.405799614994289848e-02
-3.390700406582928400e-02
-3.388799383991842468e-02
-3.375934485391924450e-02
-3.368351198062450452e-02
-3.343957501693591711e-02
-3.336015084106667278e-02
-3.320519319538448727e-02
-3.309432264295009141e-02
-3.292391789907876676e-02
-3.287198417481562024e-02
-3.278214307646941383e-02
-3.261332333382725018e-02
-3.256326215519489420e-02
-3.252886209854024407e-02
-3.233612291113476672e-02
-3.216024232102060454e-02
-3.202075041013455192e-02
-3.185135986525328838e-02
-3.181767959870222123e-02
-3.175833832005065666e-02
-3.172812214983504464e-02
-3.153823930230439943e-02
-3.144887642102109360e-02
-3.139594922870116156e-02
-3.120335827360389697e-02
-3.113378895525163378e-02
-3.104188646588076222e-02
-3.086637233679432116e-02
-3.075919356099171553e-02
-3.063376398211286461e-02
-3.050857280380364980e-02
-3.048405089373272883e-02
-3.042431839713349850e-02
-3.023787581509062433e-02
-3.018513784993717350e-02
-3.004775096935636408e-02
-2.994151063419391023e-02
-2.976715323796653989e-02
-2.970385570456856097e-02
-2.962976339347528701e-02
-2.956934660193818662e-02
-2.948904057283196350e-02
-2.930808428704300903e-02
-2.929632787713178782e-02
-2.918377907466376819e-02
-2.908966282445188054e-02
-2.891340410301954447e-02
-2.865265698687856702e-02
-2.861655915254099000e-02
-2.848545362622898619e-02
-2.837274869901566104e-02
-2.825029872851265306e-02
-2.823400570900401821e-02
-2.812838042170822186e-02
-2.797046856964404207e-02
-2.782006147622063594e-02
-2.767610400815496627e-02
-2.767301988047609837e-02
-2.753524541439606246e-02
-2.736868562161367743e-02
-2.731102712919134326e-02
-2.719587519092288991e-02
-2.711166989798991650e-02
-2.700023701749641736e-02
-2.693036444676041516e-02
-2.669472681024916486e-02
-2.665068432729685716e-02
-2.646017540778605043e-02
-2.641811479232847315e-02
-2.637355779566339861e-02
-2.627382794124640333e-02
-2.619066182497143888e-02
-2.602915818425208250e-02
-2.598076055150488547e-02
-2.594530456067051238e-02
-2.575948928235382088e-02
-2.558842698851185662e-02
-2.556231509811863686e-02
-2.539816994010464166e-02
-2.530614198206398643e-02
-2.524855363008250697e-02
-2.515945524750905216e-02
-2.504316039089436730e-02
-2.491886038497388711e-02
-2.480981755470493266e-02
-2.466192056515417383e-02
-2.463309113182321833e-02
-2.458361132838580293e-02
-2.443587550408677853e-02
-2.426279577482806996e-02
-2.419008118461134227e-02
-2.416721197641658395e-02
-2.411782612583410201e-02
-2.385352141212290430e-02
-2.373514106782996513e-02
-2.368458852438851125e-02
-2.349119689250892679e-02
-2.339146505068274984e-02
-2.335777970758583233e-02
-2.316631409934024471e-02
-2.302548849586068258e-02
-2.295613351831682011e-02
-2.281756956186890145e-02
-2.271867782161026555e-02
-2.262258137940858713e-02
-2.250717631032664312e-02
-2.233909583927254708e-02
-2.229514746795088417e-02
-2.212453779891087810e-02
-2.207978890418852563e-02
-2.195417354465772908e-02
-2.191709761747647964e-02
-2.180020708928594175e-02
-2.174946658630608209e-02
-2.160845743170722311e-02
-2.151438569270089016e-02
-2.144701521924795296e-02
-2.136181822094275831e-02
-2.120655933720682132e-02
-2.109002310678362996e-02
-2.092466669234981438e-02
-2.080877110244734249e-02
-2.072611323351938872e-02
-2.065113070234614323e-02
-2.060377187763341722e-02
-2.052463158792676087e-02
-2.035434202840488704e-02
-2.032177027870215452e-02
-2.025937743551196532e-02
-2.014191376309006770e-02
-1.999369491867690474e-02
-1.991241532286547322e-02
-1.976846751278255043e-02
-1.973089147241786565e-02
-1.965858437361213407e-02
-1.952225159527195761e-02
-1.948253041034811450e-02
-1.937102885254426282e-02
-1.927760899892482990e-02
-1.905983428883860006e-02
-1.898741253369618659e-02
-1.891192099155357409e-02
-1.881179588091377516e-02
-1.866244108118969916e-02
-1.858076832005993786e-02
-1.848537384380685364e-02
-1.828946352870142178e-02
-1.821154518218188328e-02
-1.807388084111101120e-02
-1.796835081234803011e-02
-1.791317331964742757e-02
-1.783792048096463981e-02
-1.768075408584571934e-02
-1.755374574978366825e-02
-1.749806456842964777e-02
-1.740216489113092027e-02
-1.736225488983173665e-02
-1.727448852169477175e-02
-1.714191180818399468e-02
-1.703987150508237680e-02
-1.694725388554281509e-02
-1.686993107731750777e-02
-1.681357854807414773e-02
-1.661596307604451539e-02
-1.649265986342961926e-02
-1.642219096582554771e-02
-1.626746714639701330e-02
-1.624905616288909935e-02
-1.609464039889393211e-02
-1.606552921980616486e-02
-1.586116292342271486e-02
-1.583190421554059313e-02
-1.573725081285688027e-02
-1.570095779059139246e-02
-1.556820281483607855e-02
-1.552853620310973987e-02
-1.537076266381422716e-02
-1.527899829442140762e-02
-1.525688095513133037e-02
-1.511430409813777596e-02
-1.490067971069845149e-02
-1.481703894043529847e-02
-1.478455503433065941e-02
-1.465007764769407639e-02
-1.456526208008845392e-02
-1.451247744169761010e-02
-1.438665223593445577e-02
-1.423063011180779498e-02
-1.413002877139824323e-02
-1.405223522748848784e-02
-1.400814140401815747e-02
-1.384076879541082383e-02
-1.370783488108330041e-02
-1.364069542554138641e-02
-1.359686139966134050e-02
-1.336738358098213224e-02
-1.330415753735320582e-02
-1.321020263104751361e-02
-1.306775705212959854e-02
-1.299835282351392667e-02
-1.292767009171820122e-02
-1.280717698373796606e-02
-1.273933261718763685e-02
-1.270885952327410577e-02
-1.270363323160900691e-02
-1.250347109567482261e-02
-1.245340025320394207e-02
-1.242574544284761814e-02
-1.239804732442163250e-02
-1.222936636153631497e-02
-1.211011856435692362e-02
-1.202558551511221166e-02
-1.195610322462457159e-02
-1.188439737105476644e-02
-1.185929477900359193e-02
-1.155402946703588604e-02
-1.150280343096757654e-02
-1.139964210351929880e-02
-1.127434327183775287e-02
-1.122873906797972401e-02
-1.108307377749602994e-02
-1.102692540480294803e-02
-1.093440216763548641e-02
-1.080543461726962695e-02
-1.078639973078405513e-02
-1.064376728861236160e-02
-1.053998430509834119e-02
-1.042151732150802847e-02
-1.031385398832595883e-02
-1.014628339740976208e-02
-1.002336926951194820e-02
-1.000406608827667139e-02
-9.818190916858622955e-03
-9.763921302366097496e-03
-9.720458630702734359e-03
-9.521149165470187484e-03
-9.483771847239839264e-03
-9.369747173820667380e-03
-9.340104315010179514e-03
-9.183087261292237347e-03
-9.071967871351116486e-03
-8.914299287505181649e-03
-8.848600629533782611e-03
-8.702003995519931936e-03
-8.488042503784659285e-03
-8.472277446239238549e-03
-8.416678284667066315e-03
-8.239348304077269078e-03
-8.201243602763037821e-03
-8.140842894792749140e-03
-8.078361454224953705e-03
-8.042409316256932464e-03
-7.965739080265706734e-03
-7.749920544483711142e-03
-7.729647968511482031e-03
-7.667288911980183613e-03
-7.601137951482769307e-03
-7.507594671054875109e-03
-7.396666247877374534e-03
-7.261813521408437035e-03
-7.201738485924404076e-03
-7.111516744045873542e-03
-7.005153979856178041e-03
-6.859586338795834251e-03
-6.740970436345866332e-03
-6.602418899725842096e-03
-6.561108564342965112e-03
-6.538830859804641363e-03
-6.477284081133595321e-03
-6.342801594989186734e-03
-6.200939776899444013e-03
-6.183635719356157801e-03
-6.044459364697026341e-03
-6.006177723159748794e-03
-5.878247547122693144e-03
-5.748895510100408487e-03
-5.640249585250597941e-03
-5.606009550834817334e-03
-5.543291906156796837e-03
-5.404095969586540649e-03
-5.318958327731072681e-03
-5.278526199839137824e-03
-5.184694851029821375e-03
-5.038219410955833630e-03
-4.999613233662185928e-03
-4.895165397214706372e-03
-4.859973140466397265e-03
-4.674986713078753929e-03
-4.607190092439583488e-03
-4.534202961039632621e-03
-4.443909900725627124e-03
-4.268698372712750010e-03
-4.231047223364987897e-03
-4.097501829341229293e-03
-3.939384835858249570e-03
-3.896099633625510657e-03
-3.817906801655113636e-03
-3.582182162646549168e-03
-3.485522736951429581e-03
-3.420142573177800942e-03
-3.320544313636555455e-03
-3.279495485307971653e-03
-3.186679506403947842e-03
-3.011662444406867662e-03
-2.901982094616918032e-03
-2.840216039953062134e-03
-2.673464128491022905e-03
-2.567624714286341567e-03
-2.450245134202051582e-03
-2.388317717293808595e-03
-2.320440754440970636e-03
-2.236723886960043962e-03
-2.214560889683778438e-03
-2.123369778924903261e-03
-2.096882501708778688e-03
-1.927952824842617740e-03
-1.901890734961342701e-03
-1.853176736046451001e-03
-1.758744212791205465e-03
-1.642556026059152326e-03
-1.580465220621289331e-03
-1.435455734786785864e-03
-1.307031749148546531e-03
-1.264392537904864564e-03
-1.104399152071839545e-03
-1.042441997058347414e-03
-9.525107719607241305e-04
-7.575041927491178717e-04
-7.036176688088764675e-04
-6.145874031587945322e-04
-4.545854896473736713e-04
-3.884170182452206061e-04
-3.067301557598846578e-04
-2.440771633984658066e-04
-1.163392556773090215e-04
1.628984074317189217e-05
1.138507141514849265e-04
1.283151337530648241e-04
3.480574154203811780e-04
3.890337787237445051e-04
4.933035448712102741e-04
5.313836945124230130e-04
6.596145966656552419e-04
7.362564639341835160e-04
8.971840499355903656e-04
9.369589208834517386e-04
1.032502910471734276e-03
1.070245343281866525e-03
1.312072938498811498e-03
1.385062495676203046e-03
1.426778831580596775e-03
1.487745565914964799e-03
1.539909565713821170e-03
1.627070543835091318e-03
1.741126489502603774e-03
1.781916030637042741e-03
1.824713024993775655e-03
1.915297058663516586e-03
2.109855213529359882e-03
2.206913171681131568e-03
2.397571438097223246e-03
2.422556513506061646e-03
2.517604449053642036e-03
2.727869832415639410e-03
2.797342672152405320e-03
2.832075118083470389e-03
2.952267904055144287e-03
3.083826892285238333e-03
3.120379639127120533e-03
3.187115421688024690e-03
3.211959345860965643e-03
3.425209515605743237e-03
3.502803305149983920e-03
3.534880770952235872e-03
3.632024130308221868e-03
3.874253715230771122e-03
3.905225211175095655e-03
3.963430964275751686e-03
4.108453994702167614e-03
4.128837401637063670e-03
4.291850865294943168e-03
4.359095759712153760e-03
4.474034123570873149e-03
4.670034944484544384e-03
4.708078161968423138e-03
4.787007200548128692e-03
4.962852054724921878e-03
5.039339603323717692e-03
5.088509453178976724e-03
5.148278875131411837e-03
5.246711371931177953e-03
5.339253341458484285e-03
5.463570303460969085e-03
5.579129213812738727e-03
5.707890662369489304e-03
5.738259655422032514e-03
5.859420467565375906e-03
5.938762447710317811e-03
6.023218622770007760e-03
6.078379998410025735e-03
6.128320672359086410e-03
6.378818893857458178e-03
6.387005369775711205e-03
6.520922359066820724e-03
6.600918164112882895e-03
6.744293018166530942e-03
6.761043578073190445e-03
6.797259468169274121e-03
6.933772116704330600e-03
6.981139704835353198e-03
7.100925139291336396e-03
7.283751125610757673e-03
7.316051322142184954e-03
7.472118210199958817e-03
7.529058183670416481e-03
7.669744567071373406e-03
7.719457113143650580e-03
7.730076569017824833e-03
7.866517191240093160e-03
7.989404792443277961e-03
8.055180364021113926e-03
8.132220026386206488e-03
8.215950627558026020e-03
8.287140976099968345e-03
8.374103312982335290e-03
8.493607210861672113e-03
8.569146360976350948e-03
8.687900005038671006e-03
8.833838505005678007e-03
8.913485756985134803e-03
9.127454641480341191e-03
9.151616433960566704e-03
9.244603887611278423e-03
9.320053566706669457e-03
9.556441971301645605e-03
9.645009909708637807e-03
9.743428931718894903e-03
9.787526625397623831e-03
9.867739826092345942e-03
9.933058885686133627e-03
9.951450056583755616e-03
1.001140015638276454e-02
1.015811944920280534e-02
1.036443653502187694e-02
1.048611660604418377e-02
1.055981453359448180e-02
1.064157924345773137e-02
1.075726536673042751e-02
1.086832743390398100e-02
1.098574440111076828e-02
1.105423706758141417e-02
1.112996853271797267e-02
1.121331757435344717e-02
1.134208056995392525e-02
1.154092596953001752e-02
1.160971701157155998e-02
1.170251064601255872e-02
1.177571106427368654e-02
1.180658781170163853e-02
1.192685560076886531e-02
1.202952193127026018e-02
1.207695669873997193e-02
1.217347499131954738e-02
1.226791653962871174e-02
1.244214489942682168e-02
1.248485219100062271e-02
1.254076361376619750e-02
1.269086113512602268e-02
1.276645799907957270e-02
1.281574471197678700e-02
1.295460438818522506e-02
1.308632250248603288e-02
1.310842001547641786e-02
1.320864667029708443e-02
1.330795789734912603e-02
1.347145144869383790e-02
1.355871513554180938e-02
1.356516779718539185e-02
1.371786814211905028e-02
1.382530994429229283e-02
1.393052443085931492e-02
1.399900668779450845e-02
1.408439498465359485e-02
1.429153579240089594e-02
1.441282701348089480e-02
1.447795387973909061e-02
1.458289648683812854e-02
1.466090926279034132e-02
1.477571486351565190e-02
1.481513199999722613e-02
1.495996753632659014e-02
1.497019604988525029e-02
1.520430073929305258e-02
1.527509538898183181e-02
1.535437913694404598e-02
1.547665432036791563e-02
1.556754922108574343e-02
1.561795452262358316e-02
1.586541712662023484e-02
1.599649838397865925e-02
1.608531968681995231e-02
1.612710997891501560e-02
1.621358830360729308e-02
1.624651374002603760e-02
1.629036176606106848e-02
1.654102123728697082e-02
1.663590049662588138e-02
1.676139281545143897e-02
1.680952063701725632e-02
1.687881091508422818e-02
1.694116271790068254e-02
1.717003444613638893e-02
1.725744730983687011e-02
1.732414176956128399e-02
1.739323748255826307e-02
1.748102828512147766e-02
1.757975243524027495e-02
1.778386404060664644e-02
1.781358303455072081e-02
1.794514495822352104e-02
1.803911847564085638e-02
1.816982476035806926e-02
1.821352341658349569e-02
1.841617121134324700e-02
1.847738235032248336e-02
1.856544395610159812e-02
1.863954326409947640e-02
1.869754357686908425e-02
1.882544474580806482e-02
1.902500118990821040e-02
1.905768254727985972e-02
1.911750449879535615e-02
1.923017766671048651e-02
1.931558037578305978e-02
1.934581608163981475e-02
1.942575059751976835e-02
1.949313147540875438e-02
1.958223591655654586e-02
1.968434068262835818e-02
1.973747958178742601e-02
1.979740978536712048e-02
2.000362267456892371e-02
2.007331198285323970e-02
2.018059093650412944e-02
2.031541794383519284e-02
2.049149889501759164e-02
2.051294708122781973e-02
2.060914531530154414e-02
2.071137934024125729e-02
2.086896113703264055e-02
2.094549247415889923e-02
2.112748511776629812e-02
2.117939125110241544e-02
2.128120449181706772e-02
2.133546537918308561e-02
2.139999627461121323e-02
2.145884141193328196e-02
2.164531717087526605e-02
2.173735043582390378e-02
2.185142340582440362e-02
2.195615578649477706e-02
2.202234561200345705e-02
2.205911900655935579e-02
2.220585223952390580e-02
2.224033559445055472e-02
2.238780211917311413e-02
2.243145905625260408e-02
2.261050172405053987e-02
2.266510724553229619e-02
2.285664479398306567e-02
2.287940987537210105e-02
2.291746096169372179e-02
2.304728642280242865e-02
2.315646685011976333e-02
2.329481508707560017e-02
2.339087303651349314e-02
2.347421166528701475e-02
2.365478745461088717e-02
2.377737717009853827e-02
2.385423803359537978e-02
2.393517146013921307e-02
2.404388071934632914e-02
2.416212186553059332e-02
2.424521596230528458e-02
2.430168203593114848e-02
2.451557520844224389e-02
2.457885989895820800e-02
2.471237216570560183e-02
2.482409977924930622e-02
2.489279638691461669e-02
2.516258483581840233e-02
2.519915891924780910e-02
2.523686319965621691e-02
2.529891417242117677e-02
2.545390968562645864e-02
2.551307075705901845e-02
2.553941839673272429e-02
2.573863585517681407e-02
2.581947952053238043e-02
2.604006793328024830e-02
2.612887250669106501e-02
2.618431817103318224e-02
2.628111585851708801e-02
2.629784308180995248e-02
2.646885445301052839e-02
2.654066768201925400e-02
2.664163591509304332e-02
2.683482043990128782e-02
2.689983862756007912e-02
2.695214608837594519e-02
2.712638372724703387e-02
2.723013629959885121e-02
2.733083644502567675e-02
2.735836252464662888e-02
2.746164698550030911e-02
2.762198494445779196e-02
2.780532809739785435e-02
2.795364514028282274e-02
2.804980019937185556e-02
2.808499784183197956e-02
2.820657686650523271e-02
2.829632580903417710e-02
2.850706627867749532e-02
2.853463663621489538e-02
2.866530773420810155e-02
2.876914544273495578e-02
2.891665241999621244e-02
2.900695020926764844e-02
2.908535875776410706e-02
2.919583953612182523e-02
2.932771703195228771e-02
2.936135699532178497e-02
2.948810401035575901e-02
2.956600043591129864e-02
2.971090357310409227e-02
2.981290661083961166e-02
2.986164152807361041e-02
3.001778311754230155e-02
3.015716475232796054e-02
3.033895301469085454e-02
3.057604400135006950e-02
3.061111136653525688e-02
3.073347548438823060e-02
3.082223897725589953e-02
3.090483942852190885e-02
3.098303647149134449e-02
3.107072519032634886e-02
3.120555077401396954e-02
3.132063804580415001e-02
3.136220379250649615e-02
3.160171119704907605e-02
3.170507769833180722e-02
3.174985689768661246e-02
3.188121485084687012e-02
3.195093207181917694e-02
3.205583308687793426e-02
3.221018087766839427e-02
3.227372670780730840e-02
3.229548480166680863e-02
3.243828946458892498e-02
3.258671191746542045e-02
3.272320081299619904e-02
3.281701117045333904e-02
3.291066500274505285e-02
3.297824259720689988e-02
3.307182496439280139e-02
3.316864493959707783e-02
3.321738297381506694e-02
3.338364748077490146e-02
3.346683719987873090e-02
3.360069796459381336e-02
3.372417272403140792e-02
3.384258193483381111e-02
3.398343805672888324e-02
3.405538898043522500e-02
3.414289323843686108e-02
3.423359954221484591e-02
3.442227858052055584e-02
3.452601844103658779e-02
3.467667828701997274e-02
3.483237026029436384e-02
3.502347423666261200e-02
3.508333103140468673e-02
3.520812671268692962e-02
3.528530859330653024e-02
3.542405805878039854e-02
3.549036858369755687e-02
3.566453195628794398e-02
3.590282060239544798e-02
3.605132908383631291e-02
3.620121394422321642e-02
3.624628281348823977e-02
3.633486375733441937e-02
3.661533423386287289e-02
3.666257391952897071e-02
3.675835080456486825e-02
3.689352450959871438e-02
3.701704378040167331e-02
3.716568055246373403e-02
3.724507392499403630e-02
3.728923748634495328e-02
3.749425825090742237e-02
3.758380889435688349e-02
3.768769861187924036e-02
3.784800812825702548e-02
3.795095626942408817e-02
3.812608975595278837e-02
3.818881768790457348e-02
3.826763453561328465e-02
3.844500080396681674e-02
3.852045087903297610e-02
3.854500513282175383e-02
3.868402672032449779e-02
3.878754091788490926e-02
3.885889257132196101e-02
3.903314042650284088e-02
3.923919102444834578e-02
3.929711103673134281e-02
3.944557817418051227e-02
3.948797273876998581e-02
3.967337087599573375e-02
3.970055009463189372e-02
3.984850238752980778e-02
3.993685941819149349e-02
4.004673368472091294e-02
4.025193485086968337e-02
4.025913945055342030e-02
4.051229727891779431e-02
4.059956626614245195e-02
4.091902443319764271e-02
4.106333601405816325e-02
4.117449268449022842e-02
4.129549227931027244e-02
4.152204256517309094e-02
4.156270721063679008e-02
4.176975782173390772e-02
4.187692206209110007e-02
4.199982303470795736e-02
4.206290180204733803e-02
4.216118307376554020e-02
4.220189159706334847e-02
4.237408420744724624e-02
4.258955182538710915e-02
4.271005905394587021e-02
4.295321452286068875e-02
4.303599497373706423e-02
4.313170915833917929e-02
4.320900982467522355e-02
4.342263002258894139e-02
4.360878498980595014e-02
4.363879916953166543e-02
4.381601317698807785e-02
4.399665245091343574e-02
4.401632629222333032e-02
4.418457529552417828e-02
4.430615137103093709e-02
4.443295597961136045e-02
4.467126404765174585e-02
4.478424809314161120e-02
4.496349162983729469e-02
4.504869058175566682e-02
4.525335960410754171e-02
4.542559734277060862e-02
4.547654847736746359e-02
4.565197520099701506e-02
4.575167598184624179e-02
4.590978769262570036e-02
4.598956937136684797e-02
4.607875172017772414e-02
4.633289567145292692e-02
4.639175434159435729e-02
4.669284789169106387e-02
4.673163449657732199e-02
4.685330845496873259e-02
4.706511312343961140e-02
4.716967839452831934e-02
4.737859689778229494e-02
4.747563213021414874e-02
4.753346514059061945e-02
4.770185332235418740e-02
4.787741727438074579e-02
4.795308603642148282e-02
4.816188349211038278e-02
4.846652130011786658e-02
4.859613836023518596e-02
4.870991088901432259e-02
4.879480954966134570e-02
4.885337602234695459e-02
4.894922761015994828e-02
4.912813380876862590e-02
4.934855297392950341e-02
4.947484946424375585e-02
4.971268859660581130e-02
4.979353182247150261e-02
4.993541630428947886e-02
5.005766792722904368e-02
5.024431073680102333e-02
5.043639900639795837e-02
5.055847937054317592e-02
5.064986010912779502e-02
5.098055604554002640e-02
5.131248961462360481e-02
5.133779810793036302e-02
5.151222466207208694e-02
5.162544215803234471e-02
5.191232623466086882e-02
5.207872933838873786e-02
5.228922036563109221e-02
5.246321124725122909e-02
5.268853560426325910e-02
5.280388105540628763e-02
5.285867140814323045e-02
5.296984219819621253e-02
5.321588551126923972e-02
5.331704686408330479e-02
5.340510356535323883e-02
5.362148093929172687e-02
5.378917489817049147e-02
5.399262009418084873e-02
5.424041377956729387e-02
5.439223886442163397e-02
5.468570824329714586e-02
5.488126061378317821e-02
5.518410180593942560e-02
5.542110198151854045e-02
5.546334619628709439e-02
5.571948179756894270e-02
5.588162994884197238e-02
5.592449552022824011e-02
5.632830978016052648e-02
5.650592451085970774e-02
5.685670546362982941e-02
5.698409800774074246e-02
5.731348346299143526e-02
5.755716507055532588e-02
5.767106913032946092e-02
5.775797960846165008e-02
5.816449498116105926e-02
5.844736826727939955e-02
5.904696929015331580e-02
5.928525357860491007e-02
5.948690042162423086e-02
5.960688324435634705e-02
6.001421410527206513e-02
6.039151381232722715e-02
6.092950742862389413e-02
6.167882106340037002e-02
6.205092870688077439e-02
