-6.187602711443898618e-02
-6.131402905457022240e-02
-6.089825868761146455e-02
-6.018842028847136427e-02
-6.004752441810315422e-02
-5.973642302312582447e-02
-5.922266554798975846e-02
-5.907208342913152638e-02
-5.889974848517362527e-02
-5.857075479589256284e-02
-5.824983548268142936e-02
-5.788223025325743565e-02
-5.775531927979701136e-02
-5.748496650221682214e-02
-5.731170189920409275e-02
-5.704929149294605401e-02
-5.694324357483708521e-02
-5.669738439344303160e-02
-5.661584983777070978e-02
-5.634488591013691455e-02
-5.604984154366966786e-02
-5.574139981088035989e-02
-5.540268440952466483e-02
-5.529024549876582900e-02
-5.492494288734644375e-02
-5.481579701588554232e-02
-5.459298161848687159e-02
-5.443877726319418936e-02
-5.428202968817073121e-02
-5.417841783654663707e-02
-5.403025419531656826e-02
-5.388355699299864771e-02
-5.362622128872299859e-02
-5.348479247260543717e-02
-5.319078673787389078e-02
-5.304694361612822401e-02
-5.284309155252799733e-02
-5.268003613844732952e-02
-5.259075698166211510e-02
-5.230358123655828861e-02
-5.201404724847898814e-02
-5.186858637692330631e-02
-5.178585284811337147e-02
-5.152433837187000293e-02
-5.143099255300408179e-02
-5.120651474795252789e-02
-5.113021632015711526e-02
-5.090162765053218158e-02
-5.061818423800466121e-02
-5.052152877668638492e-02
-5.038246306139722991e-02
-5.013502544314837189e-02
-5.009877355685934258e-02
-4.990206203559936771e-02
-4.979675530453200882e-02
-4.965060350419200907e-02
-4.955687029742386618e-02
-4.938403158764490680e-02
-4.923948223204304558e-02
-4.900376332628943871e-02
-4.895286788438952402e-02
-4.883098868968518275e-02
-4.871521173214323625e-02
-4.851175847760336862e-02
-4.831674534565225804e-02
-4.821434128823372245e-02
-4.795843302252698198e-02
-4.770750406028379659e-02
-4.766958920119125642e-02
-4.750675245707781241e-02
-4.736691548179054745e-02
-4.730222049550349139e-02
-4.713620539928096292e-02
-4.702211894015720373e-02
-4.675861060735125863e-02
-4.662430270239339980e-02
-4.650902193322754841e-02
-4.642734873360881975e-02
-4.617584281201905089e-02
-4.610044191361371141e-02
-4.602138650401145503e-02
-4.588907347844665280e-02
-4.578692454952598689e-02
-4.569018542941601091e-02
-4.553759020957928727e-02
-4.531597231537384113e-02
-4.519107582232718967e-02
-4.509328138032367428e-02
-4.491844602368217504e-02
-4.478094695220730115e-02
-4.468225153955159012e-02
-4.441938873553065437e-02
-4.423885143615705756e-02
-4.409934480170143306e-02
-4.394401309024071473e-02
-4.381047716696845340e-02
-4.361659556816173400e-02
-4.340256029894212081e-02
-4.335183017172037495e-02
-4.324903808331561489e-02
-4.317724826394968990e-02
-4.303041768369837705e-02
-4.291383767137082333e-02
-4.272300931374343330e-02
-4.261348486800740215e-02
-4.243823161373726227e-02
-4.235427025772088572e-02
-4.219537658661417362e-02
-4.216793219700762374e-02
-4.184955169180110818e-02
-4.170764001199593618e-02
-4.155595921551145239e-02
-4.150354728821045031e-02
-4.142800165464814027e-02
-4.135760309653915834e-02
-4.123609305489579074e-02
-4.101175031329060833e-02
-4.093627179430613106e-02
-4.079700356948755269e-02
-4.069667198573681532e-02
-4.062113669555732220e-02
-4.037167672215270786e-02
-4.019600411576361443e-02
-4.005040270747155934e-02
-3.995861112990041486e-02
-3.992826085659943042e-02
-3.986908449019718748e-02
-3.974199754428137804e-02
-3.950622475968575131e-02
-3.942596999983581652e-02
-3.925057550427545755e-02
-3.920807350432126831e-02
-3.909454114112352607e-02
-3.898520790462933067e-02
-3.888109733842809446e-02
-3.884051698613500553e-02
-3.869079816500026886e-02
-3.864448675905435976e-02
-3.838767962004177581e-02
-3.826721367869977825e-02
-3.814375441094733366e-02
-3.785810207647454656e-02
-3.781419661478389871e-02
-3.781335503420813621e-02
-3.774150684004887873e-02
-3.759113547665354077e-02
-3.751046239524623294e-02
-3.739238995155272360e-02
-3.733867933373601067e-02
-3.721332162438068664e-02
-3.695781833472194106e-02
-3.676955878738064759e-02
-3.662264989960006129e-02
-3.650110898660902103e-02
-3.645380853788871695e-02
-3.635196633083442874e-02
-3.625653132792226729e-02
-3.608797561468261167e-02
-3.596874941826847666e-02
-3.585044153711281628e-02
-3.571001167279730382e-02
-3.558936172626592925e-02
-3.539281274954168832e-02
-3.536443363917401300e-02
-3.527802262066868921e-02
-3.518848781281339738e-02
-3.510347563837195456e-02
-3.503297579467688078e-02
-3.491960399466251252e-02
-3.485996895718770222e-02
-3.467899758428371476e-02
-3.459929067778482609e-02
-3.448116301889813523e-02
-3.434894412221767279e-02
-3.432261127267375450e-02
-3.414540581424850563e-02
-3.397022115859835850e-02
-3.388182029696888004e-02
-3.383188653082071923e-02
-3.378068719151704202e-02
-3.349899695502769198e-02
-3.332074945160268253e-02
-3.322443084964012833e-02
-3.314177950391612726e-02
-3.311380795441151020e-02
-3.300626811779071301e-02
-3.286413582483994900e-02
-3.262824454828641696e-02
-3.257156835048945903e-02
-3.241705727498575551e-02
-3.231057563316212800e-02
-3.215774834916539093e-02
-3.204005330174843763e-02
-3.186687815459357531e-02
-3.176500687453782945e-02
-3.170944387758630606e-02
-3.160243306561862087e-02
-3.146745689742079521e-02
-3.141160999387111741e-02
-3.125788751240134861e-02
-3.115190567526530951e-02
-3.107559965999052293e-02
-3.100620946652054080e-02
-3.083778461157446471e-02
-3.077121048839221232e-02
-3.065661416503616399e-02
-3.052394340047364513e-02
-3.047904080666191673e-02
-3.036483676307977914e-02
-3.020667785551954185e-02
-3.018876524259133873e-02
-3.003035340374357251e-02
-2.997020918934683795e-02
-2.986268080986504217e-02
-2.971472732102940426e-02
-2.957906005339931005e-02
-2.943973667415362983e-02
-2.934019099302730138e-02
-2.926537537776640122e-02
-2.918370568178072638e-02
-2.916017579234912727e-02
-2.891088095608745218e-02
-2.876087054790310571e-02
-2.870178099364782687e-02
-2.867726061751476457e-02
-2.861577984333615876e-02
-2.846383246834356326e-02
-2.840064893856319300e-02
-2.832270293598560668e-02
-2.820144152240842278e-02
-2.806622742266066950e-02
-2.800563888847307226e-02
-2.789599087637692140e-02
-2.774310421786248260e-02
-2.759604273689419615e-02
-2.756270154669518760e-02
-2.745374834536348091e-02
-2.732350129867952213e-02
-2.719770634118138727e-02
-2.717949301005715551e-02
-2.706454150091541083e-02
-2.688367210068049948e-02
-2.679564175053176026e-02
-2.659771647853303306e-02
-2.655390631745505395e-02
-2.637439305550225155e-02
-2.628225986452348631e-02
-2.614784490815302148e-02
-2.606559567739467204e-02
-2.577469376508893101e-02
-2.575274974698641903e-02
-2.571070864831463340e-02
-2.566811083659070736e-02
-2.546920477440272126e-02
-2.539885360255515062e-02
-2.530895206692359081e-02
-2.508957495577904956e-02
-2.500110253681427433e-02
-2.491396951891009653e-02
-2.487395536417090491e-02
-2.471729911921814737e-02
-2.461031178407786096e-02
-2.455361278449047849e-02
-2.435047116821422233e-02
-2.427587412213926682e-02
-2.414333211765658932e-02
-2.402584706269297876e-02
-2.397449408053468900e-02
-2.388137934024979134e-02
-2.375610382499204407e-02
-2.363041354907771327e-02
-2.343121591475559248e-02
-2.341008849298784403e-02
-2.332390427787618681e-02
-2.325372158159706021e-02
-2.318188058837436852e-02
-2.305988968444755080e-02
-2.294018232573851596e-02
-2.290018084292547162e-02
-2.282702857888090769e-02
-2.265842091304580419e-02
-2.261853074036099254e-02
-2.245385662134706181e-02
-2.236906359660974924e-02
-2.230027633932707420e-02
-2.222824167481012025e-02
-2.209693778857408156e-02
-2.198882442871442217e-02
-2.178099303624648694e-02
-2.171280256469436398e-02
-2.161997413610986310e-02
-2.160196910514118260e-02
-2.142746499213271302e-02
-2.128199075225096354e-02
-2.122100335772189594e-02
-2.096228384034630465e-02
-2.092705545937589146e-02
-2.080143397898899169e-02
-2.073602153332223391e-02
-2.067126059990400527e-02
-2.060689104842912400e-02
-2.046439619189931516e-02
-2.043420362104777024e-02
-2.022253170353276175e-02
-2.017117188397850314e-02
-2.013361020643271437e-02
-1.998805814412560680e-02
-1.992156337750858319e-02
-1.985044889032043514e-02
-1.973770262190207431e-02
-1.952399864390299764e-02
-1.941692877501769929e-02
-1.937194644125654272e-02
-1.926839877774359777e-02
-1.922838338239681727e-02
-1.913659182858155547e-02
-1.899409424686590922e-02
-1.890695579271527149e-02
-1.888816586434003200e-02
-1.866547797753496940e-02
-1.862137639898130831e-02
-1.853604497452490327e-02
-1.848542456447628199e-02
-1.840696588171574638e-02
-1.823982560784412343e-02
-1.812414639022616805e-02
-1.811055416394802622e-02
-1.787829965765712348e-02
-1.781146744541233992e-02
-1.763660143598933666e-02
-1.759589994327561899e-02
-1.756545879763327100e-02
-1.746820540371231065e-02
-1.733998446313496020e-02
-1.722727866178409492e-02
-1.712741810084687441e-02
-1.705594715775566803e-02
-1.698876488301258661e-02
-1.690910661137762921e-02
-1.685367636543252598e-02
-1.666754111229381066e-02
-1.654321814899792700e-02
-1.648094638835035861e-02
-1.628005970403379604e-02
-1.611387081865706811e-02
-1.606466361235763321e-02
-1.601380613148468621e-02
-1.583127031209515673e-02
-1.577216753354955189e-02
-1.570181110597284810e-02
-1.564087842072464998e-02
-1.559321743682034501e-02
-1.548191826950033254e-02
-1.527700536223491889e-02
-1.526766376474530604e-02
-1.513164507633954839e-02
-1.498976024891634021e-02
-1.490688402863950789e-02
-1.485474702608424215e-02
-1.473445497720066687e-02
-1.463034027252127500e-02
-1.455847921193517691e-02
-1.452318689186798788e-02
-1.439173705257877807e-02
-1.437939661713658231e-02
-1.418064621020093986e-02
-1.402451134247385475e-02
-1.390064656384259328e-02
-1.383300909889051238e-02
-1.373868707251782971e-02
-1.358417083590973337e-02
-1.352215259627754726e-02
-1.342857849392527399e-02
-1.334267678543863724e-02
-1.331828201898102061e-02
-1.323569118847264282e-02
-1.310123430074504151e-02
-1.295959346599938507e-02
-1.291621308623394811e-02
-1.286369286111314035e-02
-1.276468505221224278e-02
-1.263962864624606532e-02
-1.255397358022917499e-02
-1.243693853120158253e-02
-1.226108683591684533e-02
-1.219619719236616009e-02
-1.210742701698556446e-02
-1.207368023867283480e-02
-1.197562512715650423e-02
-1.185644581682658225e-02
-1.174249256754063449e-02
-1.170647570737877279e-02
-1.158068244258428532e-02
-1.142240267890677619e-02
-1.131023606607637656e-02
-1.120452096323317458e-02
-1.116782985736792903e-02
-1.100315608409130515e-02
-1.090255272949459779e-02
-1.085002387379467234e-02
-1.071694773730656226e-02
-1.069723746049606322e-02
-1.060881220083222456e-02
-1.046965667470081858e-02
-1.042042036756631040e-02
-1.032808101535296480e-02
-1.028897626597840426e-02
-1.015784160001506793e-02
-1.006377087810077751e-02
-9.802663623359915424e-03
-9.750866275402452973e-03
-9.686540265408943515e-03
-9.656852842563281789e-03
-9.493008896129549734e-03
-9.442848988446810726e-03
-9.339078338232604040e-03
-9.276854110404604906e-03
-9.165934649865762479e-03
-9.064121696142625820e-03
-8.938549460233584376e-03
-8.848765986526646588e-03
-8.688286562184396183e-03
-8.649711594498210240e-03
-8.402420567330034368e-03
-8.315417959890568367e-03
-8.268335604543521067e-03
-8.208804796616290395e-03
-8.061831912519775226e-03
-8.038245345913068440e-03
-7.955942336941352125e-03
-7.838837280219565842e-03
-7.764159202860945568e-03
-7.566751729628512155e-03
-7.492493868024724391e-03
-7.375258650445260140e-03
-7.319659469465262733e-03
-7.225753808207086883e-03
-7.149292793204756885e-03
-7.092369859120706277e-03
-7.003055401159521617e-03
-6.924687591648983828e-03
-6.877982874883609501e-03
-6.828590623035567415e-03
-6.703046178713790992e-03
-6.529691181066465434e-03
-6.435782616352575883e-03
-6.361486237294849098e-03
-6.326123708762261023e-03
-6.171165864094907763e-03
-6.102229518110798868e-03
-6.056311955832226722e-03
-5.909380242150123405e-03
-5.827518330007441794e-03
-5.668812784304003323e-03
-5.575201834931263131e-03
-5.519362755640812822e-03
-5.433938492172040238e-03
-5.363694585828245737e-03
-5.219960299055582433e-03
-5.143200829375752653e-03
-5.053167818440635478e-03
-5.007253877250277332e-03
-4.878351890029630246e-03
-4.724232328307553970e-03
-4.604772955748527227e-03
-4.503241434197476425e-03
-4.367435364856328550e-03
-4.293103692653475745e-03
-4.228043173562357100e-03
-4.154715234048118357e-03
-4.111409354194156540e-03
-3.893772846935184516e-03
-3.873002035528061351e-03
-3.775646549758265511e-03
-3.761150418394755904e-03
-3.692843166714362708e-03
-3.496081400850139381e-03
-3.408560197501767260e-03
-3.328181498392290046e-03
-3.191066407237908107e-03
-3.137537383113425671e-03
-3.053369652712413854e-03
-2.847862899597395758e-03
-2.824717197377465093e-03
-2.589370438581577432e-03
-2.534068186103184076e-03
-2.524460063607410210e-03
-2.402116866905455120e-03
-2.318221449704113007e-03
-2.243811519187767067e-03
-2.128527660947123704e-03
-2.098307078589558249e-03
-1.960791209394497758e-03
-1.804898350210860404e-03
-1.726733017404890507e-03
-1.550274751720671961e-03
-1.458388435916325955e-03
-1.353050780948767415e-03
-1.285706213476505962e-03
-1.161099815185688338e-03
-1.119737312261727099e-03
-1.068496379498714947e-03
-9.329383852500527973e-04
-8.186046824700340561e-04
-7.392368397999444238e-04
-6.359925514126222061e-04
-5.801777218608837562e-04
-4.813800965463179804e-04
-3.195642721258893054e-04
-2.868202336799010807e-04
-1.086105470872148100e-04
6.549968975752907021e-06
2.571949990104526411e-05
1.643758534593396290e-04
2.170257453358298420e-04
3.592260965572955040e-04
5.410460722671136223e-04
5.746585461255473721e-04
6.778365917316440644e-04
6.902247067095951651e-04
7.568389476368815290e-04
8.378269655684211824e-04
1.082034106880405732e-03
1.132072029729367865e-03
1.191968746959249726e-03
1.322093242420423675e-03
1.347110411111263843e-03
1.485845561311341118e-03
1.639293680330322026e-03
1.678174464215155190e-03
1.782856710066937304e-03
1.802654414366509309e-03
1.941669303952941626e-03
1.990361148253031332e-03
2.108505481728057719e-03
2.217260476097746274e-03
2.288472410573235295e-03
2.511438253898899686e-03
2.537364040742259245e-03
2.585545093997372243e-03
2.627230716915574145e-03
2.768519722813735182e-03
2.821293495776268454e-03
2.891696044691730808e-03
2.948919896605524567e-03
3.204017140702304384e-03
3.346241630071440133e-03
3.362095824761756994e-03
3.512221146969452066e-03
3.581161128148761807e-03
3.673187395655090354e-03
3.863298439702084457e-03
3.967288885431121889e-03
4.033778903260668534e-03
4.067184750026964744e-03
4.175361411166499982e-03
4.257382158741326167e-03
4.313264418977140989e-03
4.494624922299001943e-03
4.525452291497335938e-03
4.654279477297695172e-03
4.800636142759860843e-03
4.907330791321573918e-03
4.985031784269710817e-03
5.096904088281794393e-03
5.154828564293651924e-03
5.332332107572319499e-03
5.373552592351140550e-03
5.420475373368381471e-03
5.531154656476765241e-03
5.677193738658283494e-03
5.717022479388914405e-03
5.820131392926141366e-03
5.959177275472199269e-03
6.022114337409057577e-03
6.088490989383021912e-03
6.165762242455988425e-03
6.207320452272620075e-03
6.348301504244866986e-03
6.400922049455722365e-03
6.509544790433386199e-03
6.693050110384993548e-03
6.711768053575829437e-03
6.925987239484784203e-03
6.973814718070582216e-03
7.076134482625331609e-03
7.088929325979476809e-03
7.265895573286294817e-03
7.325437722245047370e-03
7.460358276293869127e-03
7.521674093896954343e-03
7.684422389428373877e-03
7.789303716570885119e-03
7.929646956109278819e-03
7.964577728494759770e-03
8.035178300595340745e-03
8.150214955405210918e-03
8.292862876967109845e-03
8.315037339096357713e-03
8.504483245456313442e-03
8.525310562275182497e-03
8.579649148676520704e-03
8.596793278412569184e-03
8.766284953662295890e-03
8.835961137749046360e-03
9.002200050659452460e-03
9.096176887420958854e-03
9.142108848180181824e-03
9.291190363484903153e-03
9.451640401257501919e-03
9.556020913219338830e-03
9.677718539692459210e-03
9.751317752222472476e-03
9.858915172612160022e-03
9.929050975625288919e-03
9.957142268008815217e-03
1.014895272266860132e-02
1.023395755256157127e-02
1.033248925352454189e-02
1.039233418961587121e-02
1.049433114987861730e-02
1.057955626868294433e-02
1.060228388804600012e-02
1.075171548055226314e-02
1.075933596851390631e-02
1.082617241609364761e-02
1.097468780687387707e-02
1.106586041901570436e-02
1.117951433863241875e-02
1.132340189674518362e-02
1.142313552886765372e-02
1.146110809866350382e-02
1.167004019144036835e-02
1.171789115284812242e-02
1.186833455787216635e-02
1.198254232464954910e-02
1.206792280018612572e-02
1.209815959085744179e-02
1.224404511757510271e-02
1.229628304586812167e-02
1.234467142806547867e-02
1.243642062378014571e-02
1.257613278666756297e-02
1.266532081203744151e-02
1.275361463438049771e-02
1.290472359285984270e-02
1.294247604779533330e-02
1.299431251937062728e-02
1.319171911901194025e-02
1.329173452886214454e-02
1.339263004007610995e-02
1.344124367621603831e-02
1.357946277283086055e-02
1.366652114917351474e-02
1.373084374233394904e-02
1.380875119549803375e-02
1.389060380948227251e-02
1.394340863421670955e-02
1.401321264808805950e-02
1.420349467773857413e-02
1.423598593287384376e-02
1.441847906029645673e-02
1.459954689522725488e-02
1.467539825549071808e-02
1.475984392129352403e-02
1.489319387770416184e-02
1.493107808069745433e-02
1.503799229077076166e-02
1.512211483444663752e-02
1.526661856322643687e-02
1.537304471128074675e-02
1.551785957285303427e-02
1.557972281352073586e-02
1.564291441568098351e-02
1.583920020219197616e-02
1.590189007687429004e-02
1.597425809047009482e-02
1.599761981890136103e-02
1.605663793981966167e-02
1.618214479707127257e-02
1.642983410523910295e-02
1.645726494616837551e-02
1.655442450242849972e-02
1.659992721086164108e-02
1.676175839487141841e-02
1.679187919209547755e-02
1.690867945451691307e-02
1.706061725906910659e-02
1.708149984738697655e-02
1.723260269140339945e-02
1.739529509986881967e-02
1.746483246074555587e-02
1.761194412992293096e-02
1.762734143170319526e-02
1.772193796713342900e-02
1.781737393978870959e-02
1.788188486249544032e-02
1.802094767811129178e-02
1.814290126209904333e-02
1.816909036047052728e-02
1.825738253686400372e-02
1.837814459595513150e-02
1.853176483446084682e-02
1.861674353255918929e-02
1.869423666735175668e-02
1.876811000533274224e-02
1.884418755490564756e-02
1.889708718463403367e-02
1.907350627777068541e-02
1.916371867189156294e-02
1.922263068268023622e-02
1.942021373741117246e-02
1.969379398472650283e-02
1.972690649080256764e-02
1.978406874128810222e-02
1.991486156451602665e-02
1.999595123803767777e-02
2.004043646319859581e-02
2.007940478900285125e-02
2.018318838040073643e-02
2.032998473420842903e-02
2.050874763326274858e-02
2.063581828198936610e-02
2.081233193608535148e-02
2.084937348672696519e-02
2.093496342490017842e-02
2.107898826069490306e-02
2.118729009327846233e-02
2.126146054711097744e-02
2.129304124171303714e-02
2.140876747155000259e-02
2.148890131049800353e-02
2.157718373536744727e-02
2.166499847482063201e-02
2.176661736983541082e-02
2.189990220706188387e-02
2.193020281870858984e-02
2.206640092714877432e-02
2.222442049408515988e-02
2.239300648035326066e-02
2.246161962330483347e-02
2.252609928853173751e-02
2.264139459885208469e-02
2.271999234705703377e-02
2.281287373064677312e-02
2.285201283188766780e-02
2.310690544825125606e-02
2.319817479245026709e-02
2.322831593826971130e-02
2.340248700258671516e-02
2.345482358311718959e-02
2.358844855738050431e-02
2.372755997634438604e-02
2.382308829209537140e-02
2.390067725973386500e-02
2.397293423040905078e-02
2.402297984032057340e-02
2.411986147049959006e-02
2.427234787221269410e-02
2.429684951163039661e-02
2.442100347589224590e-02
2.454758371017257135e-02
2.471484044317436360e-02
2.475902827564706310e-02
2.481892808162004457e-02
2.488730348216688926e-02
2.511135409249143011e-02
2.523838823987507515e-02
2.531579087698126312e-02
2.538535960076147499e-02
2.551626430486322525e-02
2.556792546312881137e-02
2.583962586693168417e-02
2.595579506775542306e-02
2.598513064718226823e-02
2.616862090213416259e-02
2.622409995827417947e-02
2.631655566875632651e-02
2.634619308673908852e-02
2.644541460508527050e-02
2.660644907137735618e-02
2.664517396081652126e-02
2.675931612974273219e-02
2.688112936814043841e-02
2.696770546160529719e-02
2.719639564278907712e-02
2.732128816185946593e-02
2.735405234455536710e-02
2.745649047773226700e-02
2.751231465335202131e-02
2.758984290135529580e-02
2.772146202265872786e-02
2.793029498505803301e-02
2.799193918680704593e-02
2.810098162977660644e-02
2.814571649943960543e-02
2.829797822933560747e-02
2.832670748280300549e-02
2.851045987708453189e-02
2.856415672297526326e-02
2.882047155357021773e-02
2.897708149018822163e-02
2.909219303019708325e-02
2.930109819403746430e-02
2.932036800759858092e-02
2.942039299029044694e-02
2.944611363128994685e-02
2.963594325414136213e-02
2.967619346877805805e-02
2.980616516388404080e-02
2.994081031647719687e-02
2.996626222899598929e-02
3.001947585681557368e-02
3.019853334921250229e-02
3.031489281357026971e-02
3.046745728163944775e-02
3.050430085248931680e-02
3.066787130184131516e-02
3.069845860533607779e-02
3.079808850236512643e-02
3.098718707639396691e-02
3.112714056920174582e-02
3.119730086780425279e-02
3.130709406480753493e-02
3.140238153906384916e-02
3.149105991558984879e-02
3.157364963682575409e-02
3.173073311180719946e-02
3.177669972550271893e-02
3.200578184790586062e-02
3.214295263451554668e-02
3.226270016687596970e-02
3.237575409284097067e-02
3.254170527526285828e-02
3.256547339861161350e-02
3.266901434437576718e-02
3.276693734859421198e-02
3.282252742288428032e-02
3.286924856462234562e-02
3.300704320587905666e-02
3.313088004617877058e-02
3.328497715337933038e-02
3.348658799756167037e-02
3.349364544004593269e-02
3.353631453681071850e-02
3.373119792392718919e-02
3.392522056780800793e-02
3.395005296799120942e-02
3.405919066872932499e-02
3.423011616828695175e-02
3.429821726831395329e-02
3.436672145082626806e-02
3.444466905415321384e-02
3.461725930653930527e-02
3.475274504706103718e-02
3.485214605661788451e-02
3.490615340098649627e-02
3.513310651415372382e-02
3.519687471623256930e-02
3.535681912842727342e-02
3.541379897028824886e-02
3.542074684584913674e-02
3.562958016411014311e-02
3.577339678000059087e-02
3.588385059663749127e-02
3.596063428227996156e-02
3.619984309118999544e-02
3.631778414500969748e-02
3.636810551527717289e-02
3.645734296796970808e-02
3.653338203607731788e-02
3.670644523928136282e-02
3.693237238023551472e-02
3.699828965089969890e-02
3.707404895819984419e-02
3.709834571076204429e-02
3.749824643035907373e-02
3.751679194301742876e-02
3.761950108029536721e-02
3.771666536851980139e-02
3.780563095819085978e-02
3.788032072016218194e-02
3.810850486647811286e-02
3.828519728076237860e-02
3.833107607797520133e-02
3.841088259240813679e-02
3.860590579038822301e-02
3.867195543818429532e-02
3.869991192033561678e-02
3.890533581300651550e-02
3.906057873316064882e-02
3.909169382051297381e-02
3.914932277247261394e-02
3.941790750358524498e-02
3.943434146655594441e-02
3.970963541997105106e-02
3.980630976609205590e-02
3.989064152017589987e-02
3.999918892498241507e-02
4.004858199508488231e-02
4.024061822517800702e-02
4.046004370575061182e-02
4.047429671346372548e-02
4.052115223723848358e-02
4.061272200457175657e-02
4.094943775845201472e-02
4.107005181206647981e-02
4.116145123541254530e-02
4.132811718861487821e-02
4.137336988838855034e-02
4.142924787389611757e-02
4.167825571861367984e-02
4.171775192286323458e-02
4.193181202597337509e-02
4.206582245992396968e-02
4.217291035176214120e-02
4.236845299754028737e-02
4.244575131983740340e-02
4.256872268575098012e-02
4.260663658067322807e-02
4.267208518522890015e-02
4.290046908552831717e-02
4.299051239008250952e-02
4.318957535632388794e-02
4.334342696899704667e-02
4.349299817315727124e-02
4.357014634651569518e-02
4.372467854036869023e-02
4.381402892777581243e-02
4.384814892500745603e-02
4.404599563456999822e-02
4.412359896228774253e-02
4.422084840774066078e-02
4.436199848925125727e-02
4.460381006037023727e-02
4.471458768670061312e-02
4.485772586800283040e-02
4.501196067956746150e-02
4.510004019067544168e-02
4.535418363777465878e-02
4.541805319654308726e-02
4.563024722864935517e-02
4.571138098422740381e-02
4.600329892367548135e-02
4.605182553563794134e-02
4.632332059491135051e-02
4.641715971145050912e-02
4.648707763398715609e-02
4.661261378615871170e-02
4.685505756714550274e-02
4.690406990411966071e-02
4.709502150957575045e-02
4.711451246450936575e-02
4.725000210364188602e-02
4.735695255249148389e-02
4.762480470173623831e-02
4.766585362622041688e-02
4.776915947593415868e-02
4.785881157734227925e-02
4.801835047123035466e-02
4.818461597147827985e-02
4.835585979082043795e-02
4.839679010129759734e-02
4.862711431166815562e-02
4.868344267350203924e-02
4.881474719714852528e-02
4.892818640707465722e-02
4.936839282480905144e-02
4.967297999110361489e-02
4.986274700786129388e-02
5.006378734702446320e-02
5.015189681946459477e-02
5.020071030529180828e-02
5.033148898851943359e-02
5.059000800816298299e-02
5.063129111194512172e-02
5.079770742166103692e-02
5.113364861530282635e-02
5.127005590156647613e-02
5.140232868346058387e-02
5.149292056739988160e-02
5.172046770240189273e-02
5.178886201973369879e-02
5.208524565841047421e-02
5.216200414483501691e-02
5.242837704309685765e-02
5.262043429764839270e-02
5.284670141657391018e-02
5.296375025957034827e-02
5.308691044217542232e-02
5.313962614306059346e-02
5.328036667500661572e-02
5.369855819518294660e-02
5.392664333177096814e-02
5.405808437088757690e-02
5.432672256998004323e-02
5.451637456447162855e-02
5.478853625051435111e-02
5.490146262878786709e-02
5.527752901786833761e-02
5.531995357348702680e-02
5.554268265423398243e-02
5.566402437670514569e-02
5.576846354019861229e-02
5.608124670561298597e-02
5.623811894393640487e-02
5.647432268763902252e-02
5.649537256581773498e-02
5.693044842673235240e-02
5.725061505659209682e-02
5.751965941749861283e-02
5.778127703243266661e-02
5.826153569339656557e-02
5.847196783853538665e-02
5.865365605899827001e-02
5.911398328663455826e-02
5.936055701373146171e-02
5.978124469724681311e-02
6.028266456326691891e-02
6.056542911294529596e-02
6.066238584507056830e-02
6.135485560717298531e-02
6.136662113839989191e-02
6.240025664983955139e-02
