-6.203933649034634734e-02
-6.125523278932024779e-02
-6.118365132432103393e-02
-6.081282403611910220e-02
-6.044392723819632524e-02
-5.999082174769451020e-02
-5.942780566126698583e-02
-5.900380028516118147e-02
-5.858232940527322713e-02
-5.845584121621332646e-02
-5.840723251783581232e-02
-5.823833185581047539e-02
-5.793219882391566211e-02
-5.769501096818154678e-02
-5.727586218924945322e-02
-5.724779939288151404e-02
-5.712622657840771279e-02
-5.682637233674567301e-02
-5.633623716940829029e-02
-5.607123591144751867e-02
-5.583531115278325685e-02
-5.564789407336852289e-02
-5.546181682323505363e-02
-5.536455651539955863e-02
-5.498752307598055167e-02
-5.496789855119343926e-02
-5.479761404999546753e-02
-5.467337217954591072e-02
-5.442928933013539694e-02
-5.426145535725626634e-02
-5.368504940965776462e-02
-5.362225013946420732e-02
-5.350305123178891731e-02
-5.343431196692365048e-02
-5.323804226210673840e-02
-5.308856885079926702e-02
-5.293233480195533996e-02
-5.275684886189314221e-02
-5.255252020622476483e-02
-5.222186476892570067e-02
-5.214983444244281757e-02
-5.188068488065639139e-02
-5.179792616644877251e-02
-5.146313464023747480e-02
-5.127912450203042649e-02
-5.124528615760776812e-02
-5.095498452288686753e-02
-5.092224750015715562e-02
-5.086533150194696984e-02
-5.072909454370548576e-02
-5.062639290908017148e-02
-5.043316163243970890e-02
-5.011554133311643677e-02
-5.005136750969795684e-02
-4.984222476312568512e-02
-4.971905515132915565e-02
-4.951081409169792030e-02
-4.940717345896714768e-02
-4.904934900063144532e-02
-4.900722067429133522e-02
-4.887870338609513060e-02
-4.875112025857528120e-02
-4.859547993103083274e-02
-4.837022277865096753e-02
-4.830512775066721914e-02
-4.818386212253467082e-02
-4.793779672587220042e-02
-4.781510683759310903e-02
-4.766799487489598031e-02
-4.752696901388817757e-02
-4.741179175355150766e-02
-4.729578427214543856e-02
-4.719138872198531259e-02
-4.701786838634272603e-02
-4.674245811445442572e-02
-4.657090079435798058e-02
-4.642322724662225480e-02
-4.639682202173719267e-02
-4.623283506161483813e-02
-4.614240241437286144e-02
-4.583501496938961750e-02
-4.576218510260696842e-02
-4.563776226457296609e-02
-4.546926977021471805e-02
-4.538222380411951334e-02
-4.512720421839216262e-02
-4.511969605066260686e-02
-4.492700061105503462e-02
-4.481473554031430856e-02
-4.480317942856500840e-02
-4.465272141927231764e-02
-4.445860105298611586e-02
-4.427693580489139302e-02
-4.421399637424542478e-02
-4.405173821237884368e-02
-4.388320756384007926e-02
-4.371423926424762574e-02
-4.359439531034340481e-02
-4.345708259004717189e-02
-4.332342277489001359e-02
-4.320497365477851681e-02
-4.308764438775337241e-02
-4.293522836579097279e-02
-4.286349182477412062e-02
-4.270745672796434633e-02
-4.246984307633203809e-02
-4.218031460279079992e-02
-4.214819868692558369e-02
-4.207842107554312511e-02
-4.197098199330728807e-02
-4.185686991152410413e-02
-4.171999573367682346e-02
-4.152976188014308179e-02
-4.140926926630811300e-02
-4.127229735273374445e-02
-4.117848388549071037e-02
-4.106946603373613086e-02
-4.090934378650434161e-02
-4.086656332466130637e-02
-4.065959178722513417e-02
-4.054468026561720145e-02
-4.048241357708987076e-02
-4.031530178655721997e-02
-4.020321021851294002e-02
-4.014110725301662380e-02
-4.008223566243945130e-02
-3.991888209852308134e-02
-3.979020600091016935e-02
-3.966598186118358571e-02
-3.962685048243586722e-02
-3.944300519403923233e-02
-3.926817867515922794e-02
-3.914545405614584112e-02
-3.904872391130823767e-02
-3.889625613451821312e-02
-3.866542067251512588e-02
-3.861214772998171341e-02
-3.854100104702737339e-02
-3.849126713478281253e-02
-3.818179719968661789e-02
-3.807258714290404078e-02
-3.801291229926873766e-02
-3.777184764397622380e-02
-3.768321975979444655e-02
-3.760677614076147340e-02
-3.753686069894731497e-02
-3.738410213967572476e-02
-3.724187207110996045e-02
-3.714942941901446666e-02
-3.711499616374958066e-02
-3.691147043956772428e-02
-3.679804042623496807e-02
-3.673284397803223966e-02
-3.661956391858518095e-02
-3.652262400960101796e-02
-3.631484003061846016e-02
-3.622435106442820074e-02
-3.615132881291447525e-02
-3.595820225120818781e-02
-3.587634273424453873e-02
-3.562240676521339494e-02
-3.561122849972027382e-02
-3.547425586797112868e-02
-3.527824817679202363e-02
-3.518705734575042210e-02
-3.517520398624471301e-02
-3.499666085277348959e-02
-3.485479975810972658e-02
-3.484398208793475921e-02
-3.472977619096399154e-02
-3.468045193379645091e-02
-3.454503932255401782e-02
-3.424052549980633603e-02
-3.417640407696321408e-02
-3.404916006306855231e-02
-3.398242430694155269e-02
-3.379877834376231183e-02
-3.368969194711030762e-02
-3.364475049149294461e-02
-3.356945133807376358e-02
-3.344110973007367871e-02
-3.337340027794051533e-02
-3.327641691334246726e-02
-3.319447117988066909e-02
-3.295788461290687088e-02
-3.287199453620161943e-02
-3.280271079566345060e-02
-3.272586528759192925e-02
-3.255441069393823911e-02
-3.239899078587241132e-02
-3.227323685105537576e-02
-3.213200183474679977e-02
-3.212062038572629369e-02
-3.207750013808015332e-02
-3.198336888442371295e-02
-3.188945024044322063e-02
-3.178118072167623182e-02
-3.163353753573944216e-02
-3.143647778199120529e-02
-3.126498419576154847e-02
-3.117567135592659924e-02
-3.114477861383241689e-02
-3.105662938248622898e-02
-3.094015768730189533e-02
-3.079371665610212624e-02
-3.077789165274679231e-02
-3.062101862720196035e-02
-3.058029909960824702e-02
-3.035989993143518167e-02
-3.018513848895836363e-02
-3.009866640578397201e-02
-3.007776457670087097e-02
-2.997244742419476887e-02
-2.985441752102590413e-02
-2.968926915891219667e-02
-2.960819425531396182e-02
-2.953065228996535826e-02
-2.935696930045767969e-02
-2.919709304137129563e-02
-2.904790131821325533e-02
-2.900307829535070381e-02
-2.896629595720376718e-02
-2.885386316220638417e-02
-2.871110737313673292e-02
-2.859076340510051037e-02
-2.847034576299443606e-02
-2.846556107893202445e-02
-2.821967586338897799e-02
-2.815310641281780490e-02
-2.804599868229272486e-02
-2.802436208484714725e-02
-2.795264680573330413e-02
-2.786196989395028564e-02
-2.769625919914936105e-02
-2.761471271880663533e-02
-2.730974038192871337e-02
-2.721381661541009966e-02
-2.710209617594762366e-02
-2.707614446696727378e-02
-2.702635391319556032e-02
-2.683132972139462211e-02
-2.676897269397514323e-02
-2.658924957422415317e-02
-2.642562883687952016e-02
-2.638538336394041089e-02
-2.625389190327981695e-02
-2.606911462643462032e-02
-2.604536251076748979e-02
-2.604166901826125008e-02
-2.589819395347802214e-02
-2.581515279382735895e-02
-2.569624354096841645e-02
-2.553248624458715269e-02
-2.539825539132179941e-02
-2.532754345515875888e-02
-2.521079775449994523e-02
-2.513242428015097230e-02
-2.502000889304658443e-02
-2.491273276213399473e-02
-2.490340010168842419e-02
-2.474168975635912884e-02
-2.455410609350134471e-02
-2.442352184132380588e-02
-2.430914584456139380e-02
-2.428686258162573650e-02
-2.417616158542214982e-02
-2.405809661374020900e-02
-2.395436570809856419e-02
-2.386101091071790928e-02
-2.380481861034190738e-02
-2.367067314680842277e-02
-2.353304644949358662e-02
-2.349078205687752524e-02
-2.328559888995039573e-02
-2.322816049501420441e-02
-2.319416187932634571e-02
-2.314203075513310975e-02
-2.301582134856018300e-02
-2.295227571442019429e-02
-2.291267220636781371e-02
-2.279975098291322361e-02
-2.263582354013654249e-02
-2.257436785698671566e-02
-2.241595622085500172e-02
-2.237832639594137391e-02
-2.230905383448353665e-02
-2.220573464029397884e-02
-2.183190074493412264e-02
-2.173936059680190921e-02
-2.171147106466807947e-02
-2.161501815488938577e-02
-2.160011196180506438e-02
-2.155019977252458502e-02
-2.136625263512551692e-02
-2.125320335501315605e-02
-2.123586822596816234e-02
-2.104942602980466870e-02
-2.099102399085935738e-02
-2.096637831575522484e-02
-2.084047046236412945e-02
-2.072217201789282315e-02
-2.054436669679189642e-02
-2.049344481421511155e-02
-2.035507395599772326e-02
-2.026897029552568799e-02
-2.011080150304126596e-02
-2.003174324106470755e-02
-1.988188168878445017e-02
-1.981627131751774809e-02
-1.976912782290335055e-02
-1.971819158117470508e-02
-1.951719295240792601e-02
-1.945848806774489945e-02
-1.924714311039273790e-02
-1.913788913272148479e-02
-1.910506175466067380e-02
-1.899732324086947366e-02
-1.891765487989450351e-02
-1.879938596017963898e-02
-1.870310408323230811e-02
-1.859062021333597256e-02
-1.847424374479703438e-02
-1.838488008081697739e-02
-1.826237975239526981e-02
-1.820276499231253051e-02
-1.814424925870190483e-02
-1.798594467609529110e-02
-1.796279561391003407e-02
-1.778826679065947589e-02
-1.773974665918870777e-02
-1.770399118270148814e-02
-1.753716351137391688e-02
-1.742487050655557035e-02
-1.741074275737710189e-02
-1.722521569171236999e-02
-1.709118541048555706e-02
-1.693432237865494933e-02
-1.690546282176067644e-02
-1.678222842787038815e-02
-1.670537724051288433e-02
-1.665428420885035551e-02
-1.648718897195182789e-02
-1.636824762760026586e-02
-1.626653247967409927e-02
-1.621440000538498447e-02
-1.612832128886972777e-02
-1.596220382601289470e-02
-1.589177006105009157e-02
-1.578538048603393348e-02
-1.567482615538660223e-02
-1.565469229328071699e-02
-1.553740126314343863e-02
-1.530133920002936174e-02
-1.526511331485858394e-02
-1.510597138691091926e-02
-1.503863027427338600e-02
-1.497750487488844033e-02
-1.489487772655369996e-02
-1.473242346347227415e-02
-1.453378698177783084e-02
-1.445777044568511208e-02
-1.439324671977430803e-02
-1.433465934312767344e-02
-1.417613488312777920e-02
-1.412728208714200510e-02
-1.409721414174833383e-02
-1.399333298384670791e-02
-1.383741975611140450e-02
-1.371571905741309459e-02
-1.361135424395939174e-02
-1.346500661577893811e-02
-1.331595159505805787e-02
-1.329730820461199996e-02
-1.320147753998668523e-02
-1.312479278558992442e-02
-1.302766858453415291e-02
-1.293080576884425396e-02
-1.285360682902748040e-02
-1.277275046928490546e-02
-1.271312054849211767e-02
-1.268270681794062514e-02
-1.251449817380008087e-02
-1.239289813460929708e-02
-1.230593338531604276e-02
-1.221766268676521307e-02
-1.212210058650934827e-02
-1.203071966751810724e-02
-1.191840611240210096e-02
-1.179171242431904798e-02
-1.168517994375227291e-02
-1.155572316528646372e-02
-1.154268856111585750e-02
-1.145352704661843982e-02
-1.135135736099350708e-02
-1.127371817883823790e-02
-1.107566089273297541e-02
-1.103978786616714378e-02
-1.095168829133920559e-02
-1.091252959125078338e-02
-1.076343245985639935e-02
-1.064891234312798085e-02
-1.061619274548940631e-02
-1.051694399301805402e-02
-1.037820097050958824e-02
-1.035559721849229481e-02
-1.026187702781275989e-02
-1.012280651016656680e-02
-1.006190908962897694e-02
-9.943071205286981365e-03
-9.888574918954650891e-03
-9.761579912782127055e-03
-9.641541894047015240e-03
-9.583233913981177229e-03
-9.369853485473955343e-03
-9.207262008329790762e-03
-9.118664001337007177e-03
-9.040764650545611916e-03
-8.939349189749703009e-03
-8.897461369294486222e-03
-8.762730414535971346e-03
-8.709945836228296864e-03
-8.688704502039411998e-03
-8.559277671348534608e-03
-8.419254228407606344e-03
-8.385033090262557914e-03
-8.296823235915861544e-03
-8.208670939818042342e-03
-8.123967550208801430e-03
-7.931571401352326481e-03
-7.825522388458116055e-03
-7.735580357073294257e-03
-7.615830194445750816e-03
-7.537062317046370682e-03
-7.465677102648568889e-03
-7.444482440686352523e-03
-7.267435391587340719e-03
-7.104874809554823957e-03
-7.078009944156573793e-03
-7.021219464956114827e-03
-6.927274932944324851e-03
-6.816429559047590923e-03
-6.703585020960935864e-03
-6.628856205660818915e-03
-6.606270861745271519e-03
-6.549842229958192409e-03
-6.287071954526181165e-03
-6.203211108441030602e-03
-6.156428715258229628e-03
-6.102469842786132671e-03
-5.980917686854152204e-03
-5.931757156046858770e-03
-5.896696945815918522e-03
-5.851880251119245466e-03
-5.507865499587714757e-03
-5.473173745227043717e-03
-5.374789484539160139e-03
-5.319997907068370856e-03
-5.276367176432618204e-03
-5.159779786410960412e-03
-4.998754933572559754e-03
-4.865463816206620079e-03
-4.832407648563337085e-03
-4.795317837243785047e-03
-4.717572509892363312e-03
-4.656270001335717675e-03
-4.436800401291029344e-03
-4.378655680721236718e-03
-4.227271452432596055e-03
-4.161186391468896240e-03
-4.111487170538349542e-03
-4.012071350074929849e-03
-3.996149502058643846e-03
-3.909508417485852219e-03
-3.790296141416335963e-03
-3.678998215462711639e-03
-3.582703046116813509e-03
-3.475206713364325291e-03
-3.380987492890975225e-03
-3.315053726592764784e-03
-3.193542718671541283e-03
-3.070649915785529822e-03
-3.041652921049679392e-03
-3.001629395853060850e-03
-2.945220588201650710e-03
-2.735726964921591804e-03
-2.647436031495788589e-03
-2.567918430267834146e-03
-2.418292175166773285e-03
-2.371420033695502503e-03
-2.248075500061206839e-03
-2.080596347795017273e-03
-1.976946475101097611e-03
-1.911668988315676741e-03
-1.772066236598720743e-03
-1.702402853714384337e-03
-1.520089122708645837e-03
-1.432224067749083641e-03
-1.397464153861337904e-03
-1.362001297589745001e-03
-1.236857716506505446e-03
-1.058964363821254502e-03
-1.009912171922735993e-03
-9.284388032854626327e-04
-8.352843965477829398e-04
-7.523854637601460086e-04
-6.580252785146118886e-04
-5.655048408603923675e-04
-4.868841751740601354e-04
-3.195436101017976277e-04
-2.498983561353721947e-04
-1.974330759054690357e-04
-1.654617633642067463e-04
7.577340530774809204e-05
1.299038596589716728e-04
2.364186783635650402e-04
2.986369446043548237e-04
3.737575936371939872e-04
4.800441758310052464e-04
5.663137134502209229e-04
6.466320183988373159e-04
8.142799490659383610e-04
9.494965745181876667e-04
1.010379231466841405e-03
1.078734553791159661e-03
1.189934354343499118e-03
1.230237520559347925e-03
1.387830328039361787e-03
1.427080176116445271e-03
1.502199052813463307e-03
1.619153185849955346e-03
1.843426968761740104e-03
1.935714331196163648e-03
2.149761677513825023e-03
2.200658453008564556e-03
2.300972841163221629e-03
2.342190045000877227e-03
2.372197388502386012e-03
2.571675211878525404e-03
2.646818025828802205e-03
2.689002300012042785e-03
2.788345099449309698e-03
2.886525816590808022e-03
3.026887828138007195e-03
3.078848646252506285e-03
3.183751684639783090e-03
3.235022800372514083e-03
3.291899360091765040e-03
3.426848244005058480e-03
3.440045626190818464e-03
3.509188010456652795e-03
3.613620798700530306e-03
3.703031336531692995e-03
3.815599139308525466e-03
3.909663437738428692e-03
4.068179790579298967e-03
4.158962538854243766e-03
4.223480850432913269e-03
4.287971650273546612e-03
4.453543969433042433e-03
4.560980633639573172e-03
4.606738972626531377e-03
4.706921236098547158e-03
4.770401023001717353e-03
4.928555569997046353e-03
5.117871228718271284e-03
5.174316144325477769e-03
5.184111549851992858e-03
5.295025431093097062e-03
5.497225488170822023e-03
5.531885010511617892e-03
5.638495983138753880e-03
5.769525610411018780e-03
5.792703891972405400e-03
5.934719052205696989e-03
6.006399329123744690e-03
6.079365625401904512e-03
6.146124974394972032e-03
6.279004415407437971e-03
6.327500512146685095e-03
6.450855192308639630e-03
6.484247895413400818e-03
6.684338023854206542e-03
6.735160213250732629e-03
6.820806627751263736e-03
6.923502962628731716e-03
6.999175606161092515e-03
7.056246718963869735e-03
7.192648219770223124e-03
7.253321214455929651e-03
7.293056469758067532e-03
7.399718506566965899e-03
7.503130514934928247e-03
7.556676516868538439e-03
7.769682183958602668e-03
7.819954455582339703e-03
7.922912216906843885e-03
7.981400386753639137e-03
8.202031392769426610e-03
8.210039207291198668e-03
8.300841336111109206e-03
8.398003063883817745e-03
8.476355334898653601e-03
8.699366978175651632e-03
8.752355806764698307e-03
8.837633227669875260e-03
8.896962609875578437e-03
9.045811684074629364e-03
9.104173811490940543e-03
9.216250555702165323e-03
9.286064729680559154e-03
9.442021113894059209e-03
9.452358075499661325e-03
9.706773990730759721e-03
9.725103618165129027e-03
9.826184539224160075e-03
9.911922478195287281e-03
1.002752316642162994e-02
1.010000135117778905e-02
1.020762341757976317e-02
1.034652889363436509e-02
1.045907195442204174e-02
1.051839546438016262e-02
1.055909529759263034e-02
1.063695428303180687e-02
1.073749399582013715e-02
1.075718011885483556e-02
1.088765648206686289e-02
1.093866922190562391e-02
1.112881031419017328e-02
1.118767567808026143e-02
1.133913518137178236e-02
1.142109993158826539e-02
1.152534913384017749e-02
1.165605492028937325e-02
1.174506364492345668e-02
1.181329236625469799e-02
1.200708902188663690e-02
1.204184829779268717e-02
1.213045500489284660e-02
1.224334788035559909e-02
1.239137679375981911e-02
1.244576528637497681e-02
1.247826228736333837e-02
1.259841856898595396e-02
1.267280392135939140e-02
1.279003160856213503e-02
1.285452586004926998e-02
1.295932568055765607e-02
1.310532522090914441e-02
1.320097639497323956e-02
1.327062392184439124e-02
1.331102003263149626e-02
1.354291267513431200e-02
1.362101593073963141e-02
1.373683938620431748e-02
1.389166052348175286e-02
1.399342145953669236e-02
1.404606955618794596e-02
1.415006530273198171e-02
1.423019050090095633e-02
1.442919765018626198e-02
1.446573064622656835e-02
1.454574760563377006e-02
1.462211602106569010e-02
1.476775273871276314e-02
1.480806088211983687e-02
1.491952083592168292e-02
1.508566775147440926e-02
1.515273322880173086e-02
1.518951705220049006e-02
1.529153870843974819e-02
1.540953670864664109e-02
1.553620343325091448e-02
1.556716672581566312e-02
1.564252033705785042e-02
1.578287470578400298e-02
1.590793316421265299e-02
1.606262427329663289e-02
1.609689984343899011e-02
1.628427093678751561e-02
1.633315695835503567e-02
1.643465583294701979e-02
1.650009665861235791e-02
1.661232124970191820e-02
1.670152543214149105e-02
1.678996864069882619e-02
1.686702497326950101e-02
1.701313731553225420e-02
1.705850942719849134e-02
1.708243390868189812e-02
1.724254232772006595e-02
1.743292743485520824e-02
1.744812896568432789e-02
1.750615313732643147e-02
1.764721533829716540e-02
1.770295611494772381e-02
1.785453035913004555e-02
1.799613431963644622e-02
1.810961089578458708e-02
1.817004064835668967e-02
1.830804237474816659e-02
1.833646651687617299e-02
1.847717330665139476e-02
1.850817969935104196e-02
1.867623144023737927e-02
1.871909440005256609e-02
1.880469356810459541e-02
1.898672578099598260e-02
1.902127854169007384e-02
1.920448694484878926e-02
1.931323296738350279e-02
1.935363320043335944e-02
1.947509812220941938e-02
1.955917543509410467e-02
1.975110982949726188e-02
1.986212468314797405e-02
1.996314844980032199e-02
2.007046550753303904e-02
2.016447452038247490e-02
2.020130890662428375e-02
2.034764855409029044e-02
2.046121115672612165e-02
2.058262702650081460e-02
2.062018366095113436e-02
2.063049996707088871e-02
2.066306551312226819e-02
2.080200674066903788e-02
2.101904595317486552e-02
2.105799763779512071e-02
2.111145581845670638e-02
2.128483877609334274e-02
2.140389327958948026e-02
2.147471190183989492e-02
2.153739990782686103e-02
2.159284148875953782e-02
2.175811860205944040e-02
2.183064911323158441e-02
2.194808299761628195e-02
2.203546272067815129e-02
2.229577265991369156e-02
2.237898290793146130e-02
2.245259707157361284e-02
2.253491668712253454e-02
2.259652251400581791e-02
2.268172172578034398e-02
2.285411576917896481e-02
2.298509028768752627e-02
2.313694901138878962e-02
2.328856042274941515e-02
2.332613572137431576e-02
2.342903611485476836e-02
2.356201288629312593e-02
2.363751478133074846e-02
2.368237605785907321e-02
2.385730163875813409e-02
2.393755613464208787e-02
2.399996070381504865e-02
2.409621483413827009e-02
2.412567099056066658e-02
2.433004202468979499e-02
2.442489356246415819e-02
2.455859696653538496e-02
2.465065720672566033e-02
2.479648660820059705e-02
2.484339129419320044e-02
2.503420731262483850e-02
2.505245361247935773e-02
2.521424320856317097e-02
2.530458557978512019e-02
2.541061733717217899e-02
2.545738017972250938e-02
2.553943126329271882e-02
2.576102380443054743e-02
2.585115675930534443e-02
2.594444547262166750e-02
2.599821345075077270e-02
2.611249406339683984e-02
2.619397542213832211e-02
2.625011307755871839e-02
2.638981637921127346e-02
2.652304006200427097e-02
2.655669009765457972e-02
2.661047916567690907e-02
2.675903823730440417e-02
2.688800296477733554e-02
2.694884079444832478e-02
2.711794552781982004e-02
2.728261219255236070e-02
2.739374489751280131e-02
2.751721243504786502e-02
2.760994863689100395e-02
2.774450628507579494e-02
2.784088460128385234e-02
2.797422110876431750e-02
2.803830501583933280e-02
2.821703779998147379e-02
2.831852370690088327e-02
2.853602628785381623e-02
2.865073919061651014e-02
2.867640745815281875e-02
2.870537781140219957e-02
2.876118423035687460e-02
2.897891147892609626e-02
2.902234793985737984e-02
2.917760257863170198e-02
2.926029112810818109e-02
2.934952405254279140e-02
2.946477035159298513e-02
2.959225495967997971e-02
2.969079332721226427e-02
2.982650458296814966e-02
2.997400765281602736e-02
3.007353162561924795e-02
3.016414294604381416e-02
3.026754638228941821e-02
3.029975801852719322e-02
3.044338524186848000e-02
3.053473992078833271e-02
3.067704709372670591e-02
3.083769561252181282e-02
3.085638417866431657e-02
3.105697874239375308e-02
3.113927990990842179e-02
3.129161912729459122e-02
3.134248455012306894e-02
3.142868850164041300e-02
3.153792402389032218e-02
3.165426406953422700e-02
3.180127634715188695e-02
3.190838708847199695e-02
3.192546686669686662e-02
3.211100753649798883e-02
3.214424685136907378e-02
3.231510814460784864e-02
3.248731923383359199e-02
3.253968452002835993e-02
3.262371070390917421e-02
3.271677210088860116e-02
3.295474826825387643e-02
3.300361482286193193e-02
3.304241221094669778e-02
3.313892684184016613e-02
3.335833041317934344e-02
3.339653191572627966e-02
3.361209027408422478e-02
3.370379413216850750e-02
3.388633722084325589e-02
3.394752437992396010e-02
3.404148827081272810e-02
3.412221770736050680e-02
3.431345374540100551e-02
3.438020045589443990e-02
3.452560372499315078e-02
3.461450130162059546e-02
3.472482003649401960e-02
3.483017787128653286e-02
3.495902974500056382e-02
3.504185687625145651e-02
3.511754294928323694e-02
3.521216298140358858e-02
3.538232898369546992e-02
3.543660078791022877e-02
3.562081893147640149e-02
3.569745736193404018e-02
3.575253100459056810e-02
3.591819180877581924e-02
3.609933812220284671e-02
3.613468352290098717e-02
3.633665448086587091e-02
3.648414687303640908e-02
3.656585176628496248e-02
3.663714763822949194e-02
3.685274697961372220e-02
3.691874888529671911e-02
3.702837860300853962e-02
3.711250280864518414e-02
3.724251218639183791e-02
3.738964028698636005e-02
3.755531220837647621e-02
3.771423075796479646e-02
3.781893452388072896e-02
3.790077710637460018e-02
3.795266971079420959e-02
3.805835898708531673e-02
3.822944046016616554e-02
3.830561184760903487e-02
3.847621626803670453e-02
3.865250758464965769e-02
3.876469682334181960e-02
3.885287386519595959e-02
3.897391416263371045e-02
3.901151738589117568e-02
3.911373467540151666e-02
3.929679684212163127e-02
3.942878649791485557e-02
3.951732371251320125e-02
3.963966259096041861e-02
3.989618026085937214e-02
3.992198462087251376e-02
4.009074072990644749e-02
4.030506887174593184e-02
4.033763222784778057e-02
4.042297988181076801e-02
4.049097428500639945e-02
4.063051446750708812e-02
4.084623931671045594e-02
4.105831228812363565e-02
4.111798880960895047e-02
4.123256563917216538e-02
4.137607926740655140e-02
4.152975162720524971e-02
4.160678930013193139e-02
4.164924109121815460e-02
4.184404922951534544e-02
4.194894002433904867e-02
4.215996644216381956e-02
4.218427125163645014e-02
4.238369083255453390e-02
4.258359723106710376e-02
4.270822079748742145e-02
4.283095848687584056e-02
4.284589150028674659e-02
4.313010888982789920e-02
4.321833575319156129e-02
4.333309357163783737e-02
4.345190552202673334e-02
4.364187858401657322e-02
4.375416741245359564e-02
4.383062087657991351e-02
4.401208604300648614e-02
4.422799959325333929e-02
4.427502521240655325e-02
4.444986755597364614e-02
4.450593729892989708e-02
4.454237599839000472e-02
4.477433205026294660e-02
4.484987054331525391e-02
4.501962010034609579e-02
4.523172802169249385e-02
4.532345763060245669e-02
4.540901350530136826e-02
4.560933867941395492e-02
4.584025273291535835e-02
4.595068095970094441e-02
4.607206052907429628e-02
4.609429775021140624e-02
4.632766828640067641e-02
4.647516257753493696e-02
4.649805149504990937e-02
4.655188956117384258e-02
4.675582406814515757e-02
4.700032599571443703e-02
4.710794364612206492e-02
4.731574397998308812e-02
4.745201661299398854e-02
4.758517724636284613e-02
4.775736506724590630e-02
4.810527480782797460e-02
4.814712595030949671e-02
4.845721011541493511e-02
4.849276188147891992e-02
4.856576991617769790e-02
4.864347807489337316e-02
4.871313120075853459e-02
4.918932672294706182e-02
4.923560699726693690e-02
4.942818363357047440e-02
4.954353323793186936e-02
4.965610457913584991e-02
4.986618256327537968e-02
4.999831379328477377e-02
5.003937252031332578e-02
5.017560699202990721e-02
5.046805224616719709e-02
5.072540871730316786e-02
5.089645216764668995e-02
5.106572679701417566e-02
5.131590822211975350e-02
5.139213709645699957e-02
5.149835944237733665e-02
5.176003440367941272e-02
5.192617579921717658e-02
5.207554691045034739e-02
5.213128568948351138e-02
5.226734561542781959e-02
5.242557731613661787e-02
5.272673549903907075e-02
5.305642060238339314e-02
5.309434665431045364e-02
5.329686803838161457e-02
5.341758213555685558e-02
5.345816694472903252e-02
5.364569016381321581e-02
5.388044012906017394e-02
5.427153748920855725e-02
5.433541006982009480e-02
5.451874962788146733e-02
5.473930119986611387e-02
5.490727165618055489e-02
5.519437862121208405e-02
5.568906953907827584e-02
5.588627942575931373e-02
5.598920875462051056e-02
5.613334949832535919e-02
5.649525969589497265e-02
5.660232285337366692e-02
5.693937230564984769e-02
5.701010693493324677e-02
5.717980580841380833e-02
5.748122598638032849e-02
5.774642753488325175e-02
5.815746133006028523e-02
5.839721884008734071e-02
5.869826590905730113e-02
5.913477578000198021e-02
5.921314578749527213e-02
5.928008364102248240e-02
5.978484431644487396e-02
5.984126963931386822e-02
6.013443229590167277e-02
6.032544153166166656e-02
6.090478510449262584e-02
6.147795561468341607e-02
6.206810182412407506e-02
