-6.256570740701875022e-02
-6.190736389207828622e-02
-6.161931433735647751e-02
-6.125571777543186575e-02
-6.060748601219221460e-02
-6.014391650078008272e-02
-5.995878453868053182e-02
-5.922929340035490431e-02
-5.888629934921878889e-02
-5.825816274799690275e-02
-5.816106253266783987e-02
-5.799526314299670998e-02
-5.786416697124012465e-02
-5.768508694410529741e-02
-5.743786250062565130e-02
-5.689641963575218370e-02
-5.684218237620863173e-02
-5.634114436002372189e-02
-5.616104682577750112e-02
-5.594210110463339325e-02
-5.588652038914383030e-02
-5.583038152318354347e-02
-5.543875934215750784e-02
-5.525862001176767152e-02
-5.516288250048551056e-02
-5.496491223270882909e-02
-5.490912056602529484e-02
-5.473883880848927352e-02
-5.459471516430705607e-02
-5.440156593369711163e-02
-5.413997622517835451e-02
-5.390765599678579156e-02
-5.378579753235795957e-02
-5.346916187690844285e-02
-5.330919525776861567e-02
-5.303189486236298267e-02
-5.275303782951409198e-02
-5.269394346861838718e-02
-5.264848288568206580e-02
-5.240479415607005031e-02
-5.224358692999801074e-02
-5.195617907501823979e-02
-5.177588374084188261e-02
-5.148454155896999007e-02
-5.134339011393137392e-02
-5.109763405586521812e-02
-5.103510284285378562e-02
-5.094912786553622286e-02
-5.081113618271610594e-02
-5.063060089012186293e-02
-5.038160310955495935e-02
-5.019020058302876841e-02
-4.990111774165236630e-02
-4.976943315690517816e-02
-4.958869516111249348e-02
-4.952485019813401834e-02
-4.939291471738512657e-02
-4.927636132942624092e-02
-4.910034079034433091e-02
-4.902168793947383335e-02
-4.893895225714147562e-02
-4.868833697656339832e-02
-4.852396605922234402e-02
-4.836450270251415468e-02
-4.806863750201041674e-02
-4.796564561832201284e-02
-4.790903994384718145e-02
-4.766165815918321086e-02
-4.751032804025302064e-02
-4.732576249996521545e-02
-4.717977100757343029e-02
-4.701555449500544048e-02
-4.699462582048725967e-02
-4.685858166904986744e-02
-4.670141181600335339e-02
-4.646976057557124229e-02
-4.645572419975557005e-02
-4.610455561852040696e-02
-4.595864791250987152e-02
-4.593885828651066844e-02
-4.579022579031235413e-02
-4.557365598605782331e-02
-4.539429382665954166e-02
-4.520252556394975529e-02
-4.510851552845727974e-02
-4.499805885065785022e-02
-4.488171167522922445e-02
-4.476579956569834429e-02
-4.454953865450990425e-02
-4.449394628470978302e-02
-4.442837945823711887e-02
-4.433220926497794673e-02
-4.412898555743457324e-02
-4.394743435907353529e-02
-4.390148832933662287e-02
-4.381820741338933456e-02
-4.354911578129492394e-02
-4.337589691125211949e-02
-4.332039715857027851e-02
-4.318570252298559176e-02
-4.306236717865120911e-02
-4.287797372525267714e-02
-4.266562570964919920e-02
-4.257187154282555952e-02
-4.252852583467862935e-02
-4.242327408555971596e-02
-4.229698645668617668e-02
-4.217858853070148573e-02
-4.212121815835480343e-02
-4.202388799295672661e-02
-4.184430212935578292e-02
-4.183820459698948946e-02
-4.154240917768396019e-02
-4.148366741970611893e-02
-4.131256959467913964e-02
-4.125095637433229268e-02
-4.117626350699662291e-02
-4.108798228817186343e-02
-4.076492950994559106e-02
-4.064413211915457458e-02
-4.060400729939199482e-02
-4.047354044600248030e-02
-4.029656467572317879e-02
-4.019561915286688075e-02
-4.011569349706359949e-02
-3.995989530879198726e-02
-3.978335016032619187e-02
-3.971786331068431763e-02
-3.959744090754929030e-02
-3.950422133377822637e-02
-3.936819267225104280e-02
-3.916904999545196137e-02
-3.903798216020694378e-02
-3.885555038966274216e-02
-3.877559300543832743e-02
-3.862250554665718622e-02
-3.856046714789827107e-02
-3.853453283820834629e-02
-3.832216087327840193e-02
-3.812485497499599335e-02
-3.801311407924814340e-02
-3.792954656642080064e-02
-3.775845486392657296e-02
-3.773705474592128906e-02
-3.771081663664894307e-02
-3.757194630563997356e-02
-3.752153857919536539e-02
-3.729376663033015515e-02
-3.719456657210416795e-02
-3.713836717040056717e-02
-3.696578870328621341e-02
-3.677371972077778800e-02
-3.669400654418285279e-02
-3.653544112059111532e-02
-3.641411815499755872e-02
-3.622070124569644334e-02
-3.620794925808876880e-02
-3.613340608473127047e-02
-3.588280916625678774e-02
-3.586095299757912497e-02
-3.570184920813863211e-02
-3.562494976529286678e-02
-3.550903953858240009e-02
-3.549539807499110106e-02
-3.534734069505336002e-02
-3.509372222371868327e-02
-3.507590059262846727e-02
-3.486771619906876840e-02
-3.476474064425233435e-02
-3.472323045490460780e-02
-3.459431438424739880e-02
-3.452749124745395359e-02
-3.434311164845171849e-02
-3.428802809853817579e-02
-3.412867889890763146e-02
-3.406298980978234026e-02
-3.391659835874773210e-02
-3.386248773465223155e-02
-3.372718965020347903e-02
-3.358324840422243635e-02
-3.347181496296505049e-02
-3.342445781024704771e-02
-3.324779272130817809e-02
-3.314576436477228993e-02
-3.296010427455887959e-02
-3.285278423079734944e-02
-3.276027892115926377e-02
-3.264572017250628316e-02
-3.244175376215932549e-02
-3.235691020845117560e-02
-3.233529718922922847e-02
-3.226677547663896889e-02
-3.215705063976097983e-02
-3.210959548782905265e-02
-3.189337821471777135e-02
-3.184164782995411308e-02
-3.173658642351733644e-02
-3.151814528573454455e-02
-3.137925162911443105e-02
-3.128209511845608803e-02
-3.119363873651776614e-02
-3.113632206841452157e-02
-3.089940094938119913e-02
-3.087480035733752848e-02
-3.070613935524535085e-02
-3.057656052159584206e-02
-3.050337380617952274e-02
-3.038729996143099341e-02
-3.034050879791103453e-02
-3.019219598838700919e-02
-3.006781490966084144e-02
-2.999868163126784282e-02
-2.993007535234837660e-02
-2.977475736855860963e-02
-2.958210035629866425e-02
-2.951043414882575933e-02
-2.949497008810294044e-02
-2.931975419726953400e-02
-2.925482929867909837e-02
-2.914252542623691627e-02
-2.895702902695933625e-02
-2.885859701354883192e-02
-2.880755527548865824e-02
-2.869607385883022818e-02
-2.863451257919503654e-02
-2.849309139414083966e-02
-2.843450402847390313e-02
-2.820978376110366143e-02
-2.813855026640751239e-02
-2.806737310548513414e-02
-2.787224586018216196e-02
-2.776436538129114021e-02
-2.769980597237892139e-02
-2.762082965452437866e-02
-2.754176790413788781e-02
-2.741784453087698151e-02
-2.720856269771057198e-02
-2.700674293207359564e-02
-2.692836490666615512e-02
-2.690539569828323888e-02
-2.678576208493143110e-02
-2.667411514848156903e-02
-2.656184001475175513e-02
-2.650685565328883206e-02
-2.644199982161576923e-02
-2.629838231810557869e-02
-2.611784258773873837e-02
-2.608757864267744267e-02
-2.598146156100179099e-02
-2.594197147773708370e-02
-2.584088069616239519e-02
-2.572808420315682992e-02
-2.569281471005579673e-02
-2.559193545421812807e-02
-2.554686660798069150e-02
-2.531285905438283856e-02
-2.521032651403265837e-02
-2.516438466435286930e-02
-2.500113251746839335e-02
-2.487972139492736212e-02
-2.475726447771894184e-02
-2.471216473157449717e-02
-2.464594720956535256e-02
-2.448433818139991378e-02
-2.445075045748549766e-02
-2.435071400558608615e-02
-2.413047080482213710e-02
-2.408903826141114285e-02
-2.383816248590869477e-02
-2.378282451689518739e-02
-2.377020072758315172e-02
-2.365491068908567515e-02
-2.353128092863001480e-02
-2.335848864284950643e-02
-2.328489618505241374e-02
-2.318560975133625648e-02
-2.307177706210718909e-02
-2.295805825806436148e-02
-2.285697258183182895e-02
-2.280889977887464587e-02
-2.270921363981727795e-02
-2.255550803099720322e-02
-2.250675462815344627e-02
-2.243373722685382265e-02
-2.242451526338937878e-02
-2.219116707506342545e-02
-2.212740284621651787e-02
-2.201493234373331012e-02
-2.194217942784646574e-02
-2.180210618967326139e-02
-2.171645256414379485e-02
-2.165394916488113872e-02
-2.156604678753925100e-02
-2.143979948253826179e-02
-2.141533892098382991e-02
-2.129942515444478365e-02
-2.108910821757765952e-02
-2.107529214464279321e-02
-2.090306021452079457e-02
-2.075827795214415725e-02
-2.074472639104066318e-02
-2.066059070266057854e-02
-2.048531264962265980e-02
-2.044083956789277678e-02
-2.040894963658234154e-02
-2.025811495578102098e-02
-2.022241815005288226e-02
-2.006057934287620165e-02
-1.998733765339527971e-02
-1.991518706023661170e-02
-1.977656015776325937e-02
-1.974798431740815846e-02
-1.962453189166219261e-02
-1.946535283527558308e-02
-1.941416115547219684e-02
-1.933230469215787423e-02
-1.924290805724880940e-02
-1.912028408749931810e-02
-1.895756209726062042e-02
-1.882431875510105768e-02
-1.875826963071539760e-02
-1.866951670282866391e-02
-1.855291339511595458e-02
-1.854310644645825248e-02
-1.849050826983064666e-02
-1.815842388216206207e-02
-1.815462772408768868e-02
-1.801646133115814008e-02
-1.794814351326212351e-02
-1.779483797792313568e-02
-1.769724169424229457e-02
-1.761714537431156857e-02
-1.745814346060267988e-02
-1.735820420089704066e-02
-1.729958801193141188e-02
-1.712223586554716126e-02
-1.709285897038096899e-02
-1.697163433289920059e-02
-1.686037102442267122e-02
-1.679335142853893847e-02
-1.673682193779985408e-02
-1.660317944673576906e-02
-1.650107645919219462e-02
-1.641279941933440970e-02
-1.631729984437943135e-02
-1.626022855822784052e-02
-1.608583961052996100e-02
-1.595852184716868918e-02
-1.583570306020009449e-02
-1.577305867021364799e-02
-1.564151010998674277e-02
-1.561712545051112747e-02
-1.553856575388862932e-02
-1.548260813987373252e-02
-1.535829022717233143e-02
-1.533399771763140421e-02
-1.519597097278881093e-02
-1.508654217347419127e-02
-1.503623461710357559e-02
-1.489871728053059931e-02
-1.481853672553623200e-02
-1.465768003499349006e-02
-1.461891917774192293e-02
-1.446729132116947140e-02
-1.439561622049268484e-02
-1.426633003201682910e-02
-1.419506696753214219e-02
-1.403230294224923347e-02
-1.400795697629051741e-02
-1.393367860897395255e-02
-1.381201127612708898e-02
-1.352544362838375980e-02
-1.344980086801214267e-02
-1.339606008056973621e-02
-1.333139082351638208e-02
-1.329673740116058336e-02
-1.314071997037284494e-02
-1.304527916458051925e-02
-1.289723367827804931e-02
-1.284546344237634877e-02
-1.273773176961966527e-02
-1.257843678078819812e-02
-1.252871750920060701e-02
-1.236484613286392871e-02
-1.231777469228263235e-02
-1.221523426810712347e-02
-1.211224806456492192e-02
-1.194996808395286034e-02
-1.181082611472710278e-02
-1.178315678514074531e-02
-1.173305239834974457e-02
-1.163202166942979912e-02
-1.151774606547309975e-02
-1.144012237989950470e-02
-1.127234025383387281e-02
-1.110122457250905907e-02
-1.105885034398510804e-02
-1.092784422496043302e-02
-1.087762802544164388e-02
-1.074933481323646703e-02
-1.064356627798222592e-02
-1.058091180534040908e-02
-1.045724259289158506e-02
-1.033403020960052369e-02
-1.020159079538906534e-02
-1.014932665019136968e-02
-1.013256130841085588e-02
-1.005104096846597649e-02
-9.971057971953557753e-03
-9.807958410647419148e-03
-9.712848078175595826e-03
-9.620876259962989063e-03
-9.475055444916155589e-03
-9.370867081461861300e-03
-9.275765797002779797e-03
-9.186878813307193178e-03
-9.104236181198221284e-03
-9.023192720944265416e-03
-8.915314113135524091e-03
-8.789374486799455752e-03
-8.729169589248790551e-03
-8.656690687429828210e-03
-8.526545443678316266e-03
-8.448935883792890733e-03
-8.386605687753368246e-03
-8.310385632623817909e-03
-8.228061163302742911e-03
-8.167386892781272958e-03
-8.005779683236019170e-03
-7.967628066428025443e-03
-7.891215608170574700e-03
-7.755582754636452733e-03
-7.662274414452678942e-03
-7.447955136975150867e-03
-7.375096060046367440e-03
-7.208210310517303328e-03
-7.134372427138668989e-03
-7.081346841493509070e-03
-7.042390625801970075e-03
-6.902234838252341818e-03
-6.883699324351400840e-03
-6.778665039957107626e-03
-6.664365531124259376e-03
-6.472015203366010029e-03
-6.359759159486996077e-03
-6.323595167546196098e-03
-6.229051471497191322e-03
-6.160016008873217194e-03
-6.097564417737519685e-03
-6.051439309318843579e-03
-5.932974533881600968e-03
-5.780512515856308861e-03
-5.633681890975537031e-03
-5.597689500277812542e-03
-5.581696693183335958e-03
-5.512040036187192300e-03
-5.311866394735061635e-03
-5.276474287912211181e-03
-5.072916508962560696e-03
-4.887479635326577934e-03
-4.857026554191506452e-03
-4.819126583570769798e-03
-4.655957988929248018e-03
-4.603768378106285267e-03
-4.508841468182173996e-03
-4.353563937813415864e-03
-4.266670469796562948e-03
-4.241169003962257100e-03
-4.152644222626013584e-03
-4.069213805153972484e-03
-3.969505646967751850e-03
-3.864645284368362944e-03
-3.759609794027295431e-03
-3.695949131229178588e-03
-3.569777228887812022e-03
-3.537044234162341899e-03
-3.472019315763847161e-03
-3.366466966816736295e-03
-3.272188291627335221e-03
-3.198831977679393243e-03
-3.133094164826947126e-03
-2.982127118785701109e-03
-2.855853225640325212e-03
-2.841515511406259974e-03
-2.655213121053055184e-03
-2.564561163101106763e-03
-2.494457576146364829e-03
-2.395346971956197838e-03
-2.318760495313285618e-03
-2.265806427235616659e-03
-2.142639716633733694e-03
-2.066829091537299070e-03
-1.903789428833330740e-03
-1.825359210362742773e-03
-1.764624951976119039e-03
-1.690356319639393576e-03
-1.529338664554705414e-03
-1.458305695375345214e-03
-1.305403096109145067e-03
-1.181322357802446583e-03
-1.048552908534792659e-03
-1.015235655014339175e-03
-8.534513883405336378e-04
-7.632378914741794673e-04
-6.707564877241982675e-04
-5.960858635785692191e-04
-5.235144164692103440e-04
-4.746029663760111894e-04
-4.007989331002604770e-04
-3.591690196609374319e-04
-2.478937391275421094e-04
-8.308916543892779242e-05
4.220971986875593599e-05
9.211995131536345621e-05
1.997911318529900049e-04
2.245872508742226238e-04
2.502279003696633759e-04
4.468531372347665049e-04
5.532154623062007217e-04
6.892378140337767885e-04
7.395964892817544602e-04
8.888651515610776748e-04
9.449191810539436581e-04
9.940583503458913246e-04
1.062559623325721797e-03
1.232515010880090014e-03
1.270493168322821319e-03
1.304116153791680475e-03
1.548591282274021852e-03
1.654543294674259242e-03
1.744900125360341649e-03
1.838715520858977574e-03
1.913013496933412688e-03
2.002099571959418001e-03
2.100877720242352430e-03
2.212581560480912472e-03
2.331842003580236137e-03
2.393865434068478005e-03
2.411330061910282613e-03
2.489845652513939661e-03
2.671897694997665221e-03
2.825099374731079686e-03
2.844499593589005105e-03
2.997155279213309636e-03
3.127226882702342520e-03
3.282877985421445415e-03
3.385009577789812544e-03
3.411355287984000392e-03
3.473976993965036293e-03
3.578782449132277346e-03
3.598835951192477095e-03
3.694257202076169436e-03
3.828415388844817833e-03
4.080107860589119416e-03
4.147067012111368273e-03
4.207809651535742747e-03
4.265135771616444110e-03
4.342061287924589910e-03
4.460013136673268708e-03
4.563068353134957893e-03
4.588784808187341101e-03
4.722024278800658788e-03
4.799871408060759487e-03
4.920960952693846820e-03
4.948920053290005103e-03
4.963832927522018879e-03
5.148144309633645443e-03
5.283043620939117252e-03
5.401064002903896433e-03
5.418490970108817695e-03
5.556180901209774314e-03
5.639650131332287451e-03
5.721584792752884216e-03
5.927429659131239724e-03
5.941840352541934329e-03
6.041773689219185478e-03
6.216249918854188997e-03
6.372773685206904216e-03
6.404218276444113844e-03
6.506753960403488177e-03
6.689531063598790593e-03
6.731396271365227765e-03
6.786194298347581616e-03
6.941940657162546345e-03
7.031830240100462280e-03
7.139476224932684960e-03
7.152901843529758767e-03
7.203695687536867259e-03
7.410692988962797913e-03
7.473763819365727631e-03
7.575797034652062903e-03
7.640400614551711919e-03
7.747501037149719452e-03
7.848174214230587559e-03
7.902799553932207677e-03
7.981549888050930644e-03
8.127902707652215689e-03
8.166403573429070750e-03
8.230529207268421493e-03
8.463469741051162648e-03
8.536387307583728767e-03
8.596088440051580237e-03
8.727849637775186159e-03
8.791732678750741395e-03
8.993443264260363862e-03
9.070747049491610994e-03
9.147293621585787099e-03
9.237269680115636761e-03
9.357860559359242048e-03
9.446163628150556352e-03
9.625755875232584052e-03
9.673438906382956018e-03
9.759399616086576051e-03
9.824224415270820659e-03
9.941581702121201139e-03
1.002365792091213827e-02
1.010718189204089061e-02
1.018331217370952238e-02
1.028344677284995061e-02
1.032137911719415227e-02
1.043250400232144035e-02
1.046842895270015499e-02
1.050274683882680693e-02
1.066382059970397839e-02
1.076311702108772618e-02
1.085701901302230619e-02
1.096842587754082166e-02
1.109073235531732315e-02
1.119566396107249916e-02
1.131404673992350216e-02
1.139581961496316867e-02
1.149027953155672306e-02
1.158870795896118668e-02
1.173383335796741520e-02
1.180797566772777592e-02
1.189803558286013987e-02
1.205690362761624619e-02
1.211350063341360035e-02
1.223445824497753319e-02
1.230531650262715881e-02
1.240978074006773325e-02
1.242018460904236246e-02
1.256950797923312227e-02
1.264676186044708106e-02
1.274226030823892228e-02
1.291096961213834479e-02
1.299496840094830144e-02
1.309896306044593985e-02
1.314040224680891600e-02
1.329555584022040424e-02
1.338209678495704165e-02
1.346611218698039007e-02
1.354804153233860747e-02
1.357653034713060536e-02
1.368486715047025418e-02
1.382126844977384778e-02
1.389841700831868400e-02
1.400264627751537233e-02
1.407238012871248056e-02
1.417619329802736854e-02
1.425637371163984701e-02
1.447338832670074134e-02
1.457596183106816927e-02
1.480915860669254451e-02
1.482320165002990429e-02
1.487058943268285138e-02
1.495749469056794484e-02
1.509651131196445423e-02
1.525235296815933769e-02
1.526680087416608898e-02
1.540168691324628365e-02
1.546561547634258196e-02
1.559791263942312926e-02
1.566133885547754678e-02
1.584538970005944583e-02
1.589216600296427043e-02
1.607591128890028045e-02
1.610833368500374022e-02
1.616894450135846276e-02
1.620318208554226425e-02
1.626425942892387178e-02
1.635163397479679273e-02
1.651585783378867536e-02
1.659071001880245075e-02
1.664638917349794620e-02
1.675539777001441855e-02
1.694827600310477508e-02
1.705678237044075396e-02
1.713540770173028679e-02
1.728050173979126317e-02
1.732054194077678466e-02
1.742023070724934425e-02
1.758677481368345688e-02
1.768505437767619454e-02
1.776498836257100339e-02
1.783535186909378234e-02
1.796958783107048888e-02
1.812541638847066025e-02
1.819058107308618374e-02
1.823108911994614223e-02
1.834274354124865863e-02
1.847452791595790081e-02
1.855373157472853599e-02
1.866580915953704872e-02
1.874828513453114312e-02
1.892553360946541002e-02
1.894700598957494916e-02
1.906900424510228273e-02
1.913052209444694382e-02
1.924568187890314530e-02
1.937240823115173038e-02
1.947822045931471915e-02
1.949907003463254712e-02
1.961170970803857022e-02
1.975882203609215931e-02
1.989892310333473205e-02
1.996424147716694547e-02
2.004803011705665050e-02
2.012017642970368933e-02
2.019078258991561028e-02
2.026248817475468506e-02
2.043716965621465362e-02
2.049946032445712843e-02
2.060025454979174178e-02
2.071531531455115746e-02
2.082968039982668884e-02
2.103937192295062680e-02
2.116067647148827183e-02
2.125185819285791214e-02
2.128529805960172050e-02
2.134630918307597186e-02
2.147738579181470570e-02
2.165733241524043021e-02
2.172236833938642059e-02
2.177746269871751877e-02
2.186919363064469476e-02
2.200600616211450741e-02
2.208956209888714856e-02
2.211721183559736681e-02
2.219707465584161085e-02
2.230832742137626307e-02
2.245635843274306973e-02
2.248344922542444904e-02
2.269165528678734542e-02
2.285104618198573537e-02
2.289869837960091872e-02
2.301156279759045131e-02
2.313630512586946006e-02
2.318855238786739562e-02
2.323686565978758112e-02
2.337690613294102909e-02
2.343393948161567181e-02
2.357121500377748133e-02
2.366473032583879185e-02
2.384569942170139747e-02
2.395235441338079696e-02
2.408884302912544031e-02
2.414972823778605698e-02
2.422102075731987630e-02
2.437268732701789939e-02
2.444802613311608183e-02
2.452271317761450103e-02
2.460945055501042450e-02
2.473135572586539557e-02
2.483766696611254890e-02
2.491029301295742335e-02
2.496722457223134878e-02
2.503610010281195897e-02
2.518563442532083599e-02
2.531961552729837181e-02
2.550798276421188324e-02
2.567659147658050631e-02
2.572270666657738500e-02
2.581067637644492152e-02
2.590405161095293493e-02
2.595274375582539914e-02
2.602229145759698756e-02
2.606917626870490501e-02
2.619982391317669107e-02
2.632850657708842718e-02
2.644093415737106684e-02
2.659795617497056133e-02
2.667397134450335758e-02
2.672995325890772586e-02
2.694941473727081871e-02
2.699973555045272547e-02
2.709729967747286777e-02
2.725100979668503356e-02
2.728913264795654672e-02
2.742116740547200990e-02
2.752495001359507240e-02
2.761707123981167050e-02
2.771835934483812477e-02
2.779417240435577696e-02
2.798644871031875578e-02
2.818523833922115598e-02
2.827701282673738409e-02
2.841922106815625987e-02
2.851927309798668597e-02
2.862931934902466710e-02
2.866424421990420093e-02
2.884160337369878063e-02
2.892244985068085500e-02
2.901676757733568854e-02
2.904387214770591877e-02
2.913608609856628215e-02
2.922167719823063475e-02
2.950513082788975075e-02
2.951620179567721741e-02
2.972027021640272215e-02
2.980066013691241855e-02
2.988529267661354377e-02
3.005095506360590599e-02
3.009985042949411133e-02
3.022509733511062266e-02
3.030081152084826770e-02
3.048803144796521924e-02
3.054823729915499483e-02
3.064430977195569880e-02
3.080613673481116463e-02
3.084575861909550146e-02
3.107667662043215456e-02
3.122979183282913879e-02
3.131893910711356505e-02
3.142586006016231948e-02
3.151531430144409451e-02
3.158503101800651247e-02
3.170977370648127985e-02
3.178241526391448191e-02
3.183159388222044084e-02
3.200063798770998169e-02
3.207470552895015647e-02
3.216945025191911278e-02
3.229143919534378793e-02
3.236388704570863223e-02
3.259932673708941520e-02
3.275419903175250114e-02
3.276747914317434257e-02
3.299541988672091003e-02
3.304758763449418268e-02
3.315049067156965179e-02
3.318710562872524000e-02
3.333495823367089300e-02
3.347856731596822455e-02
3.357631716680881118e-02
3.361299082416941558e-02
3.378438014752842278e-02
3.389899041860112983e-02
3.395208900257588869e-02
3.414129321688955110e-02
3.428787161010155710e-02
3.433741389739121408e-02
3.448954296922814022e-02
3.457531147714822117e-02
3.476657866627747701e-02
3.483604538045224214e-02
3.488318521913971737e-02
3.495014902842111248e-02
3.506043840532421102e-02
3.523975754270367716e-02
3.535396179260718447e-02
3.550151908711579596e-02
3.562192635936772822e-02
3.575355357603623302e-02
3.590338584651533993e-02
3.591553836420536411e-02
3.601638441411054992e-02
3.612153601908306422e-02
3.628474090418792875e-02
3.647145157019981293e-02
3.648244546038940939e-02
3.664286544483370822e-02
3.676908237144136532e-02
3.695001097334913581e-02
3.702736334752173425e-02
3.724470624623912179e-02
3.739098675805362093e-02
3.753846021897831731e-02
3.767530167142402880e-02
3.769367712926580127e-02
3.784571452630245553e-02
3.792174210098938486e-02
3.802914597588080009e-02
3.820770376479658975e-02
3.829591461124122465e-02
3.841976816909608433e-02
3.848765336218398087e-02
3.862459831118030679e-02
3.875396448660170523e-02
3.883797138993409781e-02
3.904650833827297968e-02
3.914446479163426196e-02
3.920686429850066268e-02
3.946148261640818750e-02
3.959800017539458900e-02
3.968434975947267990e-02
3.980124880524069098e-02
3.990927278285690688e-02
4.006412496647234617e-02
4.020799292583226991e-02
4.030392824258216544e-02
4.039091871956815988e-02
4.051946583239964678e-02
4.073516779095063406e-02
4.081231427874917883e-02
4.086934427872381675e-02
4.105956631777985671e-02
4.113797920148749149e-02
4.152841969073922668e-02
4.154417258660654533e-02
4.173941507787862215e-02
4.187095416962870881e-02
4.194535995065887951e-02
4.196450817365745406e-02
4.214267545658813979e-02
4.233700958320360530e-02
4.240290419849148534e-02
4.256763197529964821e-02
4.269763684570284518e-02
4.284363940436088092e-02
4.295379420937882331e-02
4.308552372522387458e-02
4.312022844388352372e-02
4.331904431302951997e-02
4.345569201217711064e-02
4.355039864714394665e-02
4.363175965682953433e-02
4.380142687467041690e-02
4.390454248209912924e-02
4.412926539443735169e-02
4.421780274988919290e-02
4.428137036460120385e-02
4.444954676405078048e-02
4.451051186880926325e-02
4.477712154004568484e-02
4.485812258993513574e-02
4.504729815723793052e-02
4.509761523884432688e-02
4.523178662216670309e-02
4.537985377627112848e-02
4.547587828148886430e-02
4.562241361008879253e-02
4.567089946007886481e-02
4.596864253953945184e-02
4.601066897714006093e-02
4.617907242716963456e-02
4.636830773843923781e-02
4.655049881990781790e-02
4.676445740983727756e-02
4.685731299463796740e-02
4.691392759351562664e-02
4.714246148944396114e-02
4.721242749726051180e-02
4.734878867543618197e-02
4.763211710805661386e-02
4.768133722101979693e-02
4.779464928352380321e-02
4.807878816178124542e-02
4.819767134197221192e-02
4.830813865360349818e-02
4.848091811333973822e-02
4.869700454653477090e-02
4.889056407472898436e-02
4.897536380409962808e-02
4.901511620191344176e-02
4.908694156565564237e-02
4.924773558048456401e-02
4.943272410538831346e-02
4.981322283411064589e-02
4.989820746729584783e-02
5.010796413030220442e-02
5.018839631519484562e-02
5.024232196597817890e-02
5.057391366787381687e-02
5.087557006927258957e-02
5.108776158098718434e-02
5.120612823861695612e-02
5.139500654911085403e-02
5.150281536895345846e-02
5.163400778827122867e-02
5.181988475998269145e-02
5.192650558326661336e-02
5.206892196849810528e-02
5.214034225650956283e-02
5.229009023769064235e-02
5.242216563682236541e-02
5.263682299420244931e-02
5.279425865090712350e-02
5.299176664355123578e-02
5.317716944175804317e-02
5.346541438429613935e-02
5.349559020814224214e-02
5.362366238603815533e-02
5.395587744092187471e-02
5.414128087588002125e-02
5.440992668860205467e-02
5.446259819507668493e-02
5.462080294946643905e-02
5.482983905285800097e-02
5.507212772013322238e-02
5.522515991848494371e-02
5.557167768959560966e-02
5.578290042530970050e-02
5.598539194086165488e-02
5.629794058049150673e-02
5.631722749610194867e-02
5.671797497733526566e-02
5.682373105056963414e-02
5.694228263983318328e-02
5.716947369989602845e-02
5.745372006371440160e-02
5.758706807126903748e-02
5.780439835291739659e-02
5.792981808697422741e-02
5.812006731108574492e-02
5.857023321371029184e-02
5.871341364495458875e-02
5.923037269334476690e-02
5.945639153085749418e-02
6.015379921355810261e-02
6.040059016979918566e-02
6.103563829426636445e-02
6.173611016423668357e-02
6.209566547406775161e-02
