-6.167453247181424458e-02
-6.154003987547559951e-02
-6.133104918094935132e-02
-6.091659261093629318e-02
-6.000419007642648211e-02
-5.990032549291925829e-02
-5.952878657428799930e-02
-5.903685340660291131e-02
-5.881455013146883598e-02
-5.845911388239261042e-02
-5.808308840200424733e-02
-5.784357911690213294e-02
-5.775414337250955182e-02
-5.752013274164963219e-02
-5.716928822987228653e-02
-5.673741933124076126e-02
-5.671021781083217944e-02
-5.642851095011246904e-02
-5.624653094177398810e-02
-5.605149631327310811e-02
-5.569246659523908322e-02
-5.555462496932773997e-02
-5.518276997093646968e-02
-5.503295284503385842e-02
-5.484656663535417143e-02
-5.473712628896180293e-02
-5.443742166253817683e-02
-5.427829962293090338e-02
-5.407984617965434088e-02
-5.394449667227317613e-02
-5.388281598597702976e-02
-5.358563903220212726e-02
-5.331449767837763420e-02
-5.314112256290196012e-02
-5.308609871828356280e-02
-5.293936096804326835e-02
-5.291812849496254495e-02
-5.254774045732663046e-02
-5.230299131948790842e-02
-5.214754008908713268e-02
-5.205628788786042377e-02
-5.191655271828776036e-02
-5.180405178318168991e-02
-5.153371997097696416e-02
-5.140326408301536948e-02
-5.127732748587914696e-02
-5.114436946228360925e-02
-5.098153297792907407e-02
-5.066180843502712805e-02
-5.059571865786632872e-02
-5.043951597893388261e-02
-5.010453604607325445e-02
-5.009126217365005018e-02
-5.001673180648288919e-02
-4.987413566875877752e-02
-4.976116847793645576e-02
-4.949802108396404721e-02
-4.932338482687395609e-02
-4.917491506040516658e-02
-4.907982254110687670e-02
-4.900839672315164541e-02
-4.896699683828258098e-02
-4.864228809626950506e-02
-4.850237457850067879e-02
-4.842643353227437525e-02
-4.815539344060706245e-02
-4.805548127359110522e-02
-4.785173987077394331e-02
-4.768644936479334712e-02
-4.741468519882707094e-02
-4.738219997627523411e-02
-4.728421912880152733e-02
-4.716205392113537176e-02
-4.697174414322655839e-02
-4.686562946851877826e-02
-4.666502315892784303e-02
-4.661795164076737441e-02
-4.630073068920746021e-02
-4.617727913720586636e-02
-4.609816242004391440e-02
-4.600699406534024261e-02
-4.571677466176450599e-02
-4.554188477758001896e-02
-4.548260593116226769e-02
-4.531154437313018868e-02
-4.520576185937461716e-02
-4.501256522633945850e-02
-4.494129055881550955e-02
-4.482386880000453766e-02
-4.457207197998633991e-02
-4.444409723635506931e-02
-4.434962876963813999e-02
-4.424158085474561020e-02
-4.412473542312041197e-02
-4.404178070089861952e-02
-4.375007214466976324e-02
-4.362298116179571389e-02
-4.343772934560283933e-02
-4.337844295920951360e-02
-4.330024974472591881e-02
-4.311293239097370444e-02
-4.282364059068127088e-02
-4.264218939221305071e-02
-4.261540222806865091e-02
-4.252311841678198256e-02
-4.249306990928377464e-02
-4.238047037380225646e-02
-4.208477432608986879e-02
-4.188424123345944883e-02
-4.183876939612982820e-02
-4.169417514325538671e-02
-4.154824113658648482e-02
-4.149836066411902169e-02
-4.136704551702975047e-02
-4.132300091052106689e-02
-4.118514525985873809e-02
-4.109322508065339080e-02
-4.097321104552992255e-02
-4.074241868427181529e-02
-4.062822757441727356e-02
-4.061772313597169365e-02
-4.054268201595970927e-02
-4.038895873505474882e-02
-4.034610176984842339e-02
-4.016480060208967029e-02
-4.013934065837147791e-02
-3.980040604902124884e-02
-3.975487849096523418e-02
-3.945785585557649855e-02
-3.931764746856635656e-02
-3.929088146472838744e-02
-3.915775794115502334e-02
-3.907283579381386207e-02
-3.898029568951951601e-02
-3.883154739909634029e-02
-3.856275145915236124e-02
-3.843250700947389159e-02
-3.834635925465152556e-02
-3.815040653430337714e-02
-3.809950640244658127e-02
-3.798933103271692063e-02
-3.791385425520140545e-02
-3.776831763542304321e-02
-3.761180649525718012e-02
-3.750735465496510962e-02
-3.741525964148743888e-02
-3.730809620992647790e-02
-3.716146428021527975e-02
-3.704522069646435517e-02
-3.696464958973861431e-02
-3.693457779467269192e-02
-3.678135214160289240e-02
-3.663582849124231988e-02
-3.660083716138563120e-02
-3.650033518337586491e-02
-3.636107129198758170e-02
-3.630292552029730502e-02
-3.596469743228658533e-02
-3.593353112397189297e-02
-3.574763812956148479e-02
-3.565934518077833182e-02
-3.560477712933301370e-02
-3.540442033784170495e-02
-3.532843252678736362e-02
-3.526075869890099579e-02
-3.518799247202299835e-02
-3.509091921916685647e-02
-3.491483659778318871e-02
-3.482783450720818019e-02
-3.465266471632064832e-02
-3.464632920543644218e-02
-3.450731622620244188e-02
-3.424739170652480597e-02
-3.422270692221110466e-02
-3.410849298314830996e-02
-3.407863381977003364e-02
-3.406518279660167986e-02
-3.400149169455264631e-02
-3.367017847803353836e-02
-3.358258963401821590e-02
-3.339207426315899535e-02
-3.326834569285461174e-02
-3.318018460089638272e-02
-3.307921413587584791e-02
-3.291780550151683638e-02
-3.272814915300725769e-02
-3.263545015691627499e-02
-3.255469282301493711e-02
-3.249779843097191229e-02
-3.237112931442891889e-02
-3.229212285376305974e-02
-3.223243974334051576e-02
-3.208108795115025696e-02
-3.193340656063823474e-02
-3.182250316169120408e-02
-3.178403360133952305e-02
-3.164975060615909247e-02
-3.148156520863785307e-02
-3.136891466299764758e-02
-3.128573284697989954e-02
-3.118107852043664613e-02
-3.104706997691943082e-02
-3.100241467372463408e-02
-3.084794040121851058e-02
-3.076616271171001699e-02
-3.057196581901069909e-02
-3.045255550623660046e-02
-3.041886575880841173e-02
-3.036689455659716264e-02
-3.019398780194549464e-02
-3.010503916133859190e-02
-3.007118280445323158e-02
-2.991446538071830530e-02
-2.979663769413787994e-02
-2.972592584955602302e-02
-2.966869100212410695e-02
-2.952047604888474730e-02
-2.939223881971259056e-02
-2.933993072239515429e-02
-2.917899746109599637e-02
-2.908017858664449506e-02
-2.900926311994860701e-02
-2.882265481988402836e-02
-2.877337500707168733e-02
-2.860268930323021236e-02
-2.847294832017353838e-02
-2.835574326621369615e-02
-2.829194253464003411e-02
-2.822858179334368847e-02
-2.804571248531897293e-02
-2.799392199303792420e-02
-2.784633612287167742e-02
-2.779626390394797364e-02
-2.764701916149088501e-02
-2.746138515763104845e-02
-2.738759139053231415e-02
-2.734383928047912429e-02
-2.714308521882062217e-02
-2.706780320104368656e-02
-2.691376431030960761e-02
-2.688376977921656114e-02
-2.676125921495201357e-02
-2.674007188947212163e-02
-2.658447243240050564e-02
-2.649683423488631215e-02
-2.637069405224639826e-02
-2.621650176025633674e-02
-2.619043039220918939e-02
-2.608987411871511314e-02
-2.588428863670676205e-02
-2.573114625161822960e-02
-2.571504680888613698e-02
-2.564709936868181037e-02
-2.553973912097064203e-02
-2.541647420321704529e-02
-2.536911592722380926e-02
-2.529003901894674722e-02
-2.509161392919862996e-02
-2.504704169048284704e-02
-2.501005731190458423e-02
-2.495513519324891669e-02
-2.475180822337492634e-02
-2.462444690257511309e-02
-2.452873983813160658e-02
-2.451068998594295098e-02
-2.434699074835412411e-02
-2.425422111343206177e-02
-2.404394327882963117e-02
-2.391959984519790097e-02
-2.385763024572887595e-02
-2.378080502851309327e-02
-2.371388793725644900e-02
-2.356312657843673275e-02
-2.342489852562427630e-02
-2.323043188808898360e-02
-2.319136408479681444e-02
-2.316322619051143158e-02
-2.308406255185841555e-02
-2.293702760947913602e-02
-2.288340348424998394e-02
-2.273105347273203514e-02
-2.261783716680176165e-02
-2.257727928762862449e-02
-2.245136075584892518e-02
-2.231950745326725591e-02
-2.224683765859937143e-02
-2.211465643628009181e-02
-2.193479134801738090e-02
-2.181005383418550825e-02
-2.169662695711015166e-02
-2.158860422993599121e-02
-2.146229847266382246e-02
-2.144785736660228051e-02
-2.132493962951463248e-02
-2.128243503512537022e-02
-2.108906740312683006e-02
-2.105088164888711116e-02
-2.095721223555813140e-02
-2.089942410541318144e-02
-2.073045521897768848e-02
-2.072204278154519963e-02
-2.060576855677124369e-02
-2.055378746767232145e-02
-2.035316525647794250e-02
-2.033011085766975659e-02
-2.020621628975853221e-02
-2.012286229237089316e-02
-2.002141794427307261e-02
-1.989105616377961211e-02
-1.972374798961964298e-02
-1.972340609915377782e-02
-1.963433198388550918e-02
-1.953554641030259137e-02
-1.934833556826174791e-02
-1.928475267607928853e-02
-1.916362242088510276e-02
-1.905356523750404568e-02
-1.901086047348339580e-02
-1.885710351714547928e-02
-1.881904105760181731e-02
-1.873688992515647189e-02
-1.858852014104863185e-02
-1.855776812295144990e-02
-1.848202270963774166e-02
-1.837175720850904581e-02
-1.833102955941385767e-02
-1.823386494064765245e-02
-1.813434986143415764e-02
-1.795571941110435041e-02
-1.790270148418443910e-02
-1.773974822734230780e-02
-1.763292850763929082e-02
-1.748153020781218966e-02
-1.744188451478468488e-02
-1.730413219585467260e-02
-1.705544393826165586e-02
-1.697455972419437131e-02
-1.687705271458319473e-02
-1.681777058424173757e-02
-1.672621597872706034e-02
-1.669372096983957887e-02
-1.660915751663117473e-02
-1.650889227959823763e-02
-1.636885025837894400e-02
-1.626765170298170859e-02
-1.617822125365381281e-02
-1.609620791875773435e-02
-1.600505929014183273e-02
-1.594463120442311463e-02
-1.577218250802246008e-02
-1.569758633333204548e-02
-1.565333540225478243e-02
-1.551660130714025386e-02
-1.537062042463262397e-02
-1.531403418404433080e-02
-1.517017662736682565e-02
-1.508383478737473742e-02
-1.501040592001131116e-02
-1.492332685531143864e-02
-1.480393923043971972e-02
-1.473488456828262079e-02
-1.457338778351217369e-02
-1.455220986887436306e-02
-1.439921663289722882e-02
-1.424829008141312477e-02
-1.422342629104563459e-02
-1.410161895315326791e-02
-1.406785024938475397e-02
-1.402384793701137375e-02
-1.392173339547089772e-02
-1.383424752459818004e-02
-1.377602320543904954e-02
-1.362470092592426435e-02
-1.360220459941433729e-02
-1.350332034939579970e-02
-1.335008469829752215e-02
-1.320458931218715208e-02
-1.313614295802100450e-02
-1.299244857394519712e-02
-1.290508914187448938e-02
-1.285161970476276193e-02
-1.276095265386808543e-02
-1.256042144588190822e-02
-1.247984181552658396e-02
-1.234150430736257777e-02
-1.213469654317480759e-02
-1.206909344425190038e-02
-1.196732010392180350e-02
-1.193241145615385815e-02
-1.181716855416541263e-02
-1.172287959166978116e-02
-1.162599379892969437e-02
-1.154263433795560921e-02
-1.140524681961287666e-02
-1.134951266556517673e-02
-1.125480480425399173e-02
-1.119579259359944172e-02
-1.106849140537577957e-02
-1.085698706558736910e-02
-1.078214790534040568e-02
-1.067662095660720095e-02
-1.055459124581310457e-02
-1.047603491318855121e-02
-1.039023824863582329e-02
-1.037509549845414512e-02
-1.024166253415417782e-02
-1.019973167755152885e-02
-1.001200799959511313e-02
-9.898399395575761817e-03
-9.761521742501718529e-03
-9.674118384803196899e-03
-9.550758291421818438e-03
-9.472308912549300478e-03
-9.411081313090164865e-03
-9.287307880120214409e-03
-9.231300791904472128e-03
-9.078155308807039914e-03
-9.032431233557954714e-03
-8.966877064807357231e-03
-8.895033226379694610e-03
-8.842500250846502957e-03
-8.801912530223141712e-03
-8.759176204002730101e-03
-8.504678759054905626e-03
-8.359421176583350932e-03
-8.311417854404401159e-03
-8.185739635076565157e-03
-8.146580404618899637e-03
-8.092118259926367463e-03
-7.911103911215642062e-03
-7.698958974084555741e-03
-7.628966777404713566e-03
-7.597778810864768903e-03
-7.491505718492295907e-03
-7.437891720658892231e-03
-7.376687802025194349e-03
-7.282367184797450439e-03
-7.183399456617164253e-03
-7.073023040384334229e-03
-6.945993953220566848e-03
-6.875864114822286856e-03
-6.805207900243520971e-03
-6.738816717909262323e-03
-6.620784348436082288e-03
-6.492168707347744164e-03
-6.390940261919189798e-03
-6.316163075344017989e-03
-6.213796901303438730e-03
-6.202462199960180958e-03
-6.056145736779178224e-03
-6.023951066577145318e-03
-5.950259224237786602e-03
-5.844646561518076176e-03
-5.721589456233319368e-03
-5.601105389246189420e-03
-5.480781723686310204e-03
-5.432428922928705245e-03
-5.323108562070763203e-03
-5.218982043998807684e-03
-5.091214027626366628e-03
-5.059526685537535547e-03
-4.899770702830922274e-03
-4.808265141738728328e-03
-4.671467053880600830e-03
-4.597012243172140557e-03
-4.464551133099430545e-03
-4.387479408662423898e-03
-4.299242366907367330e-03
-4.268912557851682957e-03
-4.040372835612707041e-03
-3.994854851696642839e-03
-3.880041415538043950e-03
-3.782893562461883772e-03
-3.626412758958019126e-03
-3.580848441798418786e-03
-3.535336266676114819e-03
-3.384918363546232829e-03
-3.329801658857442850e-03
-3.202079144673679757e-03
-3.153424232630549530e-03
-3.074677000908629561e-03
-3.001994895000514255e-03
-2.917321593261550626e-03
-2.804660386404226376e-03
-2.781462544426760788e-03
-2.639719748871066727e-03
-2.569928455206662698e-03
-2.444465601135163615e-03
-2.408812361114330905e-03
-2.251744718979920273e-03
-2.185481254980814643e-03
-2.064647604866490845e-03
-1.939149472068783624e-03
-1.787440959249860482e-03
-1.692092404514530454e-03
-1.664164419730729217e-03
-1.503216760059905132e-03
-1.406289345246177153e-03
-1.390270494437393896e-03
-1.198483570734882068e-03
-1.117440403535676372e-03
-1.072400693782448854e-03
-1.014687154067168539e-03
-8.433600165909560693e-04
-8.232707631687913698e-04
-6.990907310569433649e-04
-5.647838321156748841e-04
-5.200120180546588229e-04
-4.074927633147917123e-04
-3.457087819037795882e-04
-1.909201893680384976e-04
-1.388725928426081833e-04
2.945529403077720399e-07
3.070615204818637239e-05
2.294321662660722347e-04
3.229384419016985463e-04
4.016997111482749697e-04
6.545030453329793050e-04
6.915226351355594587e-04
7.596589672675478199e-04
9.224081821887976807e-04
1.038569548195849646e-03
1.076942119175470494e-03
1.205520827479557820e-03
1.289166424175065091e-03
1.332713093756365211e-03
1.511587129108618328e-03
1.584158404141992882e-03
1.591968294363521434e-03
1.776925847742750076e-03
1.803213590660246316e-03
1.809517829689535244e-03
1.911633505867222282e-03
1.982210267827565122e-03
2.137578889253040348e-03
2.329883841017607593e-03
2.415633994872105200e-03
2.465050983535584019e-03
2.545889613070219555e-03
2.600061100123473180e-03
2.809218560735892659e-03
2.891285382271027715e-03
2.942516139806326293e-03
3.078910548431726488e-03
3.098355009029708524e-03
3.136900277286991737e-03
3.255928970597256594e-03
3.346212074408688730e-03
3.454682072151251272e-03
3.571687094009294745e-03
3.583933279083409244e-03
3.699926520515314527e-03
3.767341425096321864e-03
3.980144979944367535e-03
4.054714696829002547e-03
4.155746030998505938e-03
4.254449332658703092e-03
4.380437426699713803e-03
4.502161268257072121e-03
4.554171121958588281e-03
4.665770935631462571e-03
4.719288481121229964e-03
4.849479051900034039e-03
4.896784219701118789e-03
5.001334909348461623e-03
5.130373528328462281e-03
5.179981692497206448e-03
5.240888017499925090e-03
5.356946508429154263e-03
5.432378227648759078e-03
5.591696118533744618e-03
5.649626713195177001e-03
5.710379370213626918e-03
5.821676010466345259e-03
5.905771192164185369e-03
6.059341315685833583e-03
6.117303688662699065e-03
6.138844972669105921e-03
6.375686698348139933e-03
6.430623403929326513e-03
6.565202532003285192e-03
6.622076203518646557e-03
6.716934352431566495e-03
6.866764069748577601e-03
6.907706197730456577e-03
7.020758980117731106e-03
7.097184696542003200e-03
7.117731236306020295e-03
7.234953502844980629e-03
7.315958663241040223e-03
7.399333495276104108e-03
7.581096273917075495e-03
7.612031790453648722e-03
7.721305478279947253e-03
7.824354844322879352e-03
7.911830131536441366e-03
7.990510235763800123e-03
8.121663799874903611e-03
8.230362788300447235e-03
8.351197652302329646e-03
8.564146955826336394e-03
8.612157705222620377e-03
8.619947317477325011e-03
8.713621264993890933e-03
8.764796682426228419e-03
8.870544826129747248e-03
8.989789096032136870e-03
9.152540336042762001e-03
9.182177238822347015e-03
9.269934799028500122e-03
9.348326925797179054e-03
9.447279130896499635e-03
9.537295107521302079e-03
9.568178974676879237e-03
9.767505088837188584e-03
9.853092450006770489e-03
9.967753594631596770e-03
1.003131761180819752e-02
1.019271959245510520e-02
1.023957149119505278e-02
1.039568484638841300e-02
1.045878243354931084e-02
1.055483890913052822e-02
1.064331109336641261e-02
1.070376547159166553e-02
1.084334744791631486e-02
1.087282405457186581e-02
1.092614107691840253e-02
1.102314302248774691e-02
1.124012537321874595e-02
1.132223500788457141e-02
1.141549211243647437e-02
1.142077697803848928e-02
1.168656352722635336e-02
1.175396110838391323e-02
1.180963899665901477e-02
1.189017164676922991e-02
1.192492117425611106e-02
1.199523990276672031e-02
1.217836843442158569e-02
1.226214848884228138e-02
1.245666313459769386e-02
1.248676998355623298e-02
1.264189139697200273e-02
1.268488384704597773e-02
1.284836693113178968e-02
1.285593440406985165e-02
1.296416357376549595e-02
1.314422266321704606e-02
1.321403417096557280e-02
1.331976175715560672e-02
1.339764775900028487e-02
1.353404410569338488e-02
1.358770719074616808e-02
1.364760723161918647e-02
1.382270543832859848e-02
1.387329986198202782e-02
1.401925386176332972e-02
1.405259021496181593e-02
1.416726685335719695e-02
1.424645478693678698e-02
1.437623552354352040e-02
1.448802216128408302e-02
1.457433007521448214e-02
1.465766346362417684e-02
1.480530509625795944e-02
1.501684813054794156e-02
1.513494573564735414e-02
1.520966861527031991e-02
1.533330797801396236e-02
1.536939507648695490e-02
1.540878963666074755e-02
1.553067415019810521e-02
1.557559736076060027e-02
1.569574674634938855e-02
1.580401520804476309e-02
1.595816934304480211e-02
1.599080377888778895e-02
1.604754899838555307e-02
1.613542175056429523e-02
1.624977659112647466e-02
1.625624430592555181e-02
1.636331380052633011e-02
1.650645359469508910e-02
1.668081617870014258e-02
1.675288658306428591e-02
1.699707808459367808e-02
1.702560956797937591e-02
1.710520692003684312e-02
1.724839026333684425e-02
1.737888627234056987e-02
1.742081005937736252e-02
1.751362264160071999e-02
1.755976582974786218e-02
1.761872074703984756e-02
1.789567280689389334e-02
1.805794725280060117e-02
1.811929438796296490e-02
1.813140263202980829e-02
1.832452828172086157e-02
1.844947978222570215e-02
1.852047847324442276e-02
1.867090908736302249e-02
1.868863895363211819e-02
1.875535991666166941e-02
1.896627553071033104e-02
1.908240826379165034e-02
1.913083753612063176e-02
1.924334042387776042e-02
1.926061791850110227e-02
1.936063159756603799e-02
1.951392624921449021e-02
1.954047269400464512e-02
1.968957800114682841e-02
1.971264506530413796e-02
1.973984466303527543e-02
1.994804636960939570e-02
1.999642150088362658e-02
2.017054738753676704e-02
2.025539293620763279e-02
2.031578201952286694e-02
2.034609833397345996e-02
2.042392011588512954e-02
2.052356791101140818e-02
2.064414266286563812e-02
2.075240634579812726e-02
2.081928798570879813e-02
2.094040779057526266e-02
2.103954165472148377e-02
2.110288672246600494e-02
2.118187893831981194e-02
2.134628609037085220e-02
2.146887335079045861e-02
2.152523498045859698e-02
2.164262635673543100e-02
2.171370603783892225e-02
2.191442165358268093e-02
2.202738662188799892e-02
2.213920104355053889e-02
2.227483271327391004e-02
2.241118434521748026e-02
2.244685054514720252e-02
2.268055721532362401e-02
2.271551430429176108e-02
2.285076098610915388e-02
2.288905260466463434e-02
2.305917210527141589e-02
2.311606582947684993e-02
2.316605997700570824e-02
2.323567047622351889e-02
2.335331938110292438e-02
2.341494141893166181e-02
2.358160964230887266e-02
2.374965293415302187e-02
2.381523392907381603e-02
2.396807869294869872e-02
2.408342032436276009e-02
2.419118025859773660e-02
2.421331568281263197e-02
2.436466464688919267e-02
2.444519356436330657e-02
2.458190953796580633e-02
2.472746371941705185e-02
2.473150082651304552e-02
2.487938502735055624e-02
2.497505800850753979e-02
2.509610561730849648e-02
2.521744212036295535e-02
2.526955886660921594e-02
2.537754048402533075e-02
2.553821270765738519e-02
2.557474311748746121e-02
2.574062099287907981e-02
2.584400774956281677e-02
2.593992954985106097e-02
2.598557703039425931e-02
2.616912012961949280e-02
2.630843725888554543e-02
2.635123842908364614e-02
2.646305409526337679e-02
2.660828970438015861e-02
2.669414279610717033e-02
2.687859134498387509e-02
2.689192680762999416e-02
2.697763906141398965e-02
2.711109238156412388e-02
2.713471177798389491e-02
2.738369978535919874e-02
2.740540484793829723e-02
2.746018042797059369e-02
2.753615886425484285e-02
2.768970335396428104e-02
2.780447282012787902e-02
2.789563650355520938e-02
2.799520669829900013e-02
2.803902805048422153e-02
2.828193378294092258e-02
2.832950793795696587e-02
2.839564179012099912e-02
2.853543118991145808e-02
2.858880214408619780e-02
2.880994686185490636e-02
2.892959333476434122e-02
2.901490269331497007e-02
2.909047793662431977e-02
2.921531211658174448e-02
2.929189311300139931e-02
2.941840004427638891e-02
2.952805324575618132e-02
2.966399922893314320e-02
2.970364873369958983e-02
2.982001232713921146e-02
2.988887477019866110e-02
3.012234758903815229e-02
3.031849232953116174e-02
3.037508684275743234e-02
3.045278158990073758e-02
3.061416345128074867e-02
3.072440002150330154e-02
3.081467591508812651e-02
3.095058434004569967e-02
3.101662425867694056e-02
3.112326151526548582e-02
3.120070439090581738e-02
3.135814020978136551e-02
3.148052670405414311e-02
3.149770637229033082e-02
3.164582541949254729e-02
3.175298569505918128e-02
3.182587785692227167e-02
3.202985238095498732e-02
3.207357611274151699e-02
3.213631426978730971e-02
3.219455781823000323e-02
3.253568983762072930e-02
3.257400979560322318e-02
3.270917919670374152e-02
3.276270136972973118e-02
3.278571717708163996e-02
3.295124981688186266e-02
3.327630986955308623e-02
3.331147132769086971e-02
3.342031750326934086e-02
3.359083091950760408e-02
3.366659962382317212e-02
3.377922381413405589e-02
3.384536888692485368e-02
3.402423043896188326e-02
3.408394373096062385e-02
3.427482512855511282e-02
3.434686366992794476e-02
3.444208464016849935e-02
3.461927466732776792e-02
3.477971422246624311e-02
3.482954613218474521e-02
3.498948537877370063e-02
3.514820553102598888e-02
3.516682122359306856e-02
3.521245868191683753e-02
3.537104988938091082e-02
3.541338040975571672e-02
3.559307400172825181e-02
3.564910131342846622e-02
3.584917642979572328e-02
3.603145628150060398e-02
3.605159071511689767e-02
3.622009061973353178e-02
3.624875556210846450e-02
3.633707292040012221e-02
3.643981140377122036e-02
3.656428745436281214e-02
3.666802051317796102e-02
3.685187255873653700e-02
3.693375055879685731e-02
3.714793348650296395e-02
3.718938579695288404e-02
3.733111948453359669e-02
3.749544335186491550e-02
3.754153778127440610e-02
3.761958287583544447e-02
3.780476534157574398e-02
3.787691934873874122e-02
3.805024438617692073e-02
3.821460013571041647e-02
3.830631513702952712e-02
3.835834734822600456e-02
3.839444262414953152e-02
3.861691187260844760e-02
3.869161711428645983e-02
3.880330971299769671e-02
3.894200718974016179e-02
3.906010142247743483e-02
3.918796702548785899e-02
3.941368856971295964e-02
3.948656619508023047e-02
3.960311047819083802e-02
3.969007388914171097e-02
3.975420467071154318e-02
3.993470469546870488e-02
3.999215639333118799e-02
4.006130613841949600e-02
4.034775780655452948e-02
4.047967715287149881e-02
4.070296951536256369e-02
4.078117511036058462e-02
4.086945429763950283e-02
4.091405594112573069e-02
4.106123164577991924e-02
4.122517267237979510e-02
4.134400402717210155e-02
4.162126460400582262e-02
4.174657667503992031e-02
4.188057263049021345e-02
4.195694593345751511e-02
4.207107556965195005e-02
4.237304271467941946e-02
4.245532946329063501e-02
4.252038959565679344e-02
4.262211328881589795e-02
4.265644406668862854e-02
4.291768785718828860e-02
4.303482477014652224e-02
4.317242589286637150e-02
4.334258775990807583e-02
4.345786097783364832e-02
4.361544430635211356e-02
4.368972710468781856e-02
4.396527912833807228e-02
4.398061748650408664e-02
4.409075440876895902e-02
4.425942778824390467e-02
4.437143191219107552e-02
4.445009963061728048e-02
4.471694821600027958e-02
4.480786515468949266e-02
4.485836580022407177e-02
4.497809541722037896e-02
4.512208681224061380e-02
4.526404503990003741e-02
4.543162974826857325e-02
4.556064151970280751e-02
4.564154952848260144e-02
4.581546075524995515e-02
4.588638859771051320e-02
4.602212627959441360e-02
4.612280595732407701e-02
4.631574776519292724e-02
4.642222280061983342e-02
4.663889746306366241e-02
4.691698757957253607e-02
4.700208590121544849e-02
4.717010349868469565e-02
4.722809175936371062e-02
4.756278855119057403e-02
4.759947315446459715e-02
4.768890541710108649e-02
4.780389314170832571e-02
4.791029797816592772e-02
4.799000230180965054e-02
4.809387218165306344e-02
4.823417973646287882e-02
4.836649753295428622e-02
4.865955161028299308e-02
4.886580489231346497e-02
4.911441613849092808e-02
4.921897056426195738e-02
4.933361546850140167e-02
4.949894134758425074e-02
4.954190786535821178e-02
4.963872735717163309e-02
4.982726962349437461e-02
5.007311151333857652e-02
5.018255667910079959e-02
5.031305096487878603e-02
5.057207813285619080e-02
5.075382125501280706e-02
5.098700133823473590e-02
5.113079039508734713e-02
5.136993010533133508e-02
5.148989554639239047e-02
5.176149350719214115e-02
5.192314733152849499e-02
5.204587990088230254e-02
5.218661048582217549e-02
5.235921255950371639e-02
5.241109569268573992e-02
5.264415740359941476e-02
5.275082610548054163e-02
5.283592983117339076e-02
5.327288316739751256e-02
5.347069858597874870e-02
5.373030182620763123e-02
5.378760110238429981e-02
5.402802953975474609e-02
5.430211613517511166e-02
5.445737577558486947e-02
5.463296073146362009e-02
5.494672740920701626e-02
5.520517381235375692e-02
5.531535775234545232e-02
5.563860887446896858e-02
5.585658518404641726e-02
5.592034928092053797e-02
5.631196470967968215e-02
5.659353023066618360e-02
5.670219978638795649e-02
5.674044176412867263e-02
5.697082807718463482e-02
5.717604505107804630e-02
5.727549303498507410e-02
5.766825791264730550e-02
5.782818602016567833e-02
5.800286123558046764e-02
5.844807785024194735e-02
5.854413261017638037e-02
5.902794984170787324e-02
5.973971073159541068e-02
6.000392943391164718e-02
6.006709630785813520e-02
6.029686685545827818e-02
6.056615386623836333e-02
6.091770622596631712e-02
6.205196739219714236e-02
6.225805244340197608e-02
