-6.271204637879951305e-02
-6.164377939404663831e-02
-6.108789693173850843e-02
-6.072894667124009022e-02
-6.030116039844887060e-02
-6.000305058480439463e-02
-5.976620928679329120e-02
-5.954067536533304283e-02
-5.925352791938705288e-02
-5.869721543663227598e-02
-5.844492272531260496e-02
-5.801983993398317913e-02
-5.795201201979372635e-02
-5.767894048754346192e-02
-5.752526857138018368e-02
-5.722013900350940430e-02
-5.704295198730816030e-02
-5.678091810637762860e-02
-5.650775606847312227e-02
-5.639126744565269023e-02
-5.620470147335693278e-02
-5.598897515256133495e-02
-5.572092809089154719e-02
-5.537563583968930364e-02
-5.517986710050353655e-02
-5.514584713292709078e-02
-5.489898211140391976e-02
-5.477619902521313477e-02
-5.460625655620753027e-02
-5.428790925800789507e-02
-5.410709783378380572e-02
-5.392724724437904238e-02
-5.376836559851123215e-02
-5.346583058238705416e-02
-5.323011248792132444e-02
-5.298264577677617299e-02
-5.284361111803296401e-02
-5.270660033148211882e-02
-5.243162873795124274e-02
-5.238360232954877155e-02
-5.222321331428372848e-02
-5.207617255533050077e-02
-5.195933319093945513e-02
-5.164181974978349771e-02
-5.159558666416226569e-02
-5.145990917311009383e-02
-5.133689331725065086e-02
-5.097718635878509263e-02
-5.080630340306108855e-02
-5.071105697504859483e-02
-5.057854351840825047e-02
-5.051146624986783268e-02
-5.020089839673729654e-02
-5.015773393669590435e-02
-4.990632976858239145e-02
-4.976006014896842966e-02
-4.960902404723388504e-02
-4.949864341427340220e-02
-4.938561200584033056e-02
-4.922091751310835733e-02
-4.910585817350124338e-02
-4.899440426686456351e-02
-4.870278207661363212e-02
-4.853578988126794336e-02
-4.834276237986932789e-02
-4.819350565861637431e-02
-4.805766802159264217e-02
-4.798190744055700480e-02
-4.774536877979870808e-02
-4.768713932433470137e-02
-4.761273286905609581e-02
-4.737687682883964108e-02
-4.721415209311523309e-02
-4.690302170344919086e-02
-4.677141173773037564e-02
-4.664910240758032151e-02
-4.645362770550474224e-02
-4.642582393327445572e-02
-4.625415127590386949e-02
-4.615957185274285196e-02
-4.607928302530980152e-02
-4.594816391329554356e-02
-4.583499220845919930e-02
-4.559251705292315104e-02
-4.554144178994556924e-02
-4.509698926184452922e-02
-4.508939302925140530e-02
-4.485565523319169634e-02
-4.470963473055501736e-02
-4.468638855395599963e-02
-4.441802794697537193e-02
-4.438962285684069919e-02
-4.426670685091893542e-02
-4.421588855646812338e-02
-4.417320464678630570e-02
-4.383678266298539350e-02
-4.372271050540075393e-02
-4.355960866213343108e-02
-4.353283363124393901e-02
-4.339043933597744318e-02
-4.337825393448987987e-02
-4.327389581434792215e-02
-4.303194936643543744e-02
-4.289814114870341144e-02
-4.274445121434393424e-02
-4.261240978814719027e-02
-4.245008044366166411e-02
-4.238216659205900488e-02
-4.220108445438126160e-02
-4.213441207835504076e-02
-4.202291844809724619e-02
-4.182745807334423138e-02
-4.165854464819413600e-02
-4.160286519121378368e-02
-4.141761754796308842e-02
-4.123229723201595615e-02
-4.122465105033926852e-02
-4.114320526413477175e-02
-4.101148897827192052e-02
-4.089659488968484802e-02
-4.074406169620746476e-02
-4.062907153130192184e-02
-4.037923870033162388e-02
-4.027596565555236624e-02
-4.018615042315754754e-02
-4.004349513784580261e-02
-3.992309099248460280e-02
-3.980474373010187833e-02
-3.965167743581823889e-02
-3.945740644122282953e-02
-3.928529107516624125e-02
-3.922918257808193782e-02
-3.915842041363152420e-02
-3.903146762897193034e-02
-3.889363692698658004e-02
-3.872238201013628728e-02
-3.860309863701456151e-02
-3.840376492724004859e-02
-3.823734455281579958e-02
-3.808675914512808097e-02
-3.806517670341885012e-02
-3.800690818546324096e-02
-3.785062382063025116e-02
-3.776277656289796225e-02
-3.773547219832155269e-02
-3.753080717719618070e-02
-3.749401047398063375e-02
-3.727647151489277277e-02
-3.710612320488243521e-02
-3.699450309631787531e-02
-3.689184854897348959e-02
-3.684622496808329095e-02
-3.662911706911511911e-02
-3.652326084870291534e-02
-3.643766455062544263e-02
-3.633246356344871364e-02
-3.624722188482207980e-02
-3.618501817036242491e-02
-3.602431980074267265e-02
-3.594966794440378893e-02
-3.576590257495223385e-02
-3.566890777143197355e-02
-3.546801714741665279e-02
-3.542455006964456005e-02
-3.528862915733308597e-02
-3.527094481357617717e-02
-3.509782666052002620e-02
-3.496251451406098831e-02
-3.484449547408543374e-02
-3.475861628542667447e-02
-3.459536718612127998e-02
-3.458841223711162094e-02
-3.440724145712305976e-02
-3.425964828483262642e-02
-3.402087160194790239e-02
-3.388277132612976805e-02
-3.379976386345348582e-02
-3.376768857317382494e-02
-3.363532026599295316e-02
-3.345991125909072994e-02
-3.332471042986456106e-02
-3.329644900006824976e-02
-3.323908856893848657e-02
-3.303154796528959269e-02
-3.299183067047453677e-02
-3.272075310201268128e-02
-3.263930326008974980e-02
-3.257002114764891848e-02
-3.237943554072671148e-02
-3.224680857038280529e-02
-3.219364933607083562e-02
-3.210653301058630227e-02
-3.202658063700111052e-02
-3.198808429164997497e-02
-3.187276720071136743e-02
-3.173833806545878905e-02
-3.167906940898281010e-02
-3.147761890226766918e-02
-3.145223320273305562e-02
-3.133930503995584205e-02
-3.117042223103373005e-02
-3.103329220993175305e-02
-3.093616041127614930e-02
-3.082650550603814252e-02
-3.070821523796288255e-02
-3.059963943789406962e-02
-3.047755992419213730e-02
-3.039379316488523622e-02
-3.022435023913343580e-02
-3.017819408018741073e-02
-2.997342292386095605e-02
-2.995817913025831947e-02
-2.971506919404668517e-02
-2.965857459592503159e-02
-2.954197992228673256e-02
-2.941445628647152213e-02
-2.932535900592811093e-02
-2.924716405545510836e-02
-2.916830762480083356e-02
-2.910626428420167236e-02
-2.899907847239549530e-02
-2.888099755532606838e-02
-2.869607638612124700e-02
-2.859622524570809565e-02
-2.853028954908390716e-02
-2.839874096203373957e-02
-2.830608359685611239e-02
-2.819286542583836902e-02
-2.803583614491915454e-02
-2.799433484172038702e-02
-2.777171282048935402e-02
-2.775415367974254019e-02
-2.768918459702731164e-02
-2.756138187727099134e-02
-2.752778371732644835e-02
-2.733808868177096951e-02
-2.725537216506414631e-02
-2.721350012464015047e-02
-2.705544330760663307e-02
-2.698022900670000654e-02
-2.691202631604876216e-02
-2.668319827974221375e-02
-2.660839577187288849e-02
-2.649489163241311451e-02
-2.630307386249163687e-02
-2.622858583797186768e-02
-2.611324659204496829e-02
-2.600328296649550425e-02
-2.595385182054958662e-02
-2.584830664784848464e-02
-2.575215081261149688e-02
-2.559094918288860876e-02
-2.549119019916563575e-02
-2.529930942365530774e-02
-2.528031580881139398e-02
-2.522003669420914279e-02
-2.513218360544102609e-02
-2.507316602484489440e-02
-2.490132928850543118e-02
-2.477006198284179700e-02
-2.470322767119372334e-02
-2.458842371694967485e-02
-2.445072183158850804e-02
-2.435964270055863620e-02
-2.434987956863370398e-02
-2.419461970485646887e-02
-2.415419846297799100e-02
-2.403832637855610882e-02
-2.398517099952612863e-02
-2.386531867646392649e-02
-2.370951738924313018e-02
-2.355678415815945503e-02
-2.353342290650738133e-02
-2.344823493416490698e-02
-2.329867484508107295e-02
-2.325893255876978691e-02
-2.317865206848523582e-02
-2.307061884589834896e-02
-2.299016484842579186e-02
-2.277235948976896740e-02
-2.274535810531932642e-02
-2.267188864608925269e-02
-2.245161338589143213e-02
-2.227215103155833625e-02
-2.224639687039505626e-02
-2.212231399976250651e-02
-2.199400454600794474e-02
-2.197284472610227385e-02
-2.190994602109935796e-02
-2.181514682917719966e-02
-2.168411355219637682e-02
-2.156169908865005272e-02
-2.147511520963161363e-02
-2.133077520029989446e-02
-2.122804756191181558e-02
-2.114458813991430472e-02
-2.104726675622081017e-02
-2.096688304152502860e-02
-2.094723228603542070e-02
-2.083526647934084292e-02
-2.072508162082409636e-02
-2.065272330177323271e-02
-2.060729202595902934e-02
-2.039804329631395366e-02
-2.025907752000888004e-02
-2.008561811670441302e-02
-2.005559277082372485e-02
-2.000864140474406527e-02
-1.993778149172280301e-02
-1.977508116585813269e-02
-1.970391697566239997e-02
-1.957021612022710050e-02
-1.939657696706999571e-02
-1.930621446368811778e-02
-1.923080876676717954e-02
-1.915647840517673700e-02
-1.907933776939326267e-02
-1.895331876346457306e-02
-1.889118386606897584e-02
-1.878539928548597984e-02
-1.873917658320262136e-02
-1.857661583259463678e-02
-1.836603450320820757e-02
-1.832708346406493674e-02
-1.825346500493637419e-02
-1.818599344280073804e-02
-1.793192249688328049e-02
-1.783652344265959644e-02
-1.783615462620190620e-02
-1.775312573595190860e-02
-1.771822688213010866e-02
-1.751165642228469724e-02
-1.743510591246265340e-02
-1.738883155058815883e-02
-1.729598805557393953e-02
-1.718621909961746269e-02
-1.694357375698098828e-02
-1.690273608963908589e-02
-1.677675266926398692e-02
-1.672985317045492040e-02
-1.652780342843188782e-02
-1.641745641443408468e-02
-1.635161024940638697e-02
-1.623133874423887679e-02
-1.617401472405148241e-02
-1.610469013598940860e-02
-1.598894881982358684e-02
-1.589795044138312199e-02
-1.584887674266237736e-02
-1.581126516780617663e-02
-1.561913096346569281e-02
-1.549636823715739263e-02
-1.530665192743018398e-02
-1.528980209490141823e-02
-1.513444641035288987e-02
-1.508296605031033723e-02
-1.493570239208321694e-02
-1.476035646747612430e-02
-1.469981216566733015e-02
-1.463826156137492361e-02
-1.455285849301854277e-02
-1.444595628675538965e-02
-1.436327322892767301e-02
-1.424488068709935801e-02
-1.420580168631456822e-02
-1.414476168281890607e-02
-1.403064818040465622e-02
-1.397464314667626155e-02
-1.389437754100264662e-02
-1.371464653590868769e-02
-1.367131115821599262e-02
-1.358530429508156626e-02
-1.334144023575565760e-02
-1.331982424702298981e-02
-1.316778587475833304e-02
-1.307897688817286248e-02
-1.301704258481563119e-02
-1.288562920496788382e-02
-1.285207814965291968e-02
-1.280350694252883718e-02
-1.269304891875946278e-02
-1.251419412319563357e-02
-1.243632251101500427e-02
-1.231592311740555001e-02
-1.221217801780084648e-02
-1.214894529146409198e-02
-1.207489181721194647e-02
-1.187053542355375781e-02
-1.173901737801351201e-02
-1.168775866426718414e-02
-1.163849944037534563e-02
-1.151804284658038656e-02
-1.139889833643430855e-02
-1.131850731056472867e-02
-1.117649492469772500e-02
-1.108100457200865072e-02
-1.103070956978921720e-02
-1.095360060618091359e-02
-1.086712549726050192e-02
-1.082251999043313748e-02
-1.076802989342487069e-02
-1.063927977424528742e-02
-1.053851885257269319e-02
-1.036100974024924994e-02
-1.030254019554736368e-02
-1.019955378485602054e-02
-1.013215051974642941e-02
-1.000460059526490746e-02
-9.872730163555179517e-03
-9.652578347571506498e-03
-9.527148948851643998e-03
-9.507820315813665310e-03
-9.464584175159595006e-03
-9.403816533055660981e-03
-9.351304952181487690e-03
-9.244991405100485421e-03
-9.119019545992692807e-03
-8.899660132219648634e-03
-8.771742348064492933e-03
-8.751421032323399712e-03
-8.631666127937691335e-03
-8.495714668034233530e-03
-8.402175125163275152e-03
-8.343275438460646953e-03
-8.305244185873625340e-03
-8.208584505713038826e-03
-8.065900968426329559e-03
-8.031635450364239467e-03
-7.925999084395876984e-03
-7.910706640734611189e-03
-7.820588516108336469e-03
-7.655133170950477461e-03
-7.535028117185357810e-03
-7.382973147270610777e-03
-7.348621091576999949e-03
-7.264288128136627866e-03
-7.131556097018180648e-03
-7.060270474528148113e-03
-6.884205202917017402e-03
-6.802102586307560636e-03
-6.685242469944137518e-03
-6.638481517642914539e-03
-6.569948127146854611e-03
-6.499196542721744768e-03
-6.380463595062642670e-03
-6.258218816089428961e-03
-6.185362030181530690e-03
-6.023655731700551866e-03
-5.876875064990148834e-03
-5.836307344520679126e-03
-5.673403929444859224e-03
-5.595635804643446336e-03
-5.527977746744443081e-03
-5.442722245445676468e-03
-5.354836471758698917e-03
-5.202543941291167852e-03
-5.163092310025852415e-03
-5.097443898998341161e-03
-5.039314227564312479e-03
-4.854977194016584820e-03
-4.770654274263793140e-03
-4.752661558156354507e-03
-4.696928824773506823e-03
-4.575669863853330105e-03
-4.455134301213036635e-03
-4.327100012430675803e-03
-4.246793318933114736e-03
-4.196028287260379630e-03
-4.076142177060227204e-03
-3.954614359112369575e-03
-3.911041103148454705e-03
-3.875351724066385378e-03
-3.709236068089714726e-03
-3.620610139349438473e-03
-3.571390070415713866e-03
-3.440000998772644366e-03
-3.286172337902324575e-03
-3.257696576502645998e-03
-3.171498084004530354e-03
-3.063472467714620749e-03
-2.955392929801152566e-03
-2.852490937243132990e-03
-2.736189856487169798e-03
-2.541825067139051857e-03
-2.496441294451908887e-03
-2.452394869246145217e-03
-2.375606138857226223e-03
-2.302423356783304346e-03
-2.248169006603814666e-03
-2.145381492722025964e-03
-1.982989806657654407e-03
-1.920769677463918853e-03
-1.893849569158923950e-03
-1.833524612080071744e-03
-1.734984485113425737e-03
-1.569730681964843838e-03
-1.548132174867314879e-03
-1.421494704540927044e-03
-1.256340140461859912e-03
-1.094515774713087416e-03
-9.888999842338028635e-04
-9.410929649654653159e-04
-7.657192632637022794e-04
-7.062415079477433588e-04
-6.134818001307227762e-04
-5.462041749478023425e-04
-5.071430613221690692e-04
-4.196078555870116217e-04
-3.305188532838810754e-04
-1.997558015730438897e-04
-7.747457660170436837e-05
5.681465180476333603e-05
1.694784590401628480e-04
2.550874152710532004e-04
3.917737895199096729e-04
4.465236400098983706e-04
5.296141973800014236e-04
6.214816245735947826e-04
6.593340777426289845e-04
7.140502257088452050e-04
7.800070665826208064e-04
8.587496526447666945e-04
9.885816637300688312e-04
1.088892684470469177e-03
1.105147301516463823e-03
1.140738711322824292e-03
1.224308002649968259e-03
1.329478359939600517e-03
1.572439844513027780e-03
1.688631433743489809e-03
1.782471334749110257e-03
1.905908711757712225e-03
1.952491410284605761e-03
2.022730563148837819e-03
2.210893191959376145e-03
2.312264114893795505e-03
2.466844200455589348e-03
2.562123154337785525e-03
2.616400489699727445e-03
2.736665987914292577e-03
2.799751492018782550e-03
2.898688740053156302e-03
2.973089965917561153e-03
3.098447644795473792e-03
3.258291331976149660e-03
3.271004097037900384e-03
3.337724685333268246e-03
3.482168963971724821e-03
3.548927914672312615e-03
3.610231448036752867e-03
3.641442524235965345e-03
3.776588329568053397e-03
3.832824827709797703e-03
4.111885797277708282e-03
4.194025959314747962e-03
4.299270087726627179e-03
4.422606617722428697e-03
4.461393505066271054e-03
4.518720573594349477e-03
4.577014508651196592e-03
4.646831631274528883e-03
4.821620488706617261e-03
4.861096403336459364e-03
4.959563041677639804e-03
5.089318292215139899e-03
5.133292720666428680e-03
5.234929919893272811e-03
5.349369217899011854e-03
5.544622797013793424e-03
5.578935424638767002e-03
5.608327249035737101e-03
5.680812389388509645e-03
5.817823191790375860e-03
5.903959059839896349e-03
6.050343005494246244e-03
6.099331872617860285e-03
6.162777062601349810e-03
6.350477918833831274e-03
6.448033564147759474e-03
6.530097042373793174e-03
6.602526651809200418e-03
6.655088079385616112e-03
6.741954606188350907e-03
6.802020550232986545e-03
7.070454496092395784e-03
7.183631614710697492e-03
7.209587406198253792e-03
7.311921624816849173e-03
7.453807103091066727e-03
7.530967482286257328e-03
7.578448553614115270e-03
7.685558215748671852e-03
7.802558174786064331e-03
7.811814878568505531e-03
7.947914892080985838e-03
7.999020430259238743e-03
8.125284952809194369e-03
8.294288000620191753e-03
8.308503848275413523e-03
8.384143101324377859e-03
8.476725404534818029e-03
8.563706337261590973e-03
8.699186162629761465e-03
8.780107890094254047e-03
8.837796472897703828e-03
9.003854687290594599e-03
9.117708259746391472e-03
9.162751191284419089e-03
9.269213211974738215e-03
9.378255137973322275e-03
9.427263060584169588e-03
9.638969376497915145e-03
9.697347276098895741e-03
9.861643390005418383e-03
9.956791839997919738e-03
9.972541322824069257e-03
1.006364870245987468e-02
1.014483970916624928e-02
1.023611780128587216e-02
1.032051869536398936e-02
1.045447124651597247e-02
1.061478149746649183e-02
1.069030830366475213e-02
1.075545388550964120e-02
1.086425442672473395e-02
1.091686390158790390e-02
1.102806489357256378e-02
1.117953601725439096e-02
1.127172938903408562e-02
1.141287051455182680e-02
1.150054807443785798e-02
1.159364236996516563e-02
1.169098300272935001e-02
1.182511374006383828e-02
1.190146720023995720e-02
1.198286447426262155e-02
1.207031697830879963e-02
1.217814715204466706e-02
1.220322082367820624e-02
1.234168403305207357e-02
1.242145757945830806e-02
1.247006836382560761e-02
1.260881776249633129e-02
1.266757957876660755e-02
1.281890022654749890e-02
1.303656820213468237e-02
1.306704979675019779e-02
1.310579739037695882e-02
1.322563802971598972e-02
1.325274773875864329e-02
1.332881576038156927e-02
1.348823220179668804e-02
1.357118069581745613e-02
1.369262986397957495e-02
1.375201940573170765e-02
1.390372430790619979e-02
1.397389483736030495e-02
1.412459014824862108e-02
1.416801167049032938e-02
1.420191998968048722e-02
1.448718365535767855e-02
1.450879029472437222e-02
1.452726909690639674e-02
1.469559956149483863e-02
1.477684603187922642e-02
1.483136257984348470e-02
1.491724601996734928e-02
1.495592435017981808e-02
1.513325971246700513e-02
1.517416300621732272e-02
1.528462363039213498e-02
1.533309587446621269e-02
1.541796579053762717e-02
1.558406026415509217e-02
1.575749890233743913e-02
1.577483222261136936e-02
1.582840271896940321e-02
1.589118189824996127e-02
1.595330090988178115e-02
1.611496680268349746e-02
1.614912297762682511e-02
1.626670751629467199e-02
1.640385738080684525e-02
1.648418900995364880e-02
1.658560133304770243e-02
1.674361554370535493e-02
1.686974134121731889e-02
1.695008378814253161e-02
1.701000882766077332e-02
1.721798942176568092e-02
1.730831561743539568e-02
1.740971193148712140e-02
1.746176280526370167e-02
1.771909607195992775e-02
1.778747698930408308e-02
1.795117161902773720e-02
1.800255851327953877e-02
1.808976172598800516e-02
1.815126795913270252e-02
1.825296581289745021e-02
1.848606552023796326e-02
1.864550932080883891e-02
1.870322257135852845e-02
1.876614092606139483e-02
1.883476984001122151e-02
1.898284330180320320e-02
1.901818154633683547e-02
1.919225389571542484e-02
1.929259081395386100e-02
1.939587981748560133e-02
1.941996622749055101e-02
1.945575610132281932e-02
1.962150328507544089e-02
1.969873001166837570e-02
1.976387820785161301e-02
1.983923011257190602e-02
1.997406644135568329e-02
2.006569618359991397e-02
2.011071616957745695e-02
2.024255525794656924e-02
2.037043682907167461e-02
2.049812006037926224e-02
2.057982599633486481e-02
2.067718733063436329e-02
2.075888630684285391e-02
2.083426475557862562e-02
2.102345505862237771e-02
2.104656921246777709e-02
2.129043949235564018e-02
2.136734427052465468e-02
2.146691086869065637e-02
2.149434763565809953e-02
2.158956817224309127e-02
2.177656106739891614e-02
2.186101138311537240e-02
2.195272797229288683e-02
2.210161513324882324e-02
2.221565378559780743e-02
2.235956527110521952e-02
2.244803124573696920e-02
2.253173274967219114e-02
2.259262655929683908e-02
2.268116725685603852e-02
2.277655798141625665e-02
2.284458127168040656e-02
2.286316221973508020e-02
2.296329451309319161e-02
2.315074823690935549e-02
2.319734645501252482e-02
2.325993135526100916e-02
2.341141322374396677e-02
2.346348546792260265e-02
2.359537879193576715e-02
2.366506111236332463e-02
2.378727759235810257e-02
2.381184382139117650e-02
2.393655738535818006e-02
2.409366696074869557e-02
2.420713226595101741e-02
2.429035114352664712e-02
2.435921857081257969e-02
2.438139067164755633e-02
2.459179583771861632e-02
2.467764473181254664e-02
2.476990098481934161e-02
2.491222025109563962e-02
2.510466568281198227e-02
2.512848097551875770e-02
2.526757154162773827e-02
2.539400226258809942e-02
2.550036539248745973e-02
2.556600937344324920e-02
2.569600942320424478e-02
2.581201324490536506e-02
2.587994385540945408e-02
2.594773963600895822e-02
2.605425828341908362e-02
2.619687380331658932e-02
2.625106743457695374e-02
2.636092068246947279e-02
2.660623298075297238e-02
2.670419791517871649e-02
2.677966926859213365e-02
2.683616222744621832e-02
2.695881353427289837e-02
2.705287941368418603e-02
2.715281124785638711e-02
2.732274549822182388e-02
2.738604842135282727e-02
2.741972846947503262e-02
2.753540490384434256e-02
2.761185010036620521e-02
2.777499949642286969e-02
2.784988995091442626e-02
2.787080723269343141e-02
2.818859686185714794e-02
2.825725508717619877e-02
2.832087628449064115e-02
2.836810866444954352e-02
2.854326337345371514e-02
2.865301578828301915e-02
2.875006160754732532e-02
2.891920288873577050e-02
2.908864415945491139e-02
2.921283970113225728e-02
2.925190981098161475e-02
2.927532364667661396e-02
2.937070338760565044e-02
2.948021684656670569e-02
2.964287143190865587e-02
2.976822793015452759e-02
2.998153300675400132e-02
3.006385776750792119e-02
3.010722771299157927e-02
3.018213374629645160e-02
3.048324602616813914e-02
3.052759522263338160e-02
3.060009269117007838e-02
3.074572462767617698e-02
3.087429589045932732e-02
3.092342795158920313e-02
3.104610316559513333e-02
3.110647296518860919e-02
3.120883796620429335e-02
3.142011411188054548e-02
3.150500236035384816e-02
3.158568449314060056e-02
3.161022420765909752e-02
3.178357670131745638e-02
3.196171988881356396e-02
3.200262893823145605e-02
3.204685455049399029e-02
3.227457078192167567e-02
3.234197559792395538e-02
3.245106459220276074e-02
3.255064498829846054e-02
3.257047687546185677e-02
3.264452946534483063e-02
3.277967899432635696e-02
3.281628956998870056e-02
3.308236836407771331e-02
3.328259928257393946e-02
3.332360055730361481e-02
3.337614059983115555e-02
3.349178931739061477e-02
3.353013875349910439e-02
3.381004083983266129e-02
3.387634415477608352e-02
3.393338312505254223e-02
3.414528834067940416e-02
3.417541507602013529e-02
3.429020638393444342e-02
3.432480000109489754e-02
3.448102014368076285e-02
3.455877935145617447e-02
3.475514530026144883e-02
3.492405352092559090e-02
3.513264008822207518e-02
3.516251735614588786e-02
3.533652594294232202e-02
3.538734919295688508e-02
3.554286622066323703e-02
3.556270909735208263e-02
3.570205238626927152e-02
3.576482902247424961e-02
3.591903150302167003e-02
3.595190560185159562e-02
3.611319321759210582e-02
3.624426412787806751e-02
3.630111482708814341e-02
3.639986947636659337e-02
3.665333789356791522e-02
3.673724081858045776e-02
3.675325487125948726e-02
3.696188604962755142e-02
3.708755234713657922e-02
3.712280770171963451e-02
3.727052374683409441e-02
3.732996934810275946e-02
3.759975137323473549e-02
3.782434037892475759e-02
3.787981898031564376e-02
3.796808232041529174e-02
3.810678439625914127e-02
3.817973500670865383e-02
3.827126015633304512e-02
3.833860511730210335e-02
3.839530923188789330e-02
3.861589292348772268e-02
3.883259486064646882e-02
3.883941042301064517e-02
3.906254787198123329e-02
3.913766469165633893e-02
3.926912804655919437e-02
3.945274024147997494e-02
3.952517522235309694e-02
3.967214721782851006e-02
3.981419833388887691e-02
3.983973105489296146e-02
4.014981290413492665e-02
4.023778642180217413e-02
4.049370461230598905e-02
4.054110654930009883e-02
4.070047410897022905e-02
4.082943506350674573e-02
4.099073241763741271e-02
4.108564958133970740e-02
4.112662872612914133e-02
4.133865324114202600e-02
4.141827735722257431e-02
4.150450619136227676e-02
4.164494779299701688e-02
4.180981565747585171e-02
4.183921319268602695e-02
4.207040625362273856e-02
4.216038570347867970e-02
4.221352498045378987e-02
4.232985060272524691e-02
4.260013581393085058e-02
4.270092391628175360e-02
4.281908957646275715e-02
4.290341512041831451e-02
4.299354697763441147e-02
4.327683348850852596e-02
4.330086182443752124e-02
4.345572530215892348e-02
4.362889823717803345e-02
4.364759896221361707e-02
4.380943739241011797e-02
4.387586095860734198e-02
4.404839270365094178e-02
4.416297913179217938e-02
4.434288022016981412e-02
4.447278319509089667e-02
4.456606975211815924e-02
4.477030286300601875e-02
4.480842013117052047e-02
4.494686988882819201e-02
4.501748981511666248e-02
4.514950847619714908e-02
4.549936517111724532e-02
4.568486860703101227e-02
4.571410185936729265e-02
4.580409548870295611e-02
4.611381697947057601e-02
4.622758526591257133e-02
4.640192562498340195e-02
4.643969108830690168e-02
4.656010748817514255e-02
4.678438619903169809e-02
4.684789755511097054e-02
4.700858889895331849e-02
4.717701643477975604e-02
4.732513684419802774e-02
4.748912230250985217e-02
4.765101938483373017e-02
4.768794032529183324e-02
4.774202122850047803e-02
4.802378640941844246e-02
4.806185159648644623e-02
4.813081568879381406e-02
4.841797370134272999e-02
4.848169841550706294e-02
4.856071226860064066e-02
4.891721217178654491e-02
4.906441967867838233e-02
4.926142725132121036e-02
4.930574557141929881e-02
4.949456728105856851e-02
4.970723208431876428e-02
4.985126008646311585e-02
4.998230458487029626e-02
5.012963173103174991e-02
5.024340661794240992e-02
5.036816644378637464e-02
5.056290921850356557e-02
5.072264722502769357e-02
5.083724829355603519e-02
5.104093737406968645e-02
5.141473862665697087e-02
5.151064016535190221e-02
5.168019290203841598e-02
5.179891847061208338e-02
5.194668107597018303e-02
5.212291668459795302e-02
5.235526962611251195e-02
5.256870384087423964e-02
5.281227649503683619e-02
5.288168044944709101e-02
5.320504196844189765e-02
5.332537155124968814e-02
5.348539046869961455e-02
5.361616665048943298e-02
5.374529464116636901e-02
5.401026686417750855e-02
5.438400354220798705e-02
5.455468412195980943e-02
5.468443998270369755e-02
5.498212715582318638e-02
5.507823919821318998e-02
5.524715174297692433e-02
5.533617827439686609e-02
5.571921755264921949e-02
5.594047807578277076e-02
5.637777762183469182e-02
5.654219354267618625e-02
5.666970656564894460e-02
5.684963413816035427e-02
5.709576769418962805e-02
5.723556052775163883e-02
5.738866080895468208e-02
5.779904486947161357e-02
5.810752905919343292e-02
5.830500066589672931e-02
5.874136259110615543e-02
5.908867279344796192e-02
5.941356378316598602e-02
5.953439843668337228e-02
5.999687780258090852e-02
6.044346801128313434e-02
6.050457905074279469e-02
6.095085829560538404e-02
6.174040371564078200e-02
6.209401628812842577e-02
