-6.170713397393992605e-02
-6.134836603494969731e-02
-6.081959701859906975e-02
-6.058118922625112951e-02
-6.018561528085037554e-02
-6.013597961781656787e-02
-5.963874705620700323e-02
-5.949380701010156813e-02
-5.923955084285875000e-02
-5.874810021239797869e-02
-5.816450130187144490e-02
-5.786663226853825531e-02
-5.767654667698034893e-02
-5.723284011746155447e-02
-5.703396284243881370e-02
-5.681799963722528740e-02
-5.657852813408202619e-02
-5.637605784735622710e-02
-5.614375697043199470e-02
-5.590381180819350981e-02
-5.570022953513010383e-02
-5.554062467865461539e-02
-5.531753817125679984e-02
-5.522351075322759484e-02
-5.497732775357765805e-02
-5.461123114620624469e-02
-5.450251839457938285e-02
-5.435968470445173145e-02
-5.431904578452659282e-02
-5.389002600835129941e-02
-5.364208354869842710e-02
-5.340463571339888055e-02
-5.323240785605637404e-02
-5.312206232607056405e-02
-5.305075483722975632e-02
-5.276905704403807990e-02
-5.264335400391571829e-02
-5.254197909617109447e-02
-5.235845547698061986e-02
-5.212538281150360525e-02
-5.200749814790627673e-02
-5.186885624108308196e-02
-5.169472068154490341e-02
-5.148475205796861076e-02
-5.130965078964638826e-02
-5.111555733310260696e-02
-5.102721330197968613e-02
-5.071416871205092908e-02
-5.071389543442070963e-02
-5.056945489904934171e-02
-5.046734551506489030e-02
-5.029942263509347422e-02
-5.020994450911903800e-02
-5.010431722605172139e-02
-4.973258302300092443e-02
-4.952384451580233576e-02
-4.936924862987396995e-02
-4.914973060547930123e-02
-4.904457522211899678e-02
-4.903194288424792685e-02
-4.886612454079913848e-02
-4.876641859256249795e-02
-4.859683753690104829e-02
-4.827218999400730709e-02
-4.818313518537854084e-02
-4.800722965743926818e-02
-4.771269641088121682e-02
-4.766749182770548682e-02
-4.753415985201026733e-02
-4.733956958358559453e-02
-4.721435276203632403e-02
-4.719804147120194859e-02
-4.708774771553225075e-02
-4.685532134076978578e-02
-4.663702983120945889e-02
-4.659650033749485054e-02
-4.648993426461643652e-02
-4.635838743924525218e-02
-4.613561545580418394e-02
-4.598433924758126012e-02
-4.587775366088554796e-02
-4.569872713395739527e-02
-4.559501813272737181e-02
-4.540102027081319158e-02
-4.533555533429722839e-02
-4.526986088431470684e-02
-4.512937187499217739e-02
-4.499209720288728509e-02
-4.488908045281438802e-02
-4.469978351395863247e-02
-4.465125190362231183e-02
-4.447551807882500763e-02
-4.423906103959776570e-02
-4.415878101615874213e-02
-4.394877313986310374e-02
-4.382746625161914461e-02
-4.372483032434297534e-02
-4.350263920876112217e-02
-4.334696001057205400e-02
-4.327837013712745873e-02
-4.317658888029324987e-02
-4.301485886740685771e-02
-4.290313543493130821e-02
-4.285787682653140890e-02
-4.267700400427383578e-02
-4.250347327455698820e-02
-4.228084044388422114e-02
-4.218069241226454075e-02
-4.209877562839699217e-02
-4.193450849321105761e-02
-4.181883950224330598e-02
-4.175322810322539685e-02
-4.157415023121630027e-02
-4.132939136341523545e-02
-4.130383836540435505e-02
-4.123388176435152652e-02
-4.106547479951244695e-02
-4.102365829931443886e-02
-4.088435242630744648e-02
-4.067597706388673129e-02
-4.055545348353100515e-02
-4.037314711301356190e-02
-4.026375122680730251e-02
-4.024058443770647808e-02
-4.013357471368785706e-02
-4.007152460073972605e-02
-3.999040246568546370e-02
-3.980617589394125355e-02
-3.946744205522816767e-02
-3.936945344665721686e-02
-3.926974369626529821e-02
-3.921216194667330457e-02
-3.903444941556057785e-02
-3.892930373449139669e-02
-3.884253714113310163e-02
-3.876113521114207122e-02
-3.873511594951723619e-02
-3.845710791187820221e-02
-3.841041382758292322e-02
-3.829327249396438648e-02
-3.819121789835557002e-02
-3.798674381505630360e-02
-3.781530086355727044e-02
-3.777455731508446574e-02
-3.768813232815457909e-02
-3.758549445559650898e-02
-3.739748014425183648e-02
-3.731585617977972030e-02
-3.721614303681033964e-02
-3.716469514295926702e-02
-3.699194221467386190e-02
-3.685897646805130073e-02
-3.679452788647311068e-02
-3.653099721660213461e-02
-3.644442359243448698e-02
-3.635421814466634205e-02
-3.632262707244571232e-02
-3.619342403777497941e-02
-3.613600824583537707e-02
-3.603042696387077914e-02
-3.597497286856838478e-02
-3.575449329364215750e-02
-3.558205431909255284e-02
-3.547903298807254802e-02
-3.526959684424621488e-02
-3.523705421415204708e-02
-3.514024078750566799e-02
-3.503563169519091636e-02
-3.481216174560652216e-02
-3.479340016992179402e-02
-3.460581142536957311e-02
-3.448953776808489496e-02
-3.439807156792731857e-02
-3.433396072073522515e-02
-3.422691011007962525e-02
-3.417447756402392650e-02
-3.402842129125691062e-02
-3.400307306258221196e-02
-3.376397324621462775e-02
-3.364107355282756895e-02
-3.346827275631557991e-02
-3.338124934726349052e-02
-3.326520332743164443e-02
-3.310469338005039147e-02
-3.303755233397816238e-02
-3.295118385244211884e-02
-3.285584879510991541e-02
-3.272185165509874927e-02
-3.267749297694366728e-02
-3.261375443797177864e-02
-3.245550078981501718e-02
-3.236330107262978123e-02
-3.231523882477640303e-02
-3.218398446521023026e-02
-3.202995232464360409e-02
-3.178158202125200976e-02
-3.168717676940377426e-02
-3.162790416624577938e-02
-3.153054246080621431e-02
-3.139002230515706288e-02
-3.130733817163532107e-02
-3.122313147903288746e-02
-3.115046352747254110e-02
-3.106884907691975783e-02
-3.088695158872030791e-02
-3.072371427406329555e-02
-3.063378672919866985e-02
-3.058981381268702920e-02
-3.046598580103158926e-02
-3.038115883878881110e-02
-3.026151861821713140e-02
-3.003714527314564967e-02
-2.996156036072134682e-02
-2.980898245931640905e-02
-2.965797338782120637e-02
-2.961395228942416413e-02
-2.946498129500097971e-02
-2.936317135135519188e-02
-2.930464970304208494e-02
-2.919525084618009025e-02
-2.898038172510479862e-02
-2.892844004301185767e-02
-2.889908708514573113e-02
-2.877622109429872621e-02
-2.867202315305086152e-02
-2.865370105534258485e-02
-2.849677221226088603e-02
-2.837390643647290031e-02
-2.827423912150737323e-02
-2.818339283558421102e-02
-2.815753894159574861e-02
-2.792843602183792476e-02
-2.784817155874679331e-02
-2.773998937185399513e-02
-2.768814656835271934e-02
-2.760521342242093848e-02
-2.747264649647923954e-02
-2.732055682154452617e-02
-2.715689978669679969e-02
-2.699704902014581076e-02
-2.690617422103234666e-02
-2.687389690138620307e-02
-2.677508794892385566e-02
-2.668163121268908242e-02
-2.659691204697194056e-02
-2.641857289040931006e-02
-2.629002473835198930e-02
-2.618775463440985857e-02
-2.607813869379194127e-02
-2.596493268320722650e-02
-2.588064579412524199e-02
-2.587106773431704920e-02
-2.571364566754629280e-02
-2.559934128434885464e-02
-2.552422306573606803e-02
-2.534412015360291287e-02
-2.515812092789741078e-02
-2.506420322232575174e-02
-2.499412771757412305e-02
-2.482497414195979774e-02
-2.476100839029284767e-02
-2.465867901082162417e-02
-2.452060433592924069e-02
-2.441941379368828616e-02
-2.436430943089168411e-02
-2.434910851482504496e-02
-2.423039903886399157e-02
-2.412358653965472957e-02
-2.409615599299580815e-02
-2.393340316578859706e-02
-2.383781582093225104e-02
-2.364064097780393600e-02
-2.358271640185941390e-02
-2.335065079757720624e-02
-2.331030908665185364e-02
-2.322121360503232382e-02
-2.304511505595477697e-02
-2.297123184920751501e-02
-2.289412898782047096e-02
-2.284590447933365284e-02
-2.272994545444082665e-02
-2.264906843913896267e-02
-2.254314558117793965e-02
-2.244523295681068870e-02
-2.232313467589330455e-02
-2.225659293785935827e-02
-2.207539068104300700e-02
-2.199861858583562063e-02
-2.193727890216717533e-02
-2.179988076013431725e-02
-2.162715560779794946e-02
-2.153451577102637876e-02
-2.146066186416290336e-02
-2.130678230398629427e-02
-2.120815509426019277e-02
-2.115585634439637319e-02
-2.100848919811985557e-02
-2.094787980821936554e-02
-2.079862616029432357e-02
-2.077275738786748746e-02
-2.065397369196793342e-02
-2.047069318476936114e-02
-2.035683636734640992e-02
-2.032540583971861534e-02
-2.027311098117503749e-02
-2.010747267336772046e-02
-1.995438059837059339e-02
-1.992287299061221151e-02
-1.984906257397295662e-02
-1.967034630270305187e-02
-1.962976658428009294e-02
-1.952990785564718071e-02
-1.947869864837665013e-02
-1.934401163303619414e-02
-1.933515675475495216e-02
-1.923721318181735584e-02
-1.919678714121589996e-02
-1.899732977366268630e-02
-1.893652287081203089e-02
-1.870714598673275594e-02
-1.867684185370746194e-02
-1.855244627004022998e-02
-1.847232716037687170e-02
-1.832803645184283292e-02
-1.822944216773431103e-02
-1.810721882830763907e-02
-1.808909228706660072e-02
-1.800321612927469409e-02
-1.792078278385586532e-02
-1.769842139979719425e-02
-1.762720959810360616e-02
-1.760202050490929787e-02
-1.745297713451699970e-02
-1.729598301801644686e-02
-1.726599285729166211e-02
-1.715650772491239540e-02
-1.704132399991950195e-02
-1.693579595072879779e-02
-1.682567257613500414e-02
-1.670255617796386621e-02
-1.663965434028236851e-02
-1.654144886538923970e-02
-1.643608810045702959e-02
-1.641841806944690021e-02
-1.612464879102033094e-02
-1.610560658235330248e-02
-1.605963067046185799e-02
-1.595375301758536132e-02
-1.581418180461160311e-02
-1.573067833990024825e-02
-1.567782445315817411e-02
-1.554038548959848880e-02
-1.542544232878444513e-02
-1.533008792255445042e-02
-1.519523329093999328e-02
-1.509258143162867973e-02
-1.502817368959754804e-02
-1.491187915679209434e-02
-1.478930024966701971e-02
-1.470789957618848752e-02
-1.449941764448769120e-02
-1.446046841280719530e-02
-1.435624605465237770e-02
-1.424629966546689212e-02
-1.417839836516980416e-02
-1.410211022080577747e-02
-1.402113063941282448e-02
-1.398444326570892800e-02
-1.386991096443811015e-02
-1.383855086158407820e-02
-1.365609600230325606e-02
-1.352922711705648734e-02
-1.345955390464151705e-02
-1.333279266007958777e-02
-1.323427804697904428e-02
-1.305551900923398317e-02
-1.302390444267097387e-02
-1.300449007169545042e-02
-1.276779792269840987e-02
-1.271048769776638061e-02
-1.266936601624771980e-02
-1.259062134445891948e-02
-1.242357506559063803e-02
-1.236781182427625601e-02
-1.232978945450559881e-02
-1.215524972393599960e-02
-1.207199164226453562e-02
-1.204470146434985338e-02
-1.186911692256994999e-02
-1.183590035097740502e-02
-1.168542420867789595e-02
-1.163848340757128209e-02
-1.161154238721394047e-02
-1.145899524628729745e-02
-1.144420786358358623e-02
-1.138054091228323135e-02
-1.125745575746675553e-02
-1.107549363547195680e-02
-1.104964840186659948e-02
-1.088142901642081412e-02
-1.067421719366130894e-02
-1.062244004749216333e-02
-1.056427242668269914e-02
-1.045100204711011185e-02
-1.039330510510558594e-02
-1.028277854370479930e-02
-1.018298017946593116e-02
-1.005279918008235816e-02
-9.880551628523618138e-03
-9.870685347322204553e-03
-9.821800039187877224e-03
-9.643209162191425030e-03
-9.514246767307931243e-03
-9.448917648108077008e-03
-9.444075441125385911e-03
-9.228866715434758811e-03
-9.221725857447713587e-03
-9.079932236171516999e-03
-8.996213165796780251e-03
-8.911916844440911922e-03
-8.764158654082351840e-03
-8.593632816802391702e-03
-8.572207992138597063e-03
-8.471595897024637029e-03
-8.376779392598995844e-03
-8.363116022118531265e-03
-8.216864296467053103e-03
-8.098361330666247956e-03
-8.085448429363428779e-03
-7.956814400102155821e-03
-7.882262659904026511e-03
-7.802893273044775140e-03
-7.697031579730137171e-03
-7.631928204181360684e-03
-7.557942967214372615e-03
-7.491599362864790994e-03
-7.406841298867537435e-03
-7.261868070182408812e-03
-7.237162503583529152e-03
-7.030372548220258262e-03
-7.012749322352015285e-03
-6.899518114494870499e-03
-6.859559696456814411e-03
-6.810986689760669364e-03
-6.643468583486164362e-03
-6.513149674797699684e-03
-6.474987382949485247e-03
-6.346610108854913723e-03
-6.243725207682181665e-03
-6.103870015997951183e-03
-6.086799952948952763e-03
-5.912430148251825515e-03
-5.800324643415167430e-03
-5.718496312804044815e-03
-5.543195778764873662e-03
-5.424932697348022574e-03
-5.414005209318590618e-03
-5.313472055144951613e-03
-5.211871569606204083e-03
-5.082573053367346952e-03
-4.950051544368390226e-03
-4.849509020258416583e-03
-4.730940721985509891e-03
-4.664084651258979669e-03
-4.571861907956047133e-03
-4.517362567259011925e-03
-4.398465788678689037e-03
-4.334342284800436415e-03
-4.231004836282107814e-03
-3.975652150100698889e-03
-3.924121723570730275e-03
-3.846795054788856253e-03
-3.705851669432591415e-03
-3.680252352804572191e-03
-3.647412816257536872e-03
-3.518631457968426999e-03
-3.385660436746053790e-03
-3.328631167030927148e-03
-3.262147390538731526e-03
-3.082949521790968265e-03
-2.981794507547994803e-03
-2.923914927349276476e-03
-2.875176979505544069e-03
-2.713994469306996865e-03
-2.646998236465733945e-03
-2.619815623260555743e-03
-2.517262885155691944e-03
-2.402318705646515253e-03
-2.312648276592799493e-03
-2.182956649920435397e-03
-2.109763420924653816e-03
-2.056163582656994442e-03
-2.032431192213976414e-03
-1.877551920431997637e-03
-1.807962354171929612e-03
-1.631799957422727871e-03
-1.517916368945772384e-03
-1.389984726356320718e-03
-1.309880341458011634e-03
-1.108472791062359167e-03
-1.015016369190694387e-03
-9.813529847654508306e-04
-9.425636128889217915e-04
-8.471322353142351179e-04
-7.039049850436409359e-04
-6.091404467776224789e-04
-5.203436753127685301e-04
-4.822748848519552546e-04
-4.076535694602232882e-04
-3.124060306219578675e-04
-2.283617628562991037e-04
-1.651881160950333311e-04
-2.562599956662370198e-05
4.960634000836611305e-05
1.318127968442117128e-04
3.541843420978823122e-04
4.080947700979314550e-04
5.343518519360343803e-04
6.403871614678107674e-04
7.454710568084062239e-04
7.876670976172196791e-04
9.506644568832312708e-04
1.003216105963975358e-03
1.027753226737392923e-03
1.225079538592791038e-03
1.271824121529178822e-03
1.538987448774271774e-03
1.542439180212683584e-03
1.623976176363564443e-03
1.716195959330248490e-03
1.834205429824858642e-03
1.880910279542017532e-03
1.916477781671851793e-03
2.061104010473708940e-03
2.177398333452504418e-03
2.281445113054236546e-03
2.306203109683620418e-03
2.375794626772464307e-03
2.561725002223024222e-03
2.694522825451143612e-03
2.796122761941520572e-03
2.889500580881373959e-03
2.946412502910034613e-03
3.001401563955319839e-03
3.128021007308358272e-03
3.250742741504954701e-03
3.431395968093863599e-03
3.464423023378667386e-03
3.615823114373220744e-03
3.636956572390625999e-03
3.660174740525889286e-03
3.720546218281710338e-03
3.922192632176422881e-03
4.007515387744681537e-03
4.058519769976500109e-03
4.121252636139265124e-03
4.181288458732808702e-03
4.356283573512594910e-03
4.429907282413314377e-03
4.498488327532048497e-03
4.545513219641517805e-03
4.680036857765509928e-03
4.793027216723422246e-03
4.891222275473120634e-03
5.003469052305254718e-03
5.165919117395105509e-03
5.217391496761884274e-03
5.320668901483303556e-03
5.482346125666088567e-03
5.570752287767628298e-03
5.673796119731319525e-03
5.776268006824707667e-03
5.865383631197407764e-03
6.081946000396209508e-03
6.106187700038275511e-03
6.125270465351920560e-03
6.228146382736696879e-03
6.289664369694596482e-03
6.369600866875557883e-03
6.484923160870017904e-03
6.552328598750840200e-03
6.668065716649593765e-03
6.850921412023090393e-03
6.878820895164056495e-03
6.953721633319812773e-03
7.004811745458932974e-03
7.099341365296574571e-03
7.165536661588310305e-03
7.355509063392252044e-03
7.497302788847580099e-03
7.515969234903695402e-03
7.712872472816611341e-03
7.800076637882706262e-03
7.905219368748156797e-03
7.973545662557958436e-03
8.000350716899437206e-03
8.072375764032468926e-03
8.135388291881895731e-03
8.353272207636123700e-03
8.561089308906852380e-03
8.656542318109500256e-03
8.731662517071841351e-03
8.788074465953747694e-03
8.849361087212787372e-03
9.007125700074411143e-03
9.117159037116413789e-03
9.186910850056328667e-03
9.334572584760190972e-03
9.446396424112303569e-03
9.527016332071241295e-03
9.617254678335865337e-03
9.715077246653318344e-03
9.853020371890933507e-03
1.001081672584267640e-02
1.009510416755989536e-02
1.010579776476289333e-02
1.012659236549023900e-02
1.023060130070525993e-02
1.033907998750215572e-02
1.038318554495640603e-02
1.051097209075132870e-02
1.064518409218694062e-02
1.072864701102729280e-02
1.078696048761144249e-02
1.084152543915422630e-02
1.100471367944050316e-02
1.106135637754519958e-02
1.112014825066674588e-02
1.117529876327686029e-02
1.126562296654473085e-02
1.146922339738148250e-02
1.151023871583268555e-02
1.158885740663522824e-02
1.165002457015868256e-02
1.173572352277206521e-02
1.194612772363026591e-02
1.198844264972142443e-02
1.205281039779423566e-02
1.216003421881799856e-02
1.233838071803274386e-02
1.241755674663038399e-02
1.247762740653454890e-02
1.255642748266006838e-02
1.262501277200356667e-02
1.281443684896671313e-02
1.287494566344621338e-02
1.297290976704158251e-02
1.303104115481822610e-02
1.312927213376538678e-02
1.319632320833451916e-02
1.327536553349979720e-02
1.347446567039289542e-02
1.355330723061133613e-02
1.361213109689029220e-02
1.373962030698685360e-02
1.389171201672077631e-02
1.399425781648645437e-02
1.407563832388399050e-02
1.416047301779649673e-02
1.432389380073378383e-02
1.434215414670574930e-02
1.452632420054082545e-02
1.458184517327226586e-02
1.471282210505428859e-02
1.479318261461763997e-02
1.485945347476291811e-02
1.496022907949690062e-02
1.506576984733424412e-02
1.519443808889846606e-02
1.537099942730582418e-02
1.557257137431711236e-02
1.561847172353853647e-02
1.566156261885680301e-02
1.573785683100569627e-02
1.578588185798256507e-02
1.585867724342630153e-02
1.597676060245643154e-02
1.601605703152847102e-02
1.618566352220217677e-02
1.628170645972869257e-02
1.638280514009531064e-02
1.640531719951054609e-02
1.653247090491880705e-02
1.661978093209983895e-02
1.665595427737355874e-02
1.687370729016303070e-02
1.697661960158669894e-02
1.707304026544715844e-02
1.712345243795612704e-02
1.727879410519457190e-02
1.728930823006609788e-02
1.757936076419261071e-02
1.759406458928271244e-02
1.772339161353083878e-02
1.781838679540535819e-02
1.786063909293919214e-02
1.791681543627760345e-02
1.799049016187852235e-02
1.822972200809584373e-02
1.826097802836741668e-02
1.829754128563219548e-02
1.840621690546211109e-02
1.854003588917323836e-02
1.855584413859704546e-02
1.872256783800285707e-02
1.880161167003185571e-02
1.891457853565249245e-02
1.897603360945236337e-02
1.903028704390099038e-02
1.917156959811483138e-02
1.930028362527789684e-02
1.934576266303346392e-02
1.948645314660090583e-02
1.965992885081412414e-02
1.976785747655632197e-02
1.992645265629598011e-02
1.995573027307860625e-02
2.005596739790033514e-02
2.011354338359078869e-02
2.030818600484596628e-02
2.038429008723562780e-02
2.052449915576397624e-02
2.059366780385185614e-02
2.081082075722414174e-02
2.082587735876531565e-02
2.088502951174889266e-02
2.100963671639897307e-02
2.102715642884524574e-02
2.115572417507760941e-02
2.129002571265542140e-02
2.133010963117126443e-02
2.145186936797228300e-02
2.149061866472089591e-02
2.157452728530929315e-02
2.180116661065399988e-02
2.181504965073551364e-02
2.192797525426401842e-02
2.208380744842726798e-02
2.215282619960225879e-02
2.226838823103130874e-02
2.231946572211890648e-02
2.250682030887166465e-02
2.270560172405590438e-02
2.271471119844371139e-02
2.286915239709842035e-02
2.293771175213837540e-02
2.297839968122480925e-02
2.315130041262243241e-02
2.320057352773885126e-02
2.322698309599841374e-02
2.338158869955285143e-02
2.343575228268202776e-02
2.353375562154847583e-02
2.366969977197002500e-02
2.373912331153605476e-02
2.385090238291425954e-02
2.395296163599825584e-02
2.402413666798319802e-02
2.411506330353682670e-02
2.418703693493541584e-02
2.440484009025574788e-02
2.452386537596733251e-02
2.466100746542476685e-02
2.473470991725378043e-02
2.484271947774346553e-02
2.498580228698470823e-02
2.520640682823538717e-02
2.526829238633094762e-02
2.528371405484966875e-02
2.538291989032210455e-02
2.548146406086788246e-02
2.564965946848151920e-02
2.577652251973928596e-02
2.586877574031347382e-02
2.604181108949762957e-02
2.609579163845850147e-02
2.615124568728663043e-02
2.627973857639981023e-02
2.642853511148217718e-02
2.650635168826101160e-02
2.652035106737814230e-02
2.664132038790440263e-02
2.676599458483766222e-02
2.686273502719450923e-02
2.693394294084639623e-02
2.713140055711480911e-02
2.727136396362104045e-02
2.736915507944623696e-02
2.743595494550085320e-02
2.748063881571268657e-02
2.764489119480121812e-02
2.775901136583469597e-02
2.789260778862419007e-02
2.797311636907392693e-02
2.803731258631572340e-02
2.808985653831148552e-02
2.821178815256485117e-02
2.829304738450026668e-02
2.845111907695244136e-02
2.870171998791712364e-02
2.878184092048090628e-02
2.884521893578109036e-02
2.900679192914237120e-02
2.910765217315766304e-02
2.919727124687208214e-02
2.922663100998810701e-02
2.929228214182664006e-02
2.931431122239893869e-02
2.942781931595435385e-02
2.962236294840788278e-02
2.966140640549999943e-02
2.987454937805858121e-02
3.000246774386270202e-02
3.012902103034799731e-02
3.021750011165854136e-02
3.027889669358995589e-02
3.031599830579089980e-02
3.042565661877966871e-02
3.050131891125541089e-02
3.062631383222612011e-02
3.082756634310283850e-02
3.091237799826611343e-02
3.102507320179522313e-02
3.124036471501207349e-02
3.130752815385103721e-02
3.156789434157753621e-02
3.158265232749638690e-02
3.164477320732331234e-02
3.179661795017192649e-02
3.184865201122073081e-02
3.192102733081107063e-02
3.205260026858124806e-02
3.213893526278140123e-02
3.216841667444433200e-02
3.227464204344189513e-02
3.241976489573777237e-02
3.253833154950864365e-02
3.260466236077162738e-02
3.271011122480460553e-02
3.295542128855201425e-02
3.297802049634926402e-02
3.312073051795897533e-02
3.313033496004357675e-02
3.336428387032402271e-02
3.339959009657439415e-02
3.347497316462400702e-02
3.366524413226618107e-02
3.389344509031678304e-02
3.391711988608984291e-02
3.404214059378450619e-02
3.412967861376298845e-02
3.421853120453079850e-02
3.433852786973587423e-02
3.437567977766045613e-02
3.456084230458364437e-02
3.468306610035667287e-02
3.472423840691261226e-02
3.487826194738651714e-02
3.497151401774527268e-02
3.505397495276636743e-02
3.526568779238857532e-02
3.540902912188335222e-02
3.561134994860128827e-02
3.568107499571448321e-02
3.580520811558416533e-02
3.595731444033806179e-02
3.606559068114510713e-02
3.613522761671787709e-02
3.622551999294094938e-02
3.631313171551844854e-02
3.646707036327406781e-02
3.658101713676784050e-02
3.661516337734541104e-02
3.678298390400766560e-02
3.689018137104382172e-02
3.706833128253199383e-02
3.718640079126285525e-02
3.727548652807294999e-02
3.752781289853356073e-02
3.764790826464449458e-02
3.768494387616054542e-02
3.782075817874668011e-02
3.791482729112332500e-02
3.807811758516001927e-02
3.823283712787296784e-02
3.825392473166967788e-02
3.845501632408233200e-02
3.857005901191117025e-02
3.884249717340073488e-02
3.891309529383523563e-02
3.910347396322819830e-02
3.915719885747084156e-02
3.917221474481375615e-02
3.940593518158913566e-02
3.944250204835379747e-02
3.950439612151524643e-02
3.970689999487430483e-02
3.983688735394851077e-02
3.986848458937090195e-02
4.006564549084665888e-02
4.015797650083347686e-02
4.037653365584531473e-02
4.060424650533736579e-02
4.066161668811520136e-02
4.071240841286368622e-02
4.090707909543752491e-02
4.096518460767729214e-02
4.108564065561222389e-02
4.129635531169102008e-02
4.141293269134272564e-02
4.142473116836976194e-02
4.164476389201984124e-02
4.170805991973735444e-02
4.190021585194434600e-02
4.197082128106207483e-02
4.226055884164493792e-02
4.228836646090936013e-02
4.244017882634022742e-02
4.246948355481890841e-02
4.265706407528715993e-02
4.278498503969721534e-02
4.283326767900429155e-02
4.297439406387154603e-02
4.303630614103384072e-02
4.311755212344336313e-02
4.321612004639679289e-02
4.350675780704570117e-02
4.356425578685833855e-02
4.376505877441191211e-02
4.381136050896314998e-02
4.387292695492018418e-02
4.411877946335925754e-02
4.423038251885356986e-02
4.438704949020492313e-02
4.442168399236943316e-02
4.472375196684760107e-02
4.477659354680298132e-02
4.507912408754884137e-02
4.523672454507281920e-02
4.531976262098189739e-02
4.548278907536927596e-02
4.557544426270097176e-02
4.578908997098202205e-02
4.592746662521157708e-02
4.624250382201971349e-02
4.631464912897337999e-02
4.641223182698340360e-02
4.658781524631148974e-02
4.661752412714396943e-02
4.696026269111752693e-02
4.703725904827259913e-02
4.722472189567216566e-02
4.726445453923387024e-02
4.736269282330967528e-02
4.748686264956183956e-02
4.764665673063556844e-02
4.778447053662172178e-02
4.806589537610744117e-02
4.821072623018229225e-02
4.829813969411054370e-02
4.831960083976073045e-02
4.854200439517486476e-02
4.874361876428000978e-02
4.889032453132899358e-02
4.908926284092923753e-02
4.930274796626230721e-02
4.944649686543288458e-02
4.950157737882845965e-02
4.963817971882782121e-02
4.974828686401696481e-02
5.000779103929539615e-02
5.012133334491310904e-02
5.034377130576163373e-02
5.042386194090332091e-02
5.069757842127015079e-02
5.083875762761148193e-02
5.088314886051890917e-02
5.106926760519202302e-02
5.138800205693427881e-02
5.150193736084562879e-02
5.159311360210675629e-02
5.180633015914873352e-02
5.216848418393792153e-02
5.232020273321235510e-02
5.243202111308414848e-02
5.275629548761272269e-02
5.280798894552671957e-02
5.293334693779581934e-02
5.325689490343109983e-02
5.343115486385527357e-02
5.354088656676577601e-02
5.367884377811051044e-02
5.395055065198761657e-02
5.405926727529822284e-02
5.416218446873515696e-02
5.434008460757728393e-02
5.459986560783570281e-02
5.468206805332261056e-02
5.493141289108450370e-02
5.505782718189064506e-02
5.532500053627374681e-02
5.563676647034047906e-02
5.598290328350862682e-02
5.603910000060257496e-02
5.646373630351196604e-02
5.676505349336413708e-02
5.685859377409474558e-02
5.705704940058695801e-02
5.748863833227986497e-02
5.765783671184873671e-02
5.794697691060179262e-02
5.813410798343407460e-02
5.825197788118621767e-02
5.851411289323593667e-02
5.884974097694226775e-02
5.904377353309744891e-02
5.923585245414137584e-02
5.987219962989749622e-02
6.019804622762688073e-02
6.050920495460720971e-02
6.087579810254305224e-02
6.134931393138420147e-02
6.150150226221439559e-02
6.257012009591482460e-02
