-6.190346314631658964e-02
-6.088571743881002890e-02
-6.064418685851635099e-02
-6.057344534071271852e-02
-6.030691050352113974e-02
-5.978063951490689837e-02
-5.907542566773960058e-02
-5.885498606356213969e-02
-5.847722174110565885e-02
-5.838459803888378097e-02
-5.816176991604602581e-02
-5.776154080774235922e-02
-5.751449206709666889e-02
-5.747202701332224800e-02
-5.725971484007034984e-02
-5.699184405400047060e-02
-5.672107376691671449e-02
-5.651207237701485336e-02
-5.628083664691812399e-02
-5.621200063962550342e-02
-5.588728111893920270e-02
-5.571456457493080550e-02
-5.550596590560843979e-02
-5.539573249524711029e-02
-5.516283015826899117e-02
-5.490774664224651325e-02
-5.452692583085014255e-02
-5.449735674734933200e-02
-5.435370318911684345e-02
-5.402775404106596735e-02
-5.385640689943539672e-02
-5.364891434952231281e-02
-5.349290942619100431e-02
-5.326844681334829551e-02
-5.315533946967884033e-02
-5.303027373815945300e-02
-5.292058701891100281e-02
-5.230960724499953557e-02
-5.217083596042268456e-02
-5.211886890986900528e-02
-5.205446902163931439e-02
-5.178905973374581251e-02
-5.174454621659866499e-02
-5.147892728497814596e-02
-5.137942387082887474e-02
-5.125835641021039835e-02
-5.112861478083958328e-02
-5.085595066361492389e-02
-5.076818454170464040e-02
-5.056655731438352425e-02
-5.050865972544082289e-02
-5.028558325990382938e-02
-5.008162679887973728e-02
-5.003215457153180334e-02
-4.989458425563609439e-02
-4.983614004861831870e-02
-4.952693746403283304e-02
-4.949561948255498667e-02
-4.929753011404169188e-02
-4.917321299623872433e-02
-4.905439197116946010e-02
-4.887212940623334584e-02
-4.875101871708415607e-02
-4.859374669037452854e-02
-4.849124316619709413e-02
-4.814551283059556597e-02
-4.808808460571979693e-02
-4.801339032516061672e-02
-4.785046946813826391e-02
-4.766572838311515514e-02
-4.753667665046770741e-02
-4.730468979878715841e-02
-4.707169645647803213e-02
-4.702780532554507592e-02
-4.670687370244935160e-02
-4.667300168584892495e-02
-4.663534119225366814e-02
-4.642971472157673973e-02
-4.627454792045821580e-02
-4.618095793607505939e-02
-4.605509998638069452e-02
-4.581840313968810197e-02
-4.573877148924433006e-02
-4.561247455129512074e-02
-4.544204988419183605e-02
-4.526652972382742834e-02
-4.518378275742251926e-02
-4.498929139541441025e-02
-4.483584793952197223e-02
-4.465393600678849162e-02
-4.463520490352763243e-02
-4.450822735303447408e-02
-4.440026509758107642e-02
-4.425554505905998637e-02
-4.410780395691615841e-02
-4.407156617786520819e-02
-4.376960547335004975e-02
-4.365540800460664117e-02
-4.335883498736713138e-02
-4.310903649036339907e-02
-4.309535218986906835e-02
-4.302449139860937966e-02
-4.288028497110143306e-02
-4.281496997240197971e-02
-4.264573197568385932e-02
-4.254976876127097157e-02
-4.236617584109883539e-02
-4.225053733955422969e-02
-4.206858873169939950e-02
-4.199088508487997667e-02
-4.181494413954248146e-02
-4.177924143069242091e-02
-4.164654469095330214e-02
-4.146166970715927519e-02
-4.140617849736678846e-02
-4.126988037694465095e-02
-4.108883330472850454e-02
-4.098695611525080690e-02
-4.085236857074883016e-02
-4.076718633854316265e-02
-4.055221059270716633e-02
-4.049154003405942837e-02
-4.034883378955102240e-02
-4.022754450656479408e-02
-4.008235591032820178e-02
-3.989347212779741081e-02
-3.982140051707295375e-02
-3.973401543545864584e-02
-3.948810192494904558e-02
-3.937221178500074914e-02
-3.931627960250847625e-02
-3.926695465063483048e-02
-3.913226161974397987e-02
-3.890768061654900634e-02
-3.880969368265865110e-02
-3.875003681155916174e-02
-3.864749428575351559e-02
-3.850970449326083372e-02
-3.844750218755875470e-02
-3.833117960395836937e-02
-3.821202862377521409e-02
-3.798595159166948815e-02
-3.794919638596915695e-02
-3.775981097952228055e-02
-3.774425609798385400e-02
-3.755157955126416786e-02
-3.751784404481826873e-02
-3.738943496671628258e-02
-3.731838107807959604e-02
-3.707211960906778292e-02
-3.700016127030303359e-02
-3.682298765532579510e-02
-3.677791236414255233e-02
-3.667051887668220517e-02
-3.639767531288248814e-02
-3.629011253831260220e-02
-3.623795169826134893e-02
-3.616766877750788450e-02
-3.609976965390462172e-02
-3.592140026222037652e-02
-3.580631945332787835e-02
-3.565516298119272148e-02
-3.544753713226877351e-02
-3.532632833818345058e-02
-3.524704936750625017e-02
-3.512132733810372637e-02
-3.501421645339330285e-02
-3.494756407723722397e-02
-3.491886303162505811e-02
-3.484166016876608096e-02
-3.478760076949762026e-02
-3.448507987421502163e-02
-3.443356749356810825e-02
-3.424351438075376453e-02
-3.393436287561911457e-02
-3.392633456452778112e-02
-3.385931403102347692e-02
-3.366788247000530865e-02
-3.365077475962949261e-02
-3.355723187628123494e-02
-3.340801807386913069e-02
-3.335976226518244658e-02
-3.323233015925416284e-02
-3.307693323369324812e-02
-3.301979734000514560e-02
-3.297357403705433038e-02
-3.279911426639731120e-02
-3.268718884785473677e-02
-3.256339610798385242e-02
-3.238804325486367708e-02
-3.225359890725814499e-02
-3.217556597432837812e-02
-3.211823288447732128e-02
-3.201573358376959971e-02
-3.191619901427128481e-02
-3.182183866830497893e-02
-3.174999272371560599e-02
-3.164388789826737269e-02
-3.149904714753183621e-02
-3.142097164564042200e-02
-3.127351841747056521e-02
-3.120151552697149680e-02
-3.093630416589658247e-02
-3.091294677132083030e-02
-3.084316357461318325e-02
-3.076415017010968728e-02
-3.060006637879799860e-02
-3.052540129248212247e-02
-3.035172355935699187e-02
-3.021165070577693651e-02
-3.014272139199362932e-02
-3.009597970743974407e-02
-2.993787575081758093e-02
-2.986509483343251226e-02
-2.972075883290064072e-02
-2.961074026956728861e-02
-2.945858280432359783e-02
-2.933691088558910628e-02
-2.926961369078345809e-02
-2.915648274279784846e-02
-2.911524302238998121e-02
-2.892395167413675319e-02
-2.877194234092957104e-02
-2.871125830827904110e-02
-2.859708031558242866e-02
-2.846068759190191130e-02
-2.841234116522494899e-02
-2.830267740144648547e-02
-2.828130595350987486e-02
-2.821266915558178281e-02
-2.809269565203923250e-02
-2.796954500277309269e-02
-2.789191931170266828e-02
-2.776837638885986878e-02
-2.753878043525892494e-02
-2.747927745992493828e-02
-2.736444191606639612e-02
-2.732909754750575612e-02
-2.720733619725087746e-02
-2.712751622838601578e-02
-2.701561256366370734e-02
-2.691804291926025092e-02
-2.665586024768276316e-02
-2.660420981888305877e-02
-2.649590955700913478e-02
-2.638188463243568496e-02
-2.627652022996815676e-02
-2.617816172308203709e-02
-2.610222289139882412e-02
-2.602860135200866371e-02
-2.591351602267967166e-02
-2.579553548260166834e-02
-2.565927707540622757e-02
-2.558830040971429159e-02
-2.550931833354297060e-02
-2.545197449937019324e-02
-2.533522546206434800e-02
-2.499459267759839703e-02
-2.491421460305785415e-02
-2.490445213766950133e-02
-2.487116035106964884e-02
-2.467253922654884246e-02
-2.463972288195908147e-02
-2.441184128466080197e-02
-2.428616268951434495e-02
-2.408702492536311107e-02
-2.404328414506141584e-02
-2.394890515168804704e-02
-2.385365393191338224e-02
-2.379952641131520552e-02
-2.378391816730533390e-02
-2.356993352302801797e-02
-2.343344838876848524e-02
-2.325427377290086375e-02
-2.314121801578392437e-02
-2.307969692322164867e-02
-2.297711463312434449e-02
-2.291127552948150209e-02
-2.284956277529509583e-02
-2.275093757631414110e-02
-2.261490496424790886e-02
-2.254872131532232454e-02
-2.245005483218536282e-02
-2.230351982421213339e-02
-2.222171442262357507e-02
-2.212075436799363151e-02
-2.203488909011260335e-02
-2.193187316418136745e-02
-2.179526865085363446e-02
-2.169632597429655904e-02
-2.157634481986917679e-02
-2.148627702832007005e-02
-2.139261402484275362e-02
-2.129893808438192496e-02
-2.117531376908567478e-02
-2.110296762378925314e-02
-2.090787657232191787e-02
-2.082702217288512694e-02
-2.080934706686086988e-02
-2.068879065296668623e-02
-2.064378324367380918e-02
-2.049180108045320359e-02
-2.044561648110017338e-02
-2.025687991396274076e-02
-2.015704972531220593e-02
-2.010879705850109750e-02
-1.998694697009056886e-02
-1.992817528330614180e-02
-1.984029609689750423e-02
-1.967159015516257298e-02
-1.958357200314229593e-02
-1.947664935896998434e-02
-1.940328117097550945e-02
-1.932139249601017017e-02
-1.913485649620438184e-02
-1.905605363046388584e-02
-1.895912882092964588e-02
-1.885390926501693751e-02
-1.879537440481355431e-02
-1.866113958747352489e-02
-1.863727105392195063e-02
-1.853601236765427263e-02
-1.837042819051622547e-02
-1.829760565710654083e-02
-1.814668053790772714e-02
-1.802997256784837424e-02
-1.795254877421297024e-02
-1.785957779967666317e-02
-1.782545728254266576e-02
-1.775356400916408214e-02
-1.764461319788188792e-02
-1.746239377823033401e-02
-1.745573794205781265e-02
-1.735758697141856835e-02
-1.725870943113524611e-02
-1.720822594230249705e-02
-1.699966015573236081e-02
-1.685207490736173944e-02
-1.674666107687778488e-02
-1.672146636457885402e-02
-1.658543298795829568e-02
-1.652549254176098603e-02
-1.643944750797306925e-02
-1.632793157445752014e-02
-1.622400466571471619e-02
-1.605848442145170474e-02
-1.598824847800292201e-02
-1.589662645512181574e-02
-1.583694822830907997e-02
-1.564193768034698867e-02
-1.554608263118692664e-02
-1.549594547033808500e-02
-1.541157710860309969e-02
-1.536987809255026607e-02
-1.530879886550471844e-02
-1.521000928030142099e-02
-1.501317090532179946e-02
-1.489914386152210550e-02
-1.481906656188579537e-02
-1.469257921839769131e-02
-1.462953167173501601e-02
-1.456948190552484652e-02
-1.448220451170415674e-02
-1.437811422294890326e-02
-1.420452041311049372e-02
-1.415078140596485144e-02
-1.391327198135553118e-02
-1.390193003004619107e-02
-1.378894727222279917e-02
-1.373304724448208038e-02
-1.361241538723464810e-02
-1.351435783935756724e-02
-1.349172924918473106e-02
-1.343922825816081662e-02
-1.326918152536965718e-02
-1.323442334901291789e-02
-1.315975664339920879e-02
-1.300350221584143512e-02
-1.289388752217292093e-02
-1.270838292276333693e-02
-1.264001907315007688e-02
-1.254056645295023587e-02
-1.238633613938438030e-02
-1.235227542479603625e-02
-1.230656626809313765e-02
-1.225502168684399797e-02
-1.207505302824587491e-02
-1.187662057386503454e-02
-1.184232938010691336e-02
-1.174035599617806111e-02
-1.172325654235227901e-02
-1.155671896728155922e-02
-1.147399735402608936e-02
-1.139436066091836439e-02
-1.132838194612493209e-02
-1.123741644373455785e-02
-1.113967540109717103e-02
-1.107616547872528230e-02
-1.098644617367685282e-02
-1.083473448834363154e-02
-1.081817966647199633e-02
-1.076679283763774461e-02
-1.067015117110956847e-02
-1.053032966840205566e-02
-1.045170657683334829e-02
-1.035307725957985980e-02
-1.020156567357304728e-02
-1.012428923355544221e-02
-1.009260849119063448e-02
-9.925882465708755001e-03
-9.816021172960079713e-03
-9.691058122686153561e-03
-9.680822011587125742e-03
-9.537710750868153703e-03
-9.443005842427324922e-03
-9.337282235513900616e-03
-9.231023048450736138e-03
-9.149965164654430202e-03
-9.071340076989653153e-03
-9.004018805744600298e-03
-8.895126298312464735e-03
-8.727391047645140579e-03
-8.675717250205688957e-03
-8.581631426311841018e-03
-8.481242723691375870e-03
-8.317683837676415406e-03
-8.274364649455223306e-03
-8.185788393183171183e-03
-7.939466106052745636e-03
-7.845663297295179042e-03
-7.762474042420331247e-03
-7.636611616100776045e-03
-7.592391277518939670e-03
-7.536692167773297209e-03
-7.475426681788063799e-03
-7.381735811902331336e-03
-7.333809510132133745e-03
-7.227701279959432810e-03
-7.090504653483003898e-03
-6.991254894666432650e-03
-6.893750219669555687e-03
-6.817585952178410909e-03
-6.773709317472963003e-03
-6.643374337057100613e-03
-6.514783548455388429e-03
-6.333349898318392165e-03
-6.294256693942281052e-03
-6.251719987366907184e-03
-6.173856709372568634e-03
-6.021845120315807293e-03
-5.940184109605489010e-03
-5.916478030443742334e-03
-5.798306135102421904e-03
-5.702195326954541746e-03
-5.561236650461555062e-03
-5.518777606791105093e-03
-5.471207680684096394e-03
-5.391859582282594252e-03
-5.265496092740165959e-03
-5.125349392355621481e-03
-5.066661582862394715e-03
-4.871427416741031663e-03
-4.770004293597228558e-03
-4.737949070726951185e-03
-4.655076252803186550e-03
-4.485865608164096678e-03
-4.327302825284637389e-03
-4.214039565846212920e-03
-4.121394803304809402e-03
-3.985053356055982127e-03
-3.893681453830488779e-03
-3.790507555575393667e-03
-3.615081755092088272e-03
-3.583999991383189990e-03
-3.460447281558024901e-03
-3.389474653162928217e-03
-3.347188632502988859e-03
-3.316461756271083666e-03
-3.169868330322650040e-03
-3.155972048704520829e-03
-3.021615142126747068e-03
-2.960016459938489847e-03
-2.779999725189493103e-03
-2.651907364260657450e-03
-2.575028005298520342e-03
-2.500023998263309344e-03
-2.350824639941722933e-03
-2.240111976346445457e-03
-2.187962280945660292e-03
-2.049725036337344663e-03
-2.023555819160762458e-03
-1.870285037732672415e-03
-1.848841186958522171e-03
-1.766845958517115683e-03
-1.700829192332249575e-03
-1.639185759228098394e-03
-1.444210664169795575e-03
-1.366967961902018072e-03
-1.234647846499583711e-03
-1.126551764185316964e-03
-1.086071411092251904e-03
-1.027082493770511583e-03
-8.822639222247828606e-04
-7.323446568978809329e-04
-6.454000108906517369e-04
-5.359606041579829038e-04
-4.372261940949507012e-04
-3.636553115298089486e-04
-2.791633842611939060e-04
-2.260300321375026769e-04
-1.175737076752000773e-04
3.019105124960060158e-06
7.394855495315774544e-05
1.184360177966116667e-04
2.670350853387104843e-04
3.065986328716169772e-04
4.372254900208389175e-04
5.095021329750698677e-04
5.308775849937415105e-04
6.079124872652051301e-04
7.647858802764487696e-04
8.376965807101809753e-04
9.938414271408778713e-04
1.142099474894664110e-03
1.180120832723077990e-03
1.249011342665284777e-03
1.368255478746412818e-03
1.398860222377336414e-03
1.510989988703560121e-03
1.611039396276315889e-03
1.675222448532586589e-03
1.746445345451071510e-03
1.989509357366953720e-03
2.009245098135092281e-03
2.146416060253660517e-03
2.307788979051867643e-03
2.329879086158956683e-03
2.427232211174145966e-03
2.543507954387613616e-03
2.569775099216502906e-03
2.624800717892386212e-03
2.771848345709650510e-03
2.844363946471409419e-03
2.965885755762598039e-03
3.186135841835321600e-03
3.307324346393342770e-03
3.379212325486002661e-03
3.417328370664511096e-03
3.532803267110464548e-03
3.710192407874800952e-03
3.768290756400705186e-03
3.857315467747153559e-03
3.935440462327117681e-03
3.979245322184015755e-03
4.090135660970451933e-03
4.249218354135539388e-03
4.347070213523276071e-03
4.396868456788096888e-03
4.452143138959789408e-03
4.472256298461590486e-03
4.603978279099365904e-03
4.673014070269212832e-03
4.869780314122127383e-03
4.928710947131217414e-03
5.000850055863658578e-03
5.113167678694831297e-03
5.139537264440751860e-03
5.205226175006475754e-03
5.244995753011847880e-03
5.475934182276949620e-03
5.551162375756313327e-03
5.606369024302412449e-03
5.725831170804165753e-03
5.808736628190742587e-03
5.956095993847278572e-03
6.098144820250892169e-03
6.134183654291129606e-03
6.287626214320255272e-03
6.353538132121733413e-03
6.403804439663115730e-03
6.485993456024878243e-03
6.615591419865282825e-03
6.692834793310146677e-03
6.805010252650849252e-03
6.904129596241440070e-03
6.923423302586056635e-03
7.024795833659667685e-03
7.084685551065804388e-03
7.215483939858997886e-03
7.336785162737821664e-03
7.533801240524901771e-03
7.653689156269028078e-03
7.729027205203219293e-03
7.761459223217301480e-03
7.812575208946204511e-03
7.967422317603131340e-03
7.981907511280640979e-03
8.077968720112682632e-03
8.209879848593851226e-03
8.231525024025455189e-03
8.314157588091126982e-03
8.510677390479675850e-03
8.578918397206699437e-03
8.648504617566096786e-03
8.702467891804224406e-03
8.784151874343983091e-03
8.961618410715483513e-03
9.111426127766917432e-03
9.215851973497458591e-03
9.246644515260526997e-03
9.323603581838786972e-03
9.478457008627847596e-03
9.520281745688108713e-03
9.572027702779463409e-03
9.690683196763723653e-03
9.782166152567151746e-03
9.972695581119954411e-03
9.981429003357607591e-03
1.017017444803339048e-02
1.019463838587395671e-02
1.031502460760284207e-02
1.042107912677286800e-02
1.049032992684420344e-02
1.061474436699379187e-02
1.073208141215151179e-02
1.077973897916931385e-02
1.084363771755798671e-02
1.092219658377178645e-02
1.110519397960319996e-02
1.115324523328479686e-02
1.131139852893510607e-02
1.143919949670082689e-02
1.162599990080210623e-02
1.169884741709808530e-02
1.185027149693369287e-02
1.187634690924419499e-02
1.195335186291939834e-02
1.206211028578372396e-02
1.221662649603745543e-02
1.230328272643610443e-02
1.238037210831168140e-02
1.254667452720450646e-02
1.264880410747585247e-02
1.268359418990945564e-02
1.271568246973192769e-02
1.275288227552758870e-02
1.301016555751301380e-02
1.305865739307127647e-02
1.311050384534408718e-02
1.317989345640367682e-02
1.331302417961412361e-02
1.340618751301660486e-02
1.355516814163238576e-02
1.363212451448159168e-02
1.368524565465957694e-02
1.382083208058790258e-02
1.385870238549826924e-02
1.396178487530596798e-02
1.409032472579454208e-02
1.417876028359134517e-02
1.426224317413358166e-02
1.431401664508021206e-02
1.447495654368895907e-02
1.453200774642677585e-02
1.462187958375786405e-02
1.474698590849522067e-02
1.485763059923491877e-02
1.504727734892935195e-02
1.507452607403876772e-02
1.516057860498912745e-02
1.519504404370630550e-02
1.535652061920915468e-02
1.548064887652871383e-02
1.557915595012724676e-02
1.569552017715806352e-02
1.583221875772343468e-02
1.587111248194354729e-02
1.590933130827901221e-02
1.608612395913677773e-02
1.614978068607256234e-02
1.632868029786422454e-02
1.646977779965057981e-02
1.651482006697785332e-02
1.660344086515487191e-02
1.673558017758339928e-02
1.679338096792114959e-02
1.682408890118521072e-02
1.686277037584666891e-02
1.701507995016800917e-02
1.710200400572698884e-02
1.722029963468744290e-02
1.736345009118513832e-02
1.740790698315380219e-02
1.747273275709312554e-02
1.758450457367720030e-02
1.775895444983530136e-02
1.783031958669752809e-02
1.790035922726735534e-02
1.802734449493652996e-02
1.813395913714156704e-02
1.817916935137215209e-02
1.824701116767968659e-02
1.841315982899145720e-02
1.855565218300398583e-02
1.866343928062879839e-02
1.873554009495059444e-02
1.886494872672812850e-02
1.892728087365632902e-02
1.907851778892633368e-02
1.917650409454067090e-02
1.920549302489461471e-02
1.934107761803894807e-02
1.945771132370885045e-02
1.952543777169822928e-02
1.956922434054818999e-02
1.980563319320883045e-02
1.981612344176885906e-02
2.003762131373489769e-02
2.014382326323689923e-02
2.015605976194883783e-02
2.038887720422017519e-02
2.045145538223240578e-02
2.052472406260272275e-02
2.067577702600557205e-02
2.077128395386735812e-02
2.082901823217750414e-02
2.091853369536084140e-02
2.100940387945325963e-02
2.115221330902970071e-02
2.126977221243962074e-02
2.145124059446268036e-02
2.149982253752495340e-02
2.162847155117220491e-02
2.166552192055910125e-02
2.176105115760591444e-02
2.184806396010859769e-02
2.193987511498092166e-02
2.211851759964137548e-02
2.224440784851853051e-02
2.234691844802056543e-02
2.243766586181974651e-02
2.250586701621209648e-02
2.268901379683534864e-02
2.274490516756735511e-02
2.278779005008300246e-02
2.290934803329151143e-02
2.300337147705091428e-02
2.311842873040897625e-02
2.327135587699832864e-02
2.333226713976817648e-02
2.337904512751981176e-02
2.358124620520908946e-02
2.367604273469627388e-02
2.369492558561271667e-02
2.377852673927083674e-02
2.405393854220112468e-02
2.417343744057714669e-02
2.433670509054023171e-02
2.438934892234682558e-02
2.441793287006235880e-02
2.459780448210347262e-02
2.468927006707577129e-02
2.484400571242402142e-02
2.501395437846028538e-02
2.507666429826171245e-02
2.521683459853209588e-02
2.525000854624370739e-02
2.540122575007778064e-02
2.559278016143193973e-02
2.562305728741082200e-02
2.581418592237552656e-02
2.584866845250675949e-02
2.593040494145757921e-02
2.614182516179622967e-02
2.619649639490191639e-02
2.625525163700439743e-02
2.627522036153575116e-02
2.646127465402447337e-02
2.653968910620310359e-02
2.658177207308666523e-02
2.663917942737646302e-02
2.684657623347669678e-02
2.689967392442004293e-02
2.699697577894155653e-02
2.714864554505991290e-02
2.720094281784881524e-02
2.726236461535836916e-02
2.741148601293206047e-02
2.750074005136375621e-02
2.754749350673899033e-02
2.767704158088367047e-02
2.772682024817776231e-02
2.785979964285359434e-02
2.797111691627802293e-02
2.805343650723897408e-02
2.821041525681645956e-02
2.831935671741274071e-02
2.848952208262332461e-02
2.862506320341059660e-02
2.870427591520062494e-02
2.883619812850623035e-02
2.895875372950185850e-02
2.900785171076920160e-02
2.907075112181221194e-02
2.929332533308309089e-02
2.933798787070043823e-02
2.947027005211548534e-02
2.966468151455080998e-02
2.970633837796212914e-02
2.984631369010341123e-02
2.992269794916274303e-02
3.002442466202383600e-02
3.019214231097266249e-02
3.021778212310765460e-02
3.028946168139649148e-02
3.044328017548507750e-02
3.049622736940422671e-02
3.082468260692590445e-02
3.084395006006633230e-02
3.092824406075505433e-02
3.095734756979698701e-02
3.103349406084319334e-02
3.119687994566135852e-02
3.126108249488419172e-02
3.142895521192884400e-02
3.148174112523421248e-02
3.161558676930771583e-02
3.171200894463852699e-02
3.189819084263589843e-02
3.191734910983159285e-02
3.206485369740677549e-02
3.214515142721389995e-02
3.219244625668382653e-02
3.226587853211482920e-02
3.250071602477933030e-02
3.261944643491655749e-02
3.273029727184958299e-02
3.290646927080366491e-02
3.296911272175655910e-02
3.307011606004262722e-02
3.320877873035259220e-02
3.327701563814138008e-02
3.346377079423049072e-02
3.359989368467410087e-02
3.364280714824507967e-02
3.365259381514446729e-02
3.380613016863665693e-02
3.382895697658546558e-02
3.389528483793307484e-02
3.409951071180249843e-02
3.425058364994690296e-02
3.430215514185767228e-02
3.459481453056682809e-02
3.462982819338332463e-02
3.470423128837411830e-02
3.486958265838990823e-02
3.497508016381087326e-02
3.505460931120762957e-02
3.513553067570041738e-02
3.528684866876592024e-02
3.538939711268838245e-02
3.550158096469145652e-02
3.556746178240160344e-02
3.590663782597584841e-02
3.595282870783330503e-02
3.605586771986363931e-02
3.623468390570937225e-02
3.635507308754655498e-02
3.640405602637415000e-02
3.647597089145512839e-02
3.668718023579258664e-02
3.673125663754085724e-02
3.689357060755902445e-02
3.701329355977935054e-02
3.705500798796212275e-02
3.728871153589406046e-02
3.734516010879472547e-02
3.759983602489892079e-02
3.767481737446618656e-02
3.777529623284597154e-02
3.784024582935136688e-02
3.797149634001489166e-02
3.812530248633728969e-02
3.829246638691877896e-02
3.837988191679452682e-02
3.844524809488025080e-02
3.850007724102074563e-02
3.866299728930490398e-02
3.873885460514159967e-02
3.886150966276042534e-02
3.895771892354215477e-02
3.921270119258456199e-02
3.932185820688557931e-02
3.936614555453171738e-02
3.960891884710972949e-02
3.971659920585914050e-02
3.975466143133361829e-02
3.979613514714506334e-02
3.988853310149299836e-02
4.009353042978462678e-02
4.023553233719808636e-02
4.032640159190665347e-02
4.046547460765854975e-02
4.062547419945151950e-02
4.073241792492539315e-02
4.096585553488115566e-02
4.100741225834941134e-02
4.124291429251988189e-02
4.130166184406080382e-02
4.137454151872591718e-02
4.148088170411567271e-02
4.183548750641929992e-02
4.189947520535349662e-02
4.194151466833948710e-02
4.211196955379944290e-02
4.228248008071358588e-02
4.240822735983112990e-02
4.248126872253426417e-02
4.263185549092662202e-02
4.275591622307162165e-02
4.289455229695912641e-02
4.302154929544501488e-02
4.318473594742482102e-02
4.330686260550448835e-02
4.343814467435121868e-02
4.348433767207055684e-02
4.358289023771123871e-02
4.373005762254706524e-02
4.390908851022606862e-02
4.408887096064004890e-02
4.419061670011769499e-02
4.423087871569352653e-02
4.441638465324846546e-02
4.461449973740286290e-02
4.485710536186055669e-02
4.496708730367123680e-02
4.516021289741015132e-02
4.535390778486386026e-02
4.548786137121979545e-02
4.550861458092333306e-02
4.569758917107138996e-02
4.578398115073156055e-02
4.590284132486265045e-02
4.593974543565354507e-02
4.614983529508959181e-02
4.626956109779439830e-02
4.648163438023131255e-02
4.666231178482307951e-02
4.675969587380554571e-02
4.682999619847131451e-02
4.704766661525947025e-02
4.707566814571091662e-02
4.722755666429327703e-02
4.746918370556181543e-02
4.754803207894304357e-02
4.765747579176009968e-02
4.774616658501629890e-02
4.786973156417847347e-02
4.802707533137438867e-02
4.816651689850795504e-02
4.820555097864916844e-02
4.842800435383735891e-02
4.874088267468946328e-02
4.897546013877776550e-02
4.909752889782256768e-02
4.929068203825753142e-02
4.940135560414786464e-02
4.954577349704674533e-02
4.971201099141217550e-02
4.974315756143189021e-02
4.987720163426125758e-02
5.002315070035440181e-02
5.026083238893148258e-02
5.029935917819549490e-02
5.041448000093822629e-02
5.066558414923811454e-02
5.077120983682734817e-02
5.092618415638901913e-02
5.127311538163877025e-02
5.133209943335426823e-02
5.155222851877678397e-02
5.185409315738372799e-02
5.200503022391984864e-02
5.211788909971713790e-02
5.235044210600173220e-02
5.254790789215611074e-02
5.263822819861662533e-02
5.270887802162943503e-02
5.284321924979589608e-02
5.312011657986071000e-02
5.322839423441667189e-02
5.342576509148518060e-02
5.378342340584337661e-02
5.382166583133256299e-02
5.395044549152169799e-02
5.400381597344473816e-02
5.432261688222268792e-02
5.454755028527526195e-02
5.507964344839432619e-02
5.519290336839716149e-02
5.539393032294451236e-02
5.547992384049130893e-02
5.572814409148626330e-02
5.585713470771892092e-02
5.617031693870420256e-02
5.631029903093487388e-02
5.671987441818307496e-02
5.681345549281746621e-02
5.688416934086890780e-02
5.722862074270240046e-02
5.746224338513480218e-02
5.755265235411910485e-02
5.781618447982860010e-02
5.789485420556790551e-02
5.857091826806146151e-02
5.870752358361680523e-02
5.907748863230504605e-02
5.917828658207884701e-02
5.974609589479677046e-02
5.980805972977575741e-02
6.046632621810326541e-02
6.091543417122242260e-02
6.113229017434779894e-02
6.179780259985395707e-02
