-6.207464828114859362e-02
-6.143776733081163233e-02
-6.081043777571433495e-02
-6.061474024619557116e-02
-6.030475581087082343e-02
-5.971375613606062782e-02
-5.942347860136449472e-02
-5.917278669235168098e-02
-5.907442579070106004e-02
-5.860678985323968665e-02
-5.831885830936689441e-02
-5.792640417567011812e-02
-5.782810619111797279e-02
-5.745561329083787028e-02
-5.734342340810470728e-02
-5.675606678092484647e-02
-5.653801112365432896e-02
-5.642658343462025189e-02
-5.615774914363103054e-02
-5.612158855367362087e-02
-5.583902151239424766e-02
-5.559352367984644189e-02
-5.536322339729139730e-02
-5.532803012179540736e-02
-5.500508472137741883e-02
-5.478064483852924244e-02
-5.462545900629933032e-02
-5.445159369643193248e-02
-5.431144281752285641e-02
-5.414200405341582090e-02
-5.389899675144557700e-02
-5.355095736377023935e-02
-5.343779525120762042e-02
-5.341149586767162533e-02
-5.331380961792375750e-02
-5.288260728738120031e-02
-5.258602428224183611e-02
-5.243441802541789348e-02
-5.242512127161413904e-02
-5.214704179160657704e-02
-5.207164054189667574e-02
-5.185844683743731642e-02
-5.174243596774694143e-02
-5.151876982884817657e-02
-5.143732282765835218e-02
-5.116705444964581018e-02
-5.101850095796306439e-02
-5.079826957153914940e-02
-5.072725552898170454e-02
-5.048485589886764907e-02
-5.033405698422736135e-02
-5.012918859964160534e-02
-5.005223357637735015e-02
-4.988556012487731228e-02
-4.973269182011218204e-02
-4.966733475158438549e-02
-4.933950624981561783e-02
-4.926276510502677203e-02
-4.913783619913363043e-02
-4.891198520189816989e-02
-4.873046335093741965e-02
-4.869613351095989501e-02
-4.853794870627115704e-02
-4.836519773944369244e-02
-4.823934078876206122e-02
-4.806244389317241433e-02
-4.788985114008744576e-02
-4.776815097571215224e-02
-4.757113902799313399e-02
-4.748314175441607082e-02
-4.722521126648274170e-02
-4.703728170000331943e-02
-4.688207689884454910e-02
-4.668904979767816293e-02
-4.658171693136341912e-02
-4.654506782938769294e-02
-4.638437760669314458e-02
-4.613993751003438171e-02
-4.598643110965775632e-02
-4.591633922970462384e-02
-4.582436368518182090e-02
-4.577113715849098069e-02
-4.557356495679759645e-02
-4.528488212746897140e-02
-4.523083873222315948e-02
-4.504784473742377143e-02
-4.490080335198269601e-02
-4.479014826787978271e-02
-4.465989221915940555e-02
-4.456487182036888289e-02
-4.449204016601620432e-02
-4.423817109770118716e-02
-4.412528390042928100e-02
-4.402458353700888088e-02
-4.378720937823898929e-02
-4.374176084523430375e-02
-4.362131732751135110e-02
-4.350695867206977319e-02
-4.340494748242425260e-02
-4.331010031023861673e-02
-4.314285934598412198e-02
-4.294752529950929959e-02
-4.291166004812371759e-02
-4.278988874904670475e-02
-4.258504727449337335e-02
-4.240057997379880622e-02
-4.237698376210410900e-02
-4.217430511491523926e-02
-4.197566907830875549e-02
-4.192551401647013481e-02
-4.179838235708581429e-02
-4.163057134375679202e-02
-4.144532222880526612e-02
-4.138372381584184273e-02
-4.128213167967170749e-02
-4.121511807540850086e-02
-4.107178922264750898e-02
-4.090145488229987580e-02
-4.079658741386086446e-02
-4.072484539342026422e-02
-4.062179829334732623e-02
-4.041388566505525748e-02
-4.028109007362274535e-02
-4.021849394419493157e-02
-4.005217203994525937e-02
-3.989866193805936823e-02
-3.978241146223374103e-02
-3.959328498123242113e-02
-3.952278766023921419e-02
-3.936445296470646171e-02
-3.933083149828726227e-02
-3.912470580289254679e-02
-3.904359964531029653e-02
-3.891850094006349403e-02
-3.879515750547456177e-02
-3.873022201924838231e-02
-3.852289059422332740e-02
-3.847162332056180273e-02
-3.831420173025809617e-02
-3.809277010489103832e-02
-3.803941071757179632e-02
-3.786788494028050372e-02
-3.773965589457790870e-02
-3.761686542024431784e-02
-3.749131458821346186e-02
-3.734920742231273572e-02
-3.725578152940031001e-02
-3.709486318098042384e-02
-3.703672575199514622e-02
-3.698880568554652193e-02
-3.683462590817521837e-02
-3.668328494521980870e-02
-3.660211735519165038e-02
-3.650207955128970116e-02
-3.639752023652935431e-02
-3.632898830542718310e-02
-3.603983023069032288e-02
-3.600543291454198769e-02
-3.578663640915027977e-02
-3.571806609264847193e-02
-3.559964862375594036e-02
-3.555417539619141337e-02
-3.547343267880880002e-02
-3.541787686766867393e-02
-3.528594524532245591e-02
-3.517631527404414815e-02
-3.505123470418423925e-02
-3.496917163448644977e-02
-3.488804564090820792e-02
-3.478727516224602162e-02
-3.452225838333281005e-02
-3.445137728648842157e-02
-3.438682546579942267e-02
-3.425477061243544646e-02
-3.417718346709932437e-02
-3.404396431015054708e-02
-3.394208995481032276e-02
-3.386746869549746297e-02
-3.368703863029616496e-02
-3.361038959092658984e-02
-3.342413990821477970e-02
-3.337704049580057786e-02
-3.331082666817496152e-02
-3.319718005220845952e-02
-3.297646290515264533e-02
-3.293762546675207958e-02
-3.281783114572380672e-02
-3.264626712729391117e-02
-3.252850881085069673e-02
-3.246920352179005070e-02
-3.231989394371791863e-02
-3.226612832566235628e-02
-3.223866039876653600e-02
-3.199333538418915740e-02
-3.191211885068746812e-02
-3.188357774141589718e-02
-3.176966349144718510e-02
-3.162735749351171938e-02
-3.147061839407840067e-02
-3.131119954648072662e-02
-3.117554125450548372e-02
-3.097648029760784183e-02
-3.093945502702746125e-02
-3.084065373667664936e-02
-3.072511183121641107e-02
-3.069141696813620923e-02
-3.063606208046415133e-02
-3.047236996802877781e-02
-3.038675462214287734e-02
-3.015589053012064993e-02
-3.009170635197215560e-02
-2.999837781578419682e-02
-2.985503600336155902e-02
-2.970095427374814731e-02
-2.962906555956432847e-02
-2.956749818508885158e-02
-2.946736078971483666e-02
-2.944813415771193807e-02
-2.929808476873774215e-02
-2.914443280358326727e-02
-2.908493936400126031e-02
-2.899637345440195940e-02
-2.890933906749519264e-02
-2.886536141508805678e-02
-2.875437881042881491e-02
-2.866803153270362781e-02
-2.841013941442611587e-02
-2.836556234732172388e-02
-2.835630251249164624e-02
-2.828380260003427599e-02
-2.816941402128315605e-02
-2.798663780872805498e-02
-2.786618904795745699e-02
-2.770414115465219540e-02
-2.757182289388715110e-02
-2.756102179900788568e-02
-2.736800383260320005e-02
-2.725144890695053654e-02
-2.718427336246434511e-02
-2.710639571383457666e-02
-2.691849362262955375e-02
-2.684289361452469116e-02
-2.679635403454851475e-02
-2.666926922214606088e-02
-2.653171230204681708e-02
-2.642191875156667258e-02
-2.632591249183219295e-02
-2.617896310443636881e-02
-2.607721141476141563e-02
-2.598031466066398620e-02
-2.595483275376407606e-02
-2.587325671372429914e-02
-2.575832355074705871e-02
-2.559020371094325452e-02
-2.541577146914105953e-02
-2.538232227674879979e-02
-2.526052244307978867e-02
-2.515297341860535385e-02
-2.509183073478537043e-02
-2.488920698931326378e-02
-2.487076049549748896e-02
-2.475635010799040123e-02
-2.462817779900159862e-02
-2.449960059027805892e-02
-2.449531059533848962e-02
-2.432965988107337746e-02
-2.424222519444589954e-02
-2.417920192084265299e-02
-2.407755694765791737e-02
-2.404103846227610350e-02
-2.390219808098238349e-02
-2.367664977620104888e-02
-2.363435207296745583e-02
-2.357438419054808457e-02
-2.338984220808604242e-02
-2.328710198151660860e-02
-2.320421219674036195e-02
-2.307274896639061046e-02
-2.299798002390307169e-02
-2.290392878817425898e-02
-2.275274047562443266e-02
-2.264557080716403034e-02
-2.247890346961466113e-02
-2.229658506658370107e-02
-2.225129007563849542e-02
-2.219397656028528065e-02
-2.207312275454650571e-02
-2.196670040025087631e-02
-2.194521195221285637e-02
-2.166609010616817044e-02
-2.165905598586435193e-02
-2.161916056228954663e-02
-2.152919677653626976e-02
-2.143691771091562476e-02
-2.134501544262615985e-02
-2.124423383703236135e-02
-2.122180199920440866e-02
-2.114692177709071377e-02
-2.107444282329569776e-02
-2.081353779322133585e-02
-2.079569573546073691e-02
-2.065006835337438937e-02
-2.055864230774441526e-02
-2.043929737030719673e-02
-2.036761679507952463e-02
-2.023481808271317475e-02
-2.010306889221374904e-02
-1.999335923547574181e-02
-1.994508854596636557e-02
-1.971445615665240458e-02
-1.968260762303590539e-02
-1.961127144889735982e-02
-1.947162131376574054e-02
-1.933274301312971205e-02
-1.926497362905866748e-02
-1.918487021533410442e-02
-1.910025224989945342e-02
-1.896695052933255327e-02
-1.886411709109473908e-02
-1.882452501982544851e-02
-1.863609456056502384e-02
-1.850840992402887422e-02
-1.844211518600726712e-02
-1.838129442013270581e-02
-1.822144271442301816e-02
-1.810773825530859193e-02
-1.804336448619760919e-02
-1.796848274414382385e-02
-1.785246343703585439e-02
-1.775117212339423142e-02
-1.771802467210438492e-02
-1.756900243854352464e-02
-1.749422538565452434e-02
-1.738391823214719550e-02
-1.729244999108622144e-02
-1.719360249687257661e-02
-1.708168157333660522e-02
-1.705153591471605945e-02
-1.697381122557155286e-02
-1.691642404977818440e-02
-1.675215428428379963e-02
-1.668307810172082323e-02
-1.660836126206058014e-02
-1.646045988013778230e-02
-1.639043184741938164e-02
-1.624646544327437367e-02
-1.613666591427724561e-02
-1.594185751807767476e-02
-1.582700437114128306e-02
-1.580150925188754385e-02
-1.563363645655013387e-02
-1.558959470228070583e-02
-1.547021808504004357e-02
-1.540015143232121957e-02
-1.526755648756010844e-02
-1.517026666386843067e-02
-1.511162947060637821e-02
-1.501734613568708222e-02
-1.489467168940494281e-02
-1.482485409715843770e-02
-1.475021622125560934e-02
-1.460301549992281886e-02
-1.454130237527576953e-02
-1.447625543067409745e-02
-1.434149922179785153e-02
-1.424535061841149773e-02
-1.414542683571882661e-02
-1.397306405357276113e-02
-1.378591293094383677e-02
-1.371354460010649687e-02
-1.363855187694301349e-02
-1.360170840492666219e-02
-1.347422548361299453e-02
-1.338171377292607725e-02
-1.333235720952961369e-02
-1.324567687862000971e-02
-1.310579202105696672e-02
-1.305119849306018640e-02
-1.288964687438714368e-02
-1.284390681974234734e-02
-1.273498192425312654e-02
-1.260906404900463511e-02
-1.245733554259811915e-02
-1.238410475096994069e-02
-1.221632979227098292e-02
-1.207413707123815121e-02
-1.197864283569743428e-02
-1.193451313743603553e-02
-1.190905783010153506e-02
-1.177376221637226050e-02
-1.173249771042623145e-02
-1.159275906029245094e-02
-1.153723010096308413e-02
-1.144599858294069288e-02
-1.121845330738536865e-02
-1.103613936189023169e-02
-1.095723798169884362e-02
-1.090531718444786614e-02
-1.080212999172994008e-02
-1.075189057031999094e-02
-1.067878415781236580e-02
-1.057788764237317831e-02
-1.053150623099402897e-02
-1.037604453373829581e-02
-1.030622933752207114e-02
-1.025284420666755340e-02
-1.019439834628859537e-02
-9.994303714985854764e-03
-9.940531253688720051e-03
-9.821309151332280329e-03
-9.739459683300933854e-03
-9.652761142385278201e-03
-9.616180119015703756e-03
-9.541995133516271987e-03
-9.335511099565419607e-03
-9.313770078758089321e-03
-9.211603748775058081e-03
-9.197294387471006624e-03
-8.944219060080358871e-03
-8.835508119538634797e-03
-8.827573223128874769e-03
-8.760704879434913148e-03
-8.713236866975728259e-03
-8.612468297549321847e-03
-8.519660383572744827e-03
-8.407275595425414347e-03
-8.226288083225157671e-03
-8.134940261216833113e-03
-8.019326247622506065e-03
-7.963285378026801337e-03
-7.845332785831845776e-03
-7.775210423809791362e-03
-7.717098975823308803e-03
-7.632345495398513459e-03
-7.487493863023609621e-03
-7.428243678116208323e-03
-7.325806246478590820e-03
-7.290308300356994169e-03
-7.230518535538961282e-03
-7.130973128412869400e-03
-7.076945730889743109e-03
-6.960941799239874807e-03
-6.897534384055770997e-03
-6.793798731917862453e-03
-6.624005284363877581e-03
-6.537549603123462769e-03
-6.433878510147204507e-03
-6.357551201262801044e-03
-6.233680078050946038e-03
-6.145337246135115609e-03
-6.033823586515859108e-03
-5.985398742555091481e-03
-5.908424279087240091e-03
-5.722498772369240955e-03
-5.658839023234908498e-03
-5.553444588989411325e-03
-5.368154291227012105e-03
-5.177340977863670139e-03
-5.107651941533996980e-03
-4.988510763316252906e-03
-4.890959319740168648e-03
-4.862083719540197940e-03
-4.744114540372220724e-03
-4.682595295803896468e-03
-4.643647806290702486e-03
-4.548466217446233903e-03
-4.464449343111931770e-03
-4.196725830276109258e-03
-4.113262523929466993e-03
-4.019911506272934310e-03
-3.950419228946292632e-03
-3.879025397549795955e-03
-3.807559562701460804e-03
-3.624569757401840259e-03
-3.535445364037595115e-03
-3.445828745661320188e-03
-3.388143517864265070e-03
-3.275303515987828228e-03
-3.202407670638581991e-03
-3.089965420351712712e-03
-3.051109576157525968e-03
-2.887711129322137037e-03
-2.856797172302605239e-03
-2.688433797909887957e-03
-2.641226768321175769e-03
-2.517009266106484244e-03
-2.441973542877443146e-03
-2.310767173852824093e-03
-2.231138240533470443e-03
-2.099009371111896192e-03
-2.037481718920555306e-03
-1.921898389045339790e-03
-1.804563552770654033e-03
-1.757949623177377943e-03
-1.693099109624797947e-03
-1.618275318023422015e-03
-1.497811957416799204e-03
-1.385792122744440320e-03
-1.342299209777579778e-03
-1.264160941017355468e-03
-1.176269929684381531e-03
-1.097468380579308183e-03
-8.652813471068329394e-04
-8.409282305734781804e-04
-7.818346795426951408e-04
-6.200581374769283246e-04
-4.934377268580771980e-04
-4.526699647170387289e-04
-2.815216060047896068e-04
-2.204542655062064849e-04
-1.899034301490002213e-05
1.712124129240897032e-05
1.948387010898015230e-04
2.720429508954251801e-04
3.350028807192990195e-04
4.225493105972863168e-04
5.531111459414900233e-04
5.687622776182078279e-04
7.203584284918290856e-04
8.085913454413197520e-04
9.538904411143506569e-04
9.579394229810866707e-04
1.091390334010619318e-03
1.165870415039097982e-03
1.188518339254167463e-03
1.366140902727333486e-03
1.427913207699311364e-03
1.457569562038601562e-03
1.622206417296816628e-03
1.694340872446600983e-03
1.731113722827661494e-03
1.822254469000215548e-03
1.861300299343456033e-03
1.982408587346351850e-03
2.141771496072755569e-03
2.245158891793621291e-03
2.358111182548085997e-03
2.381283724090835132e-03
2.464231858979388373e-03
2.588895108170473792e-03
2.620695687134669185e-03
2.713179484320298734e-03
2.808931000097633895e-03
2.939757862697130186e-03
3.143170567283584942e-03
3.188661755720126854e-03
3.253236376424108092e-03
3.355896844386602011e-03
3.414557467263725030e-03
3.663519980130052270e-03
3.734919332820143146e-03
3.812617015661796428e-03
3.865289771124037072e-03
4.050596829208981051e-03
4.151728987771687723e-03
4.192572865374007141e-03
4.282172893466099604e-03
4.339976829392425996e-03
4.426781195295528305e-03
4.607509269151759991e-03
4.623970049265235804e-03
4.713881094144797487e-03
4.840220309863287051e-03
5.015955398830376603e-03
5.045682076201301464e-03
5.095103261626925985e-03
5.161881079012520593e-03
5.293371952825478080e-03
5.421157601238011867e-03
5.518446445282424416e-03
5.564085694429164210e-03
5.695015211841345133e-03
5.823248257498063289e-03
5.865821489740278075e-03
5.993551696274339140e-03
6.117021667203689263e-03
6.249170834726161528e-03
6.326927224079867060e-03
6.411722251456461463e-03
6.433006291797617980e-03
6.459016944736672289e-03
6.664532292606336651e-03
6.806737673772787767e-03
6.874273665643498843e-03
6.963378003971781340e-03
7.055624991324257848e-03
7.130734783244846269e-03
7.279135178575734874e-03
7.362451708267354379e-03
7.464561293117886499e-03
7.495774198234027470e-03
7.590920947363090886e-03
7.617230650493191438e-03
7.741937219688260589e-03
7.875453508993641646e-03
8.050531895770389815e-03
8.088636762493793542e-03
8.193344663981310880e-03
8.293180326369350638e-03
8.375977796722137644e-03
8.463841545366952712e-03
8.550668865996183601e-03
8.657061777564178592e-03
8.752578637256942101e-03
8.819459267354255033e-03
8.872975720632817268e-03
9.020031980066673186e-03
9.053743813233242413e-03
9.133049677656759555e-03
9.328490393295335581e-03
9.489612950603491456e-03
9.544321766807386392e-03
9.647720081207452475e-03
9.769742297191900959e-03
9.841458108001587685e-03
9.877577446271414152e-03
9.908364314540254320e-03
1.012250936754352168e-02
1.024474986994738414e-02
1.028743305218363970e-02
1.045884148259254923e-02
1.054127395817967307e-02
1.060626005544727107e-02
1.083592251282818573e-02
1.088337247726726964e-02
1.092732228630794930e-02
1.097334943884749336e-02
1.102580570107629214e-02
1.112020914998683267e-02
1.124148610426317640e-02
1.135610044581370111e-02
1.148691695703285554e-02
1.165247508771329217e-02
1.168682849877321524e-02
1.178290186961733835e-02
1.187019460124431013e-02
1.199297914362836698e-02
1.205796097246807780e-02
1.209016322009443672e-02
1.221305406987859173e-02
1.235546292037166538e-02
1.245285029471080405e-02
1.257179880380134354e-02
1.262990631895105284e-02
1.277681049772308973e-02
1.284137510562363173e-02
1.288888238785014170e-02
1.303520094564819543e-02
1.310608220822884543e-02
1.321715009941132855e-02
1.334782465917449396e-02
1.339500108652935326e-02
1.356320749078348924e-02
1.361622953231025890e-02
1.375154315512643922e-02
1.377271853459446395e-02
1.398562244655970552e-02
1.408115019961509416e-02
1.426908410072390103e-02
1.429167294062745272e-02
1.431598507487756924e-02
1.439354557062473040e-02
1.447755575803333361e-02
1.459432994942175613e-02
1.473272307502438393e-02
1.479382011005327471e-02
1.496023087252257126e-02
1.497948748347771065e-02
1.511029010684553260e-02
1.531262280407750045e-02
1.544134988603300396e-02
1.546049606668433926e-02
1.547645003789494857e-02
1.556763543100387823e-02
1.562477733071172652e-02
1.573480383704719751e-02
1.581677969950144244e-02
1.594133038105231825e-02
1.601074067452719699e-02
1.611435407624483424e-02
1.625982357317084723e-02
1.630459655089232934e-02
1.646382661994684471e-02
1.655443077616208444e-02
1.663537914399388848e-02
1.675371587941035939e-02
1.684342728153096283e-02
1.691795698050261448e-02
1.698482624077571682e-02
1.709089217700369284e-02
1.718121215451108227e-02
1.733232883487986417e-02
1.733580169155677503e-02
1.739133994807511019e-02
1.750165772398035516e-02
1.760751859735724609e-02
1.779665423777794173e-02
1.792345761964751413e-02
1.794761117175229514e-02
1.799249093858585474e-02
1.814902808482212956e-02
1.826051658862691551e-02
1.830854797053365138e-02
1.841145217993364266e-02
1.854211765525539193e-02
1.864226531656254168e-02
1.882915506443030504e-02
1.888270607024831668e-02
1.906751410863965351e-02
1.916332530405805146e-02
1.922552645268124638e-02
1.929596722409831697e-02
1.942513298337885524e-02
1.944588829908899114e-02
1.952893197014199736e-02
1.972395675945270987e-02
1.984855024018017042e-02
1.986789053051654305e-02
1.997623539542470530e-02
2.009332908921749455e-02
2.022424286624348658e-02
2.029228691637387227e-02
2.039896115298471188e-02
2.065266554741459690e-02
2.066676886241982508e-02
2.071973843496367762e-02
2.088974431197395537e-02
2.106717440031168412e-02
2.114703613049152484e-02
2.117927657394279295e-02
2.136455461415232016e-02
2.138833628329533595e-02
2.149257328277212956e-02
2.155311610852968240e-02
2.164377571748875989e-02
2.179971505182028840e-02
2.183336602944987645e-02
2.187238056701537939e-02
2.200306415648015101e-02
2.213988298894329493e-02
2.225905985655746155e-02
2.229865841414258726e-02
2.246642710770207010e-02
2.266767631275782430e-02
2.268318054123583463e-02
2.274999101557951056e-02
2.284844990959852482e-02
2.306005807009799125e-02
2.312391142601310720e-02
2.313802676917435172e-02
2.319607283104533485e-02
2.332043827480018844e-02
2.338238513938030103e-02
2.350182453675080801e-02
2.365779537070763355e-02
2.375578249120840688e-02
2.393819631061481004e-02
2.412780772647890939e-02
2.424122733227723064e-02
2.429044734010724765e-02
2.435164553206176433e-02
2.451114392069471751e-02
2.457813092711381986e-02
2.470183489803839949e-02
2.474623903766410768e-02
2.482981917119753135e-02
2.495089634014756308e-02
2.504066801929426961e-02
2.509129335522731000e-02
2.521624135416591223e-02
2.534241819610157098e-02
2.548267199961666563e-02
2.559320257843655799e-02
2.570800363909237635e-02
2.587418135003343583e-02
2.593770389421305375e-02
2.599946230157657023e-02
2.607620215171153888e-02
2.625374790004999376e-02
2.631400527573971027e-02
2.639580161138566083e-02
2.658455786039468777e-02
2.663002019565715792e-02
2.693683279137887299e-02
2.704777016610893439e-02
2.710075124831029525e-02
2.718820709060595225e-02
2.727102012706676681e-02
2.734673799593608651e-02
2.746585830863676470e-02
2.755828070957060810e-02
2.764156495925523815e-02
2.770146542198367173e-02
2.783218242413070323e-02
2.792759476967914684e-02
2.797204716477507194e-02
2.814282894362942281e-02
2.823811052353252665e-02
2.841391994992275780e-02
2.853622114027975359e-02
2.864231094745920206e-02
2.878511715443473826e-02
2.884345179728045258e-02
2.896011251020953747e-02
2.904671829909984127e-02
2.914642536768281139e-02
2.930868025221230674e-02
2.937581171432066679e-02
2.950693538693306694e-02
2.956411625218870534e-02
2.963863044939112068e-02
2.975534893827000774e-02
2.994625912927450020e-02
3.002085968868799942e-02
3.007499572807534674e-02
3.014712034700311322e-02
3.026163644001330505e-02
3.044649686396012564e-02
3.056561664526970951e-02
3.070612861629454932e-02
3.082866858245695077e-02
3.088506455124175390e-02
3.111844603617202817e-02
3.118692480603402206e-02
3.127963302941032947e-02
3.140614895404123669e-02
3.159113875853089559e-02
3.171714439823871551e-02
3.179324635599503623e-02
3.191639679370771726e-02
3.204347475369416498e-02
3.211819652143273890e-02
3.231402024483252117e-02
3.246334699042081884e-02
3.258975059698353272e-02
3.268221999707399128e-02
3.274907406522321179e-02
3.279390668149041732e-02
3.288840437400908367e-02
3.299662499169179336e-02
3.306461980303819492e-02
3.324247334907263346e-02
3.336946484208086483e-02
3.353018855616903687e-02
3.362855943330631675e-02
3.378462653186748571e-02
3.391104120667425004e-02
3.396966711592489668e-02
3.413443008256755729e-02
3.417773672584004802e-02
3.425049943396644980e-02
3.442406912029625371e-02
3.462075493060427084e-02
3.465628463086429384e-02
3.473763428836464801e-02
3.485665931474704604e-02
3.499429778451474543e-02
3.511222893753790375e-02
3.525246037704303503e-02
3.539207225310593563e-02
3.543427646324062014e-02
3.549033510163140254e-02
3.575538265948425415e-02
3.586104160347962366e-02
3.602960599374034623e-02
3.610247908852788623e-02
3.619476154653564898e-02
3.628892720168987868e-02
3.636498667799887424e-02
3.641957836161029832e-02
3.672923893290568759e-02
3.692717100161447413e-02
3.701934722737729166e-02
3.705153508827729869e-02
3.717412025479091553e-02
3.731914648480365304e-02
3.743892356667614246e-02
3.751988169727351469e-02
3.768448739879703968e-02
3.772463979480482343e-02
3.795075276571761858e-02
3.801503018192078920e-02
3.805487978127024273e-02
3.823887819604668281e-02
3.829332431926753960e-02
3.839581805499952399e-02
3.854086020287576103e-02
3.864310532033355533e-02
3.881325834099164790e-02
3.899474326540175451e-02
3.913932415369383855e-02
3.916770348097579207e-02
3.943439221486887136e-02
3.944753664918175529e-02
3.958951498474251596e-02
3.976647425231953636e-02
3.982441904303196667e-02
3.993066895423468682e-02
4.008984301345591694e-02
4.020192966485273967e-02
4.043692518329186636e-02
4.050920708437503320e-02
4.056760807261966528e-02
4.069326315829722290e-02
4.082612549398036139e-02
4.087109282123976145e-02
4.107382939613852396e-02
4.139597391308914853e-02
4.140801095660999465e-02
4.158551215018724961e-02
4.162046772388326710e-02
4.190852961948477590e-02
4.195331708723641639e-02
4.199036300305732106e-02
4.206278312171678191e-02
4.218936495196232150e-02
4.240650702156158885e-02
4.257713999301412922e-02
4.260868237617228965e-02
4.265961371591985019e-02
4.302116603721379412e-02
4.305824832757444709e-02
4.323925731229792679e-02
4.333341903396420447e-02
4.341688542940743550e-02
4.354495085737212362e-02
4.361980939827353465e-02
4.380911568781753473e-02
4.399337888858807777e-02
4.419470986651326955e-02
4.429612882939933799e-02
4.446140655368269190e-02
4.473097488961669949e-02
4.476846982372395534e-02
4.488274926267891290e-02
4.497625147678765978e-02
4.511607232191514050e-02
4.540128633330019897e-02
4.544787123684147778e-02
4.556541529128577128e-02
4.565105121899522972e-02
4.576772364938796328e-02
4.603843941950199609e-02
4.614494947463456537e-02
4.616855967857993320e-02
4.645151661360848172e-02
4.649053283036324452e-02
4.653655614240810590e-02
4.680319195372542596e-02
4.691206041092093465e-02
4.698850251482573903e-02
4.718459501313931187e-02
4.724111600593085269e-02
4.734575828263266895e-02
4.766526900730456290e-02
4.774584116896269520e-02
4.795874394736099333e-02
4.805300593022896610e-02
4.816177985615079787e-02
4.835494238676725509e-02
4.841263387548897651e-02
4.875758273920461489e-02
4.886661650292491860e-02
4.891571435295868214e-02
4.901812785851123594e-02
4.929843296221131377e-02
4.960513996139175041e-02
4.974503376109375846e-02
4.979423108173643836e-02
4.994097427377025555e-02
5.018570538435791761e-02
5.041533343849827209e-02
5.051258211798019537e-02
5.065126448318146846e-02
5.081149998225152620e-02
5.085635592412596218e-02
5.116580970973149539e-02
5.125649570334220306e-02
5.130976953598575391e-02
5.140940625323248830e-02
5.157796292046172570e-02
5.169739020818996805e-02
5.191621892834082791e-02
5.215567975896264613e-02
5.232608384834243342e-02
5.262902005073035600e-02
5.266275638332579973e-02
5.274024577863951901e-02
5.296440200340626209e-02
5.309145365446338305e-02
5.345654157849124427e-02
5.362618551537966932e-02
5.377864227777313932e-02
5.385363202938123900e-02
5.418220433314469009e-02
5.438430921300832499e-02
5.468128807087829085e-02
5.483602776351342162e-02
5.507005083613902147e-02
5.509716299837738585e-02
5.526034903784680236e-02
5.543893264821977279e-02
5.558223432041947687e-02
5.591279161068372916e-02
5.616692067882217421e-02
5.657189691452045588e-02
5.676379656624939291e-02
5.697114918107380049e-02
5.719441994595573370e-02
5.754928855740995552e-02
5.788776129537823167e-02
5.805772182509381929e-02
5.815482897032302895e-02
5.843408554980646791e-02
5.871948404517804421e-02
5.910092285148028229e-02
5.915358115683349433e-02
5.936223243414853745e-02
5.988598948138734723e-02
6.005474763744361039e-02
6.051119312588428001e-02
6.088833829815755438e-02
6.131473498774821229e-02
6.269050446921869968e-02
