-6.168775019037957968e-02
-6.148179757279843144e-02
-6.079546360023300317e-02
-6.042747612717173922e-02
-6.036657552524994641e-02
-5.984979849267080265e-02
-5.956035338678715430e-02
-5.909737616279927414e-02
-5.892699561176853451e-02
-5.846366363055121446e-02
-5.817089918495485512e-02
-5.811792698658685419e-02
-5.792685676293730240e-02
-5.773447941737082367e-02
-5.733094198171219402e-02
-5.723834310945737774e-02
-5.698842937513642903e-02
-5.667795704486465469e-02
-5.658294170242826604e-02
-5.628641668268074411e-02
-5.592151565809536790e-02
-5.571841629839487803e-02
-5.556352734140992955e-02
-5.523826893837653629e-02
-5.501192375126438133e-02
-5.480479359270456347e-02
-5.468161978169144843e-02
-5.450800339646070386e-02
-5.419783405984438668e-02
-5.399299140436111116e-02
-5.388407967396589837e-02
-5.369234210576861316e-02
-5.360524953319371899e-02
-5.344765912682063191e-02
-5.335033220176204488e-02
-5.286299814278443837e-02
-5.280955443446250230e-02
-5.265317319311218353e-02
-5.248854573540199381e-02
-5.224890123421122023e-02
-5.200219480859062660e-02
-5.175539411530517830e-02
-5.158586105195335503e-02
-5.152001393162737586e-02
-5.138974663718758745e-02
-5.127955925684551247e-02
-5.100695098795558075e-02
-5.082933245870325384e-02
-5.056395563849040015e-02
-5.050466095809291039e-02
-5.025014582346874759e-02
-5.007931489513101075e-02
-4.990696114374058162e-02
-4.971817014465844398e-02
-4.959156743742629270e-02
-4.947648281203460841e-02
-4.941802568267353313e-02
-4.934489377231462276e-02
-4.910280063083195118e-02
-4.901996007678929151e-02
-4.897696269890508547e-02
-4.861098658538390294e-02
-4.838085250053976438e-02
-4.832993712139195541e-02
-4.822975436756037765e-02
-4.810219830756013587e-02
-4.793759607578360754e-02
-4.768631363801079798e-02
-4.765021153788170233e-02
-4.747564464784900795e-02
-4.735738884564080764e-02
-4.719970238526755013e-02
-4.709880863790372185e-02
-4.696331195798045949e-02
-4.670332163354216221e-02
-4.663551857243079107e-02
-4.639339036059030030e-02
-4.627165815010977901e-02
-4.618523638376315077e-02
-4.606521051110678416e-02
-4.584432181898465825e-02
-4.559577318939079388e-02
-4.549924753641502312e-02
-4.536478333839967514e-02
-4.520245108743134455e-02
-4.504660966121432075e-02
-4.498249358730343345e-02
-4.489181819492403525e-02
-4.466571240267458442e-02
-4.460525384462223769e-02
-4.448599665058505098e-02
-4.438981717806671223e-02
-4.419668735135613702e-02
-4.414231593496938111e-02
-4.401048603535123727e-02
-4.385661215585626160e-02
-4.366717364625130604e-02
-4.351063294361778855e-02
-4.342690485681641871e-02
-4.337693290060688073e-02
-4.321349588271946457e-02
-4.310384209652984994e-02
-4.298840601217598228e-02
-4.290599316386480705e-02
-4.279117108212793924e-02
-4.250258262502561168e-02
-4.242448789671721815e-02
-4.236826935387089793e-02
-4.209543925338930792e-02
-4.191967498900806000e-02
-4.185768516034181486e-02
-4.174331336182286745e-02
-4.147744942509314775e-02
-4.142939450100305981e-02
-4.120314475848786684e-02
-4.110047266680404848e-02
-4.102006409081168647e-02
-4.086349234342794706e-02
-4.074606539972036590e-02
-4.069471089323021401e-02
-4.043942972776033706e-02
-4.036724916543491665e-02
-4.033213482963048796e-02
-4.019350393864574988e-02
-4.013386204004040086e-02
-4.005572390597409577e-02
-3.991387254335150570e-02
-3.984994437339447332e-02
-3.968535653263184637e-02
-3.949496725202529535e-02
-3.939063893452018211e-02
-3.937263379835385241e-02
-3.925433244716210884e-02
-3.909524057379790141e-02
-3.893533989336533940e-02
-3.880277806461132628e-02
-3.866461153860869387e-02
-3.858100894157324989e-02
-3.841020827290942546e-02
-3.819347245935533069e-02
-3.814663416732833046e-02
-3.796847310127724612e-02
-3.788466762412374955e-02
-3.787181798383489062e-02
-3.771918274528197196e-02
-3.765478819782407810e-02
-3.749478918712889630e-02
-3.743380336850625489e-02
-3.723691441783680278e-02
-3.712904132696330517e-02
-3.697422396792034854e-02
-3.686460769189764397e-02
-3.673962682504887389e-02
-3.668274896472802082e-02
-3.658660612440883808e-02
-3.630044763869168245e-02
-3.623638622671892379e-02
-3.616702705311109628e-02
-3.599419146843946954e-02
-3.593142954111513271e-02
-3.582509135790579863e-02
-3.576193766831554932e-02
-3.548327838214765384e-02
-3.539383628127338449e-02
-3.519993204783076340e-02
-3.517516336713824576e-02
-3.508253609977829424e-02
-3.487451176049509438e-02
-3.475806941046204884e-02
-3.468413829922790959e-02
-3.459091156693466784e-02
-3.450604853416936596e-02
-3.442932929422972549e-02
-3.436267446260433955e-02
-3.427558539023595890e-02
-3.410052183304255330e-02
-3.395124684919293562e-02
-3.383490101191841820e-02
-3.380705236929533453e-02
-3.366239456983759204e-02
-3.348325195394061954e-02
-3.331918630784041352e-02
-3.320421758800496531e-02
-3.310963181520969190e-02
-3.306710236780099899e-02
-3.289584422723458579e-02
-3.271858842860596306e-02
-3.264113949200176529e-02
-3.259352770978404812e-02
-3.245076336718132753e-02
-3.240161946108188751e-02
-3.220772862065021669e-02
-3.212790385678308130e-02
-3.199387833198437392e-02
-3.192859607538825473e-02
-3.181600668780860258e-02
-3.167351073999923744e-02
-3.165698153884657917e-02
-3.157581713867641665e-02
-3.144503840143877266e-02
-3.137546627214245903e-02
-3.116829071346418484e-02
-3.112371061117524818e-02
-3.092440313097036264e-02
-3.081812621311167885e-02
-3.072897206744663184e-02
-3.059016478288313634e-02
-3.049168446836439741e-02
-3.029484516364923039e-02
-3.018055304483881207e-02
-2.998086794951973846e-02
-2.982474069167259656e-02
-2.981825408995051468e-02
-2.975420931909979541e-02
-2.956393175012284741e-02
-2.937320436894212683e-02
-2.932895003444100854e-02
-2.930010026833666792e-02
-2.910837051657128027e-02
-2.900279800114207579e-02
-2.891192018844898973e-02
-2.888858197586465296e-02
-2.872607961844528268e-02
-2.861845802347526627e-02
-2.852231050531923995e-02
-2.845701167644018592e-02
-2.825027503788574493e-02
-2.817176666791640707e-02
-2.812713368251045301e-02
-2.808623600168458009e-02
-2.796847754235201947e-02
-2.783588956846440310e-02
-2.766459164641220034e-02
-2.756272540337815352e-02
-2.745892340268230036e-02
-2.734741222079346487e-02
-2.728283656937027790e-02
-2.724484216202378850e-02
-2.712166070197085874e-02
-2.693906344148392501e-02
-2.693145944539977743e-02
-2.685746703959398726e-02
-2.663990415501083647e-02
-2.656650842898576614e-02
-2.650888152411605067e-02
-2.636431862573567278e-02
-2.626265668732355452e-02
-2.622682274870307209e-02
-2.603329210973570271e-02
-2.595495875283561002e-02
-2.590281182881766855e-02
-2.579392882094692918e-02
-2.573809441234387735e-02
-2.563698821492696456e-02
-2.544066396172424763e-02
-2.534692588433192992e-02
-2.523931624575944874e-02
-2.516166310188528571e-02
-2.506904274500476246e-02
-2.489129559185391735e-02
-2.479952085798505651e-02
-2.475219483490642691e-02
-2.472688719025574119e-02
-2.457199190015024390e-02
-2.446078723738206659e-02
-2.437030777234836312e-02
-2.423617323699001416e-02
-2.412583513034453897e-02
-2.394548129732917974e-02
-2.387809120324338105e-02
-2.382491949156991667e-02
-2.364086029262559702e-02
-2.347194882731125712e-02
-2.340856015942375037e-02
-2.333419900736879299e-02
-2.323950419352398961e-02
-2.315118898955277268e-02
-2.310333040757057282e-02
-2.304550431939526509e-02
-2.293057107356740593e-02
-2.288858091756634794e-02
-2.272401431580530276e-02
-2.255027979079649719e-02
-2.247146712774042779e-02
-2.234031593439609470e-02
-2.220272203339663034e-02
-2.206154137078570471e-02
-2.195057383769800224e-02
-2.192605526249490761e-02
-2.187402905467480257e-02
-2.173512007716766475e-02
-2.166280772553067641e-02
-2.149603476885885919e-02
-2.140672391263781504e-02
-2.133741301261625131e-02
-2.122486626445780136e-02
-2.113062923922506137e-02
-2.100532780737027552e-02
-2.087614308770530461e-02
-2.069910087633088439e-02
-2.063213603643185290e-02
-2.057208431758189571e-02
-2.044050838031341924e-02
-2.033036769679372191e-02
-2.022333444146214021e-02
-2.002522539019206335e-02
-1.993967566545576733e-02
-1.989217780527975654e-02
-1.980385298118316623e-02
-1.964538028199034128e-02
-1.961835074056688180e-02
-1.951526452233966202e-02
-1.945745126733182742e-02
-1.930551245137453187e-02
-1.929065359196870111e-02
-1.920851816731548867e-02
-1.908215952557925157e-02
-1.904700202371129025e-02
-1.900613265395651244e-02
-1.883780620496932137e-02
-1.868570176113372450e-02
-1.858478055966930262e-02
-1.843802440862929437e-02
-1.837519468329050151e-02
-1.825766395222290853e-02
-1.814662534211451336e-02
-1.807745296499283991e-02
-1.790733796533770100e-02
-1.789340024226823006e-02
-1.772805251183104044e-02
-1.764965064960975771e-02
-1.750072057783826074e-02
-1.745253576182018151e-02
-1.726064198842756220e-02
-1.716676755129600135e-02
-1.710752672035125918e-02
-1.705848946080457812e-02
-1.689604060715253417e-02
-1.686590325076388688e-02
-1.676340652658439567e-02
-1.666517059710080628e-02
-1.654487950486772940e-02
-1.651623010685563178e-02
-1.645943381909292444e-02
-1.626150288542162203e-02
-1.624464869005711951e-02
-1.613867827672028563e-02
-1.602048773317539879e-02
-1.581551887918386176e-02
-1.574382516272425717e-02
-1.567302960829334083e-02
-1.564978021313601780e-02
-1.551335690779686964e-02
-1.545563775731791448e-02
-1.532321099791889019e-02
-1.524826909281635882e-02
-1.513196816888980056e-02
-1.499517591071094710e-02
-1.489231023549812509e-02
-1.469343493328366911e-02
-1.463983600072989860e-02
-1.457763735283396263e-02
-1.450439462872256391e-02
-1.436540530748148074e-02
-1.431004181484486944e-02
-1.422038557593007999e-02
-1.410214372598667804e-02
-1.392871796394375312e-02
-1.391193329658160956e-02
-1.377029136719065509e-02
-1.372885434730759108e-02
-1.363950302985088639e-02
-1.345242304227464714e-02
-1.334772279742041205e-02
-1.332802772007191452e-02
-1.316041661906350302e-02
-1.308926037416036775e-02
-1.298458949704109008e-02
-1.282754440829550653e-02
-1.278773930523320786e-02
-1.268606305240053966e-02
-1.265710409048145108e-02
-1.249532509370606011e-02
-1.244449712715152943e-02
-1.229393382712186227e-02
-1.223320957055803668e-02
-1.217515506983901999e-02
-1.208489142893483942e-02
-1.192115655485738966e-02
-1.185050622396884891e-02
-1.176361690971018323e-02
-1.165600908676922391e-02
-1.157765749851148544e-02
-1.152844726603625795e-02
-1.142415875839738679e-02
-1.137161251166448998e-02
-1.130047379701456384e-02
-1.123286481350459394e-02
-1.103153893252358832e-02
-1.087741705870540546e-02
-1.084075546914188039e-02
-1.073343663522243960e-02
-1.058319912453599757e-02
-1.055753003470417430e-02
-1.039866398532343465e-02
-1.030397520031838161e-02
-1.022690845970836322e-02
-1.008398918664569176e-02
-9.930663257297312960e-03
-9.873497294103387653e-03
-9.782023369828448181e-03
-9.656799589170974793e-03
-9.599134756282986375e-03
-9.559949399901875380e-03
-9.362668050062012901e-03
-9.286247471112138094e-03
-9.195578206388272183e-03
-9.043042906715636001e-03
-8.996326695038317500e-03
-8.904340095817055850e-03
-8.745742643671967215e-03
-8.589187624734647558e-03
-8.547424764157849492e-03
-8.457834356237653103e-03
-8.277688033525467184e-03
-8.223898077888584790e-03
-8.149741029309947107e-03
-8.087940974591371207e-03
-8.052943137603688767e-03
-7.941710430147070135e-03
-7.839530525919447684e-03
-7.767701015591121395e-03
-7.595154826039966257e-03
-7.556807438976929046e-03
-7.403632977494624574e-03
-7.311014545687579552e-03
-7.260458268652844778e-03
-7.213765429483924574e-03
-7.155131284637353088e-03
-7.029026160964011068e-03
-6.965649285825680805e-03
-6.747096030412102693e-03
-6.675085476623062938e-03
-6.656983943000585602e-03
-6.538881634062923554e-03
-6.386112230276436152e-03
-6.330205220927071115e-03
-6.305277478372687573e-03
-6.258335081265733145e-03
-6.090726214327812742e-03
-5.886045989146767438e-03
-5.822708634950826516e-03
-5.767129924594353516e-03
-5.634625969329299863e-03
-5.552777273147559318e-03
-5.415785646773615784e-03
-5.290700495043544963e-03
-5.201023379246485709e-03
-5.084594484197093450e-03
-4.983251028697266091e-03
-4.885895534083578053e-03
-4.763642927408675252e-03
-4.695956326590470208e-03
-4.639355375464942512e-03
-4.534728422394784103e-03
-4.387521507757491564e-03
-4.325325703247844163e-03
-4.241939121900077832e-03
-4.154281221841221727e-03
-3.982098159013654562e-03
-3.930857261257038847e-03
-3.907601116343414199e-03
-3.740986607058758694e-03
-3.674433375097387131e-03
-3.608384784444373244e-03
-3.480190828785643606e-03
-3.407350137799601986e-03
-3.324330488669511880e-03
-3.183105772559195312e-03
-3.108474839418619209e-03
-3.017400435194389583e-03
-2.937790314674980970e-03
-2.832134198826528632e-03
-2.704581200289412398e-03
-2.609249146653294660e-03
-2.551857540130342186e-03
-2.472185528567772024e-03
-2.425438007648487992e-03
-2.365806545280862809e-03
-2.190797001822447979e-03
-2.066046661832362987e-03
-1.985569080147467184e-03
-1.918654003012709545e-03
-1.722994947721255901e-03
-1.642053305099998523e-03
-1.566646196671092270e-03
-1.494001929244426858e-03
-1.379066615580843216e-03
-1.299211963035650343e-03
-1.234725096094082663e-03
-1.186331620231979378e-03
-9.858375751117876614e-04
-8.544582490182452573e-04
-7.839841424380675737e-04
-6.883670095569543535e-04
-6.554988863016855986e-04
-5.877908023671592945e-04
-4.716591542305840113e-04
-3.973996801272478094e-04
-3.009449782289163114e-04
-9.808939056538840964e-05
-1.160408889353314524e-05
8.438679371111973871e-05
1.748965322649712344e-04
3.265802215690583824e-04
4.331400813067472406e-04
5.054621843417705061e-04
6.093156729304366644e-04
7.038237029571054078e-04
7.601657079402131083e-04
7.626554641136172163e-04
9.405449946418366390e-04
1.040310561879608398e-03
1.116592029118352930e-03
1.186335195475546290e-03
1.315318761133963798e-03
1.493322570101430309e-03
1.508669835499295642e-03
1.645888064793474704e-03
1.738632520004426826e-03
1.799307459506975645e-03
1.914296173886371891e-03
1.932610091915371118e-03
2.126056101610959963e-03
2.168304104109750139e-03
2.258407430911904719e-03
2.335117780000651143e-03
2.425165097137837230e-03
2.563034818634168325e-03
2.661761152433023570e-03
2.737333439275639515e-03
2.818777303212780146e-03
2.886341241401279775e-03
3.090997355520332199e-03
3.193600271992815421e-03
3.223898658600205837e-03
3.333761133008756108e-03
3.403102528877507624e-03
3.499569558041495509e-03
3.614688238784338238e-03
3.765395740517624591e-03
3.799855033332363765e-03
3.931379992968127464e-03
4.019755456384661689e-03
4.077928734713705435e-03
4.215177666079014500e-03
4.348432855385846521e-03
4.427114180670483137e-03
4.568589117800710662e-03
4.698699217719664971e-03
4.741408132856174754e-03
4.847740459946468621e-03
4.897660723113342503e-03
5.011397572308723750e-03
5.052321288041943838e-03
5.131692901665633848e-03
5.219057543273760216e-03
5.317377565988229242e-03
5.383445428626483856e-03
5.542045771237260471e-03
5.621549474431954650e-03
5.661865228475979755e-03
5.819444441949170842e-03
6.024576505608766029e-03
6.099346687966820946e-03
6.138966757059327595e-03
6.300921995597988726e-03
6.315523271729605800e-03
6.536074573918902210e-03
6.596867189904014571e-03
6.628178640228821542e-03
6.741824642809625401e-03
6.759082915674415222e-03
6.932809373653922753e-03
7.039001618435578381e-03
7.150713070893602134e-03
7.176482857746439500e-03
7.272547728272739723e-03
7.353110109175550919e-03
7.476492907803646004e-03
7.479283813166209480e-03
7.560305709780434751e-03
7.639580521995890938e-03
7.719326286934132149e-03
7.905595618350117273e-03
8.010422302978511752e-03
8.099100712794566129e-03
8.261099265392635865e-03
8.303997560213563500e-03
8.387457192987984173e-03
8.507158616240982629e-03
8.648204595318417440e-03
8.680022893997378641e-03
8.850697941315915224e-03
8.906850472520554812e-03
8.965679860649689373e-03
9.069665455986334821e-03
9.096792766078604445e-03
9.259509264288888486e-03
9.286813458356885098e-03
9.314570604377733071e-03
9.452157335297729779e-03
9.583517743292286825e-03
9.777272515039642925e-03
9.929948545519099584e-03
9.989282301978482520e-03
1.004870311748518388e-02
1.015535886024007683e-02
1.025922456246037423e-02
1.039605380784727230e-02
1.045411533964569692e-02
1.056490531561917953e-02
1.070870006648386684e-02
1.076527874314845215e-02
1.089295809184728618e-02
1.097681363172240028e-02
1.111589090161092114e-02
1.119163462132956657e-02
1.130481405593446523e-02
1.133947620669748836e-02
1.141404853374987892e-02
1.153535358227790984e-02
1.158541873047937674e-02
1.172636445216995726e-02
1.178185574121757596e-02
1.182301007335833862e-02
1.188055951695805683e-02
1.201930282893094899e-02
1.210222093837396221e-02
1.230046229095431778e-02
1.240809537386611261e-02
1.253624902103815664e-02
1.270347317409468470e-02
1.276974946399782145e-02
1.285795129396093486e-02
1.293084393112299904e-02
1.304065518762124488e-02
1.316118801551241849e-02
1.318803384842248162e-02
1.337154361525844104e-02
1.341153113680353982e-02
1.344701543266496081e-02
1.350307650516951834e-02
1.374838916862136488e-02
1.376636926384059573e-02
1.402466127626410264e-02
1.405232392100361043e-02
1.408039299180401452e-02
1.420845713716231869e-02
1.429319876516422019e-02
1.443326066813542530e-02
1.451639216520353957e-02
1.461441511679693189e-02
1.466859253109800525e-02
1.474970041250524277e-02
1.478744932270512416e-02
1.488581538066059175e-02
1.497491988318635364e-02
1.505799293970300212e-02
1.527446582319626212e-02
1.534359200847545610e-02
1.543280237834518225e-02
1.553294167094433111e-02
1.563276128697287451e-02
1.575561645221746840e-02
1.579438753418696550e-02
1.586191512122445135e-02
1.596189349141325167e-02
1.611052501587207503e-02
1.624578446444398597e-02
1.641541670838910644e-02
1.649231991334084227e-02
1.657755907295585182e-02
1.667017663227290947e-02
1.668832178483852305e-02
1.689094531503479782e-02
1.698312481218255607e-02
1.709639013047010991e-02
1.713885343602718561e-02
1.729452740334552416e-02
1.739074179156918989e-02
1.744069951814997133e-02
1.752967579722225500e-02
1.760982874481008612e-02
1.775570329297258138e-02
1.789262956662331788e-02
1.791263396346140860e-02
1.807574242061816064e-02
1.813355564511356585e-02
1.823374754149773361e-02
1.838750601174186580e-02
1.841424852405884605e-02
1.852573253955071275e-02
1.860219333507463421e-02
1.867764142892939030e-02
1.879616715207972980e-02
1.887690465463110964e-02
1.897570234215055496e-02
1.906088939067045879e-02
1.913235407661256424e-02
1.922383432262443279e-02
1.935793465558136375e-02
1.955291652929351878e-02
1.955872813075163613e-02
1.971308964045178150e-02
1.975325822912250145e-02
1.994183779078003912e-02
2.004791122476178369e-02
2.006519007656913309e-02
2.015875461635358371e-02
2.028921365700989132e-02
2.037377409881931459e-02
2.051833586140074453e-02
2.061400200402597679e-02
2.074713834200618903e-02
2.083422774760594273e-02
2.091040422533149701e-02
2.095954966005107029e-02
2.107278301800575085e-02
2.119134999198168945e-02
2.132714593561583008e-02
2.137184771805434799e-02
2.150593497124403397e-02
2.167370791685465509e-02
2.182826427942197514e-02
2.183478692018011452e-02
2.199590960834209644e-02
2.203147938337885609e-02
2.212931861990790477e-02
2.220798273807665646e-02
2.242566080220883759e-02
2.246811366133677837e-02
2.251525539965550451e-02
2.262531132851408611e-02
2.283774802776140228e-02
2.287968082927094651e-02
2.293028377640899187e-02
2.296479849256957001e-02
2.314109440386024480e-02
2.320985741605724809e-02
2.330159266910880600e-02
2.341575282453451159e-02
2.350534892673878870e-02
2.362783277293454068e-02
2.381268013937657899e-02
2.387017322535359143e-02
2.391907209890776348e-02
2.398632630808684302e-02
2.418434348002355613e-02
2.431560401805478097e-02
2.441243494831247043e-02
2.443657191016540900e-02
2.461769729785493258e-02
2.471702958222015203e-02
2.479273367964563574e-02
2.487491929877982955e-02
2.507075716280990699e-02
2.512856921787208139e-02
2.521187549158733845e-02
2.534768694179419246e-02
2.542787255395232912e-02
2.551114999310402642e-02
2.561160733702281395e-02
2.574388031528326501e-02
2.580578069829557106e-02
2.599054242869319395e-02
2.606309599111359884e-02
2.613346631976956602e-02
2.625385851257949418e-02
2.629818863616292801e-02
2.648839755428804288e-02
2.658506763188802843e-02
2.662076444913815884e-02
2.680835684147382311e-02
2.695996160376002218e-02
2.700608625392814099e-02
2.713865654791301069e-02
2.738870250952292126e-02
2.741946941118366537e-02
2.747970776928276848e-02
2.755729847315345482e-02
2.768623327307014048e-02
2.777670366410610325e-02
2.783526712514664339e-02
2.793955962511022670e-02
2.808669765738209395e-02
2.814827301783568922e-02
2.821593730776608688e-02
2.844007792254800090e-02
2.854821846160290194e-02
2.863298982862191866e-02
2.867806136392311162e-02
2.874272862346302290e-02
2.895701128865612456e-02
2.902302031767639220e-02
2.918885771104616153e-02
2.936075675989961373e-02
2.942510985965453990e-02
2.958004976304747305e-02
2.960280112258274754e-02
2.974880080540134517e-02
2.984616056800253395e-02
2.995223460392511944e-02
3.003830417722383461e-02
3.018886742792394745e-02
3.025095736028446045e-02
3.037565706625190709e-02
3.053000101406755026e-02
3.057429169751995843e-02
3.058676583099965290e-02
3.079202966627835047e-02
3.097988938494835448e-02
3.103791985756337510e-02
3.116639722431086001e-02
3.131579688515012672e-02
3.135980343174317453e-02
3.150972352019109496e-02
3.174749000556734840e-02
3.179274247163207251e-02
3.192999163283333913e-02
3.196742922887398086e-02
3.221017868632906900e-02
3.229651959908275832e-02
3.238713040239134949e-02
3.247030060552558162e-02
3.247981567129735320e-02
3.270844973426122876e-02
3.274512638182846408e-02
3.287884725910880657e-02
3.312913058818166279e-02
3.321613827932575619e-02
3.327598296538965966e-02
3.342694417143653174e-02
3.354514635737797928e-02
3.366333077243194305e-02
3.380508289483324935e-02
3.386652926564413107e-02
3.394883796414391308e-02
3.407345986415206279e-02
3.417822376605163942e-02
3.431330128941260937e-02
3.434464526865983747e-02
3.446500014523623534e-02
3.472529693582387250e-02
3.485305679982299981e-02
3.504583284735140331e-02
3.507990686511051198e-02
3.511606167342183615e-02
3.530594171762952566e-02
3.542700346969191588e-02
3.554678552902093558e-02
3.569394614599735033e-02
3.578642476595143146e-02
3.584021084186520684e-02
3.588026619010060286e-02
3.607348646786414509e-02
3.616575199362468546e-02
3.637775089728596117e-02
3.647584820522747906e-02
3.654837163039741793e-02
3.676996209961429923e-02
3.683022601008671681e-02
3.699351495570212672e-02
3.718357637636393598e-02
3.738980192140559100e-02
3.740481053958168850e-02
3.758963812060853865e-02
3.761274576418237314e-02
3.776058779688586109e-02
3.783019306730404235e-02
3.802856864691789296e-02
3.815194450729512271e-02
3.825914001251599222e-02
3.836133500778494271e-02
3.848285473710539445e-02
3.853603103744483727e-02
3.875771938222789120e-02
3.878089716840601997e-02
3.881575848563116604e-02
3.894083806721462815e-02
3.908697130539698361e-02
3.925134632793350620e-02
3.941008557959142788e-02
3.948445460354780417e-02
3.960042000744205815e-02
3.974826702842733372e-02
3.979198473860900281e-02
3.985637979346816351e-02
4.009239303789099984e-02
4.013551867398990752e-02
4.025995490934027032e-02
4.049162741033900115e-02
4.051188490309478446e-02
4.054344509074162689e-02
4.062543137754011380e-02
4.088460214226372069e-02
4.106251268683572264e-02
4.117971447350986941e-02
4.122075462754060809e-02
4.131681763141115821e-02
4.152112144704762225e-02
4.170880851680765222e-02
4.175235647639576053e-02
4.187457880256300474e-02
4.208439991224641880e-02
4.210446495383920323e-02
4.233441577323888982e-02
4.249134354900919314e-02
4.256872131212029176e-02
4.274393493307349079e-02
4.286606828822493720e-02
4.294983949717241095e-02
4.309025727971968478e-02
4.313814898319275060e-02
4.316512537129039984e-02
4.350667765001316883e-02
4.352634184341520884e-02
4.366388818156529544e-02
4.375690308244617466e-02
4.394826215773294659e-02
4.402296530089065685e-02
4.406128257330880343e-02
4.428236867906854002e-02
4.441637724152557726e-02
4.457634575969054991e-02
4.466605645940702196e-02
4.476518056089715675e-02
4.486108578085191978e-02
4.509424166602170325e-02
4.511140088487987365e-02
4.539988169589629502e-02
4.544189422915174970e-02
4.551230985166372645e-02
4.570258364944364271e-02
4.591554370248492056e-02
4.601821128950363271e-02
4.616579336007382850e-02
4.633355080072391885e-02
4.640530038458100248e-02
4.659942790896242498e-02
4.672080309845398627e-02
4.691586866311129450e-02
4.703499214710263332e-02
4.716823994549360077e-02
4.737495866999601180e-02
4.755797743540532418e-02
4.765742156594020978e-02
4.783234047620793516e-02
4.800933227099496436e-02
4.820251063553446930e-02
4.828890727385964921e-02
4.856944911213369881e-02
4.861675168941240882e-02
4.876596652095603612e-02
4.897608145391543766e-02
4.918711979000243983e-02
4.922194553632103231e-02
4.956993733667245522e-02
4.962597600988509494e-02
4.973622548262342929e-02
4.982508013221145782e-02
5.005653272950344457e-02
5.016140860830547304e-02
5.026979802675989040e-02
5.036884916810019375e-02
5.064399915563309179e-02
5.079660718948597609e-02
5.118805790958629032e-02
5.129287876385928147e-02
5.139316897638974285e-02
5.159845977705265763e-02
5.176988737667824469e-02
5.198986678924449184e-02
5.208113295491242911e-02
5.238367241714489420e-02
5.250935195349064333e-02
5.291213508605704247e-02
5.297411136752778332e-02
5.314395854473051573e-02
5.334318172895033405e-02
5.351868194629821884e-02
5.371960644536773188e-02
5.382078145954458798e-02
5.398394990569339164e-02
5.431436935215313427e-02
5.447347665977667064e-02
5.469849848235926182e-02
5.484371041161524574e-02
5.501998836375934787e-02
5.515996950904836910e-02
5.532162531040419468e-02
5.563301709034287890e-02
5.587942934502006243e-02
5.593618587845083229e-02
5.634122265033836285e-02
5.658612512723291965e-02
5.682744349136870099e-02
5.701148168814940825e-02
5.722100799122933901e-02
5.762436785931701611e-02
5.771916928373320432e-02
5.778852527261695016e-02
5.821598224014389034e-02
5.854691579972930854e-02
5.871500660342418576e-02
5.906725710364949672e-02
5.936589869071177278e-02
5.950923869921671827e-02
5.988175989296221080e-02
6.018627697898782519e-02
6.031688415385842716e-02
6.092730599791125468e-02
6.179963180387371136e-02
6.237413755700825513e-02
