-6.182671036540971637e-02
-6.116413134597260132e-02
-6.068874711431169328e-02
-6.025719113183335141e-02
-5.977669594613080339e-02
-5.954361137364844181e-02
-5.905848591129516517e-02
-5.880245702775910299e-02
-5.869698049714314886e-02
-5.841671290261164079e-02
-5.819936259370955822e-02
-5.796875055160192330e-02
-5.780429181483566492e-02
-5.741101566887426427e-02
-5.729254380316883832e-02
-5.714127448019891420e-02
-5.683476431994302636e-02
-5.670534363215502804e-02
-5.656679394047250259e-02
-5.624339288883410670e-02
-5.612458480774262098e-02
-5.590904007518271435e-02
-5.549714484313356816e-02
-5.533361613433799425e-02
-5.505160361806662322e-02
-5.475514131590331068e-02
-5.464460684827704418e-02
-5.459332486972206383e-02
-5.433354004995828712e-02
-5.426123594082535306e-02
-5.404990391748355771e-02
-5.369540877693973480e-02
-5.355922814590449721e-02
-5.336118248437542178e-02
-5.322641324741904378e-02
-5.306941139168150356e-02
-5.286154196432667207e-02
-5.241417654237434665e-02
-5.230157478289598760e-02
-5.214179020004298254e-02
-5.201503029518153576e-02
-5.168306297863720089e-02
-5.163765373855907365e-02
-5.145169833327793013e-02
-5.141397300959360539e-02
-5.129844159432883632e-02
-5.117554781415384335e-02
-5.095328436611574335e-02
-5.077188435221090257e-02
-5.045219096453779778e-02
-5.035842527120314160e-02
-5.016197149990246629e-02
-4.998331191659818179e-02
-4.997641984324865255e-02
-4.969123109644760228e-02
-4.964381904513712890e-02
-4.943353528235250316e-02
-4.928923483104434566e-02
-4.915257214563525240e-02
-4.908493322363016026e-02
-4.871201170817256176e-02
-4.852028822701842659e-02
-4.835284733879646052e-02
-4.823495270921961814e-02
-4.805616459452979883e-02
-4.795980151848377310e-02
-4.784901139911217072e-02
-4.776023385765010981e-02
-4.758218628868318006e-02
-4.743079739788687299e-02
-4.739249623374919285e-02
-4.715822511871498729e-02
-4.698457933729905528e-02
-4.682894892025039196e-02
-4.672530015064389058e-02
-4.658175929601318654e-02
-4.656243703328155625e-02
-4.637734182147407180e-02
-4.628843529006788915e-02
-4.590030327884303540e-02
-4.576913588375823572e-02
-4.572621180613284375e-02
-4.556479971420386577e-02
-4.545669941029156086e-02
-4.531665308760660787e-02
-4.510042745469397540e-02
-4.505355247389820211e-02
-4.482519330609250480e-02
-4.468793478502645217e-02
-4.453248055674610684e-02
-4.439106519151204966e-02
-4.430887232743476595e-02
-4.428245359300152922e-02
-4.402589086467443430e-02
-4.398386709707844539e-02
-4.384239869016054447e-02
-4.365425580826492319e-02
-4.352321036650830949e-02
-4.343404262773757629e-02
-4.328969888760338808e-02
-4.323583569427170981e-02
-4.307135543418917634e-02
-4.298086076194766042e-02
-4.283476255508388703e-02
-4.283059371873317034e-02
-4.272509332804546450e-02
-4.258598474237986625e-02
-4.239877581800375467e-02
-4.210334320657553586e-02
-4.203448440398644542e-02
-4.190192103580690774e-02
-4.172540948775859543e-02
-4.149009039481180855e-02
-4.135842856830175551e-02
-4.122930405054817810e-02
-4.113651863014774340e-02
-4.106025057524464311e-02
-4.089795181488561221e-02
-4.068537432863700981e-02
-4.059644340220577158e-02
-4.050153286761280780e-02
-4.040776506250987749e-02
-4.025415131619923537e-02
-4.014922732609381428e-02
-4.001839435884928936e-02
-3.995661291931184439e-02
-3.991403525557347259e-02
-3.967860773340679131e-02
-3.958245482730388815e-02
-3.938574486108331607e-02
-3.929139374030596321e-02
-3.908485190899012307e-02
-3.901453293782453785e-02
-3.896513240182189475e-02
-3.882359804393889502e-02
-3.874189960555605300e-02
-3.859700257838401261e-02
-3.853505213806206198e-02
-3.827385340993794821e-02
-3.823557638397707958e-02
-3.820914277565504169e-02
-3.809561499368775001e-02
-3.782188349150341494e-02
-3.771520210031321929e-02
-3.758528365994035642e-02
-3.754917758204462386e-02
-3.729769196210299537e-02
-3.722436441250093209e-02
-3.712457642700791455e-02
-3.679158120613151839e-02
-3.672905384722849331e-02
-3.662714441574811686e-02
-3.652085503307493652e-02
-3.648265105528214480e-02
-3.633528810257387331e-02
-3.623972151832565575e-02
-3.611221786206004342e-02
-3.600021698662109193e-02
-3.592349750483007226e-02
-3.583015055980129371e-02
-3.560028293307269942e-02
-3.548968137497031383e-02
-3.538045394215494355e-02
-3.532206157879701908e-02
-3.528164526119965255e-02
-3.511500540324417885e-02
-3.503022171591600731e-02
-3.482935140606420454e-02
-3.467402091077313037e-02
-3.451965420302511439e-02
-3.445079279554805890e-02
-3.437116984896192856e-02
-3.428279335149895385e-02
-3.420600209755306903e-02
-3.419436811379476804e-02
-3.404146085727705745e-02
-3.397181133243675627e-02
-3.383669007673386492e-02
-3.373360930551801140e-02
-3.357649578479797448e-02
-3.340585712923185846e-02
-3.337026491375416626e-02
-3.319676953764469363e-02
-3.308470529387434050e-02
-3.297781933082486600e-02
-3.281287593555179405e-02
-3.272155993847365024e-02
-3.252663814975792489e-02
-3.242418744250685769e-02
-3.231499121853954187e-02
-3.227018642609105759e-02
-3.214867657330514050e-02
-3.203018873022800417e-02
-3.190476365365637473e-02
-3.185043120308911346e-02
-3.171018626279773628e-02
-3.159226769353183639e-02
-3.129590326580266452e-02
-3.113121135450088242e-02
-3.106663997364863053e-02
-3.099534295310056933e-02
-3.097507781243823144e-02
-3.088529377513146365e-02
-3.078684422986137717e-02
-3.062269188460659333e-02
-3.050815397012272140e-02
-3.047680791690931049e-02
-3.040095935266403857e-02
-3.019761584944341895e-02
-3.015651165829843355e-02
-3.006496277294401845e-02
-3.001751517742914238e-02
-2.970016595709638538e-02
-2.965513026131749025e-02
-2.962931079559526573e-02
-2.947175774572533338e-02
-2.942929820965363777e-02
-2.924723005839281395e-02
-2.921992243298068836e-02
-2.917366100363394735e-02
-2.902433547103898392e-02
-2.892381224228899109e-02
-2.879559071342634516e-02
-2.861018662980555419e-02
-2.858887468673857943e-02
-2.838533836868544630e-02
-2.832901364416846868e-02
-2.828360910312471485e-02
-2.802191882903807760e-02
-2.796983197769961280e-02
-2.787158039352744324e-02
-2.767935375258370398e-02
-2.762625441734129286e-02
-2.756082504153370069e-02
-2.747090986356726799e-02
-2.728018237838405677e-02
-2.719647030307090901e-02
-2.713577276032415331e-02
-2.700424464083637718e-02
-2.693218672217129531e-02
-2.689983250283086227e-02
-2.671601293087779924e-02
-2.668219124179534857e-02
-2.654443667963841610e-02
-2.650132635236614534e-02
-2.641095190792538960e-02
-2.633978464856782248e-02
-2.617125436522195481e-02
-2.608298144828584408e-02
-2.605884683837976501e-02
-2.594188225677049320e-02
-2.580597993151071204e-02
-2.560000218783564652e-02
-2.557234839953373765e-02
-2.553172189142715806e-02
-2.532897196455633285e-02
-2.517028398406897030e-02
-2.511810855946174786e-02
-2.499183570708594926e-02
-2.493928982791053517e-02
-2.488145502581433702e-02
-2.472831885676417610e-02
-2.463239637564908907e-02
-2.454846587270413660e-02
-2.435180327350218443e-02
-2.429662726112620866e-02
-2.420000236038469255e-02
-2.416660713069453473e-02
-2.395564427270212293e-02
-2.382580988578751266e-02
-2.376044650211777548e-02
-2.369227772908066160e-02
-2.356280324354077457e-02
-2.347283142243171417e-02
-2.343390354354469435e-02
-2.327580751084172561e-02
-2.323612209050543095e-02
-2.308022186048424088e-02
-2.294173446745867775e-02
-2.282874952883760106e-02
-2.279639586484046021e-02
-2.267158637277724709e-02
-2.258647679027615471e-02
-2.244665919105260504e-02
-2.240544685540956163e-02
-2.218980906126202107e-02
-2.217097803122589084e-02
-2.189805929848835306e-02
-2.185850622508488800e-02
-2.175478051039042224e-02
-2.160010427314216011e-02
-2.146630761961754522e-02
-2.136785267161308427e-02
-2.128486999557796522e-02
-2.127216971367282619e-02
-2.113351511321413800e-02
-2.107979035672823132e-02
-2.091926118727646319e-02
-2.066799915609733237e-02
-2.058765806689506761e-02
-2.050409470853230276e-02
-2.046329826937381968e-02
-2.036983698826851791e-02
-2.035245713587246000e-02
-2.020150262167047864e-02
-2.011033816086521195e-02
-2.006590797851269536e-02
-1.992540314313807903e-02
-1.980046193935524473e-02
-1.967846019179564712e-02
-1.961901590335945328e-02
-1.951183658216272196e-02
-1.945169550112729392e-02
-1.937511956062357849e-02
-1.933688111851009084e-02
-1.916824841549557082e-02
-1.908785681499082856e-02
-1.902236483833964070e-02
-1.892493372890538192e-02
-1.888097188384318600e-02
-1.880274279748992902e-02
-1.874105085152870387e-02
-1.866567705619034956e-02
-1.844587217172121568e-02
-1.841235147932583291e-02
-1.838241474727665345e-02
-1.826158827268938370e-02
-1.819657440895904379e-02
-1.802270753318939434e-02
-1.777733751941969545e-02
-1.766893394442661108e-02
-1.760699353191488500e-02
-1.746465425393731521e-02
-1.742352260930329910e-02
-1.731883386218134244e-02
-1.723390133445283287e-02
-1.717375530691893012e-02
-1.706048011287759555e-02
-1.694050873712520458e-02
-1.683860108197936592e-02
-1.666833039453672824e-02
-1.664147485264688697e-02
-1.653349549699823992e-02
-1.645926459397543257e-02
-1.624637115699480161e-02
-1.618881685346081414e-02
-1.615508739295417814e-02
-1.591989135650238862e-02
-1.583764768487376864e-02
-1.559805362476999503e-02
-1.557440288647111981e-02
-1.549231037630085552e-02
-1.541648373574860086e-02
-1.539009304892868628e-02
-1.532448166212574230e-02
-1.527725823647733960e-02
-1.512048304047867997e-02
-1.505507547183955463e-02
-1.486762191081818577e-02
-1.476673617399654019e-02
-1.466038622656188825e-02
-1.460304666849414172e-02
-1.447337461767153263e-02
-1.437867894524056701e-02
-1.429921657940795739e-02
-1.421353487219398012e-02
-1.414834424827832865e-02
-1.397180880855200362e-02
-1.393947081602111247e-02
-1.383363815105391643e-02
-1.376784983296694062e-02
-1.361273291059021499e-02
-1.354023685941380291e-02
-1.335313975867270277e-02
-1.333216208932444004e-02
-1.327546019509486842e-02
-1.315524118179601382e-02
-1.307337126851537516e-02
-1.294169356215101041e-02
-1.289850422745122786e-02
-1.281397264182252207e-02
-1.261730528088792457e-02
-1.255717732031427086e-02
-1.244248147059439161e-02
-1.234514417230398592e-02
-1.225075419751871578e-02
-1.218583811780547116e-02
-1.210548964744209005e-02
-1.204209662018026344e-02
-1.197698321491017480e-02
-1.174915529034105746e-02
-1.166783748745727108e-02
-1.149726949393555832e-02
-1.139002321841473334e-02
-1.137186238042025427e-02
-1.128933015412404359e-02
-1.108118650526881618e-02
-1.103279651703041424e-02
-1.093425047530768163e-02
-1.092262647852865719e-02
-1.080051478692168991e-02
-1.069403352424815566e-02
-1.052428968052103279e-02
-1.047316166286893328e-02
-1.039930019553866533e-02
-1.027111429809376107e-02
-1.016981411969290414e-02
-1.012252233529742709e-02
-1.001415608949524430e-02
-9.910316584711609603e-03
-9.821321007905246814e-03
-9.784111629715123645e-03
-9.640248307729148286e-03
-9.612539017729045468e-03
-9.533902951550508875e-03
-9.440442589103465940e-03
-9.368860610513878723e-03
-9.197687889571265138e-03
-9.131846901965945396e-03
-8.915736897424872756e-03
-8.836492407985216402e-03
-8.708752772219739702e-03
-8.659903351792147541e-03
-8.551780203290894680e-03
-8.443020927228189060e-03
-8.382867358594317878e-03
-8.319729808020606687e-03
-8.200419013477761032e-03
-8.035755547792714296e-03
-7.957630536938637908e-03
-7.861820495864431380e-03
-7.776688561143949366e-03
-7.716395913423242450e-03
-7.691446816521349018e-03
-7.533344479086994880e-03
-7.421641819943342912e-03
-7.363628957283411061e-03
-7.212149209298811953e-03
-7.174500325240001052e-03
-6.994945668103141195e-03
-6.917922713116158098e-03
-6.784815772543293690e-03
-6.716797776223237641e-03
-6.510567672797670964e-03
-6.485836084337041722e-03
-6.408014760061440072e-03
-6.341727930836087157e-03
-6.278780821082267580e-03
-6.222534616210954710e-03
-6.173445853286489704e-03
-5.936764320947444593e-03
-5.903084087708132706e-03
-5.795610276406125069e-03
-5.656964168292149750e-03
-5.557503070863332659e-03
-5.525507583161064391e-03
-5.417559591325141373e-03
-5.242527428567278318e-03
-5.123602942606951365e-03
-5.117429272253479905e-03
-5.022430290543966960e-03
-4.972193915899580756e-03
-4.894949604131344778e-03
-4.854878699902995774e-03
-4.690946569684321076e-03
-4.608672483944722259e-03
-4.575146630390650691e-03
-4.422485883422393703e-03
-4.330775403183939609e-03
-4.276313710031675284e-03
-4.132453576432611186e-03
-4.084144534496194322e-03
-3.899368333512076741e-03
-3.791313411402115648e-03
-3.769908979208128844e-03
-3.693905965848266314e-03
-3.548736647018533186e-03
-3.444109747201113802e-03
-3.340787175463056421e-03
-3.111442794006987183e-03
-3.072144871303311361e-03
-2.997651079088938571e-03
-2.957902529642224276e-03
-2.870185582567719249e-03
-2.764776217753187482e-03
-2.623651255957991195e-03
-2.514182997854518854e-03
-2.404668541523550390e-03
-2.310321182748761599e-03
-2.258837790470012447e-03
-2.109676221488328545e-03
-2.098057288084283819e-03
-1.987500273494065620e-03
-1.911466981634730002e-03
-1.840177935076701098e-03
-1.660120082368631619e-03
-1.629966313999178492e-03
-1.510422476712321724e-03
-1.459780893273194494e-03
-1.337785951993290378e-03
-1.287645587772740441e-03
-1.188242019165443916e-03
-1.092672475545191811e-03
-1.030919677357951128e-03
-8.771902766408187823e-04
-8.481123662099155150e-04
-7.414801571991174204e-04
-5.602575043961613259e-04
-4.588343514311575902e-04
-3.710734122086909847e-04
-2.471773632324026065e-04
-1.903515446616574716e-04
-5.245140724221029416e-05
8.475306077369740114e-05
1.204354573662778341e-04
2.309534401291889498e-04
3.050290932411982465e-04
4.016234570566709259e-04
5.424032579242867502e-04
5.574826919787697352e-04
7.113075428272758573e-04
7.704381346907426343e-04
7.944506558197080405e-04
8.321541053765727988e-04
1.029743051968955896e-03
1.151266026010715681e-03
1.274154681298720780e-03
1.323064858900665532e-03
1.386812464013728770e-03
1.474368000802169735e-03
1.539160711727549213e-03
1.691175860100063277e-03
1.749124516413767772e-03
1.901142470149859778e-03
2.141118245302308428e-03
2.178390692692072639e-03
2.338381139010110334e-03
2.393908537253806260e-03
2.442489515807918024e-03
2.603863181026786541e-03
2.630605803634286557e-03
2.653657092938325242e-03
2.824195393633257330e-03
2.913916181865835228e-03
2.998553640845203448e-03
3.044056560923056546e-03
3.124192613095480662e-03
3.213846261537550968e-03
3.331260271068144443e-03
3.386875706425461225e-03
3.506175702803298027e-03
3.635302741846834374e-03
3.778043065423416277e-03
3.832184872916001833e-03
3.885889516843293433e-03
4.004073322603864983e-03
4.101827938473817485e-03
4.250971580986720628e-03
4.314141830884821519e-03
4.400737267552077767e-03
4.464736213116992335e-03
4.527927358476563705e-03
4.659421293577885488e-03
4.823381393808790982e-03
4.929750006282016678e-03
4.973670032269478236e-03
5.066456975694991378e-03
5.240764805054318534e-03
5.407358511749846622e-03
5.437177976431637437e-03
5.543470627352367099e-03
5.617304278435226311e-03
5.647516591645872046e-03
5.860588659509925746e-03
5.881545763171488854e-03
6.050540872319956805e-03
6.111899563211096315e-03
6.190089046181864070e-03
6.248377483927957873e-03
6.418332877276729242e-03
6.485910009846434544e-03
6.547800525993038509e-03
6.672247802901639345e-03
6.885050849978759449e-03
6.988616284269176353e-03
7.070427692216880826e-03
7.184744815369010010e-03
7.252486103927363939e-03
7.369171877732451706e-03
7.560707943734555625e-03
7.678627558375632559e-03
7.747594537220106083e-03
7.822077515760545580e-03
7.876879228354675272e-03
7.920657387691189266e-03
8.013178996354607467e-03
8.075570381828500038e-03
8.156153485246881926e-03
8.229145548158522255e-03
8.358013335682607653e-03
8.419357708082903652e-03
8.630571220347070527e-03
8.673485207606730293e-03
8.739532969193912135e-03
8.954441214284829947e-03
9.043894136979622328e-03
9.048852753489350365e-03
9.151829439664154256e-03
9.290822598915138633e-03
9.436719045501295103e-03
9.522235095575206157e-03
9.551930265589529678e-03
9.640341155749420493e-03
9.724896693172216042e-03
9.817226570893577281e-03
9.913540548670345467e-03
1.006970468614783350e-02
1.011168585478827188e-02
1.027764681970091444e-02
1.028204542617264239e-02
1.040525484792180835e-02
1.053279041976784222e-02
1.062379831713316722e-02
1.074329458620434767e-02
1.078313798041694721e-02
1.089099046735962813e-02
1.092288076107916610e-02
1.115191933286117584e-02
1.123323814029243521e-02
1.130612556249638821e-02
1.141165758277635188e-02
1.147075988367712331e-02
1.151092908314751799e-02
1.159694574957249348e-02
1.170166875492329069e-02
1.175531655142916798e-02
1.193964530718913571e-02
1.195656096628685064e-02
1.210383046942956758e-02
1.219006825275317438e-02
1.230190572039544829e-02
1.240001525176336744e-02
1.251830157147738008e-02
1.258198239263699086e-02
1.269447538908956459e-02
1.291345440832257670e-02
1.297184903272664835e-02
1.309810312189813898e-02
1.318048426252749553e-02
1.323543502514180729e-02
1.336529188825063587e-02
1.340128503560941015e-02
1.356682607960951747e-02
1.371240789400549227e-02
1.379085834438061736e-02
1.390095140569015154e-02
1.390584108250077569e-02
1.398898214232982030e-02
1.409377765647475481e-02
1.416057182176961964e-02
1.436443349227712815e-02
1.437649715663268622e-02
1.455924465280875567e-02
1.464148363592718792e-02
1.483189641746375173e-02
1.484651195115314209e-02
1.492596760433046767e-02
1.496091583605456410e-02
1.510307132168412989e-02
1.521795884996820017e-02
1.529932303751841034e-02
1.545226892803632478e-02
1.550719890324048396e-02
1.571554872233962147e-02
1.574809695770222617e-02
1.582682574088785377e-02
1.589255119700624247e-02
1.600435457131046957e-02
1.611308140296563787e-02
1.613895017017150449e-02
1.626090530470097537e-02
1.637800896270937695e-02
1.639993567963944979e-02
1.665775560622913265e-02
1.678150011803103414e-02
1.689303465646885966e-02
1.699082712746086479e-02
1.702932859912348329e-02
1.722166299046598917e-02
1.726864242637211194e-02
1.737010323903543513e-02
1.744911828657824682e-02
1.763887006639407520e-02
1.776715398093041409e-02
1.781622957368354104e-02
1.785809190484426850e-02
1.799231122026400884e-02
1.806572747525517914e-02
1.810462116578131359e-02
1.821771744030293086e-02
1.832104595929556420e-02
1.845810698691755306e-02
1.846857266737758282e-02
1.853537759459809864e-02
1.870896269373132151e-02
1.888444837610124202e-02
1.901390045839154719e-02
1.905744596972776955e-02
1.911325482795826411e-02
1.923231840188448574e-02
1.935159010426350593e-02
1.940578779172367346e-02
1.954950313350463029e-02
1.965462290344789989e-02
1.966647721933150253e-02
1.988508930496322297e-02
1.998847824013309793e-02
2.005648584759027464e-02
2.017797700364486885e-02
2.026088811296141226e-02
2.042319597127548528e-02
2.047240471630874803e-02
2.059441454395563240e-02
2.064903173093029023e-02
2.069229910890906660e-02
2.082781255206092932e-02
2.097237553625153419e-02
2.108268410257618450e-02
2.124678344507922867e-02
2.126877548255948908e-02
2.128114970810413703e-02
2.155758467364679229e-02
2.165173556650224970e-02
2.184451672828751148e-02
2.188793082036007143e-02
2.191673193449392154e-02
2.198433895070472585e-02
2.208718799448187650e-02
2.216860355610423411e-02
2.217613107079193999e-02
2.243047230506838019e-02
2.259345187334203461e-02
2.272308478227321946e-02
2.280962373638885377e-02
2.294658243757027177e-02
2.300773056464194485e-02
2.309869735583271882e-02
2.320982376875552547e-02
2.332576577381267197e-02
2.342386839894241776e-02
2.355642854622912175e-02
2.358999672148216070e-02
2.363375626798620496e-02
2.372648627075958985e-02
2.385920527375091915e-02
2.394457726331581868e-02
2.414055990429922124e-02
2.426769291491579980e-02
2.436869526368687713e-02
2.444919645227594182e-02
2.456786594205722513e-02
2.465236274171562006e-02
2.472920612043155025e-02
2.481919439113603257e-02
2.501446906367241554e-02
2.508334416759152793e-02
2.514196853917792865e-02
2.536552663606645927e-02
2.539430892948542351e-02
2.549239122683944619e-02
2.555092355276111435e-02
2.561067210521945567e-02
2.574170990382512736e-02
2.577621246341900429e-02
2.589214168512964445e-02
2.605895158179041479e-02
2.610032453681241857e-02
2.624308491310481384e-02
2.636803807619994902e-02
2.647741478722942174e-02
2.658790166112396866e-02
2.666268326295771068e-02
2.674812117375676215e-02
2.682113399614915322e-02
2.698631093320494681e-02
2.716302363320595437e-02
2.729318772308168828e-02
2.740731216808739087e-02
2.748440758543860621e-02
2.755231347850093174e-02
2.762914892962183705e-02
2.772037865948185145e-02
2.781764757185471379e-02
2.798951244205899816e-02
2.811370245078786967e-02
2.820631368403421491e-02
2.833183213030050079e-02
2.839754041733375325e-02
2.852085908318427801e-02
2.857229790597210980e-02
2.865654175617512664e-02
2.876509395184384879e-02
2.896749021035446847e-02
2.903095248155988101e-02
2.910096228694272064e-02
2.925331578677786010e-02
2.943662581072523099e-02
2.947158508303467789e-02
2.968573157071884017e-02
2.975679998680963792e-02
2.986552894589722396e-02
2.992268878850967359e-02
3.005816657995364488e-02
3.019002777531534787e-02
3.026933247380167447e-02
3.034544957895155687e-02
3.045490786139630479e-02
3.066445970170051868e-02
3.072495304975015815e-02
3.085308614874437971e-02
3.097184567878464787e-02
3.114744016393712969e-02
3.119693841017403407e-02
3.125059051157208501e-02
3.136350463684493134e-02
3.146799153765345025e-02
3.157360945004007019e-02
3.167146563115121743e-02
3.182912182417600711e-02
3.188648231367818831e-02
3.190019392111066027e-02
3.205433646808303338e-02
3.213645189260949664e-02
3.218719471766660206e-02
3.231078018822278880e-02
3.244747554376797849e-02
3.254275729993862110e-02
3.267290507189454796e-02
3.270761771697123371e-02
3.283832335520797674e-02
3.297740556428842285e-02
3.318304291049885973e-02
3.325620944532949042e-02
3.334655545513332681e-02
3.341265786895398354e-02
3.351641944084154945e-02
3.374632432894154876e-02
3.384262967760523488e-02
3.400146793390521061e-02
3.406674352348046386e-02
3.417508663585456380e-02
3.429332966382522829e-02
3.437872770049748422e-02
3.450653554968367842e-02
3.456033689718925050e-02
3.468230917130903784e-02
3.475986016476563523e-02
3.494907203611279101e-02
3.499854526208050903e-02
3.523100843079447070e-02
3.529004979363805500e-02
3.532404314841749993e-02
3.551279899826165209e-02
3.555614208644550939e-02
3.566221228718000069e-02
3.584047619910572802e-02
3.599957056283197010e-02
3.619475355123155658e-02
3.626921094643167226e-02
3.638757546283716976e-02
3.657004384775339872e-02
3.667711945439455778e-02
3.683340476277735531e-02
3.702683283555415622e-02
3.712912987117911873e-02
3.722143987538515525e-02
3.724799942204029546e-02
3.737366035670311448e-02
3.744511913668141512e-02
3.762914129823127091e-02
3.778636293671486929e-02
3.786071785539808082e-02
3.793249470540947799e-02
3.804022584295509851e-02
3.824490151296549428e-02
3.827823290225323971e-02
3.840436648831993538e-02
3.858838000517790523e-02
3.871013484500782781e-02
3.888374676273393532e-02
3.898817414085314903e-02
3.904635014425084788e-02
3.911012552020889238e-02
3.944778540012973400e-02
3.948088686967796829e-02
3.952169480360944592e-02
3.965137786022990968e-02
3.971148296156942759e-02
3.982782750904207553e-02
3.989496759745052301e-02
4.012383879749421844e-02
4.031715554260486417e-02
4.038707172085806429e-02
4.055439961589488163e-02
4.075870015356586329e-02
4.082062367291613286e-02
4.090201781910901557e-02
4.109335296361412565e-02
4.134294169559771248e-02
4.135484966199361179e-02
4.150970614002231357e-02
4.162644651508996818e-02
4.173698000943937281e-02
4.197218249712060534e-02
4.204438252773746304e-02
4.211169828018187372e-02
4.244891728601648401e-02
4.260403490990381098e-02
4.264403650434058640e-02
4.275424540933617928e-02
4.296230526509594444e-02
4.308044516359767900e-02
4.320861043088407294e-02
4.325641911070107759e-02
4.332896557334343923e-02
4.367241293330030583e-02
4.378062463269294380e-02
4.387886357073908505e-02
4.408844787118103292e-02
4.434324502506210852e-02
4.438619782104236133e-02
4.449836763473957735e-02
4.455742488905433535e-02
4.464736387211372393e-02
4.479824169330685196e-02
4.498480177708420041e-02
4.503127125821517612e-02
4.524723041705114301e-02
4.538250299717356412e-02
4.548253105319717549e-02
4.559219288549786614e-02
4.570512809436240442e-02
4.576348209363287345e-02
4.589522814587441990e-02
4.612985685029574734e-02
4.628178557947042193e-02
4.645729245979402650e-02
4.649835347250735190e-02
4.669374407171911906e-02
4.684693647553025975e-02
4.695666384900392537e-02
4.723189991455851999e-02
4.730260471821707419e-02
4.733968362855329320e-02
4.750210757772341946e-02
4.768212694462357210e-02
4.777011951124954942e-02
4.791295432552073602e-02
4.824920869381856686e-02
4.832193982822972911e-02
4.845614842149409407e-02
4.869944142278805066e-02
4.878713244508624952e-02
4.894456223869925876e-02
4.908822171159644976e-02
4.927037362625633771e-02
4.931603179788177083e-02
4.949409142322033772e-02
4.953646108918106222e-02
4.989264832345703671e-02
5.013323447968975888e-02
5.028178760017110865e-02
5.032781164735564139e-02
5.039789772208792817e-02
5.066682647460236943e-02
5.083752596130143575e-02
5.095181158699305796e-02
5.113202961363650517e-02
5.125234785949287636e-02
5.147212120267786323e-02
5.158568864698857143e-02
5.194467356859138601e-02
5.214087068718559898e-02
5.235218477005024879e-02
5.254597840275344184e-02
5.269702991304816425e-02
5.291243929473219559e-02
5.300214872157048285e-02
5.313015066747697746e-02
5.349033661315376331e-02
5.362776377460721361e-02
5.371652371987285096e-02
5.380196623957025220e-02
5.404985636081210965e-02
5.425484535605970549e-02
5.434798343505793661e-02
5.446695772404154534e-02
5.473885734261427910e-02
5.488165806207184055e-02
5.513872109353407797e-02
5.537580322736978394e-02
5.567839007310892985e-02
5.600267022389218002e-02
5.620566314552355447e-02
5.639925323531826129e-02
5.682913835795880275e-02
5.684588815583362792e-02
5.705044880711024335e-02
5.724066194329031909e-02
5.760475115531593637e-02
5.774216597556582758e-02
5.790825594853858671e-02
5.812469309407428120e-02
5.843445146764587178e-02
5.864662626918678429e-02
5.874487454964194555e-02
5.918378464706312847e-02
5.967144915417240542e-02
6.010599776046404025e-02
6.049320304297486212e-02
6.089978992078715070e-02
6.134443527284016984e-02
6.204418835912520885e-02
6.244001851258098451e-02
