-6.226646842137777832e-02
-6.105356567505099835e-02
-6.083338385776245610e-02
-6.043184929328120764e-02
-6.002780074644228914e-02
-5.981793392021191036e-02
-5.951249515743452928e-02
-5.901606977569456153e-02
-5.896708208160225673e-02
-5.870645815198310968e-02
-5.820497248056611533e-02
-5.799093036043790478e-02
-5.778877082649974684e-02
-5.753559600760959486e-02
-5.750518254077994357e-02
-5.711382244666351332e-02
-5.691046109148503729e-02
-5.678709542517471065e-02
-5.652765662692529197e-02
-5.643682156667006317e-02
-5.611074830896936594e-02
-5.600712839875784249e-02
-5.560767204648092710e-02
-5.548586456415719598e-02
-5.540174172892055326e-02
-5.519016241928079852e-02
-5.495952505313998759e-02
-5.459442474911636173e-02
-5.445462536107466972e-02
-5.411434174231476157e-02
-5.379161294650361413e-02
-5.370204990024882163e-02
-5.363854081605402835e-02
-5.344967449630927403e-02
-5.306914943884862013e-02
-5.293964826841044552e-02
-5.287049584087977205e-02
-5.275003468182305061e-02
-5.238235603714416072e-02
-5.224685770755690267e-02
-5.200126670196529577e-02
-5.186549399386058273e-02
-5.172691212352485690e-02
-5.166097709548792688e-02
-5.142003754758134315e-02
-5.122784467678179882e-02
-5.116126012063822864e-02
-5.087297002353100700e-02
-5.068786944980226833e-02
-5.040933417063239025e-02
-5.030011429408901003e-02
-5.011672588606947559e-02
-4.991227033637803123e-02
-4.975822926677594266e-02
-4.956563564287368162e-02
-4.940753291594588564e-02
-4.936461478707888234e-02
-4.917194579718049685e-02
-4.907056161770070174e-02
-4.890245644777367617e-02
-4.874261787394123385e-02
-4.849827053448876879e-02
-4.842352436177650710e-02
-4.827502795097772526e-02
-4.818917235290990503e-02
-4.806637255601539649e-02
-4.784547245478832506e-02
-4.776358033515162166e-02
-4.750847722614286173e-02
-4.747399393624435887e-02
-4.719189569681053048e-02
-4.706293066864240121e-02
-4.692249181375477557e-02
-4.691355475797728131e-02
-4.664798256963920836e-02
-4.643745608814959375e-02
-4.631917093495609844e-02
-4.617115543644279008e-02
-4.595340321459110561e-02
-4.583750710267264772e-02
-4.575446746674466381e-02
-4.554780032084064512e-02
-4.542727138502782730e-02
-4.524888758269988986e-02
-4.519089395765479161e-02
-4.517447855666106155e-02
-4.510970986769946567e-02
-4.496721022546544544e-02
-4.487004254963027766e-02
-4.455714759091160965e-02
-4.454123836075656040e-02
-4.423460762454092809e-02
-4.409609148011674890e-02
-4.396868622932353227e-02
-4.394396767912839286e-02
-4.368392510634445253e-02
-4.356057591312303967e-02
-4.343120908903597144e-02
-4.338111147124942835e-02
-4.322099194496062391e-02
-4.305744187533930983e-02
-4.292833252993463050e-02
-4.286680605305406150e-02
-4.278294705029963424e-02
-4.271686244698001678e-02
-4.251688600992007544e-02
-4.245368992045329276e-02
-4.234393480449503977e-02
-4.219181696900371065e-02
-4.200359841173073594e-02
-4.186145153017388487e-02
-4.179363565903113087e-02
-4.168817699978968894e-02
-4.144519469826153657e-02
-4.140446391330120102e-02
-4.121461750022035325e-02
-4.108711512506454250e-02
-4.090567586748271312e-02
-4.083076418232273880e-02
-4.071669487601996262e-02
-4.063060690437054340e-02
-4.046565659120978514e-02
-4.041109673754041121e-02
-4.032468620110120361e-02
-4.016487052276647429e-02
-4.005968234483005957e-02
-3.999178195843421102e-02
-3.971363062561407420e-02
-3.961493035941232588e-02
-3.957356526519904133e-02
-3.936881078372151538e-02
-3.927278240556266592e-02
-3.921317753643049214e-02
-3.905739914929805268e-02
-3.887069940322061823e-02
-3.877149057013361960e-02
-3.857652645152767623e-02
-3.851413013210085862e-02
-3.836077947316312436e-02
-3.829317508508734563e-02
-3.812654840269543571e-02
-3.794849766543705039e-02
-3.781673987594285496e-02
-3.777197146044099230e-02
-3.760214335926437279e-02
-3.749817104405686607e-02
-3.743785927050620466e-02
-3.722730083077798596e-02
-3.710841449437279893e-02
-3.703959321938313926e-02
-3.690659088256673104e-02
-3.678498314641229228e-02
-3.665785893346212854e-02
-3.652343158808295936e-02
-3.643351895123141809e-02
-3.627865829647620999e-02
-3.619347280531582528e-02
-3.608825784321555152e-02
-3.601258503468861283e-02
-3.578683434753511527e-02
-3.557127202510330238e-02
-3.551775208643617732e-02
-3.548184642323688048e-02
-3.526188819906807270e-02
-3.517840715086908987e-02
-3.505801386428696043e-02
-3.494341909900942900e-02
-3.480741902627638995e-02
-3.474710378961563123e-02
-3.465943902173970748e-02
-3.457464212109567087e-02
-3.445024435751890823e-02
-3.431039008296792731e-02
-3.418946018202753678e-02
-3.414180344169702452e-02
-3.404079999135160850e-02
-3.393378362002943960e-02
-3.384440231857990117e-02
-3.371075718878427385e-02
-3.356404478013300108e-02
-3.347591999549304892e-02
-3.334563500700291755e-02
-3.329091024868452431e-02
-3.313354196285665104e-02
-3.301157406660166355e-02
-3.284726283714373835e-02
-3.266731399971959521e-02
-3.253051589044338859e-02
-3.243935904405353954e-02
-3.232670558357596952e-02
-3.219295688138699985e-02
-3.208465283045830452e-02
-3.197032967933050723e-02
-3.191612753992340012e-02
-3.187550059532977959e-02
-3.178581230090390258e-02
-3.160603364130705473e-02
-3.147128946736946903e-02
-3.139805067003702960e-02
-3.124623023172687711e-02
-3.122627072125844921e-02
-3.107172811836875909e-02
-3.096004726866568441e-02
-3.085679376783318981e-02
-3.080110984648518069e-02
-3.077196220282758105e-02
-3.050895654476588892e-02
-3.048019270454594906e-02
-3.033618412227918545e-02
-3.021118336344690361e-02
-3.009836055505584265e-02
-3.008273177698976911e-02
-2.992715337631996278e-02
-2.980562563499880233e-02
-2.969706327515609506e-02
-2.947156905117434209e-02
-2.943564552393672720e-02
-2.928314628305344475e-02
-2.916435740778029403e-02
-2.909693581992071204e-02
-2.892183613690926108e-02
-2.886584737046539451e-02
-2.877924493398013872e-02
-2.862487689741493452e-02
-2.853351813903556161e-02
-2.842948896319281993e-02
-2.835935700897088824e-02
-2.830760483503336200e-02
-2.816080810521801731e-02
-2.804927783895529159e-02
-2.799558033476818794e-02
-2.793911580724578458e-02
-2.785267497616249893e-02
-2.770608013348009255e-02
-2.762238547207510400e-02
-2.755964664991361959e-02
-2.738949247612017940e-02
-2.711513673575611030e-02
-2.703838344510720026e-02
-2.699767116416317350e-02
-2.687343320758281418e-02
-2.678583442673633866e-02
-2.665087174532136671e-02
-2.657844441022132534e-02
-2.656075373397800282e-02
-2.641651709315334662e-02
-2.633579884242953986e-02
-2.626092868848112216e-02
-2.619002557479649732e-02
-2.594484390433273932e-02
-2.578883947789915171e-02
-2.572358720358969286e-02
-2.565777993870172261e-02
-2.562540846548675907e-02
-2.547715167824157745e-02
-2.542027347127768025e-02
-2.534243685397441492e-02
-2.526890651680007219e-02
-2.515219986301381327e-02
-2.500552684888474389e-02
-2.494319356644119842e-02
-2.477895530463952029e-02
-2.463799846585349590e-02
-2.459761873011916816e-02
-2.456549064606068991e-02
-2.443265501106451493e-02
-2.429189904891614071e-02
-2.418471710701011398e-02
-2.412703388522498965e-02
-2.405211713219277195e-02
-2.396183229399292958e-02
-2.388151133240778989e-02
-2.370332163915701146e-02
-2.354108178289080963e-02
-2.341824832759332661e-02
-2.340427966698104337e-02
-2.334055621276939427e-02
-2.313895172669688458e-02
-2.298071209281829855e-02
-2.289309699057705261e-02
-2.285477774625209804e-02
-2.272841316563272221e-02
-2.265652818628806006e-02
-2.254099599188693487e-02
-2.247027924033490401e-02
-2.235284955478608615e-02
-2.225342360025937827e-02
-2.219135354499187848e-02
-2.211122558558873546e-02
-2.207380570050388943e-02
-2.184289848052332200e-02
-2.168169045261127137e-02
-2.156622434560552526e-02
-2.151152202945167541e-02
-2.145330104263639542e-02
-2.123883628869716739e-02
-2.109906844857522071e-02
-2.105428162151918442e-02
-2.087800288349360434e-02
-2.081259768801630231e-02
-2.070315229166664814e-02
-2.063091179685001483e-02
-2.055496422197508263e-02
-2.048240569807833686e-02
-2.043550803745571368e-02
-2.031314717960920960e-02
-2.018083691685076952e-02
-2.004169657167941682e-02
-1.989123352840825240e-02
-1.978299823680995662e-02
-1.974978658143318466e-02
-1.959205740614963082e-02
-1.952036657641008713e-02
-1.947485376167715568e-02
-1.932244450839509797e-02
-1.925317711253953998e-02
-1.916460598305525301e-02
-1.902177891279782304e-02
-1.894011387570264729e-02
-1.878232662428908420e-02
-1.866580990874533441e-02
-1.855445728277703779e-02
-1.851082075094387380e-02
-1.840069428694896675e-02
-1.830105310649103936e-02
-1.816944343611695892e-02
-1.811976869390474754e-02
-1.797045607691627120e-02
-1.781597185438372338e-02
-1.774863005887191564e-02
-1.755205252883315636e-02
-1.739449398253253842e-02
-1.732796548539142570e-02
-1.729385458307814566e-02
-1.723502204923671802e-02
-1.717443549596622820e-02
-1.705982956874875500e-02
-1.699484655508041314e-02
-1.690147027479387692e-02
-1.687041345285628449e-02
-1.671327932309318517e-02
-1.659111158335101893e-02
-1.651193496074801481e-02
-1.640531774082312072e-02
-1.629196047242991233e-02
-1.617922386854207112e-02
-1.614502763411215097e-02
-1.604433436230860363e-02
-1.593289792108791222e-02
-1.582130228628723587e-02
-1.578085705651615864e-02
-1.563263603314089464e-02
-1.555641124242786860e-02
-1.543466498214012342e-02
-1.534609785952912447e-02
-1.525975179495824875e-02
-1.515334682173418920e-02
-1.507997659184769079e-02
-1.504609743847857596e-02
-1.480118031338949029e-02
-1.477992528369082882e-02
-1.462227985968505596e-02
-1.457818012894557605e-02
-1.448149958613482481e-02
-1.433888778965315691e-02
-1.410851610345967982e-02
-1.404209521079905452e-02
-1.396158190392778747e-02
-1.390067743016294016e-02
-1.379417110653920024e-02
-1.374123125770591695e-02
-1.354087817411609232e-02
-1.348929109140233236e-02
-1.345667638255949004e-02
-1.328979547191988693e-02
-1.324662054222176984e-02
-1.315369538941715648e-02
-1.304756763760766061e-02
-1.297954880751576653e-02
-1.288660898872840202e-02
-1.273259416457159406e-02
-1.265367373022275449e-02
-1.254592333550754238e-02
-1.233072634067908582e-02
-1.227229495229229493e-02
-1.218166421802439371e-02
-1.213127628770332284e-02
-1.207952453000859031e-02
-1.193611201012840205e-02
-1.183491736330286731e-02
-1.169632612256970433e-02
-1.161461530815013216e-02
-1.148981362007376640e-02
-1.136692427643589721e-02
-1.131999916280055155e-02
-1.118224056690033177e-02
-1.108327627795743613e-02
-1.096453993602281712e-02
-1.081617357049483204e-02
-1.070827610096779930e-02
-1.064399232194938351e-02
-1.058105242985113090e-02
-1.040731886734535920e-02
-1.032969467974940124e-02
-1.018646348969937457e-02
-1.016152806974690917e-02
-1.006203276819580238e-02
-1.003221091095168882e-02
-9.955536409242436019e-03
-9.913317164371542034e-03
-9.747651506895379375e-03
-9.637797351268092769e-03
-9.562267769765651557e-03
-9.486812618709636324e-03
-9.410896402781105535e-03
-9.325996135515324248e-03
-9.262682929192947792e-03
-9.100374046881843509e-03
-8.965703453844377224e-03
-8.869411105805878603e-03
-8.798183836300486546e-03
-8.700683530103836549e-03
-8.501746996059550074e-03
-8.473873701734494987e-03
-8.446437264224095076e-03
-8.360881716767510491e-03
-8.216259607022009109e-03
-8.123094538101090570e-03
-8.079798573047958926e-03
-7.972744062774910628e-03
-7.840945529218004695e-03
-7.737757455425919688e-03
-7.561265134902318656e-03
-7.518047203721000063e-03
-7.413205108601676231e-03
-7.306219627069131944e-03
-7.208158989939443886e-03
-7.148588340227141590e-03
-7.111584035279249795e-03
-7.067534424165250982e-03
-6.874809816881376733e-03
-6.826928708646917525e-03
-6.676508596538464728e-03
-6.620235567350777825e-03
-6.551233676266417921e-03
-6.461762049182464759e-03
-6.393033519594885569e-03
-6.283123258273922915e-03
-6.195029819783829696e-03
-6.040417783620216641e-03
-5.917478338364277890e-03
-5.804513594213038877e-03
-5.791816590625478191e-03
-5.628917959370769233e-03
-5.353679651666069274e-03
-5.339869584446548141e-03
-5.241939247976575185e-03
-5.173597343258758488e-03
-5.112405776250502666e-03
-5.068350066012725780e-03
-4.945456748974183872e-03
-4.842568933053225180e-03
-4.797112738803127260e-03
-4.648290783714894431e-03
-4.535731750210192023e-03
-4.440979662388909628e-03
-4.366812082569324072e-03
-4.174843211477744301e-03
-4.139692567975490796e-03
-4.129356342257063661e-03
-4.089026956669234228e-03
-3.885875469287491252e-03
-3.793848273509883851e-03
-3.718951058239782208e-03
-3.615891131586700287e-03
-3.450378856355596716e-03
-3.419434439670935352e-03
-3.307120609693010686e-03
-3.237863242120511686e-03
-3.179099558664011220e-03
-3.093180305064937782e-03
-2.936338398360653634e-03
-2.766497297762369589e-03
-2.700484727766122063e-03
-2.613964737107813893e-03
-2.560689024782715050e-03
-2.438217395087097488e-03
-2.319024455218754877e-03
-2.297227710258535789e-03
-2.110349520828299404e-03
-2.023153175246608648e-03
-1.890997899313443323e-03
-1.820144492668166565e-03
-1.763485462814095824e-03
-1.653148213013982005e-03
-1.568197017242679847e-03
-1.463476763079887052e-03
-1.366637614785418293e-03
-1.323359104904430709e-03
-1.235269144950839086e-03
-1.096559632716337428e-03
-9.993917246809704783e-04
-9.359043522538627868e-04
-8.303636127876862401e-04
-6.675150903668545513e-04
-6.191715991696084172e-04
-5.585664053530452157e-04
-4.662561872340924502e-04
-3.833887512932554410e-04
-1.913031169884431650e-04
-1.330385730955135459e-04
-8.007211895363715759e-05
8.061258506590989717e-05
1.558695239462471957e-04
2.675904138695968013e-04
3.361728845966756199e-04
3.707075072903099787e-04
4.941577697803431523e-04
6.422920369776785512e-04
7.431535191086248784e-04
7.710362744719937529e-04
9.138258885061765644e-04
9.736881045139273577e-04
1.167358689602064539e-03
1.185856363407798101e-03
1.301008400166512322e-03
1.322304231413403905e-03
1.432390851528365146e-03
1.570483500466326706e-03
1.592499558676757025e-03
1.632125569966767038e-03
1.688879592847112232e-03
1.824275523445767402e-03
2.053814340415303745e-03
2.141117572583533645e-03
2.284817466182744936e-03
2.388649224109916022e-03
2.513532018638162373e-03
2.547172601530370110e-03
2.594532301983566713e-03
2.692186731204367512e-03
2.808934137545883013e-03
2.836435707169787570e-03
2.983044537966221717e-03
3.122193648405109656e-03
3.269061551595920604e-03
3.366815282970784390e-03
3.485435296265237005e-03
3.507149357923154860e-03
3.574746419156125347e-03
3.761622043088553614e-03
3.783695312252580677e-03
3.820322803643012074e-03
3.941673533831244539e-03
3.985977988617509828e-03
4.034081709259109035e-03
4.259054708868591395e-03
4.334695427785460221e-03
4.343782221901910066e-03
4.568524062539164841e-03
4.589797268110563759e-03
4.748267238276688770e-03
4.818086837987879678e-03
4.911487224915024076e-03
4.970118429209932284e-03
5.143132198389340458e-03
5.254982181315722908e-03
5.274502934296016778e-03
5.432387646363738033e-03
5.474505955888317454e-03
5.555000730387295825e-03
5.656571714595775777e-03
5.700628393088006708e-03
5.849861850524385766e-03
5.874089031155721972e-03
6.114099172260760787e-03
6.223944939518989000e-03
6.354102996012178477e-03
6.379478649261384297e-03
6.399503148334257166e-03
6.600606183287410604e-03
6.657645143633133394e-03
6.746039428018970642e-03
6.853243431493959668e-03
7.041267394487253986e-03
7.057438824950307797e-03
7.097297410751018942e-03
7.318245002144227636e-03
7.354138977927946602e-03
7.591700605409121110e-03
7.603158489692049549e-03
7.695847642149659419e-03
7.784879696865163422e-03
7.908330953349732365e-03
8.079774484356840730e-03
8.119184835504845640e-03
8.266818024726238848e-03
8.307092558549777905e-03
8.353717795713842126e-03
8.467392461734375361e-03
8.546223934751490114e-03
8.728518469788214620e-03
8.827255819988281266e-03
8.913940855242084155e-03
8.941765909402901030e-03
9.058473430733944218e-03
9.088359008240232129e-03
9.268336340008074062e-03
9.361053876801132823e-03
9.452625674064039918e-03
9.582204558686904447e-03
9.651590121689222757e-03
9.673860487771543046e-03
9.857354123257557402e-03
1.001132723664951464e-02
1.005264114132809090e-02
1.011474300052946085e-02
1.015553903335891447e-02
1.033286970639978042e-02
1.039532823336630774e-02
1.055943275079841356e-02
1.061332206816996068e-02
1.071891162703031593e-02
1.080231600927442602e-02
1.087350174603425937e-02
1.098521775980509409e-02
1.112058476857480209e-02
1.115228525059220981e-02
1.126773150352542580e-02
1.139161400171176224e-02
1.143772285562386776e-02
1.158689987723254648e-02
1.171237689087871806e-02
1.177243264167544476e-02
1.191046944117944185e-02
1.201752074983929858e-02
1.205580593674638462e-02
1.215045462391326110e-02
1.217669609430974131e-02
1.220880052785815358e-02
1.242761402903348397e-02
1.253102187550192252e-02
1.259531475906389662e-02
1.261849850383244681e-02
1.278518058382560954e-02
1.287053424741777842e-02
1.294194507089058144e-02
1.305808570150907531e-02
1.313678940161416321e-02
1.325223459640467207e-02
1.328541037391928019e-02
1.346325767973125150e-02
1.350127228584525017e-02
1.374894018647226240e-02
1.380241482637738042e-02
1.399185909658389598e-02
1.402928918063748795e-02
1.408365724815303574e-02
1.412960623365712431e-02
1.417890761033935645e-02
1.426482377381687802e-02
1.443670104090073215e-02
1.449994891203059549e-02
1.467799366889291357e-02
1.471874014477108153e-02
1.482458815181742114e-02
1.494963110966425826e-02
1.508048276597356852e-02
1.522696717794196943e-02
1.532539878969286715e-02
1.551691795450498880e-02
1.556132028248081653e-02
1.562648767862462318e-02
1.575839279488733952e-02
1.583280395650616540e-02
1.589935649529775064e-02
1.597099011694287987e-02
1.608079320741889751e-02
1.615157178220195597e-02
1.624786221559074498e-02
1.638256205316856312e-02
1.649641399090102586e-02
1.654490676457086654e-02
1.668792252661821518e-02
1.670886277036955428e-02
1.685138842452891389e-02
1.699567305546448998e-02
1.705949332322053563e-02
1.713373998575882032e-02
1.726490613275185812e-02
1.736888501373163446e-02
1.742151818128573684e-02
1.751664980364826124e-02
1.759239883088981743e-02
1.762827019298146558e-02
1.768319755620191558e-02
1.773831287271648502e-02
1.780333113101593631e-02
1.787683327598045546e-02
1.791607959706869799e-02
1.820665074065004260e-02
1.826110737658238198e-02
1.827878503363572840e-02
1.840213542091426527e-02
1.855855352622041987e-02
1.863192547928056719e-02
1.888657274316482212e-02
1.891242783807277339e-02
1.911281551716741481e-02
1.917018822336628500e-02
1.922018829917234578e-02
1.935366068930193320e-02
1.947338074393560256e-02
1.952385059014875163e-02
1.975355483849571339e-02
1.981156152513165181e-02
1.989527167847652059e-02
1.991536206195817366e-02
2.008705529871759182e-02
2.012213967010332422e-02
2.019650110668175930e-02
2.029375409569703428e-02
2.052590617311079307e-02
2.054759179341801231e-02
2.068567978942062804e-02
2.090698006380390869e-02
2.098943989489396311e-02
2.119858343960589336e-02
2.122977175367463804e-02
2.132534749359254328e-02
2.136413410050136755e-02
2.147272037674504905e-02
2.151544831732988411e-02
2.161209183631292857e-02
2.172250844521203539e-02
2.181095172575271690e-02
2.187001074833808817e-02
2.192636671429313774e-02
2.216215073116991827e-02
2.230482996592730513e-02
2.243285598595074273e-02
2.259792024416063666e-02
2.266071870999064944e-02
2.279171109079495064e-02
2.286621873992382079e-02
2.293068410583278330e-02
2.294980611058454120e-02
2.304984953989420646e-02
2.322464602874037970e-02
2.330446669484230113e-02
2.334249376980013571e-02
2.339387084207972256e-02
2.354901609375898569e-02
2.365110236158121312e-02
2.372435658735420200e-02
2.394289975253126312e-02
2.412872027127944963e-02
2.423524898935133787e-02
2.430185879909504618e-02
2.446068682453058502e-02
2.450668987650101577e-02
2.465862340617252374e-02
2.469430377770211876e-02
2.472596031777271608e-02
2.486705923603962573e-02
2.489292798691075670e-02
2.500415982690024422e-02
2.518392776927563109e-02
2.537562323464964339e-02
2.554073207040849156e-02
2.558605940979277044e-02
2.567051493135125845e-02
2.580779700216862677e-02
2.587840253840660923e-02
2.588677620731148418e-02
2.614917595888127319e-02
2.626884534795790108e-02
2.636480420927559201e-02
2.643796022679415977e-02
2.644814603736233075e-02
2.660525621699126944e-02
2.673801837643994400e-02
2.680037895339060228e-02
2.689961962660220723e-02
2.711148239063050983e-02
2.717899099143609304e-02
2.721636210516079415e-02
2.734778331818190841e-02
2.741620063275183525e-02
2.744740004498489455e-02
2.752892115639960641e-02
2.775245283916692035e-02
2.787223441954022815e-02
2.799067609158254616e-02
2.810847660305127588e-02
2.820209767018848346e-02
2.823501825134977494e-02
2.834269791418440182e-02
2.857274218751486641e-02
2.864695080286728396e-02
2.867689007423086800e-02
2.885929674890946525e-02
2.889015861582640288e-02
2.897207607353622164e-02
2.906357403280373716e-02
2.925163769870487568e-02
2.930646838862118950e-02
2.941360614665576578e-02
2.953337404214429265e-02
2.961492073372519809e-02
2.986958572291064165e-02
2.990187773421510570e-02
3.001765606552752458e-02
3.011745940082538250e-02
3.023127517509765008e-02
3.030929978164676256e-02
3.035425422805015927e-02
3.051138370349304463e-02
3.062222770619500711e-02
3.070802891666640083e-02
3.077756784046592822e-02
3.091453924245888413e-02
3.100961662803557867e-02
3.105608024324197497e-02
3.119090413291332117e-02
3.139141784272857227e-02
3.145614437971198940e-02
3.161228803814220001e-02
3.172275782342076633e-02
3.180662142538750320e-02
3.189353771594533038e-02
3.203757903158167136e-02
3.215078984592920769e-02
3.229031266939121764e-02
3.238185738915804607e-02
3.260428548232095769e-02
3.267752515340409392e-02
3.272245440719295795e-02
3.302291624138358611e-02
3.303521389319621915e-02
3.309765252792169765e-02
3.327747860869219310e-02
3.331608192531793772e-02
3.342441049851622298e-02
3.360145850465760115e-02
3.380864853864285619e-02
3.385940120604696152e-02
3.394964800106021335e-02
3.410498658722355830e-02
3.415515986935664661e-02
3.431031387472700811e-02
3.439875703505543281e-02
3.452316368781346845e-02
3.459114480084252846e-02
3.462106164149071630e-02
3.483281551870527626e-02
3.489115942756014499e-02
3.503089712920150894e-02
3.519310544722323297e-02
3.523928487465152748e-02
3.542129891361322364e-02
3.552483889594166416e-02
3.566564669473988591e-02
3.577308377169396980e-02
3.611071902561217850e-02
3.613212086695756498e-02
3.623786582121617250e-02
3.635590728535724458e-02
3.641704930382597127e-02
3.662159192201709657e-02
3.669392310630797266e-02
3.684959231129918827e-02
3.693417536662411960e-02
3.703326863194236068e-02
3.725657548174780148e-02
3.736036254352336633e-02
3.746049014750599954e-02
3.749043011188838564e-02
3.770922177600512237e-02
3.785841186128324071e-02
3.793920925893957963e-02
3.800836744873693773e-02
3.805121885145212879e-02
3.841088296730030271e-02
3.842920111975178799e-02
3.855600994391630842e-02
3.859546007302797760e-02
3.865533589393438385e-02
3.878670373774568969e-02
3.899025849157961021e-02
3.907753741462517694e-02
3.917875659134623101e-02
3.922436654463624245e-02
3.938465162085616478e-02
3.962218772272793621e-02
3.971928338680951603e-02
3.979545028814263780e-02
4.005068966946160464e-02
4.008204308575478991e-02
4.018378225367041923e-02
4.045471457215093353e-02
4.055485913854371682e-02
4.069455050948669883e-02
4.079992729140343583e-02
4.089731241088401248e-02
4.102041860319565608e-02
4.106328587624433896e-02
4.118338690386433298e-02
4.136973380122347527e-02
4.150538401825868556e-02
4.162833748782706483e-02
4.166957790891631652e-02
4.193362984882744587e-02
4.200067771427749841e-02
4.208403378451508470e-02
4.220284754794270676e-02
4.228359525075629788e-02
4.249975529123271867e-02
4.254441422524552624e-02
4.263367839502101020e-02
4.283219088697381299e-02
4.300742688818189052e-02
4.312402594387844401e-02
4.322023593360971305e-02
4.330377458620986858e-02
4.344954920533235232e-02
4.364317692555420153e-02
4.376616786108309537e-02
4.390881236546231164e-02
4.405818554708141460e-02
4.426572570624574127e-02
4.433153729440561519e-02
4.441153874790783329e-02
4.462462354384556101e-02
4.468056806311288681e-02
4.489574421842808943e-02
4.500541481517471992e-02
4.512864479338828116e-02
4.524311687439834528e-02
4.537976166305379006e-02
4.546020451677813129e-02
4.561521038511635179e-02
4.581433522566660810e-02
4.590677540637466691e-02
4.601245018592627078e-02
4.614378814469580897e-02
4.630313577514064832e-02
4.639255981954413383e-02
4.656902614102689797e-02
4.675980243553502780e-02
4.686957875836263859e-02
4.701451223469606255e-02
4.720489929417646946e-02
4.733801422022874267e-02
4.771435324423087959e-02
4.782235778238706075e-02
4.791370704968074545e-02
4.812792645012243381e-02
4.829495131828701743e-02
4.835195064624943362e-02
4.849210292241825510e-02
4.870684076636371679e-02
4.888563612287901566e-02
4.908893651002618763e-02
4.915354878537170347e-02
4.928622299821370373e-02
4.938349623794319188e-02
4.954874120812290117e-02
4.966768714777734101e-02
4.976089808682063881e-02
4.980250791819208767e-02
5.010372335527429194e-02
5.016923744866177287e-02
5.053545387886620305e-02
5.066997793678866546e-02
5.081550501434327349e-02
5.095475412714001867e-02
5.109854618850971641e-02
5.135623579221414853e-02
5.142849012283906562e-02
5.153934987933739276e-02
5.174542936945693977e-02
5.197311204720911348e-02
5.212176256198408630e-02
5.219939421671462854e-02
5.235830137915560567e-02
5.242713549998958417e-02
5.269310931014744431e-02
5.277999776020173006e-02
5.302808072205199980e-02
5.323348892063219789e-02
5.325304141919183498e-02
5.358332605790729064e-02
5.364271124808396574e-02
5.399189762486066024e-02
5.411448133123731435e-02
5.429135264959904228e-02
5.439780476880244631e-02
5.468221907632086348e-02
5.492406786387243195e-02
5.503967725886100421e-02
5.516733678808624641e-02
5.543060716277267708e-02
5.556478143894889171e-02
5.601141086519879908e-02
5.644475588437310176e-02
5.662912853019116954e-02
5.683855222881040170e-02
5.703272135567769019e-02
5.748105379516612462e-02
5.774576618056287414e-02
5.784506705462126586e-02
5.805448941172413474e-02
5.819528683147836418e-02
5.860798620667696801e-02
5.875095744798390640e-02
5.909321266006230255e-02
5.959890481653294658e-02
5.969898100476385416e-02
5.992904180217205334e-02
6.087797610484747823e-02
6.139609215759148780e-02
6.166439002746073456e-02
6.202922547651031765e-02
