-6.210851471061253765e-02
-6.173930390466562251e-02
-6.128473452478021971e-02
-6.062052253895676424e-02
-6.026598755367126165e-02
-5.996899732962413659e-02
-5.953537810714892853e-02
-5.925626343052257938e-02
-5.918307417070780424e-02
-5.877989761906667748e-02
-5.829532327262872127e-02
-5.786537945346640482e-02
-5.773966487157965871e-02
-5.752911965355211876e-02
-5.737663357709295309e-02
-5.713873733061968635e-02
-5.688211783192525378e-02
-5.670814783151283817e-02
-5.651348927547228396e-02
-5.625572847140198479e-02
-5.597069767829995768e-02
-5.575804677038881385e-02
-5.567982258256663763e-02
-5.541470142620505412e-02
-5.522085371195297604e-02
-5.511515492718747911e-02
-5.494864138750656796e-02
-5.450418558872327512e-02
-5.421522262025266908e-02
-5.414808572700913203e-02
-5.411129949755489471e-02
-5.386231503830515160e-02
-5.359786631880874425e-02
-5.327488657255661370e-02
-5.326779659964128028e-02
-5.314386227983157462e-02
-5.306880505504699141e-02
-5.286566581648326213e-02
-5.267429829982098188e-02
-5.251444081508229583e-02
-5.226504930976521440e-02
-5.211671826731457957e-02
-5.180096676586391780e-02
-5.164875053192281157e-02
-5.152551382051344386e-02
-5.128124371693471711e-02
-5.122672354563147928e-02
-5.098049665711664596e-02
-5.090068808023350683e-02
-5.060454786777687786e-02
-5.051394685213786429e-02
-5.032427709878988659e-02
-5.012735420313492452e-02
-5.004103921883846368e-02
-4.975502366621402384e-02
-4.961101415971932993e-02
-4.948126318867308165e-02
-4.936427702590579641e-02
-4.908409158228523722e-02
-4.897194692095494656e-02
-4.882134600504062227e-02
-4.879406327507632840e-02
-4.863264747349484857e-02
-4.845169988983098058e-02
-4.825585413663755624e-02
-4.812662736445421502e-02
-4.808429132186147620e-02
-4.789962875156825867e-02
-4.787364720022063702e-02
-4.765445419733192051e-02
-4.757772719843331860e-02
-4.728934948063860666e-02
-4.726047823329846548e-02
-4.699821124740800882e-02
-4.693873754235271256e-02
-4.672469916624752417e-02
-4.646099241169725919e-02
-4.634457113740007850e-02
-4.629767501664013019e-02
-4.602746016773920368e-02
-4.583182709342675104e-02
-4.576002245282606573e-02
-4.556679101748358635e-02
-4.546912562051704659e-02
-4.530588475246438013e-02
-4.527197787679138746e-02
-4.523938922387953088e-02
-4.510711112908455389e-02
-4.489186890587324591e-02
-4.479358976911046453e-02
-4.459599842880694609e-02
-4.448140769636445974e-02
-4.424181388793049091e-02
-4.394050549182586946e-02
-4.380998803343245929e-02
-4.372555444512088441e-02
-4.357643268156812660e-02
-4.348612534026725235e-02
-4.341891456598226395e-02
-4.327745187671035165e-02
-4.316495990124073062e-02
-4.303677561025640030e-02
-4.270605383157066032e-02
-4.267199846170168648e-02
-4.263394188159580489e-02
-4.250690650931120140e-02
-4.226667474257708029e-02
-4.223709075071344077e-02
-4.205673773453200842e-02
-4.199502304840440486e-02
-4.185571951095971160e-02
-4.178407127907466517e-02
-4.164796594852517020e-02
-4.148151115445467690e-02
-4.129583766012061286e-02
-4.120952123226019614e-02
-4.112760826534488795e-02
-4.100703700083677128e-02
-4.084100651630916123e-02
-4.077661756352617128e-02
-4.055922930425949480e-02
-4.038695494222219878e-02
-4.036323368139375228e-02
-4.023012028626355568e-02
-4.009900901311037186e-02
-3.994466532685065491e-02
-3.988407525443983526e-02
-3.952378899796817752e-02
-3.943101841704840099e-02
-3.940258596008317654e-02
-3.931493943654170570e-02
-3.923631668451248861e-02
-3.917434893358699016e-02
-3.900504377643385090e-02
-3.894567077013733059e-02
-3.867513022257580008e-02
-3.854590498398950682e-02
-3.846402228889214681e-02
-3.839236183957406290e-02
-3.833675351711694074e-02
-3.816038677571483712e-02
-3.809259045812170980e-02
-3.797851891192229046e-02
-3.775901699072194834e-02
-3.759778574676293783e-02
-3.748940929342778339e-02
-3.742754869963881015e-02
-3.733277221318740541e-02
-3.716006212185359037e-02
-3.706450390777470127e-02
-3.691065401721612543e-02
-3.685367653971893115e-02
-3.671213192838449629e-02
-3.654805650020758606e-02
-3.644955642181046951e-02
-3.632800238547875815e-02
-3.629388858060605960e-02
-3.614123983391418632e-02
-3.598450206619377423e-02
-3.580918822245302696e-02
-3.571674726819142748e-02
-3.561379932894513656e-02
-3.553619653820068447e-02
-3.536835953691196827e-02
-3.528285456830591860e-02
-3.525744933597246139e-02
-3.515770126646304561e-02
-3.493621733060950363e-02
-3.488578592680169344e-02
-3.475616759875681944e-02
-3.472548057611420103e-02
-3.465668267517496570e-02
-3.449032500906548671e-02
-3.436615354828908425e-02
-3.429931469226241147e-02
-3.414766091906726309e-02
-3.412165549101485451e-02
-3.407085652722564861e-02
-3.377069721625884646e-02
-3.367845079020190258e-02
-3.356128166093409054e-02
-3.340012812946560605e-02
-3.320908352592949475e-02
-3.318445587794441320e-02
-3.311420790515343798e-02
-3.288985243271779629e-02
-3.286081739502342419e-02
-3.276282237518889778e-02
-3.255345850837224747e-02
-3.249440890489797146e-02
-3.235470756723728830e-02
-3.222858381299050640e-02
-3.217128553362674087e-02
-3.202360794774378877e-02
-3.191088158735318897e-02
-3.184526727316334266e-02
-3.171574183591741730e-02
-3.164950260986988673e-02
-3.158727284755524778e-02
-3.143621542614629533e-02
-3.131727514746172891e-02
-3.121191857706297548e-02
-3.105303514078843266e-02
-3.090545374406031276e-02
-3.080484158614659948e-02
-3.067774133338745796e-02
-3.052748089059970429e-02
-3.050657461758667088e-02
-3.041861646844919165e-02
-3.025792042436415211e-02
-3.009764837691726244e-02
-3.001311053583332125e-02
-2.992676827265863468e-02
-2.968865509195103142e-02
-2.954907246462225301e-02
-2.944078981039769186e-02
-2.941426728831736739e-02
-2.937210389020358109e-02
-2.926395594078403523e-02
-2.917224264686406332e-02
-2.910157954879675005e-02
-2.898966647859439055e-02
-2.875931577432442460e-02
-2.869308762568157159e-02
-2.856830901021675459e-02
-2.844076881531749576e-02
-2.834732210157216506e-02
-2.816298652567863006e-02
-2.807968479564935602e-02
-2.805782729050515165e-02
-2.787887707598681042e-02
-2.785384945817806837e-02
-2.775617775451979727e-02
-2.756330808414633390e-02
-2.749844651999977518e-02
-2.746835830814044199e-02
-2.726335712737884207e-02
-2.721262185661125002e-02
-2.701446738161420585e-02
-2.683734362969189546e-02
-2.679240171548090757e-02
-2.668473632474685497e-02
-2.657598161596461117e-02
-2.651597981592095435e-02
-2.644395307127769129e-02
-2.641832878012172203e-02
-2.638243261095203629e-02
-2.621819279770348787e-02
-2.604178237970037127e-02
-2.596310305373141988e-02
-2.580908627461800733e-02
-2.569450289486229638e-02
-2.559189960815392434e-02
-2.554384514458296618e-02
-2.533770009664092215e-02
-2.527874389769761004e-02
-2.512580711548457330e-02
-2.507423903153234782e-02
-2.491867249784864013e-02
-2.472978348308942434e-02
-2.467284821087619914e-02
-2.463506857686413934e-02
-2.456445477147263176e-02
-2.443729201291488032e-02
-2.432106240486493071e-02
-2.424302517662667994e-02
-2.401606222627949289e-02
-2.399893289537612454e-02
-2.390877900668344005e-02
-2.374126952972049898e-02
-2.368151366358541704e-02
-2.360733371331764224e-02
-2.352889398538084154e-02
-2.342865817692225613e-02
-2.326565569912293630e-02
-2.320862824848717379e-02
-2.303177269188236287e-02
-2.289841714051958979e-02
-2.286144612581000185e-02
-2.279659638483289702e-02
-2.271394444070195390e-02
-2.259433832634859599e-02
-2.239981920439112692e-02
-2.234149020671243047e-02
-2.220965342725662872e-02
-2.216016389944222911e-02
-2.204245613269577297e-02
-2.196084450995065482e-02
-2.186861777080847946e-02
-2.179893515648043123e-02
-2.173348037417728931e-02
-2.143930705483542212e-02
-2.142410691546500073e-02
-2.132408776970341063e-02
-2.127257338119795116e-02
-2.111793363902851953e-02
-2.096876171199218986e-02
-2.090924258374809303e-02
-2.086918252039970598e-02
-2.066701477138249352e-02
-2.063262328016193109e-02
-2.045893478617708330e-02
-2.041654208589976580e-02
-2.032718362639333171e-02
-2.027530636080289092e-02
-2.016398453659117018e-02
-2.004968987010652404e-02
-1.989971571087191873e-02
-1.983261835533273523e-02
-1.979430012193115346e-02
-1.963952365473357886e-02
-1.942479867963684340e-02
-1.927199458396512341e-02
-1.922727903522348375e-02
-1.916950771535868431e-02
-1.908802878102545258e-02
-1.900370826137700100e-02
-1.890498765165524522e-02
-1.885565525971774278e-02
-1.876674265843848027e-02
-1.870181242262999866e-02
-1.850526447878858907e-02
-1.838996558633064146e-02
-1.828441773264352296e-02
-1.820024630729167453e-02
-1.807826414378163604e-02
-1.790627848458310745e-02
-1.786961890308247716e-02
-1.775514276424296906e-02
-1.772911596286344885e-02
-1.760717996410308961e-02
-1.749201380073387574e-02
-1.737262343846485146e-02
-1.729537714118065464e-02
-1.725325354790937377e-02
-1.716596520866791112e-02
-1.707399909674591626e-02
-1.681395407244362997e-02
-1.673039854385390685e-02
-1.661970527319011140e-02
-1.644215677416895754e-02
-1.643167456228359843e-02
-1.639149415967061652e-02
-1.628247225696921596e-02
-1.616962935252147862e-02
-1.608308874869136124e-02
-1.607422442561384779e-02
-1.600536654958167535e-02
-1.577875342385783378e-02
-1.568880560740856106e-02
-1.564173007957356601e-02
-1.551695606041126121e-02
-1.547813484870544376e-02
-1.530274262455023210e-02
-1.523979702823533879e-02
-1.512515575492660511e-02
-1.494898739516452128e-02
-1.485226371702528213e-02
-1.472522006497162250e-02
-1.463598586246480163e-02
-1.455006608072055216e-02
-1.449687435959385456e-02
-1.441542683196299877e-02
-1.436665784639489137e-02
-1.432779061424928856e-02
-1.418331589387530726e-02
-1.411971880661543575e-02
-1.395651426618521075e-02
-1.393943198344467331e-02
-1.377020464170953043e-02
-1.369352840816964560e-02
-1.360989726587164862e-02
-1.356402310570471205e-02
-1.342070701151693198e-02
-1.334545692940602470e-02
-1.328316028472363054e-02
-1.321850688601266741e-02
-1.303139044536078678e-02
-1.291750824965024608e-02
-1.278655217981472005e-02
-1.268264919053150967e-02
-1.252904162076312090e-02
-1.245986201350305841e-02
-1.236080484547629789e-02
-1.235093856116054219e-02
-1.226276566176240368e-02
-1.211258446040697559e-02
-1.200310110496155720e-02
-1.185683466761551508e-02
-1.180419978685461058e-02
-1.172349826468714780e-02
-1.159923355056118044e-02
-1.146397423587178395e-02
-1.140096467106285587e-02
-1.125414576455649115e-02
-1.119951880626105130e-02
-1.104421105140969937e-02
-1.098972120107994180e-02
-1.090424019931280318e-02
-1.079560416130303027e-02
-1.074517002383296692e-02
-1.069698870737219830e-02
-1.046922875363998258e-02
-1.038443446931975288e-02
-1.029216110914329615e-02
-1.027220466792305026e-02
-1.008847484107949950e-02
-1.000650254935457444e-02
-9.910788530126866253e-03
-9.858865903970134500e-03
-9.719458324426539717e-03
-9.656872313950463221e-03
-9.503677852367119899e-03
-9.493500365630912902e-03
-9.361600320949457418e-03
-9.264753920355466021e-03
-9.255933237286110074e-03
-9.187010488891778417e-03
-8.911119419219832791e-03
-8.834696923856711140e-03
-8.733161693621245211e-03
-8.610209090129588433e-03
-8.586197270974879961e-03
-8.460447537011597796e-03
-8.345120062351722018e-03
-8.319270575827555914e-03
-8.219458908135123323e-03
-8.197529586301816398e-03
-7.978813743880713502e-03
-7.876064000238231638e-03
-7.781586012472605472e-03
-7.715306256107641071e-03
-7.645688498598600218e-03
-7.489410412949989472e-03
-7.451646167815917550e-03
-7.364732424114305877e-03
-7.346187587831579102e-03
-7.161534431871645866e-03
-7.124224782362660949e-03
-6.902552497433405397e-03
-6.864451828924361156e-03
-6.677945618315746928e-03
-6.642162597708963119e-03
-6.541395268296940416e-03
-6.504499479809147666e-03
-6.360533857505741573e-03
-6.238685113645495682e-03
-6.197747179830999029e-03
-6.038799992514908878e-03
-5.980026767686445061e-03
-5.809628240233955833e-03
-5.749621484470069863e-03
-5.678083617143303910e-03
-5.510365195031829803e-03
-5.463524309804061729e-03
-5.357986415789841271e-03
-5.255654319135151693e-03
-5.108219365199125929e-03
-5.019574523220919453e-03
-4.915478230541000387e-03
-4.839530233374025707e-03
-4.733692181359359236e-03
-4.561266837464621540e-03
-4.472262218053689974e-03
-4.421070377260064369e-03
-4.371498150775454325e-03
-4.339895886693630710e-03
-4.296791541766179987e-03
-4.124061071188159580e-03
-4.034638236352276405e-03
-3.968646784383150598e-03
-3.944507874225085427e-03
-3.751054985072427902e-03
-3.658442189358914864e-03
-3.562432163906378846e-03
-3.355141710691993389e-03
-3.321212819919123517e-03
-3.291806835877794917e-03
-3.184068445283840584e-03
-3.106537184475751442e-03
-2.952839258188800706e-03
-2.852602761525891047e-03
-2.785440711130951139e-03
-2.633414543140989803e-03
-2.589741108668490877e-03
-2.501767464260302738e-03
-2.461679492070532362e-03
-2.288905288114231190e-03
-2.230061214078012024e-03
-2.092926779696197091e-03
-2.051823707537221882e-03
-1.953766143888110637e-03
-1.890690941271928665e-03
-1.775572029398849892e-03
-1.698544883210531802e-03
-1.694300598737606299e-03
-1.541572513722000437e-03
-1.401929705006211939e-03
-1.288972947193464929e-03
-1.174586995753137747e-03
-1.012251935753356999e-03
-9.886230479238553113e-04
-8.839620703087897871e-04
-7.932416792852067279e-04
-7.105460514650264103e-04
-6.572073256878723261e-04
-5.417038897442767774e-04
-5.079897631308872901e-04
-3.906256117076471767e-04
-3.440834159568112232e-04
-1.950075361274710567e-04
-9.204188302709750958e-05
2.854297761630080453e-05
6.791596113668693820e-05
2.816122955174025816e-04
2.962011492900761293e-04
3.497353474474961194e-04
4.231763803795297288e-04
5.753943724899678123e-04
6.197641191645314029e-04
7.771905111822170840e-04
8.327260169920457870e-04
1.010854118996909381e-03
1.075598197796253427e-03
1.206492013374578119e-03
1.298325215615434708e-03
1.409361585003810402e-03
1.470123274357489681e-03
1.596124269029019528e-03
1.648051689283257628e-03
1.764829587537059246e-03
1.901059857726499283e-03
1.981590869088572029e-03
2.092800452285482199e-03
2.161519247831214519e-03
2.203018265894388268e-03
2.274350549559552449e-03
2.357763408250483032e-03
2.404299103487758660e-03
2.582224098863200330e-03
2.655230369070680444e-03
2.735991207226764511e-03
2.946306418212724099e-03
3.016052483079062832e-03
3.240253792454953884e-03
3.255874229314125595e-03
3.320534045452953886e-03
3.448811145404964522e-03
3.521551060701978101e-03
3.568694911305345281e-03
3.659001672294009792e-03
3.796700934155620988e-03
3.856769915201235886e-03
4.025007707113024101e-03
4.065459026943202443e-03
4.155090712238715227e-03
4.272703358664630205e-03
4.320817021084741825e-03
4.431349052992123935e-03
4.539305317299472710e-03
4.632924629396982519e-03
4.713776294564334113e-03
4.811067928215946414e-03
4.916600275125826772e-03
4.971215697432661285e-03
5.039563965522203363e-03
5.238398853882803019e-03
5.290605937178270192e-03
5.402202917567461293e-03
5.483570985269262121e-03
5.609384955396798378e-03
5.666679965774103038e-03
5.837761877709209471e-03
5.913585193275013030e-03
6.008167949380346928e-03
6.069641801174663689e-03
6.218923966282785022e-03
6.271843428500838147e-03
6.404420861006113706e-03
6.612301234367273968e-03
6.659691402119221303e-03
6.800866762638897375e-03
6.822670256449570210e-03
6.948953196291034543e-03
7.075983550553818779e-03
7.163389272535407477e-03
7.260555345425634410e-03
7.377306725316102459e-03
7.471822924145096745e-03
7.567461546642581180e-03
7.590558188833025459e-03
7.668547072793026331e-03
7.818555792980342450e-03
7.918898325244711975e-03
7.962569470424904830e-03
8.064734196613777828e-03
8.083576522630267491e-03
8.309936371032253938e-03
8.375462078532559113e-03
8.554955723141776866e-03
8.601548807877971645e-03
8.728914734155540991e-03
8.834274462629045782e-03
8.876309290836244606e-03
9.004256804764129013e-03
9.136876627994856143e-03
9.174680286917515082e-03
9.411915621299362517e-03
9.468533274278930628e-03
9.532748362242007834e-03
9.586162892433351679e-03
9.675514992170857267e-03
9.783886503821793632e-03
9.824391342131621671e-03
9.871665961748040535e-03
1.004424978995041573e-02
1.010609299811148637e-02
1.026153137924899934e-02
1.029876619088216858e-02
1.047032708235065904e-02
1.058818646434692493e-02
1.059745514744939339e-02
1.080550757330762252e-02
1.086551669957454974e-02
1.089738920429128566e-02
1.107936040084238696e-02
1.122479777080619828e-02
1.128301850517181813e-02
1.132520693665607994e-02
1.137174930799271858e-02
1.147325856914990783e-02
1.158221724109952805e-02
1.165260203000570427e-02
1.181901118998078537e-02
1.195026569539879568e-02
1.201511858214556611e-02
1.213082439743355494e-02
1.219510788339983609e-02
1.220046290133763693e-02
1.227090509339027330e-02
1.245162957974521763e-02
1.250995888275318289e-02
1.263996136611569322e-02
1.280078922764011674e-02
1.282221288894335072e-02
1.291705458801282839e-02
1.306757574724450553e-02
1.313368722186225059e-02
1.324486860780383149e-02
1.327892663124523656e-02
1.339807009836193989e-02
1.348766428389335838e-02
1.360157260274671293e-02
1.377077342044261653e-02
1.387727712659803971e-02
1.391781924644656075e-02
1.402009914363721438e-02
1.414984346004878081e-02
1.416888865799754461e-02
1.430448961810324576e-02
1.439383650176835443e-02
1.453657105369705188e-02
1.461682147265298305e-02
1.477083302948957455e-02
1.480737903756434992e-02
1.495655149108164779e-02
1.500884081379851541e-02
1.509335315553569402e-02
1.519346885253611799e-02
1.531730906204227527e-02
1.538608920385132854e-02
1.543870109292369910e-02
1.558706138369083012e-02
1.565061001751772221e-02
1.583703074010354983e-02
1.588914711558190793e-02
1.592891310005063732e-02
1.600081130333306026e-02
1.617260593559503509e-02
1.631115810846803585e-02
1.639407735682828215e-02
1.660868752640594012e-02
1.662013865361001291e-02
1.669100177051085002e-02
1.680224829463807315e-02
1.699149345072369088e-02
1.711185517411365278e-02
1.715072834709405539e-02
1.721906514713004988e-02
1.730304928376791285e-02
1.737740537867737273e-02
1.757094447425613937e-02
1.767089430608055622e-02
1.774680680530181867e-02
1.780916589509811548e-02
1.807615781660736401e-02
1.815418503835916977e-02
1.823534923695806567e-02
1.830544720960871480e-02
1.836888154590706271e-02
1.845813863172801605e-02
1.856298049205876155e-02
1.859280720461001235e-02
1.873879884640699753e-02
1.875160457681920162e-02
1.883118369780683449e-02
1.894045754375046561e-02
1.914873076930183327e-02
1.932246896670389985e-02
1.937626276776985637e-02
1.941121244984881505e-02
1.946615448317965194e-02
1.964100661333723422e-02
1.971363341425746291e-02
1.976957786308021492e-02
1.983971901743260269e-02
2.002482137948128835e-02
2.007715893120308806e-02
2.017500669737359864e-02
2.034228146206944893e-02
2.045201071180363303e-02
2.059561766020972726e-02
2.060992936042373852e-02
2.077747312303639821e-02
2.083504463393559894e-02
2.087950273428651818e-02
2.108063251394642901e-02
2.114258941047550411e-02
2.120998146838672105e-02
2.133273940496180701e-02
2.139018871980672212e-02
2.151824175584700002e-02
2.155179350322354581e-02
2.160593760590037715e-02
2.176120936815996443e-02
2.187360081896868799e-02
2.194377607858177814e-02
2.211104979001509568e-02
2.213831408945846069e-02
2.231952718930583709e-02
2.238479929564359677e-02
2.256822566388756723e-02
2.258982586850872068e-02
2.271395007670891364e-02
2.281829965913618682e-02
2.296730375892501452e-02
2.300835843970917491e-02
2.310887757796025940e-02
2.314463385583825222e-02
2.327344575605031288e-02
2.336072135239317116e-02
2.340088372318705270e-02
2.351352260247062398e-02
2.368765230509762773e-02
2.372153426119106082e-02
2.379109244667047124e-02
2.403807494206464113e-02
2.416685967677070085e-02
2.418910794283578650e-02
2.422692217102762405e-02
2.434559626300530216e-02
2.446800065815606454e-02
2.454443928188985991e-02
2.467624234373321304e-02
2.476792919782755398e-02
2.485031748741454299e-02
2.493374162000535146e-02
2.507122421974197421e-02
2.511346972972433936e-02
2.516002528678302694e-02
2.534809270340732112e-02
2.549226636196257750e-02
2.562692255884559123e-02
2.579971216595265682e-02
2.597767595090663337e-02
2.604579079660317500e-02
2.607032965685104203e-02
2.614174403233654811e-02
2.624076692072138672e-02
2.633467443022653731e-02
2.651773611163415340e-02
2.658124679675060581e-02
2.668392496783373799e-02
2.679670691036356925e-02
2.696988305199573069e-02
2.697381704611263864e-02
2.710820710500588815e-02
2.728679625654447174e-02
2.735406429644222578e-02
2.744703582604585135e-02
2.759211573294362632e-02
2.764016734730312744e-02
2.773286464016223515e-02
2.787392867120611420e-02
2.796476882823411073e-02
2.803592689593898193e-02
2.810676645748883679e-02
2.819324738073781048e-02
2.837817124635834409e-02
2.841628527250686376e-02
2.876463775719090635e-02
2.880906815323191691e-02
2.886228196604156970e-02
2.895731136916898651e-02
2.922819209534150559e-02
2.930812506245277990e-02
2.940450516207899351e-02
2.946312231709178817e-02
2.950562230218850210e-02
2.967845833195414951e-02
2.977602437770475452e-02
2.981748446651059578e-02
3.005823128539873712e-02
3.008723315510612381e-02
3.014569165781211257e-02
3.028823747387537554e-02
3.043120350204139152e-02
3.054222717500307965e-02
3.056915093161068422e-02
3.060229909177284921e-02
3.081334160962731147e-02
3.090564634034884128e-02
3.096655597837221982e-02
3.109529888961878874e-02
3.122839563897307491e-02
3.135876146005706078e-02
3.146647275652417197e-02
3.155213034408071299e-02
3.174248525053650904e-02
3.190699994532404660e-02
3.196079561392931034e-02
3.203830782742326383e-02
3.210339274038283980e-02
3.213819382163674021e-02
3.234205853737814190e-02
3.246336284297775959e-02
3.260827980671761328e-02
3.268783391482562445e-02
3.285694287534698943e-02
3.294020809082202211e-02
3.307498337654946052e-02
3.319857758698529365e-02
3.323292629818692251e-02
3.343645199881798563e-02
3.348796339543830269e-02
3.357147598535612648e-02
3.371879484716490405e-02
3.378652306703499447e-02
3.400862458820216178e-02
3.410215829677081673e-02
3.427739473473154219e-02
3.433566701900730295e-02
3.457635455547995729e-02
3.463247578839636492e-02
3.469378608020740745e-02
3.480379459077323490e-02
3.487727359371109448e-02
3.498523687391286163e-02
3.506291869259766519e-02
3.517429086792652621e-02
3.534367655994571922e-02
3.542475798740181425e-02
3.551723594014070257e-02
3.572055594359481445e-02
3.582785329416951492e-02
3.598987159360018950e-02
3.606145162829399453e-02
3.610309542524160753e-02
3.634300880588700600e-02
3.647104849400347598e-02
3.661512452014009655e-02
3.677084523356232565e-02
3.680060287966752802e-02
3.699174420068180452e-02
3.711413054985875787e-02
3.722722981499995698e-02
3.735893180580590611e-02
3.740880955092232979e-02
3.754131456284647700e-02
3.757113469424141344e-02
3.760504674107069401e-02
3.776820033977942859e-02
3.791222523936638167e-02
3.798469949325818107e-02
3.825787488648653423e-02
3.829230739383929910e-02
3.832522917935410334e-02
3.837481931973248106e-02
3.847668837634838496e-02
3.876596990919198987e-02
3.891908913506609419e-02
3.911924357729675006e-02
3.924795952869315763e-02
3.936149173824764896e-02
3.942765905182420150e-02
3.954320215800641303e-02
3.967275676330895423e-02
3.973957663009782676e-02
3.987653164817420159e-02
3.996835539883131228e-02
4.017849830418769586e-02
4.022144510660469879e-02
4.038948010699198315e-02
4.044300283342270458e-02
4.056769904496638351e-02
4.073437875160498128e-02
4.082064641888675377e-02
4.099830169426376542e-02
4.109955091543887606e-02
4.124959617714032967e-02
4.134154871328694913e-02
4.162488546934395295e-02
4.172599932284259266e-02
4.181973953520321668e-02
4.191880438157354755e-02
4.214697782076021887e-02
4.222701809716501720e-02
4.244520258641035909e-02
4.249288046126967894e-02
4.255279475960698637e-02
4.276829276803636309e-02
4.300129517139919533e-02
4.304967205576481354e-02
4.320858643000251992e-02
4.328418852859174104e-02
4.333609263545078194e-02
4.353826559243433730e-02
4.364419335586992160e-02
4.391096530164687733e-02
4.397993438219101325e-02
4.410343727222001270e-02
4.435554143398701826e-02
4.442267040801856776e-02
4.447354694402933656e-02
4.464889069848325398e-02
4.472360970592636348e-02
4.488101788703614814e-02
4.500850824333334221e-02
4.515830088206309462e-02
4.533047139766601535e-02
4.547881360193357925e-02
4.548861663121928078e-02
4.574657398502901540e-02
4.597424445130905701e-02
4.602783541983707788e-02
4.623430821628776721e-02
4.628300607860125204e-02
4.645758274838403951e-02
4.664977796932406884e-02
4.686724163634236467e-02
4.698777773954283810e-02
4.703901854038571029e-02
4.722633840434865837e-02
4.732193768751822432e-02
4.743385345800271019e-02
4.764258708900351996e-02
4.774887254956937388e-02
4.784379701115142047e-02
4.811980366330054909e-02
4.816212213014114951e-02
4.834962785907161859e-02
4.848926854321317786e-02
4.856456132635462997e-02
4.874116703692803199e-02
4.893297440507177881e-02
4.915589365188214460e-02
4.933728691623397861e-02
4.949360204507889660e-02
4.954627472312177205e-02
4.968849631082806334e-02
4.969777643120344701e-02
5.001861722797749932e-02
5.031099109755062665e-02
5.040534212512502721e-02
5.050260182097879996e-02
5.080980833744468822e-02
5.096981910817129785e-02
5.110638451724873466e-02
5.158712120003959567e-02
5.163900585027933476e-02
5.183728165242396102e-02
5.192745559545769440e-02
5.207945397028484330e-02
5.220868285235102241e-02
5.247825673175672556e-02
5.254874005799140685e-02
5.257705529343188050e-02
5.289597518643844587e-02
5.301796440368522489e-02
5.319309841335358169e-02
5.339365011440296710e-02
5.367475745730513476e-02
5.375394733254876267e-02
5.387248662940383181e-02
5.400891878207133429e-02
5.450514453174042789e-02
5.467661831002910977e-02
5.495860302957392834e-02
5.517498631084513661e-02
5.530359261757555184e-02
5.570277225773535845e-02
5.581465750369652562e-02
5.595877288201282773e-02
5.603280709234438606e-02
5.614414969138081107e-02
5.629476969329812869e-02
5.653178267334187795e-02
5.671654734523031566e-02
5.707641561654870632e-02
5.731260158952646705e-02
5.778738664172121398e-02
5.790238529376368071e-02
5.804707702201514219e-02
5.848434888694643841e-02
5.862998993487772426e-02
5.878493525229377265e-02
5.910543000932737268e-02
5.920856364006781697e-02
5.961229529905336111e-02
6.016010806184705906e-02
6.070545335519687835e-02
6.086351249465310476e-02
6.113582212172358199e-02
6.169188327042458841e-02
