-6.178823206854557742e-02
-6.113214518249093787e-02
-6.106310698996571945e-02
-6.050169488096891757e-02
-6.022139986636068643e-02
-5.974411658473585685e-02
-5.952145031660825703e-02
-5.926677492635507027e-02
-5.887243837330784213e-02
-5.845327849711708101e-02
-5.816352946644606781e-02
-5.788108166264761822e-02
-5.766761265207619169e-02
-5.725871731269662618e-02
-5.712647032274802139e-02
-5.696652626902585365e-02
-5.682155670588318053e-02
-5.653190100033135546e-02
-5.634138749881432290e-02
-5.617957907302349035e-02
-5.596782429431598760e-02
-5.548670641964114497e-02
-5.534715099522577453e-02
-5.519494427184762353e-02
-5.505444673740694794e-02
-5.486323989160089148e-02
-5.480540346547197600e-02
-5.468931151802892965e-02
-5.444403523235532422e-02
-5.430765686604024228e-02
-5.416878893555557295e-02
-5.386389953641324002e-02
-5.357732354038592659e-02
-5.340827469947002221e-02
-5.328492189507840621e-02
-5.307363071623952266e-02
-5.275219665972678135e-02
-5.267417113299603659e-02
-5.256632631344405893e-02
-5.238272599731647744e-02
-5.221454500929514214e-02
-5.191617882446682153e-02
-5.174095544824999782e-02
-5.146336651252172295e-02
-5.143088376504258846e-02
-5.117984512597120034e-02
-5.086318427926528329e-02
-5.070874781348425064e-02
-5.058671809789140605e-02
-5.042824593974772757e-02
-5.027138748534983048e-02
-5.008959496442014214e-02
-4.990276088243288111e-02
-4.966861596453497202e-02
-4.960214605388246073e-02
-4.946999545094112050e-02
-4.927573011010792647e-02
-4.921207373965460347e-02
-4.907135752810310586e-02
-4.878808500137434001e-02
-4.873401949895020402e-02
-4.847225011730591643e-02
-4.836456796519721102e-02
-4.819895769793156731e-02
-4.811593155712769881e-02
-4.804966338888213423e-02
-4.783762983804350916e-02
-4.772692588776963896e-02
-4.750981456394089836e-02
-4.740308381196904619e-02
-4.710858462592337065e-02
-4.707508895558555617e-02
-4.690601771118318997e-02
-4.681472669504944950e-02
-4.665459982628821639e-02
-4.653160420296419131e-02
-4.640939944448688875e-02
-4.629238636297314941e-02
-4.604296925857106343e-02
-4.599703750935960761e-02
-4.582188345049876405e-02
-4.578869104415747571e-02
-4.561988386737726026e-02
-4.553082394577212533e-02
-4.527834018880599193e-02
-4.518131963654650057e-02
-4.506340876700112158e-02
-4.482364944255124578e-02
-4.460323720427370603e-02
-4.445814732112399192e-02
-4.440929612172041241e-02
-4.433145476942284419e-02
-4.412747414421244047e-02
-4.406242584329193163e-02
-4.394261439938217106e-02
-4.363331334502525138e-02
-4.361243971672010278e-02
-4.348330563388787262e-02
-4.336046401623065705e-02
-4.330091536417195186e-02
-4.323980432922793632e-02
-4.305843752724175522e-02
-4.285203268224969247e-02
-4.278484903942463696e-02
-4.267485492861829849e-02
-4.258397061841002335e-02
-4.251196227692165264e-02
-4.229331059143514454e-02
-4.219724971896172266e-02
-4.197292917577730154e-02
-4.175623802829835085e-02
-4.174125591727362999e-02
-4.165404941171926140e-02
-4.141112974645280720e-02
-4.131283689288057365e-02
-4.110333214441044825e-02
-4.104930516942145030e-02
-4.086699948670997895e-02
-4.073706402809143534e-02
-4.066562416213216624e-02
-4.048921494259369314e-02
-4.046103696844596809e-02
-4.034671091921643304e-02
-4.008736448214395703e-02
-4.000698993952733068e-02
-3.985284016814597680e-02
-3.979777026533162787e-02
-3.961409501213634943e-02
-3.955814126108442991e-02
-3.945308223608406245e-02
-3.937695626431229196e-02
-3.930915564934997497e-02
-3.920621849712998402e-02
-3.899558806078640139e-02
-3.881316856994537073e-02
-3.863785262554381150e-02
-3.859684114824672024e-02
-3.850296044741223500e-02
-3.845035467201003698e-02
-3.829754651409959798e-02
-3.820206106176404770e-02
-3.807096046729362832e-02
-3.798028150182931190e-02
-3.779052549670246230e-02
-3.762101686488728697e-02
-3.745747008001240608e-02
-3.735011646610424813e-02
-3.732379829110911429e-02
-3.722362310490453380e-02
-3.706633291531306190e-02
-3.695529505817948118e-02
-3.686019859835888007e-02
-3.683214079170146760e-02
-3.659464748059014505e-02
-3.646736366319395378e-02
-3.633154553241364770e-02
-3.622807686395467658e-02
-3.613462370878519486e-02
-3.604577474491454936e-02
-3.589896863569360524e-02
-3.579531118123529393e-02
-3.566432602039227434e-02
-3.562960342469754377e-02
-3.545919508690624500e-02
-3.532934327421901471e-02
-3.529060250879205440e-02
-3.517804038702212338e-02
-3.499685297203424666e-02
-3.491181203133846694e-02
-3.481947938330264697e-02
-3.478460592844508786e-02
-3.459719063594264565e-02
-3.450973484033179745e-02
-3.445245635831246933e-02
-3.424134664948472184e-02
-3.409970402358341451e-02
-3.388516354460963803e-02
-3.378263254875427807e-02
-3.369799246835958328e-02
-3.354025923909823709e-02
-3.350285899280529972e-02
-3.341186900832160411e-02
-3.335984154586468103e-02
-3.316328528942348586e-02
-3.313361943806972243e-02
-3.303082520427520763e-02
-3.282046509971379283e-02
-3.275360538928530352e-02
-3.270057907298359878e-02
-3.258350089009195288e-02
-3.238463514379863462e-02
-3.231716210778505516e-02
-3.224964630267546789e-02
-3.214035509898577336e-02
-3.201332297886792105e-02
-3.189009124702157916e-02
-3.174898342870741130e-02
-3.154318791125781951e-02
-3.145109361399815728e-02
-3.134040561258379098e-02
-3.125526806606073599e-02
-3.118984651017148169e-02
-3.109520030135949631e-02
-3.094546455037120933e-02
-3.092680883734551592e-02
-3.082890834050045631e-02
-3.075516207092035895e-02
-3.062461091844345326e-02
-3.047881296275622293e-02
-3.037992917831889780e-02
-3.032058673051747991e-02
-3.022469579417462471e-02
-3.015933626514939389e-02
-3.000653765443366677e-02
-2.987537650158933120e-02
-2.976526948797758934e-02
-2.963965886982549910e-02
-2.958158340336671313e-02
-2.939278810763098007e-02
-2.922327547822788432e-02
-2.918420200195369005e-02
-2.903538086989083944e-02
-2.882480548934779688e-02
-2.870975945685515923e-02
-2.858769949128125987e-02
-2.846414529616927980e-02
-2.831028391438165578e-02
-2.822832692014421579e-02
-2.821490607372274112e-02
-2.806591733945050862e-02
-2.798805118210543480e-02
-2.785528321455610357e-02
-2.769982222068714459e-02
-2.759091005324931095e-02
-2.753273024493521626e-02
-2.741727010507243392e-02
-2.736409928636571870e-02
-2.730071241875252352e-02
-2.709136420186741140e-02
-2.701798057970771633e-02
-2.697009337198231355e-02
-2.689099761588871138e-02
-2.678577633193243018e-02
-2.665120287384295863e-02
-2.660199877880496666e-02
-2.640702771084914302e-02
-2.632906966444394439e-02
-2.628175914594133022e-02
-2.605695113862029413e-02
-2.594872734273802675e-02
-2.587659440357901325e-02
-2.579812217466883814e-02
-2.563872140751575351e-02
-2.551734536665767328e-02
-2.545272443327579667e-02
-2.538506707745306901e-02
-2.532970926540484627e-02
-2.522599520466985504e-02
-2.493345556796931414e-02
-2.487677499659755181e-02
-2.477422323099249743e-02
-2.463946796652927498e-02
-2.455656952318523850e-02
-2.448172855997955352e-02
-2.437264071197379339e-02
-2.419164642343844818e-02
-2.411104728076703466e-02
-2.405053522762094081e-02
-2.388291335495602852e-02
-2.382034184808422966e-02
-2.374409904846187802e-02
-2.363512323461623363e-02
-2.351071539075531153e-02
-2.346377726390838983e-02
-2.324624324154873911e-02
-2.321806635753693657e-02
-2.308076722395334054e-02
-2.299515860296547434e-02
-2.288582617261931268e-02
-2.284408458319980503e-02
-2.280982991371499624e-02
-2.272712017725260492e-02
-2.249038346184050255e-02
-2.242435784587153147e-02
-2.239096916402042586e-02
-2.222027796844431788e-02
-2.217097375365412182e-02
-2.200830257455610797e-02
-2.188963636819970734e-02
-2.178587830114341733e-02
-2.164332073367524964e-02
-2.156626813429139700e-02
-2.149069152565027258e-02
-2.137517682358110530e-02
-2.133502525537619987e-02
-2.117575971572370139e-02
-2.106065597488312319e-02
-2.095018483733246395e-02
-2.090225847932460773e-02
-2.072607381944924221e-02
-2.067213674912389207e-02
-2.064260705305374227e-02
-2.049899394177316994e-02
-2.038471365075129882e-02
-2.018415381759756239e-02
-2.013370752250974796e-02
-1.992931211282054221e-02
-1.989748095669358063e-02
-1.984724577867766696e-02
-1.965083201876656818e-02
-1.959520918343880813e-02
-1.951507543215857954e-02
-1.935271553747748216e-02
-1.931737956108131940e-02
-1.925129281615978183e-02
-1.909693685000368041e-02
-1.903563818609631947e-02
-1.888766623428751040e-02
-1.874219201430561005e-02
-1.864867046799590158e-02
-1.856169164136421343e-02
-1.840797275784118725e-02
-1.835126007400317630e-02
-1.830158406676491226e-02
-1.819059968655126897e-02
-1.801109912596444637e-02
-1.794601639453003231e-02
-1.784044500412595644e-02
-1.782060461848532576e-02
-1.772332224389592398e-02
-1.768220459316737977e-02
-1.753291652471525644e-02
-1.748698150311313662e-02
-1.746729235331322128e-02
-1.723661128264612763e-02
-1.711867673382111779e-02
-1.699959002970433813e-02
-1.690004508897566260e-02
-1.682765931034757578e-02
-1.681250389788626828e-02
-1.660540364481659023e-02
-1.648462867905849116e-02
-1.639124314801401056e-02
-1.635096125919730664e-02
-1.616801163632430871e-02
-1.611794579335238883e-02
-1.600591457074193938e-02
-1.589706452642048948e-02
-1.585873129147130287e-02
-1.574437347941118337e-02
-1.560916329836112282e-02
-1.558227480181215152e-02
-1.547491947851040162e-02
-1.535945352136261315e-02
-1.521361387280822063e-02
-1.520015904186564418e-02
-1.506276611389678957e-02
-1.489523671378521763e-02
-1.482719756936438753e-02
-1.469422964285468577e-02
-1.465889690217486198e-02
-1.463458685185685393e-02
-1.446219270863518744e-02
-1.435014484519615482e-02
-1.428872836135517028e-02
-1.418546389061251835e-02
-1.405384479954966542e-02
-1.403154474835397597e-02
-1.383982684523039734e-02
-1.378737119439025181e-02
-1.367236257506200536e-02
-1.362091305983201273e-02
-1.356084279666798856e-02
-1.342717781078308845e-02
-1.332271951867359736e-02
-1.320777428251135137e-02
-1.315105141688656040e-02
-1.306979435813506417e-02
-1.298014959297393543e-02
-1.284422722997104367e-02
-1.275465755381777373e-02
-1.271494442795394544e-02
-1.264662023203726171e-02
-1.245927761746475765e-02
-1.232322061135111314e-02
-1.231994015787843053e-02
-1.227920867796413254e-02
-1.198311911753255007e-02
-1.193207913959896255e-02
-1.189301886138800085e-02
-1.176102937365080744e-02
-1.169388772364019294e-02
-1.165084131527786837e-02
-1.154069274333728232e-02
-1.150827490296658928e-02
-1.127418025445894520e-02
-1.123096301645684462e-02
-1.116961712542602174e-02
-1.107148161855559323e-02
-1.101105424189410299e-02
-1.089240144496277617e-02
-1.083298646203273083e-02
-1.066284153547582790e-02
-1.059749288819044656e-02
-1.054351929881570255e-02
-1.041459671266685948e-02
-1.030002887333915200e-02
-1.021490499170256416e-02
-1.015208930655362059e-02
-1.008238356381390734e-02
-9.840322292366409165e-03
-9.753162879547933733e-03
-9.724947387364580795e-03
-9.598702769650963376e-03
-9.494795757915524062e-03
-9.471119102516486685e-03
-9.375888114989541083e-03
-9.284727646023234471e-03
-9.103438248391073490e-03
-8.906546743860198692e-03
-8.825431319149498396e-03
-8.786545777132784979e-03
-8.660246500353357621e-03
-8.548121575013528650e-03
-8.506521970064157001e-03
-8.431423554809386323e-03
-8.282512263499334018e-03
-8.181127960578172403e-03
-8.154880444987248206e-03
-8.041547818283855190e-03
-7.980447264310776279e-03
-7.904458424493028892e-03
-7.775231280294220629e-03
-7.692164349170090010e-03
-7.619213700885592300e-03
-7.431295069865499758e-03
-7.404353444113751653e-03
-7.310977581368872935e-03
-7.166788424091327485e-03
-7.137260309841768867e-03
-7.072502483409075398e-03
-6.864188422236565390e-03
-6.721674463876183524e-03
-6.673294597173444129e-03
-6.652550908904274890e-03
-6.499856469480497917e-03
-6.399992488058796683e-03
-6.242810848081990598e-03
-6.197951060253637304e-03
-6.012959904630613486e-03
-5.922235306435657751e-03
-5.877267213492711612e-03
-5.770154174073486089e-03
-5.743043179731617369e-03
-5.588193516351975913e-03
-5.466250355062712493e-03
-5.403407891169876437e-03
-5.260563363803255101e-03
-5.184138917940869611e-03
-5.111606066178529979e-03
-5.009573633208965100e-03
-4.883678622937607551e-03
-4.826924764994099115e-03
-4.790272567342034396e-03
-4.692407724320504618e-03
-4.615970428442792151e-03
-4.468176811403727980e-03
-4.334311037890343186e-03
-4.291259529289675849e-03
-4.174257036041642555e-03
-4.022037303359546692e-03
-3.965424105186315766e-03
-3.780303498583235510e-03
-3.604693131211463095e-03
-3.536565400944132690e-03
-3.525396104671560567e-03
-3.408654701462215247e-03
-3.258891456572441617e-03
-3.214986934278735511e-03
-3.113026056747567657e-03
-2.971559187023397122e-03
-2.928716745649991883e-03
-2.894660120360859588e-03
-2.810934478648343358e-03
-2.656819613469711596e-03
-2.472585793869566673e-03
-2.397681431204409016e-03
-2.349178239393906985e-03
-2.239213220989214222e-03
-2.194649363389195376e-03
-2.068471444484202160e-03
-1.997861024589853672e-03
-1.925742581422051382e-03
-1.800998519385616165e-03
-1.759073551422547701e-03
-1.677809530868783552e-03
-1.571051131090551349e-03
-1.548390444873999367e-03
-1.389766994316211576e-03
-1.345182986739430720e-03
-1.157843547700426658e-03
-1.043352076157300730e-03
-9.191314408818536006e-04
-8.082074682874076802e-04
-7.985240702296830719e-04
-7.314867554015715319e-04
-6.125900243432293515e-04
-4.448295529822858768e-04
-3.365313414450179781e-04
-3.289496900453451754e-04
-1.748771294517854045e-04
-5.578043772640581971e-05
3.855954658663562039e-05
5.504090813580451329e-05
2.409197516559620023e-04
2.906508756440696136e-04
3.984843808477043408e-04
5.147504702214348313e-04
5.549711865577101671e-04
6.248456112140016779e-04
6.911041487036308998e-04
7.878991275850625231e-04
8.884101542753705411e-04
1.035570715528906071e-03
1.188571619236810078e-03
1.315144238710792748e-03
1.379589553828361502e-03
1.395576395103571322e-03
1.459069189639314573e-03
1.584758835905328810e-03
1.664014493849864549e-03
1.814657326194816503e-03
1.907292335087910212e-03
2.012950821083193086e-03
2.095210434996409680e-03
2.312635725876198076e-03
2.362233550326989749e-03
2.452115798673661865e-03
2.618214013788994037e-03
2.715539485119766727e-03
2.790871403029438272e-03
2.842827944929650179e-03
2.964853492176302684e-03
3.062167586885656580e-03
3.139216249783986258e-03
3.184618353646168944e-03
3.294041788379369756e-03
3.344712074509225298e-03
3.429578565544988845e-03
3.450527427858403329e-03
3.550171268812226354e-03
3.740408944957736813e-03
3.768095384512442671e-03
3.870691009879625652e-03
4.006265049262117996e-03
4.163433612190609208e-03
4.202380293049544184e-03
4.419549367226612881e-03
4.483739343428756394e-03
4.570905796664267648e-03
4.667634225365449759e-03
4.724966680920992049e-03
4.848149305915413175e-03
4.921572806973937252e-03
4.945799982355183165e-03
5.040872393270094502e-03
5.176810784255846468e-03
5.283915130309584443e-03
5.375998934232013686e-03
5.497727422035972138e-03
5.671011239470860783e-03
5.734123369138421911e-03
5.855457874298263671e-03
5.998452260330809464e-03
6.036243650985635353e-03
6.190584894109358444e-03
6.203493609377873710e-03
6.270938802334883634e-03
6.474612927501992125e-03
6.537340551694193792e-03
6.592442233199572073e-03
6.622359906433230095e-03
6.863099269267350713e-03
6.923334951305600872e-03
7.012655505939089685e-03
7.112345708239050691e-03
7.229941461123471150e-03
7.258237337670892832e-03
7.347539812762153739e-03
7.419242013305168103e-03
7.452540274673036605e-03
7.599608081374969147e-03
7.653053901997320524e-03
7.816827664000982820e-03
7.886669439224839456e-03
8.051794853084005485e-03
8.120776700313277544e-03
8.209333572921206218e-03
8.313277963636712953e-03
8.360319910107695540e-03
8.455173292923136991e-03
8.537784228615896698e-03
8.618136710714050311e-03
8.773161542939561172e-03
8.825173196852872937e-03
8.878256326869416251e-03
8.966680377241714739e-03
9.110255269127965835e-03
9.245509211723419024e-03
9.289755973922529664e-03
9.455304624160967147e-03
9.563932743850186990e-03
9.677206513282035627e-03
9.729760122636177747e-03
9.750050877911250330e-03
9.960104262310986306e-03
1.000836198680449436e-02
1.008454025359251105e-02
1.026433622003061763e-02
1.032641058282186483e-02
1.043527814424664683e-02
1.047335082458381028e-02
1.056123033304697673e-02
1.067169742601877837e-02
1.077252861498988017e-02
1.085541799598101730e-02
1.092308691608015123e-02
1.098289749343192220e-02
1.119891722324278284e-02
1.128588001506004856e-02
1.137528010059130588e-02
1.143675541343401082e-02
1.153408079170861744e-02
1.164392120871233713e-02
1.173237937741856106e-02
1.181979320750893396e-02
1.186688931246504541e-02
1.195688643101471514e-02
1.208344958176214498e-02
1.213515615475252440e-02
1.230997390328508918e-02
1.233849135640014728e-02
1.248398699321901471e-02
1.251441700038519525e-02
1.281248555319591288e-02
1.282722191676559896e-02
1.291227183831725536e-02
1.304791289707626402e-02
1.325635598132334642e-02
1.332622264075744752e-02
1.340350984855480203e-02
1.345924084750622397e-02
1.354966949852231053e-02
1.365940496263567602e-02
1.378328334826898517e-02
1.389051366991985066e-02
1.397420744934835604e-02
1.407737245775829947e-02
1.427595466648821400e-02
1.429646474807471160e-02
1.441932904305909605e-02
1.448479656548073112e-02
1.460311056265622444e-02
1.462857591320319145e-02
1.470495518726608331e-02
1.489995809331769866e-02
1.503556111724691467e-02
1.508779095328613602e-02
1.522911123713384558e-02
1.528026853230060947e-02
1.552170221947585596e-02
1.558423033093845472e-02
1.568085485427608491e-02
1.572464193290018519e-02
1.584014350835800597e-02
1.590152604748626408e-02
1.614176354293931845e-02
1.615681023242400427e-02
1.625934969361619159e-02
1.630879747861039425e-02
1.633582427226308240e-02
1.654685032892209626e-02
1.668881357380661359e-02
1.680022177902405073e-02
1.687885313728821127e-02
1.699637513160983521e-02
1.702233875794858381e-02
1.706305026004938108e-02
1.718808201236224700e-02
1.722858185823817473e-02
1.735781996456746412e-02
1.745376269793944002e-02
1.759509820649677800e-02
1.766191379560935401e-02
1.777710849037654126e-02
1.782592141600840632e-02
1.801429895314133472e-02
1.813399093187603034e-02
1.819259331342666305e-02
1.839395646103251375e-02
1.850754670453487113e-02
1.856417496553765950e-02
1.866421557788879027e-02
1.874558383559657079e-02
1.892456430573060192e-02
1.896629447407639432e-02
1.906388949540340633e-02
1.920995375064279628e-02
1.928894458716563440e-02
1.935373469690668605e-02
1.937880101749063153e-02
1.949553787887616657e-02
1.968375314015040345e-02
1.989149065000307345e-02
1.997976069737423047e-02
2.000363456732407244e-02
2.016551496501762727e-02
2.018946030295776239e-02
2.026552468462298681e-02
2.039394155507374268e-02
2.045818874829165301e-02
2.058779705631774704e-02
2.062982583655129099e-02
2.077427739602279166e-02
2.085203996276348629e-02
2.104824681031108521e-02
2.112885356141324528e-02
2.121112443088670613e-02
2.130367177593198852e-02
2.132534215234552222e-02
2.149977991300468239e-02
2.157778952297266864e-02
2.169493217312822367e-02
2.172190995513387929e-02
2.184062747376451508e-02
2.191750328343436763e-02
2.216373048835765594e-02
2.221502540129970116e-02
2.222535314426717784e-02
2.233213878402498173e-02
2.246264556305743385e-02
2.256988951314186503e-02
2.273403815833634212e-02
2.275301736955950144e-02
2.286521799126835924e-02
2.293953476268859731e-02
2.303785123003115887e-02
2.319819672739955804e-02
2.338167616615065628e-02
2.354221363557194857e-02
2.360881164208561769e-02
2.370414045357397900e-02
2.378348617507518997e-02
2.383123096121393669e-02
2.409002298605669029e-02
2.411909648165674533e-02
2.412997573065564158e-02
2.435789386624812036e-02
2.438453472821283316e-02
2.450532764780401912e-02
2.458175748955082618e-02
2.465931200348650890e-02
2.479043103596492367e-02
2.491249697521625422e-02
2.501841395737588319e-02
2.508573528207013945e-02
2.519725925631838975e-02
2.532701500812828757e-02
2.547103609130119128e-02
2.553809355781731447e-02
2.558901972528565202e-02
2.581495213735167729e-02
2.583466169271137619e-02
2.585460901849975096e-02
2.604444838028496800e-02
2.618508473506172413e-02
2.621434580354306196e-02
2.627383044405407625e-02
2.633924236689911408e-02
2.643905100502837516e-02
2.648257401946918152e-02
2.666482807186474832e-02
2.678984147416051467e-02
2.684949827494867783e-02
2.700339711014744515e-02
2.708570104457220032e-02
2.719070776212923965e-02
2.733128782260348111e-02
2.743796772062557718e-02
2.760376137937110841e-02
2.771676312669627343e-02
2.784336668259380573e-02
2.791726180490960996e-02
2.805455830512216392e-02
2.810536819276268292e-02
2.822350186297794411e-02
2.829925127740468352e-02
2.834053038193988169e-02
2.853067491868413116e-02
2.855740855194923225e-02
2.859312094485304961e-02
2.880728927090440983e-02
2.882821008503667903e-02
2.901798200936303584e-02
2.919572935804430266e-02
2.923356219290587990e-02
2.938347960070184298e-02
2.944007912337242086e-02
2.959960680395688076e-02
2.969937453677965605e-02
2.972360482748890448e-02
2.986718015489370215e-02
3.005335417101256956e-02
3.018615015846212030e-02
3.026511224883062998e-02
3.040487439338901074e-02
3.046057294534999446e-02
3.070108902311457708e-02
3.073535802679974380e-02
3.080015626455082436e-02
3.087637855613534557e-02
3.102309444378012135e-02
3.117924207008752890e-02
3.123707914036441546e-02
3.129989754728334378e-02
3.136785910755692658e-02
3.145035971039068096e-02
3.161967593456958131e-02
3.168025711416433410e-02
3.181448711409218255e-02
3.190974622052338699e-02
3.209393814784557847e-02
3.223160257831736430e-02
3.234046367562330021e-02
3.259967537660839881e-02
3.267083289590209244e-02
3.278425906793810268e-02
3.293343616788899086e-02
3.299180213159143976e-02
3.307757979591051389e-02
3.315686864133109146e-02
3.323264535364772038e-02
3.332676571414147637e-02
3.343406916532661033e-02
3.371687492033857703e-02
3.385716299668978246e-02
3.400984503694149536e-02
3.415305890752770579e-02
3.426613237926442318e-02
3.432212235317814303e-02
3.443305924195692175e-02
3.446389590475732595e-02
3.466442257281171502e-02
3.478172925454420944e-02
3.481359402909552092e-02
3.503544439131770633e-02
3.518113426958427437e-02
3.520641236604030860e-02
3.528320994760800189e-02
3.541722882889347668e-02
3.550398467446144041e-02
3.569930261360326068e-02
3.574411652223348501e-02
3.581637552287535164e-02
3.585249100018349233e-02
3.598634515035757653e-02
3.617794444807408138e-02
3.621624161640992628e-02
3.631189112573908473e-02
3.640977502027371859e-02
3.653622602263574548e-02
3.674450650869976603e-02
3.686457940450343918e-02
3.688471906345011653e-02
3.710649202888235965e-02
3.717342276383005933e-02
3.726624144653632731e-02
3.745707064243398304e-02
3.753502095196623728e-02
3.753753852439327410e-02
3.788396985096261632e-02
3.797919514871481855e-02
3.805624027466879972e-02
3.806444543579819845e-02
3.836079609497435039e-02
3.843463090478959482e-02
3.849444268470246511e-02
3.873757289462309572e-02
3.881243903580416238e-02
3.897832441201110054e-02
3.899381256626781311e-02
3.920605579352332698e-02
3.924321379758841100e-02
3.951142107947486909e-02
3.968165926304564883e-02
3.975257880506630898e-02
3.985093027887177258e-02
3.997886747801080581e-02
4.013597944518331601e-02
4.021840513967263331e-02
4.047196978405336043e-02
4.056056901021870553e-02
4.062089242522457649e-02
4.073650664500476359e-02
4.087949927015167850e-02
4.101387200023780960e-02
4.108971943295511992e-02
4.110560543411118095e-02
4.118936984504134591e-02
4.140124259675513618e-02
4.145528089468165922e-02
4.165224158010354810e-02
4.169024502741036642e-02
4.191444573713831029e-02
4.204774946193751833e-02
4.215882199534029540e-02
4.223408899575723657e-02
4.234759535537904046e-02
4.248171794974177351e-02
4.266156150826434096e-02
4.284692142694455225e-02
4.301960395611738319e-02
4.312790951122333349e-02
4.327354250312743372e-02
4.339289624526732753e-02
4.349764256946711538e-02
4.356930965616714196e-02
4.382550249045436691e-02
4.398483305109092412e-02
4.405836298025080089e-02
4.410500714615896156e-02
4.420915982782471637e-02
4.438152031200360420e-02
4.445883163311663278e-02
4.453425392436177049e-02
4.487356579067159484e-02
4.492223056781299850e-02
4.502823117437020767e-02
4.536711835735231235e-02
4.544135667410843099e-02
4.564315113755637587e-02
4.575981392035365775e-02
4.590263164714143695e-02
4.597274601774475195e-02
4.603034333183776000e-02
4.622254634825755104e-02
4.637499413907339441e-02
4.654612362752377774e-02
4.672160415057473315e-02
4.686382196958505802e-02
4.696069098093073879e-02
4.701435523480815976e-02
4.718593154725744809e-02
4.739278774701046609e-02
4.751897674557351708e-02
4.769344564410266107e-02
4.791343376089435974e-02
4.797423765958080955e-02
4.812085233886282537e-02
4.825970687570525081e-02
4.849813914441841733e-02
4.858623191292994054e-02
4.874641050540707427e-02
4.898632631429083312e-02
4.913190069875530974e-02
4.928934334032306075e-02
4.941154880048980597e-02
4.950359295917020064e-02
4.962186271012128391e-02
4.970095284018049425e-02
4.991376640517820179e-02
5.007642189766994129e-02
5.030060807269917666e-02
5.051195852084747195e-02
5.066220506768069620e-02
5.092519336504540417e-02
5.099478870824405291e-02
5.116463082449175526e-02
5.143778626216447686e-02
5.147775086906812569e-02
5.157189090236156959e-02
5.162011420523995170e-02
5.186681371815563685e-02
5.210664604111205078e-02
5.227576367631138476e-02
5.238706370475624402e-02
5.249915637266180241e-02
5.268243226475922969e-02
5.286688420076289530e-02
5.295696712873707718e-02
5.313267555185902102e-02
5.338336678822207942e-02
5.346134996685261015e-02
5.370452347306643726e-02
5.403647676439881503e-02
5.408757390540779031e-02
5.428805509887554837e-02
5.445283323110911705e-02
5.487036743755661222e-02
5.490434546031967150e-02
5.510807312119832962e-02
5.535270202964618497e-02
5.547077628145793277e-02
5.572818427850553119e-02
5.597550025858148703e-02
5.618087344281814943e-02
5.656854823274048288e-02
5.674598895727006598e-02
5.713273882487593380e-02
5.731134757649096467e-02
5.751260208032948212e-02
5.756005891631256477e-02
5.789092099297724753e-02
5.797616217663032617e-02
5.824485261805981834e-02
5.865984121844448201e-02
5.878114443239771530e-02
5.911304772789066631e-02
5.974815044104270223e-02
5.995125893806656225e-02
6.034281343852274104e-02
6.098936436100865777e-02
6.139334948972901412e-02
6.158984051032379697e-02
