-6.204129312441843819e-02
-6.171154217846792911e-02
-6.091698397465929865e-02
-6.064512614549616432e-02
-6.009814442033425269e-02
-5.968308153053671766e-02
-5.941636042636645049e-02
-5.926410792745618467e-02
-5.894461056316666059e-02
-5.838774823645181272e-02
-5.815229890685354869e-02
-5.785713845745411171e-02
-5.760448793154849395e-02
-5.753057588834385727e-02
-5.723023394385685220e-02
-5.706371549351794276e-02
-5.686333041199497645e-02
-5.668010048366792231e-02
-5.647748347928393392e-02
-5.632795559532678686e-02
-5.598339081103718279e-02
-5.564451455978126904e-02
-5.549775166999328796e-02
-5.539728682652227121e-02
-5.498753651654915420e-02
-5.490735892363760723e-02
-5.480483315185178533e-02
-5.447151287877494835e-02
-5.434778659600740525e-02
-5.400132336460283788e-02
-5.387000006705514737e-02
-5.362620414547218661e-02
-5.350748680325945195e-02
-5.332619087833505300e-02
-5.317362527279009127e-02
-5.298800595361381760e-02
-5.279661275729489317e-02
-5.259662361050708446e-02
-5.250689857757010609e-02
-5.242406046705200967e-02
-5.196938453741571651e-02
-5.177738220277593867e-02
-5.168317820112680594e-02
-5.144987658042947387e-02
-5.134097081730522316e-02
-5.116573034239108031e-02
-5.100835697955359571e-02
-5.092522661431528319e-02
-5.062401284680511510e-02
-5.056372622528762517e-02
-5.048859764807093337e-02
-5.012473384311152969e-02
-5.005405600370313457e-02
-4.978302457975822964e-02
-4.972823570136106208e-02
-4.971301495910809137e-02
-4.948357635921482589e-02
-4.935169380648300047e-02
-4.915022460376027719e-02
-4.898463906569041487e-02
-4.895118338194263258e-02
-4.879976457975553072e-02
-4.856124904463395009e-02
-4.842133013683637410e-02
-4.815762601191125869e-02
-4.812272611595867083e-02
-4.787682440560825370e-02
-4.773872052434974950e-02
-4.752226356553376080e-02
-4.738821118666481508e-02
-4.731117834909697589e-02
-4.715788226389899113e-02
-4.697355188072056820e-02
-4.689935794095973637e-02
-4.680624316600510287e-02
-4.662536853212842503e-02
-4.658358613889371225e-02
-4.632623465897715842e-02
-4.613757554083419005e-02
-4.606788515656852490e-02
-4.595567061543007203e-02
-4.585099460136844024e-02
-4.571272240713575991e-02
-4.554527497479710085e-02
-4.542953527422416427e-02
-4.534530175290546472e-02
-4.516702166154856063e-02
-4.498961833811307431e-02
-4.485573202638656193e-02
-4.479316735635510693e-02
-4.461521275220273197e-02
-4.457712290782282066e-02
-4.434510299120467125e-02
-4.428624948886648871e-02
-4.422230601371187481e-02
-4.393388100186503692e-02
-4.382477638737700132e-02
-4.367575630412285498e-02
-4.355406246606411541e-02
-4.334353400880915780e-02
-4.324012264024043595e-02
-4.316268746838615444e-02
-4.308047930085451283e-02
-4.290256054694072119e-02
-4.281411344721278156e-02
-4.270999130063970334e-02
-4.263466811108580085e-02
-4.229899395140551688e-02
-4.223127396074866091e-02
-4.205371825667571228e-02
-4.193281977903419444e-02
-4.185883819865748867e-02
-4.179472280720167993e-02
-4.166602059009804487e-02
-4.146446517654234221e-02
-4.133459419760911885e-02
-4.118958352985362809e-02
-4.104153324626499261e-02
-4.100461802382499715e-02
-4.082050965260564102e-02
-4.061388249792157595e-02
-4.060731665455614287e-02
-4.045614225917646550e-02
-4.041366828866395366e-02
-4.020117663689503490e-02
-3.996111229975603946e-02
-3.985933802795417480e-02
-3.972330713647684308e-02
-3.959603007366559180e-02
-3.944750521432088819e-02
-3.933419667697100192e-02
-3.929509888179002347e-02
-3.912324912090916346e-02
-3.908460394792567100e-02
-3.896744694701233941e-02
-3.887364401763705041e-02
-3.882332177987937727e-02
-3.862558974339394546e-02
-3.846492810838043896e-02
-3.834366280574822566e-02
-3.816258488950199923e-02
-3.799357844571639442e-02
-3.794726141933312674e-02
-3.768760163372648908e-02
-3.766902009650169997e-02
-3.755008499471949174e-02
-3.750858152717499727e-02
-3.735482814802596613e-02
-3.721534168059290049e-02
-3.705219087956862500e-02
-3.693250374005135894e-02
-3.692150613313043006e-02
-3.682243295271681038e-02
-3.661176136162193340e-02
-3.647065199271231489e-02
-3.631235937721888352e-02
-3.622373352657563828e-02
-3.610587897897828136e-02
-3.597628285429791545e-02
-3.571275784596039671e-02
-3.566475145572468169e-02
-3.558731122800139202e-02
-3.541355541835270598e-02
-3.534654275101727083e-02
-3.526593304857952166e-02
-3.520728714958917815e-02
-3.505466208307946030e-02
-3.496108475196559734e-02
-3.493504713187864374e-02
-3.476860558879735913e-02
-3.454593441180514590e-02
-3.444964365158832698e-02
-3.433393097998493210e-02
-3.430991643333318464e-02
-3.418002924076161964e-02
-3.416421383859651745e-02
-3.403670388796336405e-02
-3.380519936534695513e-02
-3.370454325023609227e-02
-3.367480839572405127e-02
-3.354356043300829593e-02
-3.336361237232542132e-02
-3.321931744811824211e-02
-3.307136194610847679e-02
-3.300329455441557147e-02
-3.290722660761104257e-02
-3.270609768570501702e-02
-3.265134312140663408e-02
-3.255608928450497153e-02
-3.240224261180583293e-02
-3.226689505628391186e-02
-3.210480637220883282e-02
-3.202333959615254189e-02
-3.189792959428917885e-02
-3.185836201037459126e-02
-3.169329825359941399e-02
-3.167160491891452684e-02
-3.159372613037189637e-02
-3.132387624277450933e-02
-3.121962613858016503e-02
-3.117072432242631863e-02
-3.107250523141503323e-02
-3.099918292258255909e-02
-3.090290072695914964e-02
-3.074531759017173210e-02
-3.066170253944681956e-02
-3.056337032844837903e-02
-3.044467719511297077e-02
-3.040865067718066458e-02
-3.029749408587801424e-02
-3.004980180213303806e-02
-3.000640214218205926e-02
-2.999546249249591262e-02
-2.982431986156312831e-02
-2.970731019851997889e-02
-2.952649342466858937e-02
-2.938791537105200566e-02
-2.935015392604006790e-02
-2.923817291671446106e-02
-2.918462850029631198e-02
-2.909639985398517620e-02
-2.891616193600652848e-02
-2.874652575588719158e-02
-2.866242006464616437e-02
-2.859022404647708349e-02
-2.852948189637395313e-02
-2.831354019304528277e-02
-2.818271628200510331e-02
-2.813094606531542363e-02
-2.797480902088399224e-02
-2.787845150827362659e-02
-2.786346600657391148e-02
-2.777119199314740522e-02
-2.761710690871802681e-02
-2.750432731459733285e-02
-2.741119140840162297e-02
-2.728568952475554990e-02
-2.720532423080759474e-02
-2.713094143743171802e-02
-2.702072428595138701e-02
-2.688501716598380026e-02
-2.677191647339025385e-02
-2.667134603940858953e-02
-2.666323715830871272e-02
-2.647848652822878956e-02
-2.644154828817893432e-02
-2.630919064103430169e-02
-2.618919289837473227e-02
-2.609404414582613962e-02
-2.585287153210266697e-02
-2.583160654958736521e-02
-2.556527403778039234e-02
-2.552999842674645581e-02
-2.545111444396514627e-02
-2.532972541337464786e-02
-2.530136749817305311e-02
-2.508211987866204237e-02
-2.505232842366954607e-02
-2.493995925496816576e-02
-2.483905504702238476e-02
-2.479506548355045817e-02
-2.467849382948681877e-02
-2.443947755894291390e-02
-2.432823120548220641e-02
-2.431067709466335283e-02
-2.424252205704704316e-02
-2.413859660726627027e-02
-2.398326432775159042e-02
-2.391389672945245376e-02
-2.381550953033893456e-02
-2.368689529099836030e-02
-2.355790918007555704e-02
-2.355029620424535855e-02
-2.339641034193109051e-02
-2.323612071022893022e-02
-2.319404473987358647e-02
-2.309714339555088772e-02
-2.296823872906489025e-02
-2.294579080451144421e-02
-2.280366264116190020e-02
-2.273434517063457200e-02
-2.266341054597191887e-02
-2.250484660954466670e-02
-2.236215101606634642e-02
-2.230358131303363314e-02
-2.221197618612743077e-02
-2.205093600925120065e-02
-2.196228744594149601e-02
-2.187767806363197232e-02
-2.177494536834707548e-02
-2.171464348535154243e-02
-2.152563214199094618e-02
-2.142722897230302584e-02
-2.126344809807838993e-02
-2.112642068260286304e-02
-2.112216095433504248e-02
-2.095777907654020403e-02
-2.086828665797551066e-02
-2.076232780164368949e-02
-2.074610897776389337e-02
-2.053547785376958965e-02
-2.047489512937544429e-02
-2.038014471866031463e-02
-2.029265328766102772e-02
-2.024959781798439662e-02
-2.013709811643244266e-02
-1.989864723070184846e-02
-1.980302258576449939e-02
-1.974222443756487935e-02
-1.966859798152692171e-02
-1.965261109062875142e-02
-1.946262093487710620e-02
-1.940250092736224563e-02
-1.927747877367440299e-02
-1.917444286213146679e-02
-1.913369707321115748e-02
-1.906439745276546430e-02
-1.890523727506440363e-02
-1.884162037123909145e-02
-1.863859627860812995e-02
-1.858367254512473601e-02
-1.851883468428985532e-02
-1.843859967191980448e-02
-1.831932271161089767e-02
-1.825063017548347183e-02
-1.815111268106401471e-02
-1.803141057138453116e-02
-1.789616694156847404e-02
-1.781705735299612264e-02
-1.765276034146976564e-02
-1.755568248289006775e-02
-1.748362339830609666e-02
-1.737080693647741550e-02
-1.730160225109056427e-02
-1.718615953541942354e-02
-1.699858594356795649e-02
-1.697873906805559899e-02
-1.690313189407481598e-02
-1.671357566861651420e-02
-1.669971649907537811e-02
-1.657672373970136073e-02
-1.646331585777224132e-02
-1.641424416879299492e-02
-1.634399646584282564e-02
-1.625836118424743570e-02
-1.609867491694366715e-02
-1.605769377121873259e-02
-1.596519842794611246e-02
-1.577834395392436334e-02
-1.574798351714574648e-02
-1.558511138324439327e-02
-1.550367481815839547e-02
-1.546103456425952476e-02
-1.535319741608006522e-02
-1.527493670817636935e-02
-1.520204429852318843e-02
-1.503950696495419403e-02
-1.495971243269774743e-02
-1.489566633861300581e-02
-1.478088761091641418e-02
-1.473652268194293805e-02
-1.462253719320157248e-02
-1.452444961711683857e-02
-1.442000782722012778e-02
-1.429979651377656820e-02
-1.421264383046681040e-02
-1.411680736061299811e-02
-1.406065319418822561e-02
-1.397782741242621467e-02
-1.391259103518276488e-02
-1.366688813243102998e-02
-1.358191569608534384e-02
-1.353078408121178439e-02
-1.344683377373017026e-02
-1.334192604017882949e-02
-1.321781009407336366e-02
-1.310771095030067133e-02
-1.308695848263980929e-02
-1.295074803117001773e-02
-1.288370719791870171e-02
-1.281166773468865420e-02
-1.268492078932503993e-02
-1.260859071566542908e-02
-1.252031981597012331e-02
-1.243780552771370056e-02
-1.210885136557060364e-02
-1.205357494393296917e-02
-1.197718397705510238e-02
-1.190313685560552386e-02
-1.180065073754046207e-02
-1.176663419110713510e-02
-1.157102649862528157e-02
-1.146876429378939841e-02
-1.139622413599769395e-02
-1.130335141365926450e-02
-1.117215242714992424e-02
-1.108767917717110550e-02
-1.099447578792001751e-02
-1.085598709169758626e-02
-1.080795776506033277e-02
-1.072605808934048825e-02
-1.052566494035479631e-02
-1.049251860983150576e-02
-1.044721996746452233e-02
-1.033535264075045521e-02
-1.027645538868693538e-02
-1.017697215226920013e-02
-1.004137521514525226e-02
-9.995633085841826998e-03
-9.946453243876921327e-03
-9.898855019072925338e-03
-9.788879750211405481e-03
-9.625704262539797745e-03
-9.578574432292638607e-03
-9.391582061855996769e-03
-9.308728311720712231e-03
-9.233784540411805672e-03
-9.151994423469903342e-03
-9.003024178441268802e-03
-8.764044856395277958e-03
-8.734541734209958636e-03
-8.626245040244713211e-03
-8.567403953039870457e-03
-8.441195945069460485e-03
-8.387701090874430387e-03
-8.271514978702442650e-03
-8.207191340308563413e-03
-8.059018520956889864e-03
-7.990162636022837134e-03
-7.890146698202059328e-03
-7.791328633753579272e-03
-7.685763979406266128e-03
-7.640881170431709085e-03
-7.500757531471799987e-03
-7.453821036308528464e-03
-7.312501040696084420e-03
-7.180473530837653932e-03
-7.135509389713725649e-03
-7.081484640713967861e-03
-6.966555309738948175e-03
-6.864934121240747963e-03
-6.825918057169990359e-03
-6.613120156430736529e-03
-6.571102758255071251e-03
-6.455168678058919619e-03
-6.327262575564429614e-03
-6.307531246119880454e-03
-6.177027067344411163e-03
-6.075433843513304219e-03
-5.986195625332058415e-03
-5.880082376964868192e-03
-5.740708344079277839e-03
-5.640326723601611116e-03
-5.578526446958843518e-03
-5.547255920417468872e-03
-5.399754676116751660e-03
-5.289170221208612348e-03
-5.163274739208955147e-03
-5.073083696983974808e-03
-5.017506225376937301e-03
-4.887967947709950453e-03
-4.825087653805069585e-03
-4.814294436783738730e-03
-4.710309835609429938e-03
-4.519863178501832071e-03
-4.476656014376371485e-03
-4.428862047620770598e-03
-4.288324638569243966e-03
-4.207462565458547528e-03
-4.149289100588751319e-03
-3.892808643069651988e-03
-3.821823927071422468e-03
-3.658483804140477864e-03
-3.547863622639942267e-03
-3.526124117305308534e-03
-3.420055719300073033e-03
-3.268710944959088600e-03
-3.228114539649102124e-03
-3.131891724630343071e-03
-3.012609099350588380e-03
-2.949213696900930635e-03
-2.930873395566460735e-03
-2.814337869943274190e-03
-2.663110519105141034e-03
-2.635397389355355943e-03
-2.579044014803851242e-03
-2.480301128000264328e-03
-2.344770881145200134e-03
-2.285486015903283666e-03
-2.214773407168378182e-03
-2.148750718638267436e-03
-2.066909242236530768e-03
-1.979003725166053086e-03
-1.769962623416156296e-03
-1.649917657418106158e-03
-1.623153417819756233e-03
-1.536301319638392259e-03
-1.448143608020093084e-03
-1.403747048290690568e-03
-1.303005717471813173e-03
-1.281933986954341027e-03
-1.175305834495254118e-03
-1.068995334583307125e-03
-9.498200341419587743e-04
-7.909370972857976021e-04
-6.754287014346394826e-04
-5.403428401501760708e-04
-5.301980440366079730e-04
-3.829028054766064892e-04
-2.273261624659018954e-04
-1.965209229755426965e-04
-6.445582854300784892e-05
2.707410465818027345e-05
1.269872522109116427e-04
1.904820821757407774e-04
3.392898855230898564e-04
4.439428328581355521e-04
5.526814827992415202e-04
6.744825800019072989e-04
7.844368004598975931e-04
8.351660697163916557e-04
9.941703026263449400e-04
1.088036338779832003e-03
1.134768554147553990e-03
1.192293312119530177e-03
1.331398660498361647e-03
1.380518512536551461e-03
1.460129137973295880e-03
1.551504506674654046e-03
1.700657171874397043e-03
1.843348197166409796e-03
1.899883786744323332e-03
1.983563727341778639e-03
2.006381431738220051e-03
2.167461099236750195e-03
2.212427391031464470e-03
2.370923013008438118e-03
2.458333772857992493e-03
2.539044511125157673e-03
2.691380399301256717e-03
2.732005136176809436e-03
2.836121155383685127e-03
2.984523936439187689e-03
3.065498010893457411e-03
3.127292954077843471e-03
3.259126105597594247e-03
3.348832045853691441e-03
3.422465753396114127e-03
3.571930259187493586e-03
3.585952033088517493e-03
3.710661376101564903e-03
3.778436143105094649e-03
3.846308019216819214e-03
3.896605473628752571e-03
4.019445351159782638e-03
4.058239707495959331e-03
4.171647977335922811e-03
4.356134788654692121e-03
4.457877638765385050e-03
4.605446144652962370e-03
4.669839692598026955e-03
4.806189112281094786e-03
4.855039556418105397e-03
5.001387516786488102e-03
5.029015274036702579e-03
5.198952012358364939e-03
5.264000842447447322e-03
5.329267789680131560e-03
5.463014481418531319e-03
5.572878982065201589e-03
5.723992024908580202e-03
5.808834033348236198e-03
5.818932500292576214e-03
5.849457286902563953e-03
5.967952686121020568e-03
6.025571974288977152e-03
6.211725645031979624e-03
6.282190946318230371e-03
6.356663376402347035e-03
6.385524704522573154e-03
6.492816573059056150e-03
6.635832473915363044e-03
6.734559444257737573e-03
6.847042881959514334e-03
6.934507250005507960e-03
7.125228171855289491e-03
7.258158796258527660e-03
7.358083082604156659e-03
7.385484379125293111e-03
7.515015121251895566e-03
7.665779111222022213e-03
7.754019185124254483e-03
7.840317819131536331e-03
7.852818673786940429e-03
7.971641069930290521e-03
8.114320206379685430e-03
8.157960011622552438e-03
8.259967949535229961e-03
8.353485299080981238e-03
8.372386492617017381e-03
8.467815136368133863e-03
8.649446991625616560e-03
8.743276518657285001e-03
8.853035546379006693e-03
8.920142817722583051e-03
8.957612142696200555e-03
9.056842777438640218e-03
9.080228031873189068e-03
9.163432643291266610e-03
9.303701473149534468e-03
9.465108079698148977e-03
9.598125686353417563e-03
9.669119428711837189e-03
9.733409477621631639e-03
9.761500354889485198e-03
9.899834267319910716e-03
1.001690021870039332e-02
1.016021473067985938e-02
1.024478511619384205e-02
1.028645307314563634e-02
1.032966069231418260e-02
1.045915548082030494e-02
1.054230473038033321e-02
1.063118984271968492e-02
1.065947654454666577e-02
1.085308178184390092e-02
1.104279792916774798e-02
1.111283001464270781e-02
1.127138621436773319e-02
1.127507341181688272e-02
1.137812068764285957e-02
1.146913534046668445e-02
1.161672854970744080e-02
1.170646980385051453e-02
1.171976104961130853e-02
1.176542274803985162e-02
1.181120378273735685e-02
1.208717575967129670e-02
1.216217979445459452e-02
1.220460814696680378e-02
1.226614030641891631e-02
1.237311671849265771e-02
1.251311428167605801e-02
1.260204788440459633e-02
1.271043017285080658e-02
1.280862255791970043e-02
1.290445628078506005e-02
1.296730217400443759e-02
1.309586187875784631e-02
1.326249252356058277e-02
1.333309367335088098e-02
1.344328728660093390e-02
1.359425290259499292e-02
1.368647664816542882e-02
1.374865557084819709e-02
1.382600589438812838e-02
1.392816314364831061e-02
1.409800635109994052e-02
1.418780908402862174e-02
1.435756831263598592e-02
1.440925446758191224e-02
1.449777705567786672e-02
1.458036190909063438e-02
1.461569848793566224e-02
1.479385811062646459e-02
1.481287712925929631e-02
1.496011505596000178e-02
1.500892322246910604e-02
1.514063737895406277e-02
1.529672918165336445e-02
1.538040051062581660e-02
1.538492229695849478e-02
1.551290581138559457e-02
1.560696813170118526e-02
1.571742966843322695e-02
1.582224503786336042e-02
1.591063911159682626e-02
1.609318707216319047e-02
1.614014314397195157e-02
1.627728930968691881e-02
1.633771253022242576e-02
1.650292557734997154e-02
1.663280339414981504e-02
1.668692671803104211e-02
1.674512852107761657e-02
1.683720232044523882e-02
1.698123213533143244e-02
1.708374622462810119e-02
1.714041083126857309e-02
1.721230022270422988e-02
1.727198436630860909e-02
1.742400392488293107e-02
1.748648347199320205e-02
1.766203910992820286e-02
1.775287945104521425e-02
1.782617133989442340e-02
1.792023988589010880e-02
1.797741638747469423e-02
1.810446965937918470e-02
1.818728760960571650e-02
1.843026666327163277e-02
1.850355532272322107e-02
1.857763302069267985e-02
1.867466797424104444e-02
1.885337336673415659e-02
1.894693237649523396e-02
1.902140201002756534e-02
1.904792678475114229e-02
1.922737086938767354e-02
1.935145174130795120e-02
1.938077388683675378e-02
1.944276951157181479e-02
1.960711537449496764e-02
1.967294259753988098e-02
1.979126104636019443e-02
1.989339069150279984e-02
2.001996691919353394e-02
2.016594068367792009e-02
2.021486178219905963e-02
2.038028303323852208e-02
2.038555112344309084e-02
2.051885767697067542e-02
2.066026147150478581e-02
2.069873401064126900e-02
2.079843283842678150e-02
2.092579466946697248e-02
2.102614917057975610e-02
2.118273773503312127e-02
2.125321674714420600e-02
2.135035770783134945e-02
2.137555394978494713e-02
2.148014923834879256e-02
2.153152202754189323e-02
2.163583494419250505e-02
2.165106093013373367e-02
2.184286918539606395e-02
2.193546382044091886e-02
2.201719165419657731e-02
2.218036035205766740e-02
2.225244604254389760e-02
2.231423087187149601e-02
2.249488104919829257e-02
2.260294322394759692e-02
2.269874796663700137e-02
2.276602527183844635e-02
2.290498284320706748e-02
2.292536513839578405e-02
2.311449573930777004e-02
2.322137040580190409e-02
2.327876721391161294e-02
2.342699180818616153e-02
2.351255760275256304e-02
2.359255373367930009e-02
2.363849105615459939e-02
2.371944892801470736e-02
2.394418211100062324e-02
2.403383132417455728e-02
2.413366143054557558e-02
2.421368231942374119e-02
2.432506807554131803e-02
2.444303480076637225e-02
2.457700925509227752e-02
2.467874169873300258e-02
2.475437881843240914e-02
2.482839290695040488e-02
2.488137310874568783e-02
2.501568434709512331e-02
2.517621403601034979e-02
2.521541913101401494e-02
2.532065903562542852e-02
2.540917093993855236e-02
2.550631548160637793e-02
2.566489444848656098e-02
2.572556918719896141e-02
2.586983474922622400e-02
2.592315434993231610e-02
2.617890292218580731e-02
2.618783068896078994e-02
2.627057117222942467e-02
2.638727973653239717e-02
2.642410877653601081e-02
2.661806233894272941e-02
2.668900079303233863e-02
2.686933095797714582e-02
2.688856388214846960e-02
2.704704510771352433e-02
2.716464932501572171e-02
2.731993180775999300e-02
2.752443784243282371e-02
2.758986269580381706e-02
2.766425951022947333e-02
2.786054884126005354e-02
2.788164530565724955e-02
2.804028624869518357e-02
2.811649525891099857e-02
2.820669645558345623e-02
2.832304825661676254e-02
2.842944485279002426e-02
2.851149532874646189e-02
2.864272388388080376e-02
2.869041691487046047e-02
2.894426434934289916e-02
2.900205188426652550e-02
2.909460784997650734e-02
2.913189302187020602e-02
2.921548160230172733e-02
2.932361560965857095e-02
2.950171696681627362e-02
2.953798751122598334e-02
2.960869140176991543e-02
2.983354296020511789e-02
2.993513579541988434e-02
3.027167757590994504e-02
3.038054469991323392e-02
3.042270574973967440e-02
3.050384112052854230e-02
3.065275854158407143e-02
3.083048828870386254e-02
3.085130525869934220e-02
3.099304773245218150e-02
3.101208361995709192e-02
3.110304366368352169e-02
3.120383696824273814e-02
3.128118214754124771e-02
3.138166170509935904e-02
3.153386459739215830e-02
3.161744146290501600e-02
3.176430524665289912e-02
3.184876952583396564e-02
3.190092032263242006e-02
3.196379548089153810e-02
3.221963176878372276e-02
3.224444792619465122e-02
3.238107608631127926e-02
3.241874306369003228e-02
3.263777744500697547e-02
3.272294854250408502e-02
3.278192746067355723e-02
3.288537118953171329e-02
3.304633180639390128e-02
3.322723367418644463e-02
3.325839396121033770e-02
3.330280026804538496e-02
3.353324624110841368e-02
3.359935741637421619e-02
3.370123734998357878e-02
3.379766872004521389e-02
3.384202910618027554e-02
3.395606339782652333e-02
3.416568577633279785e-02
3.430892348235407840e-02
3.439000973260553790e-02
3.449623356728527546e-02
3.458816751006772022e-02
3.481168942221030127e-02
3.493854370828228945e-02
3.497577584202663653e-02
3.507159165142165885e-02
3.521395278983358718e-02
3.536366649574427395e-02
3.547329720484255350e-02
3.549153737843319806e-02
3.564145090738856519e-02
3.568268036910996616e-02
3.589797722009385739e-02
3.592167762783361057e-02
3.604052589415295688e-02
3.614394448008730054e-02
3.631471714514095811e-02
3.637711317423969470e-02
3.640886552936321852e-02
3.659025899800481818e-02
3.675554233060870923e-02
3.686126423334172564e-02
3.687787171478357218e-02
3.714732435066200184e-02
3.723747427743486632e-02
3.726943160522187132e-02
3.748841278345076133e-02
3.759255553112387377e-02
3.765770265503377845e-02
3.780445761024289059e-02
3.791096019316830823e-02
3.807876748030281783e-02
3.819533308445966641e-02
3.822989150234461925e-02
3.843564335106409990e-02
3.846515485396001521e-02
3.857469204793166628e-02
3.870370478524538110e-02
3.880827639770026427e-02
3.893660161832979832e-02
3.914240594809230422e-02
3.931130422060800239e-02
3.939414194053281887e-02
3.949680635818587915e-02
3.972886387851369550e-02
3.978901310083683696e-02
3.982168956221918826e-02
3.994078343060730035e-02
4.007578310372601760e-02
4.011719311812091820e-02
4.032848794932086811e-02
4.052772231712385709e-02
4.065032743798972087e-02
4.070042681271066054e-02
4.090107038319770738e-02
4.107344658290891515e-02
4.126467766430005207e-02
4.137939036659376429e-02
4.153318283606854261e-02
4.156535812579675165e-02
4.180719060420273053e-02
4.193680310592932253e-02
4.204379433329006460e-02
4.214111683172875461e-02
4.221837326013140601e-02
4.241032193829232660e-02
4.254819665808800416e-02
4.258898464263486533e-02
4.271755271568804246e-02
4.277663066230439487e-02
4.297043828014484451e-02
4.325553230085181500e-02
4.335512973158821975e-02
4.349534878549447120e-02
4.354338761838758703e-02
4.379569044605298445e-02
4.384726058845721253e-02
4.393947279420350877e-02
4.412816050670911872e-02
4.440322277098172205e-02
4.446306461264557669e-02
4.448446158421663632e-02
4.455288557524910570e-02
4.474197179431896321e-02
4.477355705477803482e-02
4.508969089938860697e-02
4.521043494086608716e-02
4.533156073493773558e-02
4.544042365915953313e-02
4.553668343030836674e-02
4.574435138686915731e-02
4.582171979430204461e-02
4.598278866884508709e-02
4.618728282614689706e-02
4.639191514480756062e-02
4.645045808436924079e-02
4.654969776270952153e-02
4.674428652747907031e-02
4.683004086553924777e-02
4.693473544154493776e-02
4.701846047943563506e-02
4.724503856788064837e-02
4.735950663948393369e-02
4.756541140661305761e-02
4.774983727550204810e-02
4.788184888414954987e-02
4.795015919390504394e-02
4.833414689341083287e-02
4.867267855840671370e-02
4.874077366676263234e-02
4.886366896382038361e-02
4.892533657742386549e-02
4.898210134558553946e-02
4.913008024979089589e-02
4.941992424009494789e-02
4.943284349238676739e-02
4.963899654650542892e-02
5.004448193754573032e-02
5.014800387162469258e-02
5.020231394925301488e-02
5.044218702495241458e-02
5.055149905826761964e-02
5.070574837845222976e-02
5.081082379598186871e-02
5.100399066860267921e-02
5.117826141887233532e-02
5.126937734192706791e-02
5.142884703991957435e-02
5.164587530741608645e-02
5.194969195671936962e-02
5.199676638847003374e-02
5.214558451011120505e-02
5.232703513969307746e-02
5.251850622120911305e-02
5.278912767954628549e-02
5.288902492900358215e-02
5.318676004589818068e-02
5.326278507092190723e-02
5.332484352976796238e-02
5.340555600255034868e-02
5.368465103983537795e-02
5.381156862677578118e-02
5.396696253929839093e-02
5.431189147457959887e-02
5.436589827479125503e-02
5.470733104028188687e-02
5.491613346814593760e-02
5.521348428046341655e-02
5.530721722877176422e-02
5.568919222072104408e-02
5.578678601709612106e-02
5.586226631898429107e-02
5.625671844925812098e-02
5.638336921729038970e-02
5.654893448233190567e-02
5.701929119165733556e-02
5.724565048224010411e-02
5.737850076179542430e-02
5.756031089027844466e-02
5.771312844518838164e-02
5.820178756296041922e-02
5.845043219165802634e-02
5.861259878578150423e-02
5.883258811155441664e-02
5.930948333172683662e-02
5.969734877431415870e-02
5.978688359039215083e-02
6.037472842741788137e-02
6.085075080338082226e-02
6.102558813211825250e-02
6.173443334060530613e-02
6.197365126815545383e-02
