-6.172277341877500240e-02
-6.147377869341706658e-02
-6.098004809514308289e-02
-6.073318903788264139e-02
-6.021997363969334299e-02
-6.005722499226167493e-02
-5.958066456008528217e-02
-5.928575328609118206e-02
-5.885588522534831307e-02
-5.884015914753116389e-02
-5.834678216953799457e-02
-5.821634360505216488e-02
-5.791993430267051990e-02
-5.769943815269646531e-02
-5.738922125857323642e-02
-5.701142991451926129e-02
-5.694034508640340164e-02
-5.655380072130451047e-02
-5.648237429973144985e-02
-5.612478002276806432e-02
-5.598920595992387672e-02
-5.589717700038370624e-02
-5.577212385468214434e-02
-5.531738685354979645e-02
-5.517210171929227275e-02
-5.500870000467451143e-02
-5.492889832665752425e-02
-5.453760605563252178e-02
-5.441441357247112781e-02
-5.434998861751901694e-02
-5.398880092308216971e-02
-5.388488677483011663e-02
-5.371014040825497493e-02
-5.347764959403465690e-02
-5.338188319578778679e-02
-5.314320690913153233e-02
-5.297452140653575309e-02
-5.262041146638999495e-02
-5.254828759240935676e-02
-5.236278307915887692e-02
-5.215799560493620396e-02
-5.191905848267174689e-02
-5.178167977688484525e-02
-5.168141316402442842e-02
-5.150889522075737664e-02
-5.142499744505091286e-02
-5.117535078303668550e-02
-5.113086379827060796e-02
-5.095209861956070951e-02
-5.073646572857699877e-02
-5.061899661190748939e-02
-5.051812273208147741e-02
-5.043678304011010860e-02
-5.027567683613490268e-02
-4.993633299125755515e-02
-4.982775003150077126e-02
-4.978703479410973715e-02
-4.969267323002113379e-02
-4.952239460898059248e-02
-4.925723559862309892e-02
-4.919415831360067493e-02
-4.892433798406461282e-02
-4.889624820037264535e-02
-4.875461761465496591e-02
-4.846063819254456395e-02
-4.831342778493596252e-02
-4.819350070782445900e-02
-4.816962420697717268e-02
-4.787310369784521236e-02
-4.764889652499650768e-02
-4.760248698594316680e-02
-4.738009342623982628e-02
-4.721882009272788949e-02
-4.708319210224726908e-02
-4.697836632659293382e-02
-4.677120596016030168e-02
-4.658810947159153226e-02
-4.636859459123789107e-02
-4.630225632471824532e-02
-4.616345866776649931e-02
-4.605416169311070396e-02
-4.584478338754248428e-02
-4.572158483690177272e-02
-4.550109402622730392e-02
-4.537497440294536305e-02
-4.521916622261389074e-02
-4.512667045608018818e-02
-4.499507992857678523e-02
-4.477174481826176611e-02
-4.459910372660935707e-02
-4.455074458199202031e-02
-4.444572267489791534e-02
-4.437747672297156359e-02
-4.413695858433545199e-02
-4.392666810359604351e-02
-4.384369255693053302e-02
-4.354009118665518041e-02
-4.342473842451662069e-02
-4.341530539015245327e-02
-4.324703667487485303e-02
-4.309698131025637563e-02
-4.299512093269586277e-02
-4.289940094279103694e-02
-4.280049589733288251e-02
-4.263373063917617195e-02
-4.256212632251340361e-02
-4.249869073057751384e-02
-4.232921040238818433e-02
-4.223675061692608312e-02
-4.201825163902256355e-02
-4.191364990188992806e-02
-4.174206345972100718e-02
-4.163680806832632114e-02
-4.146833227322092169e-02
-4.136045593104310109e-02
-4.130037490839189723e-02
-4.113995679521872256e-02
-4.089709384047995194e-02
-4.086292949148322834e-02
-4.058930881036815208e-02
-4.049319449976469809e-02
-4.036454619791532417e-02
-4.028533953404787177e-02
-4.016761816705799459e-02
-4.005517108269787685e-02
-3.995912340378982713e-02
-3.992600951613884536e-02
-3.987455254836279328e-02
-3.967281878859129501e-02
-3.952088104012385639e-02
-3.945654308164843471e-02
-3.942366346809372118e-02
-3.916936653868417079e-02
-3.908172163528376986e-02
-3.894405544889811832e-02
-3.882493330308275231e-02
-3.870409149420072498e-02
-3.866475759661464756e-02
-3.851970054251262210e-02
-3.850308453563956040e-02
-3.831481735673815392e-02
-3.811329387856104284e-02
-3.792351937495001823e-02
-3.778767752420843923e-02
-3.770464654446146341e-02
-3.767390454616215134e-02
-3.741404863915738510e-02
-3.734961571370778305e-02
-3.724500387627594639e-02
-3.702098600378032900e-02
-3.687205003652693769e-02
-3.672592388387543177e-02
-3.670726743653528190e-02
-3.665432725846819173e-02
-3.655619900639039965e-02
-3.636774633001148282e-02
-3.620861908801601553e-02
-3.615052296878264876e-02
-3.599910064282720035e-02
-3.584290234903297206e-02
-3.577955182962874736e-02
-3.557569827463723938e-02
-3.552187089780178830e-02
-3.546010803617020979e-02
-3.528397421526469069e-02
-3.520206824500103637e-02
-3.517193931619611025e-02
-3.496075517912269892e-02
-3.490973649763085690e-02
-3.474637542368008009e-02
-3.450301069371011081e-02
-3.441532413681337721e-02
-3.440332991678886343e-02
-3.418631002159562560e-02
-3.411722354789559902e-02
-3.397334524436261549e-02
-3.380498252167669221e-02
-3.365821418308737739e-02
-3.355666264253658049e-02
-3.348897520959184804e-02
-3.340489240570456569e-02
-3.321684450359146251e-02
-3.302110890967047130e-02
-3.290247554534212610e-02
-3.283715695920581823e-02
-3.268471195961408088e-02
-3.265674714507384863e-02
-3.255431314361968004e-02
-3.237958929328162150e-02
-3.234628276192594298e-02
-3.217476961165629396e-02
-3.209840451036933412e-02
-3.191532739745491648e-02
-3.183024007321704624e-02
-3.163838784472545324e-02
-3.163461741677294631e-02
-3.146534233849905549e-02
-3.141497288037967822e-02
-3.117292452602367717e-02
-3.114084239468270163e-02
-3.103018999338334055e-02
-3.085689963655561044e-02
-3.074923062175531283e-02
-3.060763331996116388e-02
-3.057823594189592806e-02
-3.047704615192833866e-02
-3.044088094931807209e-02
-3.032589727690288353e-02
-3.018707142939737464e-02
-3.005686729836429955e-02
-2.994745530510045314e-02
-2.989763029353039239e-02
-2.976904985075536428e-02
-2.965112748852865091e-02
-2.950289020578100371e-02
-2.946645695962879508e-02
-2.931512475671914364e-02
-2.918855237149046294e-02
-2.917089717402068100e-02
-2.905119073238022348e-02
-2.894560054281717504e-02
-2.880539367881723017e-02
-2.872448932052353021e-02
-2.864694712058502360e-02
-2.853917707719860059e-02
-2.843095259510050946e-02
-2.832735712750755058e-02
-2.817485401008039056e-02
-2.811335036248046454e-02
-2.810705587588558513e-02
-2.791588045715272595e-02
-2.781380661982890343e-02
-2.772760262157514602e-02
-2.754117731940454103e-02
-2.751228945109763374e-02
-2.742504764513751039e-02
-2.734432336885602235e-02
-2.721557930454797380e-02
-2.706114437636151712e-02
-2.698394271891045235e-02
-2.675959950345297225e-02
-2.674737522165885478e-02
-2.665652114098072262e-02
-2.655136848248876302e-02
-2.641828154929589528e-02
-2.633763969174233999e-02
-2.615536994291930289e-02
-2.607523389776504261e-02
-2.595984697443631806e-02
-2.583127978161545157e-02
-2.574707044608386466e-02
-2.565446700365953819e-02
-2.553662906681405595e-02
-2.536376984634984566e-02
-2.525371904943973789e-02
-2.519367532061454057e-02
-2.506646382376449822e-02
-2.502162566810029604e-02
-2.495488857544048839e-02
-2.487205506484737455e-02
-2.462206955950515391e-02
-2.459281226824794678e-02
-2.451814320779493669e-02
-2.443906050117267484e-02
-2.433644999862524458e-02
-2.420222274132314069e-02
-2.413757757340279433e-02
-2.397405223307443739e-02
-2.390227720089884572e-02
-2.383025301650013028e-02
-2.363555593572144384e-02
-2.359962707878975052e-02
-2.347997052869208942e-02
-2.336386486259225265e-02
-2.332996302335203082e-02
-2.325919855508021272e-02
-2.308351914221081630e-02
-2.295414644188489492e-02
-2.292083085945320273e-02
-2.280142819088864722e-02
-2.260840341064369874e-02
-2.250160895288273732e-02
-2.240373607120305782e-02
-2.232147336980968427e-02
-2.225987920250912383e-02
-2.212410551034329695e-02
-2.201691336615722513e-02
-2.180988674128777130e-02
-2.180254692706111094e-02
-2.167252320250938682e-02
-2.156532398531166989e-02
-2.156160323857561276e-02
-2.142231529770613138e-02
-2.136526928687734750e-02
-2.129961819262635170e-02
-2.121901683417432363e-02
-2.111873264543390541e-02
-2.096073369588089333e-02
-2.083654887310455381e-02
-2.076482316807418474e-02
-2.070156798027255468e-02
-2.068428910266846554e-02
-2.050602350221489983e-02
-2.035578187666828645e-02
-2.030858292377323016e-02
-2.005277043466928075e-02
-2.002099425207018446e-02
-1.997705583723511508e-02
-1.980061575069662003e-02
-1.963776605564386199e-02
-1.959113866472259741e-02
-1.954026444015449435e-02
-1.947196189295059832e-02
-1.945838186986498589e-02
-1.937786252953967517e-02
-1.915063123673051496e-02
-1.897319910776498753e-02
-1.894830104719463088e-02
-1.883455664777913818e-02
-1.880595203293277187e-02
-1.864923528918104381e-02
-1.846827869567237851e-02
-1.839552947325265309e-02
-1.827904139784927023e-02
-1.823602012191938293e-02
-1.816473851744049989e-02
-1.808667240129509940e-02
-1.785562202167565587e-02
-1.777806035390380041e-02
-1.767806610526672512e-02
-1.762137064505861841e-02
-1.754736416583933811e-02
-1.736211308009429771e-02
-1.732994761012019921e-02
-1.723868309832307655e-02
-1.721840457645001932e-02
-1.717142469411968991e-02
-1.706610110046764828e-02
-1.690698848149426586e-02
-1.678997883033148120e-02
-1.658162802677924999e-02
-1.653862210178315764e-02
-1.645139920718287352e-02
-1.635200822271893825e-02
-1.625286841694239745e-02
-1.618353030897443784e-02
-1.609954662252209567e-02
-1.599982703373799969e-02
-1.592800420236410372e-02
-1.586526384983943938e-02
-1.573786791833010901e-02
-1.567689932466887967e-02
-1.550972788072929251e-02
-1.544463598129905586e-02
-1.523284833624880333e-02
-1.513770570072876277e-02
-1.502992113004001859e-02
-1.497659656409475702e-02
-1.489870060859416374e-02
-1.470833435269785529e-02
-1.464851072485478210e-02
-1.454516213433810351e-02
-1.446678327858308410e-02
-1.436190008481076988e-02
-1.421906472844546021e-02
-1.417616721946431992e-02
-1.399100564079514691e-02
-1.396121666621573387e-02
-1.373608497119000772e-02
-1.372282137935915136e-02
-1.366425821468345882e-02
-1.354241559206454878e-02
-1.351012625371529260e-02
-1.341076822095425836e-02
-1.332784149366034177e-02
-1.313839080488191785e-02
-1.302720305459598160e-02
-1.293711977584942156e-02
-1.283337337182284890e-02
-1.272464377594690818e-02
-1.260752005988557446e-02
-1.258984790166266937e-02
-1.252371261613496531e-02
-1.240304043174162395e-02
-1.229903332898524097e-02
-1.217829854513625444e-02
-1.208801512456238875e-02
-1.204005807303493332e-02
-1.186280348567420387e-02
-1.180117345195566894e-02
-1.174007883911447683e-02
-1.166951137523493907e-02
-1.150110670944337263e-02
-1.149147699573030597e-02
-1.134975706363595266e-02
-1.120779509475973261e-02
-1.109356230495041513e-02
-1.103915529647122272e-02
-1.085009452431681502e-02
-1.078294551087847185e-02
-1.072179130360770977e-02
-1.067232708988262620e-02
-1.060898206224224725e-02
-1.049508756426042848e-02
-1.031891956839717413e-02
-1.030674919137664763e-02
-1.010621856695059599e-02
-1.002530753970171627e-02
-9.935694032813446527e-03
-9.847916685734720704e-03
-9.732728039761589373e-03
-9.691279185641006599e-03
-9.674405701739387589e-03
-9.464483462084092441e-03
-9.390779950459319028e-03
-9.270187617021049750e-03
-9.210952175389461316e-03
-9.064418658817153043e-03
-8.936456048548351710e-03
-8.855654334732317515e-03
-8.786927129497294764e-03
-8.677021411399629680e-03
-8.612782063855732584e-03
-8.538434746944734491e-03
-8.499355282037487219e-03
-8.463960011188790752e-03
-8.304338649312313636e-03
-8.152761853856290916e-03
-8.020632732374978133e-03
-7.903463285397534926e-03
-7.827580468142874073e-03
-7.694311856791209714e-03
-7.612202770197746063e-03
-7.566596098776509627e-03
-7.484599959220127573e-03
-7.441820363257836170e-03
-7.319856502122583548e-03
-7.176998241651305274e-03
-7.027280330273877156e-03
-6.923983632036214905e-03
-6.821727422033868442e-03
-6.689978039673671537e-03
-6.645189524741293950e-03
-6.572994680003679639e-03
-6.483474148108421715e-03
-6.296724219767693698e-03
-6.262540546781146869e-03
-6.206377621296782152e-03
-6.135143533034817694e-03
-6.060390040694521238e-03
-5.875705268631716861e-03
-5.773352021437341310e-03
-5.669905241993376116e-03
-5.541784842415001591e-03
-5.329196386522940844e-03
-5.303590757396036033e-03
-5.170565117815026195e-03
-5.136615767877388168e-03
-5.057265301827909912e-03
-4.973574353692381510e-03
-4.901791693149038995e-03
-4.801706021772364497e-03
-4.658066475345157970e-03
-4.625261206332094942e-03
-4.496444766282953372e-03
-4.429170099174383618e-03
-4.273423798504230771e-03
-4.214691587209794255e-03
-4.159499295325870191e-03
-3.944186463042684623e-03
-3.880947242271115972e-03
-3.786530420963430538e-03
-3.678333158334487225e-03
-3.659100529254362324e-03
-3.585841049959240506e-03
-3.422644894624111631e-03
-3.278765921870457900e-03
-3.149710674035209601e-03
-3.096235595224533857e-03
-3.011906488624324120e-03
-2.910684808359282477e-03
-2.752231082645009708e-03
-2.629946643023968033e-03
-2.549742348409013686e-03
-2.411838566665215101e-03
-2.366473011704016676e-03
-2.215705015610071934e-03
-2.184590202785289138e-03
-2.062530656489026688e-03
-2.010027224127268995e-03
-1.925841616687054255e-03
-1.830048166259909837e-03
-1.764979824955663530e-03
-1.722390925765409069e-03
-1.560495751557470622e-03
-1.443212272401545038e-03
-1.374341032260039319e-03
-1.279574765871437569e-03
-1.073916032119610203e-03
-1.070994414864987658e-03
-9.111953756186709930e-04
-8.488143195190248807e-04
-8.321774789605057218e-04
-7.310205947258844022e-04
-6.547909456984687916e-04
-5.991648478224124389e-04
-4.363868740913935370e-04
-3.506294099089629266e-04
-2.405222610991731918e-04
-1.728626985653328575e-04
-5.913592242326039619e-05
8.244236226182819884e-06
7.110449421068760773e-05
2.253406137766188113e-04
4.005183846618666933e-04
4.387837488844157871e-04
4.887721105116093600e-04
6.247405366830038496e-04
7.586567213594605768e-04
8.379410322576993659e-04
9.035853702941563838e-04
1.034427549030226103e-03
1.181981385240651362e-03
1.320231684151959312e-03
1.354466901934055136e-03
1.413046134564686050e-03
1.498161304947941922e-03
1.673385565804898700e-03
1.729775819664658432e-03
1.792958387640551697e-03
1.843146409649571143e-03
2.087592803783673828e-03
2.170284178097185625e-03
2.231436368097692354e-03
2.290911858710436601e-03
2.360033006525366281e-03
2.478369297350389768e-03
2.613792016058182760e-03
2.777102125221381917e-03
2.829975315276617078e-03
2.921151568972658787e-03
2.958653531209267436e-03
3.021756376913609272e-03
3.111500153751900217e-03
3.218357177384478882e-03
3.249445586911138290e-03
3.316003461158048473e-03
3.434773036055248970e-03
3.465756457434489551e-03
3.607652163498092489e-03
3.684585689360991238e-03
3.775564700017801020e-03
3.820765003078726348e-03
3.923963354632625279e-03
4.064532665369319578e-03
4.094782779665451060e-03
4.296848677880218785e-03
4.423264240311850816e-03
4.454162897898007040e-03
4.713030219987332167e-03
4.735024780118356202e-03
4.789255843342793244e-03
4.835837338040097598e-03
5.036697630597423807e-03
5.185063259389611524e-03
5.191139047175987939e-03
5.268157319472433625e-03
5.360319530161149031e-03
5.388024806854537982e-03
5.595364685917931201e-03
5.745529276922839781e-03
5.844647399642459440e-03
5.945048894770990459e-03
5.972729025400284712e-03
6.084404316897456047e-03
6.124480262713425521e-03
6.178397554859327290e-03
6.422681625896826951e-03
6.535549997592310714e-03
6.584673769500394049e-03
6.691033408915979079e-03
6.831326411485633306e-03
6.915921474587945553e-03
6.956891701944993220e-03
7.006071646466285018e-03
7.101739410461649187e-03
7.147024216082532161e-03
7.233654283761477809e-03
7.360666270590797249e-03
7.409305656252355987e-03
7.555312592258572706e-03
7.595575498727926388e-03
7.741417496247370890e-03
7.895575007035512960e-03
8.010545181647652641e-03
8.040993432495835772e-03
8.069704272171830672e-03
8.175640044062196243e-03
8.478009583059145995e-03
8.496037788180943809e-03
8.541140504830190688e-03
8.634154574979294866e-03
8.741285386248470388e-03
8.915515646217283402e-03
8.961650467621691193e-03
9.005119502913371335e-03
9.090821318441185545e-03
9.206306041171303384e-03
9.292610594940650323e-03
9.339678619382936128e-03
9.394945404575237927e-03
9.513524572749306948e-03
9.617434671964370657e-03
9.773073373120368112e-03
9.862741824611985855e-03
9.977367528982723083e-03
1.004158648140954235e-02
1.024728969805434667e-02
1.032448979340968090e-02
1.037634072348271944e-02
1.055760183853254701e-02
1.058300268587264101e-02
1.069763672304504219e-02
1.079436648658385102e-02
1.082516068993419345e-02
1.098103180134073036e-02
1.098536302087617378e-02
1.108254632375130395e-02
1.112145772265492674e-02
1.124335539402753111e-02
1.132977533095423824e-02
1.139009199612831327e-02
1.151318168618712529e-02
1.164392806176076101e-02
1.180782344311436319e-02
1.192359542226111360e-02
1.199107280255307974e-02
1.209160798690726152e-02
1.221616777501921547e-02
1.233756935112404786e-02
1.248276962623619778e-02
1.249203392787811423e-02
1.265113983466504763e-02
1.267227182522975837e-02
1.287631014000167710e-02
1.297305585789659300e-02
1.301161724652793311e-02
1.305809430504672672e-02
1.315631021453517700e-02
1.329895340181300352e-02
1.341964725242346217e-02
1.348539291733567326e-02
1.356682675310239006e-02
1.360048870836993128e-02
1.370612798513161888e-02
1.374933490278055191e-02
1.396285108988261359e-02
1.401956475954899660e-02
1.408493487723263236e-02
1.412477770635756948e-02
1.418366339538630096e-02
1.419840875771360457e-02
1.437774232225710533e-02
1.454477245594489737e-02
1.460467298871632839e-02
1.464646516536494830e-02
1.474825808264818884e-02
1.478937992766871969e-02
1.493865803908221539e-02
1.514543997564468843e-02
1.521045626468078317e-02
1.533880140073883014e-02
1.547291330561031616e-02
1.551982365210430662e-02
1.558414670018544272e-02
1.570308660792264430e-02
1.580831038768806471e-02
1.590565325799995003e-02
1.605943654068420212e-02
1.611133396021339342e-02
1.623390618721324424e-02
1.631780290061798921e-02
1.647982625885079447e-02
1.649783198155433186e-02
1.662407437138515090e-02
1.679865890847536888e-02
1.685679441822947669e-02
1.697047548713934845e-02
1.698549951399782806e-02
1.716131362357092849e-02
1.720823314367653234e-02
1.744593783759166433e-02
1.750449758715752827e-02
1.762123181174352418e-02
1.764636207338921708e-02
1.775091768020069585e-02
1.789331537077916423e-02
1.801476322434927141e-02
1.816538044453417169e-02
1.827357516417683209e-02
1.833466187517902163e-02
1.836782716485626729e-02
1.847897183339597058e-02
1.861160228344450190e-02
1.870292123372794754e-02
1.880157464199330025e-02
1.893631144245398051e-02
1.900401461867836858e-02
1.908329970353547095e-02
1.922946029103621279e-02
1.933899222345605157e-02
1.945920416144896262e-02
1.952124923194590786e-02
1.962859332714935595e-02
1.966458291903708938e-02
1.973959529146012901e-02
1.987223536549500777e-02
1.996984614045330467e-02
2.009283581503454319e-02
2.014613093459834831e-02
2.021258352401079234e-02
2.035002182280931660e-02
2.042436792242175586e-02
2.057858561631650124e-02
2.062137482320671941e-02
2.072079020083868878e-02
2.084876204364229102e-02
2.089573853748406471e-02
2.109849521896562177e-02
2.117476032826705323e-02
2.129969656476497081e-02
2.139961286803730017e-02
2.151038863993226524e-02
2.157770606146995271e-02
2.168946500114719150e-02
2.175127365240423979e-02
2.192594523157932046e-02
2.205878145441224694e-02
2.211208505110169587e-02
2.226574519572543584e-02
2.237401144598162236e-02
2.254510786406415529e-02
2.266905084832334868e-02
2.274737554679085588e-02
2.281122766810672609e-02
2.291495845246067573e-02
2.305992804074084856e-02
2.315359853746336294e-02
2.331876303309058512e-02
2.336033851129682912e-02
2.354918662469872304e-02
2.360136194698242429e-02
2.371888604867076339e-02
2.375515329970098385e-02
2.381915484079022080e-02
2.400403808493531757e-02
2.404425849910558910e-02
2.419233361741724223e-02
2.424739273091658376e-02
2.430875871661215132e-02
2.450730498565473550e-02
2.460655962123679472e-02
2.465632478187335455e-02
2.481075493304237337e-02
2.488412284071443367e-02
2.502657338041510207e-02
2.509003855632365235e-02
2.521540335659794990e-02
2.529676023688818068e-02
2.547320767791199161e-02
2.550936209504739427e-02
2.577175972206224158e-02
2.578565789528713958e-02
2.589552778814495707e-02
2.593901295307743382e-02
2.602329297501945402e-02
2.620648573465129971e-02
2.625580374613907184e-02
2.642781118589446893e-02
2.648811323897146824e-02
2.660534993582422403e-02
2.667169146477658612e-02
2.676362973335490864e-02
2.681293143284475128e-02
2.694989290749636585e-02
2.703216609657305841e-02
2.716698434964485639e-02
2.726395376772283718e-02
2.743507804800062594e-02
2.745281383798589894e-02
2.762477787510809329e-02
2.773637067421158217e-02
2.785947011626372163e-02
2.799032358840781304e-02
2.802280916271462918e-02
2.807350217179139379e-02
2.823028798044140836e-02
2.830738930785589927e-02
2.835297496294394634e-02
2.856695174276042276e-02
2.868861800833026610e-02
2.875462660388243899e-02
2.882943565788580187e-02
2.896983511256987290e-02
2.907595177221069041e-02
2.925265970961102996e-02
2.939218958874154422e-02
2.950068790563561624e-02
2.961911062753106241e-02
2.966733389761899709e-02
2.971670956756568283e-02
2.983560205883018304e-02
2.993836859101884143e-02
3.006136807820457627e-02
3.021902340800507181e-02
3.025043168361451346e-02
3.047042020278228902e-02
3.057857310200275472e-02
3.063392298649625020e-02
3.085646816452419089e-02
3.098359586473882835e-02
3.102800354434456093e-02
3.106732808300912210e-02
3.113121269140164613e-02
3.127341253894969086e-02
3.149669136440586686e-02
3.156834074541400859e-02
3.160725440444706741e-02
3.180469772024081127e-02
3.188587729207398996e-02
3.204356326737926863e-02
3.216401904344801804e-02
3.223608978061048846e-02
3.235403402555356994e-02
3.246142408685247227e-02
3.257529172043554383e-02
3.270752522853859895e-02
3.279967036942038616e-02
3.298549162521400430e-02
3.302092544333048302e-02
3.310339954413174524e-02
3.332633705740438435e-02
3.337449772033503764e-02
3.341430048743899983e-02
3.358674073209808736e-02
3.368920419574560066e-02
3.374040899719062125e-02
3.394597629730976979e-02
3.396577709909665010e-02
3.404804210078615778e-02
3.414382752922683756e-02
3.431573301579998042e-02
3.439687958070186680e-02
3.456004010717407537e-02
3.468987149808783893e-02
3.488698034360039613e-02
3.496997345073885738e-02
3.501991503708608983e-02
3.515912059330398437e-02
3.527565584812036165e-02
3.548352289625578831e-02
3.554347694164831928e-02
3.559415352240986874e-02
3.562375294609921444e-02
3.582142657053161844e-02
3.588511617342370758e-02
3.594553017829803243e-02
3.626162123308782764e-02
3.632828474892276643e-02
3.647355856917785383e-02
3.663980393945026615e-02
3.679264794707466646e-02
3.700417094769396092e-02
3.702748909732524185e-02
3.711313547961832965e-02
3.718438068427470933e-02
3.728605411293697824e-02
3.730843480064495454e-02
3.751003675110711755e-02
3.758210396285743132e-02
3.772936923729752756e-02
3.780419416484649686e-02
3.791076320919287840e-02
3.807544305861634837e-02
3.814317670658054493e-02
3.840170817501310091e-02
3.851685522273206458e-02
3.858686664730040516e-02
3.872036210452915045e-02
3.876648356046046712e-02
3.884379231596399307e-02
3.894145071375391259e-02
3.920150867077292628e-02
3.928314420489002062e-02
3.943942016821480601e-02
3.950193743422211745e-02
3.974291478907509417e-02
3.978629839582341343e-02
3.991801885656905829e-02
4.002918505057741910e-02
4.009988418595215182e-02
4.033899778719603202e-02
4.045518211296150746e-02
4.067168108922439296e-02
4.070008656961981303e-02
4.076245109556877327e-02
4.091600122335634082e-02
4.104624664968613973e-02
4.117357790006896667e-02
4.119019692618449552e-02
4.135071948936531322e-02
4.145666201769313691e-02
4.157627138834159297e-02
4.170764149592828124e-02
4.209366738276643788e-02
4.216591990675281482e-02
4.218620514380618663e-02
4.238917282001216508e-02
4.252405012089352510e-02
4.263169396043987175e-02
4.271742647832350165e-02
4.283542953221607802e-02
4.312774334537890220e-02
4.318750407533606533e-02
4.337494362525175923e-02
4.344428354621346355e-02
4.357201321176847747e-02
4.376469819665281674e-02
4.382776862272939195e-02
4.395669817994705270e-02
4.407702208073812494e-02
4.410474028904989158e-02
4.439394183643557978e-02
4.447993291263970667e-02
4.464116151213028127e-02
4.475716026444634399e-02
4.482025609260975596e-02
4.505284319694746048e-02
4.507359524922963795e-02
4.521343283412442016e-02
4.528748826798297683e-02
4.562844644696125579e-02
4.578462506567879120e-02
4.584636673449311167e-02
4.600331759521147229e-02
4.600486976604176853e-02
4.621742345076607084e-02
4.648354837532781003e-02
4.658621167036044314e-02
4.666730329865540622e-02
4.672220635328251659e-02
4.690518316220016609e-02
4.713365847345304949e-02
4.725986993268696534e-02
4.744278929300910913e-02
4.764028962275889539e-02
4.790943905075045056e-02
4.798629766814280218e-02
4.813829971832137705e-02
4.817085352007940274e-02
4.831104496727343933e-02
4.847922303507547909e-02
4.871608278951163051e-02
4.887643097225032041e-02
4.897947791757008978e-02
4.918266351259750757e-02
4.937724916128123642e-02
4.943462757231155413e-02
4.948765827515511778e-02
4.961643652437713187e-02
4.985964397949390475e-02
5.003630878350427691e-02
5.023066235859159623e-02
5.038982335336114615e-02
5.065914640138143715e-02
5.088592733528521372e-02
5.095684871899351653e-02
5.133503120494330857e-02
5.146635824378677226e-02
5.153334922694342846e-02
5.173447190598104428e-02
5.177144449291985751e-02
5.200656456903011288e-02
5.207688263354549874e-02
5.230951154237652168e-02
5.259590523021177161e-02
5.265118940539597475e-02
5.288161371124055349e-02
5.303701320840914502e-02
5.335149461171878604e-02
5.348751210016709778e-02
5.372324176483426333e-02
5.376839495749980574e-02
5.403782359127237700e-02
5.415887479693806683e-02
5.440464817056831631e-02
5.454194806557096514e-02
5.464966594614924233e-02
5.478563147118123422e-02
5.517470868593572081e-02
5.535773679635309918e-02
5.558911503814042976e-02
5.568708640129612503e-02
5.582195446821369006e-02
5.611998595782196481e-02
5.636243649051939086e-02
5.667022152238875010e-02
5.697648076306890269e-02
5.720241256596515778e-02
5.748956621220972785e-02
5.763820745757200492e-02
5.776859402729769832e-02
5.807814186184483835e-02
5.825190617437905893e-02
5.859524555360653281e-02
5.882871057743791626e-02
5.922688643765604971e-02
5.939429165804218508e-02
5.996861559620816906e-02
6.023942370420948267e-02
6.055629189195221862e-02
6.082334638937841875e-02
6.156964981631229267e-02
6.175753713008565876e-02
