-6.275262577008655640e-02
-6.144468585556219636e-02
-6.112605803013287237e-02
-6.080665844513054308e-02
-6.032922292335902298e-02
-6.004950480992186923e-02
-5.959500416659423150e-02
-5.914927432420008513e-02
-5.887074553646813591e-02
-5.873738060218055418e-02
-5.817444272772216707e-02
-5.795787580011226015e-02
-5.773163722542356407e-02
-5.768977029616237373e-02
-5.731832165322622852e-02
-5.707825051790822030e-02
-5.674904605733128993e-02
-5.648453041865673235e-02
-5.619627282148148550e-02
-5.607302169655391244e-02
-5.578858491375247863e-02
-5.567515755176611486e-02
-5.539540453451734930e-02
-5.506559742406939156e-02
-5.493785204425756519e-02
-5.478052270656336153e-02
-5.457767117364159537e-02
-5.420305623479282353e-02
-5.406693678654921759e-02
-5.394365533423840786e-02
-5.371095099632503672e-02
-5.331303949369268352e-02
-5.321298376876364145e-02
-5.313315573828907706e-02
-5.303704380957755676e-02
-5.293448012273815201e-02
-5.274612680221722749e-02
-5.268779108896724794e-02
-5.238911041698290222e-02
-5.227949769335804575e-02
-5.209213473113883525e-02
-5.182602503247510373e-02
-5.134349104358138655e-02
-5.130962227537481241e-02
-5.118941501944667544e-02
-5.095830674528639692e-02
-5.086690959395043926e-02
-5.073569821700438243e-02
-5.059884127384341873e-02
-5.047662346282962703e-02
-5.035479937587518384e-02
-5.028353291504115974e-02
-5.013285572062731177e-02
-5.003984783211343212e-02
-4.984798683664476426e-02
-4.961235298148238687e-02
-4.944017813498814695e-02
-4.924257640381099477e-02
-4.919384203541205675e-02
-4.900951460877608218e-02
-4.880173614919487007e-02
-4.869677279048523905e-02
-4.855194205365823829e-02
-4.837322039189497630e-02
-4.826789838229965379e-02
-4.807065573510863055e-02
-4.784254765136857629e-02
-4.782475265472040798e-02
-4.766937152995581045e-02
-4.752444680322583798e-02
-4.737852051111866858e-02
-4.730408756528847736e-02
-4.703775993762249197e-02
-4.681900226059971387e-02
-4.675234336510647459e-02
-4.664251325782339808e-02
-4.647194327552690851e-02
-4.643350723257911455e-02
-4.614931668212755855e-02
-4.597421226062824162e-02
-4.590923551480251275e-02
-4.582978199175453959e-02
-4.576954492106396349e-02
-4.555360996670326790e-02
-4.536815016502633580e-02
-4.506242199450206931e-02
-4.495900881503141905e-02
-4.484408619299253690e-02
-4.464873442300891504e-02
-4.463394577309037076e-02
-4.451834409096813716e-02
-4.437393930992172830e-02
-4.430284074071644262e-02
-4.412144170436643059e-02
-4.407377150138667293e-02
-4.385060617938610350e-02
-4.367172005770857818e-02
-4.362706046216585642e-02
-4.342982034745439951e-02
-4.339905384332168325e-02
-4.331894396631694871e-02
-4.304616746776846609e-02
-4.283400815938274986e-02
-4.270260965101210088e-02
-4.262645870616305760e-02
-4.251195036058818405e-02
-4.237342442354980615e-02
-4.232024589384374147e-02
-4.221269200811134104e-02
-4.201656239369460505e-02
-4.200331178371068119e-02
-4.187013978406670112e-02
-4.169750690929276832e-02
-4.152787478459254306e-02
-4.145022449473507314e-02
-4.124889346115433175e-02
-4.120742376805627827e-02
-4.104710348249941687e-02
-4.094260938088133822e-02
-4.079080834668941807e-02
-4.078084511759875325e-02
-4.060534070332008638e-02
-4.043025569978635214e-02
-4.030201409585473793e-02
-4.006420515236813057e-02
-3.999307139292950647e-02
-3.989049379697365977e-02
-3.978263637538094477e-02
-3.956310431791353749e-02
-3.941738325964298795e-02
-3.930790818857635843e-02
-3.924841085861679318e-02
-3.909086081621094416e-02
-3.894812683590728047e-02
-3.885933850693725627e-02
-3.862654521500857169e-02
-3.848895448645665851e-02
-3.848350092275208689e-02
-3.830612412266645728e-02
-3.821490345250190546e-02
-3.818414599615398142e-02
-3.805432839121824368e-02
-3.779845274270227096e-02
-3.776530701676277663e-02
-3.756918734378456720e-02
-3.752575794647326074e-02
-3.734937674903753002e-02
-3.726296273742719933e-02
-3.710819966605267972e-02
-3.707130234652329659e-02
-3.696493336821606024e-02
-3.687212612243252058e-02
-3.683353902702427712e-02
-3.663672037813960752e-02
-3.659756409782748132e-02
-3.647683835238306471e-02
-3.638894004180713571e-02
-3.622255593508309779e-02
-3.602120873775589011e-02
-3.595795622814298292e-02
-3.585113873197634526e-02
-3.568860580604161364e-02
-3.557298669836151533e-02
-3.548339273097423502e-02
-3.535641828941082920e-02
-3.530361842391395444e-02
-3.510365683310728152e-02
-3.499696708241686882e-02
-3.492744437358268755e-02
-3.480747633932423230e-02
-3.473972129430489414e-02
-3.447985615679336618e-02
-3.435626213451040828e-02
-3.431325003458857853e-02
-3.401099630430958615e-02
-3.394281236757232256e-02
-3.388215782124142511e-02
-3.375693425054884789e-02
-3.361038989289190371e-02
-3.354806909191337949e-02
-3.349913432665309332e-02
-3.338941687056341118e-02
-3.335539857842446942e-02
-3.303132676678367796e-02
-3.295390615339791746e-02
-3.294298792234219564e-02
-3.279492861082118627e-02
-3.269843192292036516e-02
-3.266600070971042297e-02
-3.256605116108312464e-02
-3.253821174736446636e-02
-3.238315818490100639e-02
-3.216440998790695560e-02
-3.213266985199845355e-02
-3.186064386622001338e-02
-3.179535365064069252e-02
-3.169064984795887108e-02
-3.156566979651018873e-02
-3.145393894971442589e-02
-3.139127868207090138e-02
-3.132727673149950792e-02
-3.124916614929224706e-02
-3.103866777293497192e-02
-3.095745307072365199e-02
-3.082285854509114742e-02
-3.071107930656038348e-02
-3.062390141262458232e-02
-3.049182429302232586e-02
-3.035260911275538750e-02
-3.015082100750146946e-02
-3.007002504065942397e-02
-3.004538415867503628e-02
-2.989398692845523717e-02
-2.978479148244186567e-02
-2.968297175850609718e-02
-2.950205620022607750e-02
-2.944699062613839735e-02
-2.934677955272101818e-02
-2.919016512164721716e-02
-2.909009397287503490e-02
-2.902763737433428082e-02
-2.896227210054080903e-02
-2.878891644931732760e-02
-2.865738856850046437e-02
-2.857361438653792732e-02
-2.842742225710367249e-02
-2.832113172984540572e-02
-2.826684357106315493e-02
-2.818295540281400696e-02
-2.807636246274200498e-02
-2.794385148987823045e-02
-2.786368439018438448e-02
-2.768880403903150461e-02
-2.762582241597389549e-02
-2.747145382323156956e-02
-2.730463767125970026e-02
-2.728923036705436719e-02
-2.717658780692837686e-02
-2.712550462164491777e-02
-2.706599588847350205e-02
-2.691109825352338072e-02
-2.676339210926196796e-02
-2.666390492221698202e-02
-2.660392182771638761e-02
-2.652745743108755536e-02
-2.645217810732992947e-02
-2.643419205521966783e-02
-2.612527975642127062e-02
-2.608401939594728533e-02
-2.595626880856323135e-02
-2.592513770882485732e-02
-2.582552548044182716e-02
-2.578902787354089149e-02
-2.557492218208274118e-02
-2.546997234396232088e-02
-2.540070420742004259e-02
-2.521653160529872817e-02
-2.513798693338162651e-02
-2.503445783829962371e-02
-2.495056348705743804e-02
-2.479712677912609617e-02
-2.465827702192079432e-02
-2.456042593504215513e-02
-2.449242676016219478e-02
-2.442847300303008923e-02
-2.427116286884791613e-02
-2.416422533021408275e-02
-2.404262248988681475e-02
-2.396081003542648025e-02
-2.383142175745245339e-02
-2.374851448038929266e-02
-2.371766636543175266e-02
-2.349119097816290691e-02
-2.345221789246975178e-02
-2.326258344030922645e-02
-2.319864096232147899e-02
-2.310795755687717473e-02
-2.308441247191606732e-02
-2.292589775058542084e-02
-2.286412559559526311e-02
-2.278261862736592064e-02
-2.272356964513896904e-02
-2.257216928707576550e-02
-2.250607039676806240e-02
-2.237785485015283612e-02
-2.234516039501235896e-02
-2.219836025919599831e-02
-2.204629718361922341e-02
-2.201202548753802835e-02
-2.186942112873328792e-02
-2.180733186608812407e-02
-2.166528022401551998e-02
-2.154489389328596155e-02
-2.150878368837422575e-02
-2.139333488968423250e-02
-2.132439926055175808e-02
-2.131860458708059389e-02
-2.096332773784217313e-02
-2.089283305364032783e-02
-2.078512937010168829e-02
-2.066680164917818197e-02
-2.058286201947090097e-02
-2.054247696627633374e-02
-2.042813614375835543e-02
-2.033162719068773092e-02
-2.015060991595065895e-02
-2.012144412433616858e-02
-1.998880136869975177e-02
-1.995945467709189444e-02
-1.972525371354372226e-02
-1.970918148980017881e-02
-1.967623373088168981e-02
-1.956525488970121268e-02
-1.945737222541726874e-02
-1.937005975043826905e-02
-1.920140924281770259e-02
-1.915286627968914787e-02
-1.897271882122944855e-02
-1.886429986438720174e-02
-1.869829934616025827e-02
-1.865739211506329404e-02
-1.861431506965335186e-02
-1.855488847288854978e-02
-1.841114456980051314e-02
-1.832062111788781977e-02
-1.816053080282500551e-02
-1.806799695596100416e-02
-1.794601764646859901e-02
-1.787012839277154694e-02
-1.773404286114405384e-02
-1.759613515218991578e-02
-1.753987829707773227e-02
-1.752424062527243795e-02
-1.740547469211676385e-02
-1.727672217906602026e-02
-1.718286363332025002e-02
-1.708021417684165225e-02
-1.703657709018553679e-02
-1.685436817148822791e-02
-1.681328345674936928e-02
-1.676516919702794942e-02
-1.664172856615311197e-02
-1.647194353783681606e-02
-1.644025182286738829e-02
-1.627072387606454465e-02
-1.619701791204748373e-02
-1.610285128104472357e-02
-1.595166913371015224e-02
-1.580138175853199045e-02
-1.575678953687571771e-02
-1.558533260919107988e-02
-1.548764199025701518e-02
-1.544613361893449124e-02
-1.532685892848295421e-02
-1.528029343820810904e-02
-1.522673407106386531e-02
-1.506941959795798924e-02
-1.499525882423105236e-02
-1.485083981395502427e-02
-1.477452544206886258e-02
-1.471305166308724266e-02
-1.453746180342176120e-02
-1.447150731984085670e-02
-1.430463371627032319e-02
-1.419662452568493105e-02
-1.404588939896112519e-02
-1.399822173812072940e-02
-1.390828216753197365e-02
-1.378689405601776427e-02
-1.374270369550968825e-02
-1.363953957996738575e-02
-1.359787525140637721e-02
-1.343457924513713486e-02
-1.337665600729061322e-02
-1.329690535659757387e-02
-1.319386149959626657e-02
-1.315641076382892058e-02
-1.299466385507045199e-02
-1.297107830798133361e-02
-1.290029317384519536e-02
-1.267280899383179879e-02
-1.256611315766112402e-02
-1.249966120543111701e-02
-1.235355536627315461e-02
-1.223075531586641403e-02
-1.215418942714893008e-02
-1.208811463788079556e-02
-1.200744908035589198e-02
-1.194157256182615950e-02
-1.191028041223502094e-02
-1.182309741959004443e-02
-1.176326762999597465e-02
-1.163704446024516927e-02
-1.153136698096855935e-02
-1.151305254976063563e-02
-1.138877411606651138e-02
-1.133219527240879147e-02
-1.116249995564703480e-02
-1.110204809316739198e-02
-1.099851257899147478e-02
-1.089557889615520685e-02
-1.075425207374711492e-02
-1.071192461973691223e-02
-1.052099905244679133e-02
-1.046701288500063651e-02
-1.043570593553518576e-02
-1.040349529567406554e-02
-1.033099138037992144e-02
-1.019567604017398293e-02
-1.013211375216628747e-02
-1.003892116427990144e-02
-9.934108653769464434e-03
-9.800366159931420129e-03
-9.638028433598838998e-03
-9.507569645966154268e-03
-9.460215941419861455e-03
-9.290941803346846120e-03
-9.218274686887987721e-03
-9.127554498668619815e-03
-9.092447073620116976e-03
-9.030370294173414164e-03
-8.891263580620782300e-03
-8.795516003858177417e-03
-8.641415147044143735e-03
-8.514365061100913692e-03
-8.448979361337125710e-03
-8.370907794508193958e-03
-8.123459321773983735e-03
-8.101738761048912080e-03
-8.003160186943079554e-03
-7.951253670469476953e-03
-7.856655986227074548e-03
-7.766269002739438140e-03
-7.599977254719511924e-03
-7.515053384659205367e-03
-7.354359430099690655e-03
-7.259899717150267336e-03
-7.238578642277974581e-03
-7.177137877607604743e-03
-7.123047525560850454e-03
-6.981200770478471727e-03
-6.926219275554623342e-03
-6.826200122988964648e-03
-6.661998932268597094e-03
-6.586415583792472675e-03
-6.486786224098197925e-03
-6.425127202311984101e-03
-6.338640140927832324e-03
-6.211950247553397857e-03
-6.198566535976540032e-03
-5.997013117255778694e-03
-5.819748663959778238e-03
-5.691548096166273128e-03
-5.633340198767007763e-03
-5.582017496416878839e-03
-5.505473490654627482e-03
-5.383845678086142741e-03
-5.259074551227816731e-03
-5.141939870958862208e-03
-5.066781848100046157e-03
-4.987710701024970078e-03
-4.898964677691436398e-03
-4.848985537350009208e-03
-4.708437319326283510e-03
-4.631645860538736829e-03
-4.536735299352823853e-03
-4.373160392291781592e-03
-4.319947467741623408e-03
-4.211338047806329442e-03
-4.187529725129308759e-03
-3.987438295405702771e-03
-3.935582740825331605e-03
-3.849820490917400806e-03
-3.701273146055018490e-03
-3.674990571359087587e-03
-3.518272010063301126e-03
-3.402280062499940267e-03
-3.272673144254076381e-03
-3.215361309597188945e-03
-3.155255998846717182e-03
-3.121672403061923062e-03
-2.963146702479324546e-03
-2.835194344064833564e-03
-2.786135673304630279e-03
-2.631673993014887504e-03
-2.524463498034808500e-03
-2.397631550486890341e-03
-2.319725167169908037e-03
-2.275696747814041389e-03
-2.179989437706363574e-03
-2.101119481683929105e-03
-1.986428369075972193e-03
-1.933016581912166314e-03
-1.833032971495392443e-03
-1.761105747089380382e-03
-1.684040795752244843e-03
-1.615340685286845114e-03
-1.492525460633129918e-03
-1.328638004126236286e-03
-1.225453977383234505e-03
-1.214329543117446952e-03
-1.032844304658314845e-03
-9.026510534157380613e-04
-7.501249422696911091e-04
-6.427574704979177383e-04
-5.538556770753619383e-04
-4.596568865523753674e-04
-4.515162043472159656e-04
-2.956977402221830126e-04
-1.560157866131380326e-04
-1.022587987583983138e-04
3.185680256172677369e-05
1.132720400738328924e-04
1.648553589495654849e-04
3.094022785549301697e-04
3.662263447251642534e-04
4.351123870487860648e-04
5.497776791501872515e-04
6.472083183128239355e-04
7.563486781724925584e-04
8.646405424637529152e-04
9.614250480521161239e-04
1.013247782733524152e-03
1.179481691321095658e-03
1.198052521055693832e-03
1.462816514291401812e-03
1.551218169933239613e-03
1.612821867120965919e-03
1.758097511627965386e-03
1.800161733174081985e-03
1.857482396535560390e-03
1.926887955117710357e-03
2.014436577962588036e-03
2.144969541505634212e-03
2.268209643751050927e-03
2.293293621291008725e-03
2.415342072316844797e-03
2.539725628128555301e-03
2.597847449259738702e-03
2.787415610557196933e-03
2.842436295583919588e-03
3.028668808163543450e-03
3.079914265265793708e-03
3.135244007939752726e-03
3.208751998275811979e-03
3.335694095030399507e-03
3.444622234301530483e-03
3.589527576575951822e-03
3.629314020412971031e-03
3.693652140705335363e-03
3.868870595743953682e-03
3.933093074891790171e-03
3.967756221628577704e-03
4.114707504873717052e-03
4.174285919440443721e-03
4.211957727312642952e-03
4.286913365806114401e-03
4.429264930451442921e-03
4.524390163340608062e-03
4.582484991102650854e-03
4.621453877969525399e-03
4.659047910973684002e-03
4.834667099991008486e-03
4.934043297061548906e-03
5.153549556332593165e-03
5.209434778820272796e-03
5.270991122380292576e-03
5.332918403703877479e-03
5.406676682456067369e-03
5.494756518120134416e-03
5.595566632054383392e-03
5.763672043473719482e-03
5.823751452943242216e-03
5.875826592330047650e-03
6.025542555534032022e-03
6.100304874203858578e-03
6.168968064366061460e-03
6.407957932582783282e-03
6.424178789586964394e-03
6.536436990114639217e-03
6.657567728712281141e-03
6.791344135340478781e-03
6.831045448035675399e-03
6.967430590050832130e-03
7.119811685313241247e-03
7.164006846245031188e-03
7.285739648018642496e-03
7.434893868842243521e-03
7.490564567965345665e-03
7.619995438652236129e-03
7.669264029024212143e-03
7.787398261345729843e-03
7.821496325203746575e-03
7.906206595838129528e-03
7.946246515481304035e-03
8.174781363050749941e-03
8.196385224372821146e-03
8.269104671167521944e-03
8.421187232399589273e-03
8.433286214466160016e-03
8.590877186785505701e-03
8.692658896576046720e-03
8.725571819662306453e-03
8.857742367771991726e-03
8.986421283069071300e-03
9.059731668176427069e-03
9.187091103325314978e-03
9.302759084926635891e-03
9.480246099368342880e-03
9.600293126290199847e-03
9.631429664366664492e-03
9.690322736393391923e-03
9.777449084098265367e-03
9.889013989818899036e-03
9.970501483202567905e-03
1.002469454602934740e-02
1.019318631020400823e-02
1.022712966780809155e-02
1.031879519127027259e-02
1.050462779842074520e-02
1.056583047593923422e-02
1.067861517315051197e-02
1.068021034687316635e-02
1.078214405922023507e-02
1.084098118067826876e-02
1.093711885267720403e-02
1.096955529604009237e-02
1.115242039723561389e-02
1.123449278275614333e-02
1.132476392017546171e-02
1.143695421071278320e-02
1.147282463808071973e-02
1.152349172722001540e-02
1.175902715319650065e-02
1.182032137254906273e-02
1.192876195717672456e-02
1.196610148873740453e-02
1.208383437630537044e-02
1.218078934524788846e-02
1.221601626903109396e-02
1.227386776077713480e-02
1.245805609412259027e-02
1.258700748560323025e-02
1.271854840386502095e-02
1.288995799474954192e-02
1.292612743775167772e-02
1.299996305628428606e-02
1.312880444176692946e-02
1.314231530787195353e-02
1.323680876558686569e-02
1.328466944232540442e-02
1.356250049688765072e-02
1.361765919925458403e-02
1.365590152431552483e-02
1.370105578990247694e-02
1.384281337002975232e-02
1.389605117251563847e-02
1.410176064294966017e-02
1.418173325766677005e-02
1.426792084866490215e-02
1.437637334434941142e-02
1.452060445667016642e-02
1.463262133343798746e-02
1.473364607408637200e-02
1.490939891613063221e-02
1.504356040909075182e-02
1.509745562265890108e-02
1.521147767398082704e-02
1.527144549102435987e-02
1.530276328963721746e-02
1.546334191857405387e-02
1.551855500725538364e-02
1.554618298573841317e-02
1.562814073749570210e-02
1.576135026437690614e-02
1.590769381725340784e-02
1.593244585314650130e-02
1.610910533758165217e-02
1.618844776711348549e-02
1.633744495177540806e-02
1.636305466480970222e-02
1.655716041487358819e-02
1.669452906565333308e-02
1.679795341204973549e-02
1.695080633478577431e-02
1.701739472965841868e-02
1.704513690975882623e-02
1.718817572286606907e-02
1.726280530419677106e-02
1.742245082258245953e-02
1.758099496817918522e-02
1.763003376837561642e-02
1.768989550308181988e-02
1.772557777739156362e-02
1.785582735475810257e-02
1.788799613880394032e-02
1.795330171081128620e-02
1.816654658787847723e-02
1.824190514639697017e-02
1.831510118002586257e-02
1.848942952859302519e-02
1.853029468993337009e-02
1.863211527431341344e-02
1.873749998607408471e-02
1.883111070716745467e-02
1.896878299559135936e-02
1.899883090744249395e-02
1.905822805022538285e-02
1.920930229851611215e-02
1.930734391179229556e-02
1.939247119594309648e-02
1.954275097775038869e-02
1.965299752647885548e-02
1.972342261984567566e-02
1.975753979493346038e-02
1.987692269002458087e-02
1.998655183071462726e-02
2.000028952976513549e-02
2.025080480339378625e-02
2.030965250222500906e-02
2.040005290888324135e-02
2.044148495449859756e-02
2.060928052027675983e-02
2.077760944320223430e-02
2.082406178760796631e-02
2.085318044670023477e-02
2.101480721947771718e-02
2.120182701696641039e-02
2.123351889072993756e-02
2.137424515586322862e-02
2.150085679768005270e-02
2.153284991824677003e-02
2.171404931450651027e-02
2.174376040361537810e-02
2.191639191639063039e-02
2.203472538660141214e-02
2.214601036257198008e-02
2.230389756299441459e-02
2.234160052864158502e-02
2.252741338979824190e-02
2.255370138320527892e-02
2.267013973310749719e-02
2.281290643683794167e-02
2.288162419201757170e-02
2.292220549551987965e-02
2.298906341836671682e-02
2.304180093833086557e-02
2.319539379470166029e-02
2.331919281377357878e-02
2.342241410885564229e-02
2.350486564274225851e-02
2.356325326149565080e-02
2.370512998548378672e-02
2.384228544071243308e-02
2.387112335934866644e-02
2.398775701317183706e-02
2.401038918851913090e-02
2.413474375245588943e-02
2.435198911650274939e-02
2.439717542253067376e-02
2.448172698782903264e-02
2.450023207322983565e-02
2.467815423679951131e-02
2.479514463279693798e-02
2.482413383906541954e-02
2.485797746335389677e-02
2.493368893546478449e-02
2.513782250986879019e-02
2.523795078463857838e-02
2.533270147752957405e-02
2.537956325881114694e-02
2.551530203118064499e-02
2.568442821120708527e-02
2.572093926594300195e-02
2.585030542936468667e-02
2.595639973303801376e-02
2.603907879067656611e-02
2.615306232702935274e-02
2.632623780367878905e-02
2.644342843605294521e-02
2.647695477920817414e-02
2.655352077764368268e-02
2.661812481454435900e-02
2.683091918058933337e-02
2.688784747420460558e-02
2.703306968943284747e-02
2.721608135326031297e-02
2.728365797739793971e-02
2.736907236420748832e-02
2.748605591349946239e-02
2.768159970022290514e-02
2.770580914143775872e-02
2.775319776023657883e-02
2.795891801457880965e-02
2.804130255736148394e-02
2.818153082385749242e-02
2.833575636748289148e-02
2.837879666445110999e-02
2.846357881673386783e-02
2.848757015576381876e-02
2.856751036525105245e-02
2.882568442675611034e-02
2.891343705592441804e-02
2.894548602395200301e-02
2.900029082822301249e-02
2.925599096612159500e-02
2.937686178755061564e-02
2.946979953149619566e-02
2.968438143778945673e-02
2.989095085686988007e-02
2.997115266083749674e-02
3.005294501141343722e-02
3.006820172788572318e-02
3.016426946023104821e-02
3.021975391591792334e-02
3.037079758643617192e-02
3.041068629527602860e-02
3.054655653998059398e-02
3.073528812536591159e-02
3.080270138897192589e-02
3.096440534753856430e-02
3.099081960597832586e-02
3.111665825498743931e-02
3.119950356657694504e-02
3.134854731986226606e-02
3.150754290692618642e-02
3.161314920914015669e-02
3.170586331939712066e-02
3.173402356361931798e-02
3.185767769509004199e-02
3.201935013074674180e-02
3.207329080062049781e-02
3.219186774985417082e-02
3.232875996122346052e-02
3.236809796736050959e-02
3.257984624284370606e-02
3.272766059185604204e-02
3.277832053597683898e-02
3.283565133147598597e-02
3.289799208766135824e-02
3.313110016256332752e-02
3.314058946903682829e-02
3.319271933105593514e-02
3.337708577419101069e-02
3.358990900854953721e-02
3.367619816118112841e-02
3.372758030311690663e-02
3.397458657584775249e-02
3.408132233841629222e-02
3.417858550244382704e-02
3.431420120870665169e-02
3.450162628148218530e-02
3.457271940180187825e-02
3.465580468758668736e-02
3.470766887580294113e-02
3.494667998769980521e-02
3.502888230523605595e-02
3.513323268079763390e-02
3.523395868061558051e-02
3.534099612799777856e-02
3.552853173091149314e-02
3.555905819334754386e-02
3.577245490455155386e-02
3.583577038151902761e-02
3.593765644718494023e-02
3.601993177196951418e-02
3.613243541839281786e-02
3.626625266508454182e-02
3.636878245573359203e-02
3.651785496312906498e-02
3.664058849729907169e-02
3.680247488780558074e-02
3.685650892345441326e-02
3.705624830434300215e-02
3.717911204442375661e-02
3.729171864750351062e-02
3.750675514321667736e-02
3.766236409882605524e-02
3.778065855828049990e-02
3.786568726264114698e-02
3.790691455868275273e-02
3.803248776968460448e-02
3.809798622925270745e-02
3.821240563713101945e-02
3.834900089880481644e-02
3.852340678308483618e-02
3.856589972600762972e-02
3.858096089916452504e-02
3.882565586887398723e-02
3.896025753404455672e-02
3.903802630403768043e-02
3.928998406743453020e-02
3.933916845215851971e-02
3.942892696919838430e-02
3.962178733981010920e-02
3.976736889797761326e-02
3.980507012708103115e-02
3.993495434057007382e-02
4.010864351604340877e-02
4.017094486607242915e-02
4.029241217713681877e-02
4.041033616491714747e-02
4.061871292213159457e-02
4.067603873499693601e-02
4.079107552346047938e-02
4.079474791643779297e-02
4.110003640584507234e-02
4.126802885152362071e-02
4.138781806336967739e-02
4.140558792835788426e-02
4.155872702643290811e-02
4.168499385139778912e-02
4.182699985571386447e-02
4.188715122496397547e-02
4.193515414478547754e-02
4.214583358997062851e-02
4.223426404567892645e-02
4.239127224867635796e-02
4.254184399275861422e-02
4.267819321376702807e-02
4.286598076663274831e-02
4.305943323729683608e-02
4.312029733978019197e-02
4.321301968768367918e-02
4.330248343145295942e-02
4.346639318500557236e-02
4.351515868065913839e-02
4.365589291447348474e-02
4.385414397696173888e-02
4.399909464625666872e-02
4.404527912544503598e-02
4.424192960046847978e-02
4.444354888578294638e-02
4.446339151844700549e-02
4.470075584595652185e-02
4.485089279845215493e-02
4.492844695122212573e-02
4.505016064843398588e-02
4.517057975835501310e-02
4.533028530446631121e-02
4.554538678272380264e-02
4.565502139393708830e-02
4.570730867944038101e-02
4.591557730795527148e-02
4.601961389516006501e-02
4.617956176437801319e-02
4.630249162202845076e-02
4.645122264157452996e-02
4.672679666711902075e-02
4.686989863228324671e-02
4.691506291599890910e-02
4.703869799669757601e-02
4.717728325098231867e-02
4.725217358259657663e-02
4.741207850806788970e-02
4.749747443914761891e-02
4.779441476096616542e-02
4.797778517157336164e-02
4.806914104101977364e-02
4.820731331809945813e-02
4.833366178446486805e-02
4.852228019507745516e-02
4.868354537381324593e-02
4.898327889634308124e-02
4.914833467794967048e-02
4.924196392652901294e-02
4.943084601593875776e-02
4.949686656072711799e-02
4.956512746891299226e-02
4.969275086540101555e-02
4.981043209216446527e-02
5.000527811721888760e-02
5.020057519881138131e-02
5.045430421710866975e-02
5.058994118152228270e-02
5.073514130129001126e-02
5.093401557876470892e-02
5.108635769859305731e-02
5.127104831476293062e-02
5.134077773841734527e-02
5.151015955423056403e-02
5.152723990160724965e-02
5.170168607465040755e-02
5.192129946140455060e-02
5.210226416806983119e-02
5.235471941830048548e-02
5.255404002117713275e-02
5.286357091958157617e-02
5.303796942795544617e-02
5.307999032562207842e-02
5.335372165652957355e-02
5.343256577263778839e-02
5.360680847153381084e-02
5.374516934534647600e-02
5.392763608599780017e-02
5.413572075337815676e-02
5.442947633355806059e-02
5.463935738354191995e-02
5.469756120845287173e-02
5.498858401774885801e-02
5.505467251760631092e-02
5.533239805939506317e-02
5.549876116392606779e-02
5.571964420379816457e-02
5.592343529148301878e-02
5.599243094718445168e-02
5.620426080242958700e-02
5.644018145012297261e-02
5.667086576384548768e-02
5.677148583351914607e-02
5.710354676858455519e-02
5.744563534679462263e-02
5.776078168304649152e-02
5.838897775835204945e-02
5.876282677409382788e-02
5.915236007253767136e-02
5.928838458075760820e-02
5.945855109671274730e-02
5.984555600841436757e-02
6.009142967839133792e-02
6.059742946725061447e-02
6.119983858060043524e-02
6.131689959212218571e-02
6.152164868473831982e-02
