-6.161692412654518752e-02
-6.126314470319335626e-02
-6.097775845110956633e-02
-6.020829432180026253e-02
-5.995165571069172722e-02
-5.988788093243607030e-02
-5.934182597314202612e-02
-5.925406910559753021e-02
-5.864375114106792908e-02
-5.844843033848251546e-02
-5.826053661874312783e-02
-5.802116116952392433e-02
-5.767802313269577291e-02
-5.755135918352343588e-02
-5.712752575233943225e-02
-5.690777864935846891e-02
-5.671711342679595230e-02
-5.653965483898695799e-02
-5.632667230112942125e-02
-5.624170705475090709e-02
-5.591183216278974161e-02
-5.569628831846885897e-02
-5.550786378617988959e-02
-5.517661612725481557e-02
-5.493159173249849425e-02
-5.475965146231510927e-02
-5.465101579053050634e-02
-5.436040292964317011e-02
-5.416746053670194044e-02
-5.395987218042687383e-02
-5.386130241894622472e-02
-5.364497032655427683e-02
-5.347582157545298365e-02
-5.331871189954891233e-02
-5.314931570385794668e-02
-5.293045148013789114e-02
-5.286860412863996633e-02
-5.281125690081312635e-02
-5.258320737522191590e-02
-5.237960616393741442e-02
-5.227609602461558841e-02
-5.199439562185583646e-02
-5.159419198109464755e-02
-5.157598777968858822e-02
-5.146801935495212005e-02
-5.125803617655214778e-02
-5.101266744894825816e-02
-5.085653124322837837e-02
-5.071735482547655438e-02
-5.061547744924922015e-02
-5.036301750461635168e-02
-5.022952854958769031e-02
-5.015419196627757953e-02
-4.985930253713320021e-02
-4.974394176449020710e-02
-4.968031964868008243e-02
-4.952040199444367186e-02
-4.948128806688829873e-02
-4.935205654061759761e-02
-4.905233111617286756e-02
-4.892764842850224477e-02
-4.874113482633304212e-02
-4.858736398659613959e-02
-4.842051259522857365e-02
-4.824820143256446786e-02
-4.808258530828708743e-02
-4.798239475332551768e-02
-4.778229491960111347e-02
-4.755719507939262097e-02
-4.751942657842529033e-02
-4.740639650972586217e-02
-4.723913225297750318e-02
-4.718104355654752918e-02
-4.698213149210887785e-02
-4.663411870404658710e-02
-4.651045752333442945e-02
-4.645663872106969849e-02
-4.629106650621782337e-02
-4.623492831889675775e-02
-4.590503567769997628e-02
-4.579368430056798833e-02
-4.560524844168513392e-02
-4.552854493347268522e-02
-4.538869744017909325e-02
-4.525699747525164379e-02
-4.516155582825252118e-02
-4.493874231443655692e-02
-4.480941221464378871e-02
-4.466297041431900594e-02
-4.454932359476612702e-02
-4.437029575927776276e-02
-4.424446756254396540e-02
-4.411528082688817576e-02
-4.399486359661902712e-02
-4.389264551924845770e-02
-4.378969604477178645e-02
-4.361668806283849897e-02
-4.352412310515584026e-02
-4.341538809950503536e-02
-4.340708526327447664e-02
-4.323562143889547044e-02
-4.314324942268579766e-02
-4.294473413336211132e-02
-4.283098222755871848e-02
-4.266767549240600699e-02
-4.257488071519106854e-02
-4.242676255887264242e-02
-4.230118425449584663e-02
-4.220069973904103794e-02
-4.206629258368389801e-02
-4.186533165221956176e-02
-4.173537255150357866e-02
-4.163256539457585448e-02
-4.151263849846126286e-02
-4.146809471281091147e-02
-4.140341136002532313e-02
-4.136075098522301596e-02
-4.125115152548117919e-02
-4.106335762305152876e-02
-4.085490658013282012e-02
-4.068241835071895879e-02
-4.055398045903883808e-02
-4.028001663181009911e-02
-4.018826954279808295e-02
-4.008561022585974826e-02
-4.007390283427297167e-02
-3.980666582308818591e-02
-3.978245300161922793e-02
-3.965640205223436993e-02
-3.961796539444743803e-02
-3.944602910198620471e-02
-3.930560520813562719e-02
-3.926471620415723091e-02
-3.909936409413360126e-02
-3.893932012231573342e-02
-3.876378941911396564e-02
-3.864834496288253179e-02
-3.861313967031052702e-02
-3.835756863299651098e-02
-3.835091657661917480e-02
-3.819083378161330228e-02
-3.805057607583972601e-02
-3.788655621360810521e-02
-3.782263876553738913e-02
-3.764031442981934095e-02
-3.756299899509343843e-02
-3.747362585004069407e-02
-3.732480909449278905e-02
-3.723197495041206950e-02
-3.706832342752586912e-02
-3.698814718776767541e-02
-3.670675337534470145e-02
-3.668252471480174665e-02
-3.655210430317410580e-02
-3.649763466251843003e-02
-3.631503766013390727e-02
-3.624010132262420886e-02
-3.619181416986494426e-02
-3.611657217768772521e-02
-3.602061909111763799e-02
-3.592321810195714393e-02
-3.574050552212849202e-02
-3.551422747194420138e-02
-3.544656668829900686e-02
-3.525190015980680242e-02
-3.518715345830930596e-02
-3.515346001786038427e-02
-3.497701466293475642e-02
-3.484782797073400495e-02
-3.476043316383827658e-02
-3.469673772460506872e-02
-3.462823992653839972e-02
-3.455216195138798019e-02
-3.429512427326108365e-02
-3.422071662572608725e-02
-3.408866237208597882e-02
-3.398170544040089031e-02
-3.381650012853582021e-02
-3.380365839605816575e-02
-3.353933825501543425e-02
-3.344367633196448919e-02
-3.340963763387025387e-02
-3.335639025546510705e-02
-3.323561869272153441e-02
-3.308341745113243387e-02
-3.306094539840155611e-02
-3.285079373261985680e-02
-3.267001062083540325e-02
-3.255623329810984623e-02
-3.249831859805735190e-02
-3.243383253448833825e-02
-3.235528538361084200e-02
-3.227080779867215476e-02
-3.205413236070549926e-02
-3.194458847338815105e-02
-3.192265875333238911e-02
-3.176572961376092352e-02
-3.150351793958443974e-02
-3.128647207882407494e-02
-3.126166994965955126e-02
-3.123510347962913519e-02
-3.106537110410114919e-02
-3.095395541666537756e-02
-3.075436390475896203e-02
-3.062407987782808649e-02
-3.055632752466990593e-02
-3.048822734344609417e-02
-3.045249279689446129e-02
-3.030244272940162131e-02
-3.023180722734986406e-02
-3.005570499881140417e-02
-2.988179139394245634e-02
-2.986243602060335497e-02
-2.979725414699823521e-02
-2.970372148827017320e-02
-2.956410443989663031e-02
-2.951285833050441149e-02
-2.938345272548538445e-02
-2.931057712333087761e-02
-2.920231428082651487e-02
-2.904361114943453115e-02
-2.901681556189650291e-02
-2.896095959266564712e-02
-2.875933947403204807e-02
-2.868127003375085457e-02
-2.849788975399537849e-02
-2.828650407110800888e-02
-2.815852285335917332e-02
-2.809476659521587677e-02
-2.806665532743673683e-02
-2.801967870077768860e-02
-2.792306575392702189e-02
-2.776080267156791001e-02
-2.767440307209849404e-02
-2.757957783128025739e-02
-2.746671471563315314e-02
-2.738896503681161401e-02
-2.731707327232948609e-02
-2.716060096084593409e-02
-2.711742922753484358e-02
-2.701010181943153121e-02
-2.693756122223969068e-02
-2.683596568156862774e-02
-2.668581625239577204e-02
-2.650862232955814371e-02
-2.636968731473648964e-02
-2.633005080946456897e-02
-2.622175329543353917e-02
-2.612278813368822464e-02
-2.598966504479568659e-02
-2.591306735793884319e-02
-2.577653411087368895e-02
-2.576318121295589902e-02
-2.565094578609101311e-02
-2.548538140562447638e-02
-2.546437138237041264e-02
-2.530859185510810766e-02
-2.515959379808545629e-02
-2.510148440280020321e-02
-2.489446990109184590e-02
-2.481472262211434701e-02
-2.470174570119520324e-02
-2.464320023067338369e-02
-2.458983875879167114e-02
-2.443351280201788017e-02
-2.434211860427412666e-02
-2.413828644936366272e-02
-2.402793227083945687e-02
-2.395990123351216666e-02
-2.384951960376778535e-02
-2.369686427938199821e-02
-2.364450817644258782e-02
-2.349328787789405418e-02
-2.341897758130283974e-02
-2.333069444880147419e-02
-2.319868035643973120e-02
-2.310812393819575497e-02
-2.308041325437305141e-02
-2.296912509237407016e-02
-2.289825653471772027e-02
-2.284609005548775273e-02
-2.277684886142313653e-02
-2.247943181133292556e-02
-2.237872919901385746e-02
-2.231676201206527974e-02
-2.226368275547588663e-02
-2.217913956017522267e-02
-2.204764028523049577e-02
-2.191968230339800747e-02
-2.183395932436916001e-02
-2.177717833012854376e-02
-2.169223326932772505e-02
-2.157390274603370947e-02
-2.140094993325609984e-02
-2.122110264439562924e-02
-2.116607225886482646e-02
-2.101169790069629811e-02
-2.088759884412851736e-02
-2.082422511822982006e-02
-2.062516739044113756e-02
-2.060619138836121411e-02
-2.053258652696266645e-02
-2.042092714611569437e-02
-2.024542090620415347e-02
-2.016595683840330389e-02
-2.006079250510816800e-02
-1.991719699034072422e-02
-1.984770329967745078e-02
-1.978304025039019989e-02
-1.973667825554012781e-02
-1.962530350133429718e-02
-1.952300169991502687e-02
-1.940659790209795996e-02
-1.933787374163956768e-02
-1.921723770004360801e-02
-1.904254011355017290e-02
-1.897840286177091690e-02
-1.895449096470143077e-02
-1.885491156695956114e-02
-1.877812193578085390e-02
-1.862901163026412302e-02
-1.851440660647732384e-02
-1.849368861011101151e-02
-1.838606379023269982e-02
-1.827403815121526193e-02
-1.814283948348000691e-02
-1.805592533115193965e-02
-1.794984978610724910e-02
-1.782836712793603104e-02
-1.774862557472448726e-02
-1.767640719776602046e-02
-1.747024441549565460e-02
-1.746021692339125644e-02
-1.737875077154141940e-02
-1.721662832717606173e-02
-1.711176882105067826e-02
-1.698813619434968655e-02
-1.685910203148465944e-02
-1.683152214139769717e-02
-1.665455879383400881e-02
-1.662676160973261541e-02
-1.648248090820847445e-02
-1.643612017769856617e-02
-1.640859770267346848e-02
-1.630809125784045757e-02
-1.616544895140564417e-02
-1.609288472801666259e-02
-1.600231489203278110e-02
-1.583420010877228251e-02
-1.574379928351922128e-02
-1.553166272850656920e-02
-1.551022294701298251e-02
-1.544965805291061839e-02
-1.528317298030944411e-02
-1.514932867162036879e-02
-1.509300977664119678e-02
-1.506733834906826691e-02
-1.496810422623961849e-02
-1.492248061225362465e-02
-1.475928069719052889e-02
-1.473820364641744915e-02
-1.461363201141728345e-02
-1.446264925957244270e-02
-1.443538440589521923e-02
-1.428581390288331289e-02
-1.425862090831673049e-02
-1.413559179850038677e-02
-1.392381836536702236e-02
-1.386862378190320544e-02
-1.378863750450422601e-02
-1.371731681517849612e-02
-1.353801963734471182e-02
-1.352488633107303863e-02
-1.341568990476442458e-02
-1.324373303675760796e-02
-1.316272311690455665e-02
-1.304496794471316466e-02
-1.290705629622456059e-02
-1.285790710420451309e-02
-1.277724983286546677e-02
-1.268017167892665671e-02
-1.265560970518267783e-02
-1.242658108709551734e-02
-1.233468556280479210e-02
-1.226265252663884427e-02
-1.212943347228636649e-02
-1.201799157608409926e-02
-1.191864627183998430e-02
-1.188852785763122935e-02
-1.181095842049466500e-02
-1.162830034312650404e-02
-1.155748556522450191e-02
-1.144751947216862166e-02
-1.138706175119586286e-02
-1.125936726254909113e-02
-1.122073790332284507e-02
-1.114913876128064557e-02
-1.103242764445007060e-02
-1.098692640428630338e-02
-1.091596254534092300e-02
-1.078659839758167906e-02
-1.077465337728957320e-02
-1.065709825921621820e-02
-1.053251542147626632e-02
-1.050650472492246565e-02
-1.039201697070293168e-02
-1.011929519449031659e-02
-1.007100404004882162e-02
-9.974311435236176554e-03
-9.944423011279835550e-03
-9.798338880131873818e-03
-9.750781225468874505e-03
-9.707499403845919889e-03
-9.644201294376821346e-03
-9.597775399224614534e-03
-9.313546243543670278e-03
-9.305500612200270916e-03
-9.189447480010763669e-03
-9.027102176856430932e-03
-8.945193222846118883e-03
-8.900586911746553517e-03
-8.786261752658456464e-03
-8.660483513623298477e-03
-8.469070591545573359e-03
-8.418517581205464326e-03
-8.375359510359307522e-03
-8.320354308242534219e-03
-8.124448147889791819e-03
-8.000724942772806728e-03
-7.927059298120622127e-03
-7.807753907517889572e-03
-7.698171577238544470e-03
-7.688384772191151663e-03
-7.622241388419387018e-03
-7.451373881989087518e-03
-7.423189727722455389e-03
-7.328527785487935590e-03
-7.168172525244554880e-03
-7.045655618830258364e-03
-6.971551872644243635e-03
-6.812526761843159043e-03
-6.750769880300351057e-03
-6.633694254907628735e-03
-6.550957429192679274e-03
-6.447989133094656281e-03
-6.317620317513182766e-03
-6.284857134832883170e-03
-6.238386837488662899e-03
-6.146633638042393530e-03
-6.110777609372373270e-03
-5.926363781985122953e-03
-5.796047540948015900e-03
-5.648211601593211215e-03
-5.600200674000204229e-03
-5.492394347614306532e-03
-5.458387789780256259e-03
-5.371218768589203219e-03
-5.240721549456825792e-03
-5.138040384375699640e-03
-4.987180939445107555e-03
-4.885632393591867427e-03
-4.775305997960869846e-03
-4.745653778906143427e-03
-4.656434521481076297e-03
-4.546978380285847214e-03
-4.436697228331268686e-03
-4.356372784502680548e-03
-4.252149544379850432e-03
-4.198441081230529920e-03
-3.985434070788496964e-03
-3.878882167922858507e-03
-3.821750900355685033e-03
-3.696069068974947025e-03
-3.546764213994869561e-03
-3.446020063107596999e-03
-3.348207960217302551e-03
-3.312125180971076197e-03
-3.263361364853801464e-03
-3.161894301149287961e-03
-3.038507326707906575e-03
-2.980608660117182746e-03
-2.905397662008048307e-03
-2.840089011252665968e-03
-2.765594266935712375e-03
-2.628214956607570311e-03
-2.616978284732192957e-03
-2.509116978154304553e-03
-2.349028057594879787e-03
-2.234626039013375837e-03
-2.141670623078907511e-03
-2.056189091947400582e-03
-1.940122274186104664e-03
-1.802303145855854846e-03
-1.587845200523447511e-03
-1.556552347984389460e-03
-1.436416931420665677e-03
-1.414938916250940270e-03
-1.339795829251718036e-03
-1.222804982727244711e-03
-1.123680254020245975e-03
-1.102783657495496608e-03
-9.276599054452384831e-04
-8.642041114531055692e-04
-7.271516292161956307e-04
-7.072556556374360020e-04
-5.651112671653650034e-04
-4.768308775738770385e-04
-3.768176890619566845e-04
-3.030828471555197618e-04
-2.803592445267786984e-04
-1.370538559276362665e-04
3.016646897524837435e-05
1.314422290279069431e-04
2.266083041893043838e-04
2.664566936302747839e-04
3.018371883903072099e-04
4.793716365023437532e-04
5.545855170988787074e-04
7.689473539022325744e-04
8.478367244403929061e-04
9.210674101682750185e-04
9.554362168918827548e-04
1.069984728746832363e-03
1.091265168524647045e-03
1.209411134843477826e-03
1.302718125415378188e-03
1.363889949127081473e-03
1.476399973851528699e-03
1.553522702536513445e-03
1.609972020154720219e-03
1.778437033961858833e-03
1.830263901140896654e-03
1.898494364636380688e-03
2.012729760266220198e-03
2.124473079035214991e-03
2.210882196188126026e-03
2.245756115351396198e-03
2.439539836058476473e-03
2.494785386332562527e-03
2.715847829791117728e-03
2.857410947035179342e-03
2.945283186191193035e-03
2.967496880142612460e-03
3.032150855610056712e-03
3.087278075890959907e-03
3.250751545130086545e-03
3.380808137841059650e-03
3.431499370860408970e-03
3.514735619681720168e-03
3.694761308751469235e-03
3.851015698834465290e-03
3.909156120020761994e-03
4.023347434235409817e-03
4.135545510736097531e-03
4.233347880478075149e-03
4.388160687292211315e-03
4.425218203069275665e-03
4.460485694155291551e-03
4.502740199742587789e-03
4.671564410344574737e-03
4.778347797663948411e-03
4.815241162824280587e-03
4.925668054216850861e-03
5.014947928625569304e-03
5.161012832654841322e-03
5.213207047049897916e-03
5.242759023411445139e-03
5.322095854759047173e-03
5.435856365716806859e-03
5.537045328412027595e-03
5.574177571747712147e-03
5.831970856237543230e-03
5.874300676943299861e-03
5.945624844510899627e-03
6.091917823123041593e-03
6.209295436756799222e-03
6.355688352602363936e-03
6.364025044994799270e-03
6.443847981543120162e-03
6.588079405948520616e-03
6.658745982665411484e-03
6.777499011616913357e-03
6.836815562487144962e-03
6.911522761997313143e-03
7.079319538518186357e-03
7.155912505680804905e-03
7.197733367226403361e-03
7.319863356677461241e-03
7.406520902216245927e-03
7.459227988102797198e-03
7.492909773165565279e-03
7.624124864707579330e-03
7.761986551258197309e-03
7.785926357218237934e-03
7.837774950164319229e-03
8.026618486510327805e-03
8.118929046850610620e-03
8.172645024896132981e-03
8.257044784841139837e-03
8.436767213500371426e-03
8.515156537644782281e-03
8.716500043734138128e-03
8.832919667061109315e-03
8.870451596339269315e-03
8.955718697295706951e-03
9.097609226951993214e-03
9.163745882709094237e-03
9.221198563409927981e-03
9.371035307914119331e-03
9.517381420899176728e-03
9.532270697660279180e-03
9.685882507935776597e-03
9.772156016211489341e-03
9.817390515737245069e-03
9.936311365949114516e-03
9.972016348888635209e-03
1.006234720745734397e-02
1.018030587643007669e-02
1.036235908980300512e-02
1.040783756155876962e-02
1.054473139261131835e-02
1.057672722046065078e-02
1.066379570791796232e-02
1.072225718633920515e-02
1.086710527995262895e-02
1.103505710622801166e-02
1.111259756820147729e-02
1.115528922481480445e-02
1.129384909969854099e-02
1.131028127647227752e-02
1.150552162797093513e-02
1.165260859939586287e-02
1.166968366995490593e-02
1.178210428900424225e-02
1.186238227256875520e-02
1.202073591571877972e-02
1.213279363792052479e-02
1.220956193479576235e-02
1.229833471320290750e-02
1.238482063190522731e-02
1.242529292108922670e-02
1.257683050751454493e-02
1.266501286224773308e-02
1.270058970569842155e-02
1.280107558916549100e-02
1.281170776187028591e-02
1.302693852232914701e-02
1.310519098138408257e-02
1.323836733143715465e-02
1.329998026964803771e-02
1.348388455537708960e-02
1.360829265974175702e-02
1.362053778800306411e-02
1.368502240629799159e-02
1.381020907175010450e-02
1.394007486872798733e-02
1.408384556798274179e-02
1.411961139714879021e-02
1.414731316520034289e-02
1.426701781028098803e-02
1.438976466518121326e-02
1.451754225671224655e-02
1.461227558119324553e-02
1.470776235249954961e-02
1.482129257008010445e-02
1.485339581906540765e-02
1.501354803479225918e-02
1.514227450331579079e-02
1.517064189566377959e-02
1.543092234487556010e-02
1.545293779596775170e-02
1.553554008689656853e-02
1.565180034922262348e-02
1.580589278135096504e-02
1.588609446726648236e-02
1.597193647024059207e-02
1.607995831681532234e-02
1.622552348479529977e-02
1.625323069952893870e-02
1.626438007434713104e-02
1.639574856208983814e-02
1.649612851032276548e-02
1.659431366008968373e-02
1.661958238021168932e-02
1.664626990556116945e-02
1.690022705567485739e-02
1.704212345139660689e-02
1.717246555735094798e-02
1.723369867095888783e-02
1.732605687791979876e-02
1.741219802184749976e-02
1.752756689475252344e-02
1.756522773025434928e-02
1.761767320879652210e-02
1.777350567722338695e-02
1.789143386662393059e-02
1.796875738574927120e-02
1.813247542700960335e-02
1.814676658918718682e-02
1.819816426351009153e-02
1.826451015238691328e-02
1.846646424685927795e-02
1.847705881473723361e-02
1.859769996332538006e-02
1.868342682595065460e-02
1.879940583325476894e-02
1.891009060261471600e-02
1.895589124710650789e-02
1.910668452952601210e-02
1.923180662583074199e-02
1.932006305850641342e-02
1.935284827442954741e-02
1.944737560947493518e-02
1.955006837859465940e-02
1.957488876214108497e-02
1.986844644989865794e-02
1.988151839628107820e-02
2.002380735747651824e-02
2.013384763665870825e-02
2.027289743788454959e-02
2.027713895691776388e-02
2.041618654516696996e-02
2.050701338111567476e-02
2.052097020230065488e-02
2.067926498163686483e-02
2.078188110691997145e-02
2.090194123470646981e-02
2.111323728389745760e-02
2.114163745588759635e-02
2.122232465637692925e-02
2.137739203400126214e-02
2.149939611831181568e-02
2.157348768209259998e-02
2.163028006883688931e-02
2.174041270788001912e-02
2.185486341669082636e-02
2.194391434327491730e-02
2.201111513862470323e-02
2.219175831233894183e-02
2.231245205460912970e-02
2.238806829533508680e-02
2.244834299429988161e-02
2.257233806468679840e-02
2.261983519665697676e-02
2.266248883485878080e-02
2.285364512339907797e-02
2.294979234116472505e-02
2.306573405140230001e-02
2.315406233940864311e-02
2.326484803837669882e-02
2.336576040150448175e-02
2.341651625701273928e-02
2.350146891969578239e-02
2.355741977514102040e-02
2.373982866013020152e-02
2.379387386970018697e-02
2.403969139331467095e-02
2.407566111728174155e-02
2.415425095642322051e-02
2.436296478102703902e-02
2.444880916102784227e-02
2.448706249449046288e-02
2.457400821954552547e-02
2.468374304499678165e-02
2.475011270712129674e-02
2.489222228104140400e-02
2.499581632859394428e-02
2.514235784512990068e-02
2.519810405132312872e-02
2.536750895369540432e-02
2.544165825844158652e-02
2.558338935903054293e-02
2.575034319426333998e-02
2.578436348423428920e-02
2.582423599890546623e-02
2.591606435141997206e-02
2.599565142370456952e-02
2.610081852478652112e-02
2.616881407137094939e-02
2.624099157205262919e-02
2.633804112737009318e-02
2.649593426132818355e-02
2.661842496245239720e-02
2.676755082253453460e-02
2.691340721735982836e-02
2.698223420386871782e-02
2.706880241655302416e-02
2.715802130687297936e-02
2.722169992381136619e-02
2.735532125350166252e-02
2.743205403981409385e-02
2.761953253806636449e-02
2.763704041794570049e-02
2.770468400110308663e-02
2.780343096046720974e-02
2.788716368576879198e-02
2.795795588006935034e-02
2.805438390728249090e-02
2.816294596619751262e-02
2.824449238468283718e-02
2.857129970914375899e-02
2.862614026199790385e-02
2.869725057314089639e-02
2.889017430985710982e-02
2.901175483752246528e-02
2.908094424038694392e-02
2.920055641837988880e-02
2.937022254619361950e-02
2.938836818448700011e-02
2.956638748965083677e-02
2.976509656299734796e-02
2.981626880697197529e-02
2.989196965995248936e-02
2.992031517672524149e-02
3.005763474491944531e-02
3.020674937066575999e-02
3.025501328977368148e-02
3.044715447877414938e-02
3.047580511686602198e-02
3.072062423282031357e-02
3.075478259830042790e-02
3.093123041300111301e-02
3.097122670659056484e-02
3.116993097373472327e-02
3.117663923779204552e-02
3.139943271986212620e-02
3.158560371746246820e-02
3.162564407610703870e-02
3.174936287588001754e-02
3.181749709002112264e-02
3.192695349964780327e-02
3.201226079832378973e-02
3.223577771325950025e-02
3.228821335069343573e-02
3.234040915591025744e-02
3.248467856083839256e-02
3.256910849550041093e-02
3.268353809437576918e-02
3.274907872538984632e-02
3.289206590673804387e-02
3.305622778825961089e-02
3.311572702417881625e-02
3.336439035193537045e-02
3.337842656945727571e-02
3.347671689600895117e-02
3.360941646847261793e-02
3.369157287301440679e-02
3.384799683891365207e-02
3.401124140272855645e-02
3.409387380437067794e-02
3.417637110762057617e-02
3.423462547167183123e-02
3.444368506421319198e-02
3.454981041588636032e-02
3.466624227514657208e-02
3.485610409314129216e-02
3.487301064351953916e-02
3.491426764045189174e-02
3.496369541852310803e-02
3.522580470007848075e-02
3.526380124673484523e-02
3.548616814107612843e-02
3.562683734155189241e-02
3.575492469252724431e-02
3.584045496598826236e-02
3.588111011991511334e-02
3.609094027515219461e-02
3.621131247542395959e-02
3.636930580525088441e-02
3.650161082345967922e-02
3.674112150703790630e-02
3.683518351235198079e-02
3.689269278071836272e-02
3.705254451287299383e-02
3.720372191795424943e-02
3.726006877927134919e-02
3.738589509807549449e-02
3.750643396818976322e-02
3.754306707199739357e-02
3.768162339535085364e-02
3.774415170672859587e-02
3.779867868210212700e-02
3.796680003254877117e-02
3.814890903616115908e-02
3.821513964673824842e-02
3.834625996987856000e-02
3.843309154751195500e-02
3.847234318869505176e-02
3.866015549628896292e-02
3.872729495082954249e-02
3.902018695521859704e-02
3.910686622064674794e-02
3.924920516598937037e-02
3.931052082173913664e-02
3.944097988224200962e-02
3.950670006325562866e-02
3.973010540557374987e-02
3.979128913043800120e-02
4.000389992943902823e-02
4.008444233950136937e-02
4.015317265453267198e-02
4.035654377625581130e-02
4.045881386208436542e-02
4.055278812528070181e-02
4.067313925731505520e-02
4.086037993193988860e-02
4.088820436919416573e-02
4.101438887942455286e-02
4.124863584700809438e-02
4.138354221885689327e-02
4.149866383540997544e-02
4.160653332188058579e-02
4.170098974201701114e-02
4.172796074805423111e-02
4.185077619734729748e-02
4.202507096075366183e-02
4.216334187959426549e-02
4.221469171500971673e-02
4.227215632856586719e-02
4.279543133329530985e-02
4.286719435664786831e-02
4.297835571135484589e-02
4.309716822213795206e-02
4.322404567110187806e-02
4.335945425739824721e-02
4.339295731938661027e-02
4.347232693747679622e-02
4.363460995838368967e-02
4.380107484999259254e-02
4.392067278586701817e-02
4.419847082660384452e-02
4.430042180995914791e-02
4.445041908939374037e-02
4.460858328362646286e-02
4.485473361819932586e-02
4.487150916875197459e-02
4.497966562407414159e-02
4.527257148416780064e-02
4.536359739602283114e-02
4.554875162895156981e-02
4.570326947295206416e-02
4.585366126362457051e-02
4.586792692392610560e-02
4.600928651476414444e-02
4.610911867377609497e-02
4.622046668068527375e-02
4.647963878651850678e-02
4.652802405380103423e-02
4.660232125241262069e-02
4.670290675526819757e-02
4.693053927658603214e-02
4.708556112992058618e-02
4.722447917367061238e-02
4.734970417777355223e-02
4.749548134207123851e-02
4.762685813981627769e-02
4.780956307667290350e-02
4.797945456162521632e-02
4.823079198919182770e-02
4.833332500562357442e-02
4.843069328443262711e-02
4.859465882020403554e-02
4.884329082170455610e-02
4.897375841165422378e-02
4.900439526006494795e-02
4.927325335746605278e-02
4.940756903268244543e-02
4.953355661977597302e-02
4.960327871356432633e-02
4.981101308416165108e-02
4.994195797210691096e-02
5.027295530981905347e-02
5.047394964714201071e-02
5.048513843051723876e-02
5.077481444406876931e-02
5.100868731037127429e-02
5.103530465020380408e-02
5.126564512201039342e-02
5.132687616241569245e-02
5.146230040043895532e-02
5.175291544100615176e-02
5.185375929293369740e-02
5.194680710495635373e-02
5.219413205849630227e-02
5.222488959687252713e-02
5.233186611769063273e-02
5.243129941779240549e-02
5.283146894857534276e-02
5.303053008619972725e-02
5.312083154882659558e-02
5.325610212734594590e-02
5.344199084273873468e-02
5.366608819231639266e-02
5.376401965183393722e-02
5.397964608764990735e-02
5.424826149582186868e-02
5.435506779665138372e-02
5.466396131605305575e-02
5.477846814726176211e-02
5.498364409790026941e-02
5.525975168151941314e-02
5.548420928767087285e-02
5.585010914634028212e-02
5.618729648726649567e-02
5.626855521255445802e-02
5.652998631519520756e-02
5.681262475707669901e-02
5.693781800770507384e-02
5.745247423533880043e-02
5.757405792473300338e-02
5.787169982367554311e-02
5.798685586473515535e-02
5.813420819070408418e-02
5.855222039138746615e-02
5.886892116908522959e-02
5.903920615037438341e-02
5.917337164119799292e-02
5.985546775784071627e-02
6.013404072742554313e-02
6.046149110553331735e-02
6.069275956810468026e-02
6.152383477582278049e-02
6.184936298014985512e-02
6.292213404660873532e-02
