-6.229773044857002395e-02
-6.149343870378891352e-02
-6.124157998897609978e-02
-6.074798033770573841e-02
-6.025851724252774544e-02
-5.983967725172751467e-02
-5.961207897320024152e-02
-5.936486680519737630e-02
-5.904441232577356535e-02
-5.889934979656186176e-02
-5.884870420706828087e-02
-5.834234125710141550e-02
-5.801074144753697731e-02
-5.776997907756027673e-02
-5.735118197368559156e-02
-5.720229140577805238e-02
-5.712034496838071934e-02
-5.670808463487339579e-02
-5.654708500625173911e-02
-5.618295170731999605e-02
-5.606546606172055358e-02
-5.562591877184785982e-02
-5.533873256160164872e-02
-5.532595803140013396e-02
-5.506676818573558868e-02
-5.502641438896971326e-02
-5.482057412757340709e-02
-5.470134744830008888e-02
-5.453277772368000931e-02
-5.432476870867699453e-02
-5.399346538583439659e-02
-5.384410085103629590e-02
-5.366120367026087218e-02
-5.345216769899620302e-02
-5.311556079768170457e-02
-5.291104140134440803e-02
-5.286003984113805260e-02
-5.269451988922552871e-02
-5.253447998680264158e-02
-5.240115867864621885e-02
-5.230501913734209724e-02
-5.209821362897067154e-02
-5.198845974670569803e-02
-5.170515172314509716e-02
-5.158974557944170924e-02
-5.132056953736091609e-02
-5.122204220292955745e-02
-5.114363900236541804e-02
-5.109521153087646927e-02
-5.061098165453588316e-02
-5.057539026635779478e-02
-5.053257289638710126e-02
-5.020988679162494833e-02
-5.015523617105328152e-02
-4.991141183698269423e-02
-4.986228585447942396e-02
-4.958319296564445838e-02
-4.944543569411948697e-02
-4.931225765918142989e-02
-4.923039804179697720e-02
-4.875142243420507726e-02
-4.858776325529283457e-02
-4.833161870506031549e-02
-4.830322265847884766e-02
-4.818778498083760298e-02
-4.797308330050564784e-02
-4.786862985574878021e-02
-4.763915573309897983e-02
-4.754161353691316316e-02
-4.750782191767157631e-02
-4.713392225365539701e-02
-4.712284457225057732e-02
-4.694868948005078563e-02
-4.683999230003379338e-02
-4.677992796822166843e-02
-4.662542330773179755e-02
-4.658062906859704311e-02
-4.638557359596220953e-02
-4.616486124481394143e-02
-4.611985435109299675e-02
-4.593827081613587743e-02
-4.587201905091444626e-02
-4.576932394896444239e-02
-4.542026393967999592e-02
-4.540259513734631880e-02
-4.531103446246503158e-02
-4.518432740405314146e-02
-4.507874929857386831e-02
-4.488877498861239268e-02
-4.467281789269911957e-02
-4.448199609309207853e-02
-4.440655682055679593e-02
-4.428199162178451248e-02
-4.414819206695624887e-02
-4.395349352155190903e-02
-4.386845043751189110e-02
-4.378872885456765174e-02
-4.374103541018363461e-02
-4.356755654107534459e-02
-4.333687325019973391e-02
-4.324593666675309589e-02
-4.299324225280965611e-02
-4.296580008623220037e-02
-4.288153019229416774e-02
-4.271529353042710642e-02
-4.263340794723854271e-02
-4.257849117724466642e-02
-4.242652562618846185e-02
-4.228094605239038350e-02
-4.214079529679253672e-02
-4.201455779602867452e-02
-4.177575070834890075e-02
-4.163028552574646324e-02
-4.148649355542526757e-02
-4.139948648781012486e-02
-4.131261658646370738e-02
-4.113940377888145733e-02
-4.085753775827630219e-02
-4.077435983105243134e-02
-4.074491961362591147e-02
-4.064713562131374441e-02
-4.051598203882402632e-02
-4.030870585087496794e-02
-4.023584673747300500e-02
-4.012271664409962357e-02
-3.999708481663640652e-02
-3.972707592280375066e-02
-3.965350582522623318e-02
-3.956333455079042577e-02
-3.936929822068892942e-02
-3.931238240571312270e-02
-3.920259173436738132e-02
-3.905555180259050185e-02
-3.894329049952847260e-02
-3.889530547950461464e-02
-3.882325773626573578e-02
-3.866609894807818831e-02
-3.861457636280380551e-02
-3.851502086433552380e-02
-3.828625885400264994e-02
-3.814652219892707141e-02
-3.789711597382298264e-02
-3.780435029510911815e-02
-3.769832694146864338e-02
-3.763246101092295598e-02
-3.742084217118241130e-02
-3.722487112451007552e-02
-3.713827462879127489e-02
-3.706854219890567959e-02
-3.704293422547345199e-02
-3.696832373025350088e-02
-3.681270438110210291e-02
-3.665422151946335499e-02
-3.653168457985718487e-02
-3.646471592273275997e-02
-3.621564650296495852e-02
-3.620142865359987638e-02
-3.607040824572048388e-02
-3.592858908282816482e-02
-3.590054602870027672e-02
-3.569487403712231360e-02
-3.566624122668152208e-02
-3.561519937055786927e-02
-3.552246054916578799e-02
-3.532110698285607225e-02
-3.515931532215171851e-02
-3.509643118419478180e-02
-3.488430114205975235e-02
-3.479108371395431276e-02
-3.472866018055934673e-02
-3.452373165004443689e-02
-3.442322082390186777e-02
-3.440059866408456957e-02
-3.431855059765200749e-02
-3.425350851525570811e-02
-3.414539315875415870e-02
-3.410142790943390678e-02
-3.407768953136285084e-02
-3.375819636379715633e-02
-3.360951840782841482e-02
-3.356532749582404745e-02
-3.350026156624940493e-02
-3.336058971551482399e-02
-3.323761178793700061e-02
-3.309893434769355797e-02
-3.298739943209896136e-02
-3.278439549528607000e-02
-3.269075206156341062e-02
-3.256469415886148466e-02
-3.255576250969685614e-02
-3.246429838274865476e-02
-3.238124851871012483e-02
-3.234044724036492374e-02
-3.204910078620688829e-02
-3.191908775537155574e-02
-3.184914134300135397e-02
-3.178574387406280649e-02
-3.145832124387293316e-02
-3.139638005283104660e-02
-3.120245279805031538e-02
-3.118337109865118237e-02
-3.113084061239331651e-02
-3.101075142860472422e-02
-3.093533056515328228e-02
-3.085475350892258328e-02
-3.082078948788370340e-02
-3.072665989621952906e-02
-3.046434702533569808e-02
-3.043440911513421027e-02
-3.028236659186012494e-02
-3.019794669577258173e-02
-3.012915998036122533e-02
-2.997582915272175783e-02
-2.987811600447533300e-02
-2.972863300113752494e-02
-2.962117557867462170e-02
-2.947752592939712271e-02
-2.938291742251971164e-02
-2.925605919423655832e-02
-2.911446507790719715e-02
-2.908179051136580706e-02
-2.904365718514948652e-02
-2.898061214268246241e-02
-2.880445538163847741e-02
-2.868644764186497470e-02
-2.854031595041848363e-02
-2.838474280389468793e-02
-2.825321023186092365e-02
-2.813104824291242506e-02
-2.806065703089125757e-02
-2.788496413966393833e-02
-2.779692753828169605e-02
-2.773073146346023005e-02
-2.759941994557410863e-02
-2.753427233907866298e-02
-2.742595043578718167e-02
-2.738760659089289548e-02
-2.728793112485591518e-02
-2.721139360731331808e-02
-2.709283243139496908e-02
-2.692260000782598084e-02
-2.683169869899377710e-02
-2.674032500457650466e-02
-2.666436496702854347e-02
-2.652976534181324814e-02
-2.634321394848129771e-02
-2.623156353623111794e-02
-2.622034234969774363e-02
-2.602441061239639877e-02
-2.591105726796982464e-02
-2.581248407920686688e-02
-2.570914830955347424e-02
-2.561782241833364393e-02
-2.553053750508060132e-02
-2.543680646262889630e-02
-2.537034879826147171e-02
-2.531445941307422856e-02
-2.509780585550017845e-02
-2.499605753708786238e-02
-2.484830864245150817e-02
-2.475488390629110649e-02
-2.473210322947494780e-02
-2.453741823398343513e-02
-2.444609868646218168e-02
-2.436130482900871960e-02
-2.429636207389984301e-02
-2.423112241408536052e-02
-2.403810502293753093e-02
-2.397075613794231660e-02
-2.389573653804672251e-02
-2.380044845003822726e-02
-2.367612388962940170e-02
-2.356175814628257148e-02
-2.342962279258668096e-02
-2.321178382746129018e-02
-2.308180645352904750e-02
-2.294031094393006454e-02
-2.290408672939522883e-02
-2.272956128299855050e-02
-2.265098508764758559e-02
-2.259685332816997391e-02
-2.244094695753032220e-02
-2.230232467048351777e-02
-2.214255711156174963e-02
-2.198580472931124102e-02
-2.193407951456534388e-02
-2.185144882360366345e-02
-2.178174096110755895e-02
-2.166137109112164019e-02
-2.159618654899525883e-02
-2.152307884491176312e-02
-2.142417621241098774e-02
-2.133913202685364455e-02
-2.128792050917097806e-02
-2.108108217780140653e-02
-2.106067456804857838e-02
-2.094897406730280090e-02
-2.083370844043491363e-02
-2.074856970263802211e-02
-2.065321388571263184e-02
-2.056104201691836414e-02
-2.046562003612043337e-02
-2.028768668378316820e-02
-2.015762036775655894e-02
-2.009850162275859248e-02
-2.001383856504345901e-02
-1.997162650419315177e-02
-1.978123224302346869e-02
-1.969959100364286272e-02
-1.967565582525190523e-02
-1.955570970660469934e-02
-1.946791489222063701e-02
-1.940658422951263562e-02
-1.934308951210106375e-02
-1.929691862444190067e-02
-1.912726083466766147e-02
-1.904956168364923749e-02
-1.884082584228812668e-02
-1.880560515846396719e-02
-1.860637851754461114e-02
-1.858513219103642700e-02
-1.840104980385841651e-02
-1.832463297799413401e-02
-1.822334212810388862e-02
-1.811111913464176493e-02
-1.804759664772702388e-02
-1.794370129218767970e-02
-1.786725076892180936e-02
-1.772030384079741755e-02
-1.757736404290978841e-02
-1.755152733752738184e-02
-1.742860946850093018e-02
-1.736761427307548580e-02
-1.728702589870431336e-02
-1.722351001493076239e-02
-1.711025606711811739e-02
-1.697753266592864560e-02
-1.689173164414219455e-02
-1.675672274191898625e-02
-1.657791757126341609e-02
-1.651939381033788040e-02
-1.646621646229769545e-02
-1.634180399854463436e-02
-1.630061784548729464e-02
-1.615773580738178936e-02
-1.611505414575366626e-02
-1.590389898075803693e-02
-1.577669655369657101e-02
-1.570613574495749107e-02
-1.561528240918021344e-02
-1.555526432379435511e-02
-1.544409713359123221e-02
-1.535287147259872288e-02
-1.528910976559932910e-02
-1.520050895872533669e-02
-1.507378156468736248e-02
-1.492308444034278793e-02
-1.481848013046939416e-02
-1.467991218541026509e-02
-1.466303297902644964e-02
-1.447566693427967781e-02
-1.442506822045743105e-02
-1.434601042254624037e-02
-1.421380502959476190e-02
-1.416103360953871633e-02
-1.408746814302400639e-02
-1.392020350987516197e-02
-1.385627059414184029e-02
-1.375601939890006009e-02
-1.369400166875673480e-02
-1.364117224221732608e-02
-1.357017448104646737e-02
-1.343775877455710352e-02
-1.333135572345274002e-02
-1.323491436547496319e-02
-1.312719857237986017e-02
-1.309399522027464811e-02
-1.303995416559780574e-02
-1.297294836739118495e-02
-1.277711044650276656e-02
-1.255738253346903172e-02
-1.241122941711381850e-02
-1.229754663385031893e-02
-1.227721642991804613e-02
-1.214602284943377269e-02
-1.200319965570751345e-02
-1.196203213768146437e-02
-1.192744878458369510e-02
-1.183203907222239899e-02
-1.170649846850816203e-02
-1.157095539000766761e-02
-1.154895677745522604e-02
-1.134145228024402256e-02
-1.122029471899259334e-02
-1.115287601564622297e-02
-1.113997400316510226e-02
-1.106020062305358015e-02
-1.099373101381616834e-02
-1.083088067817104816e-02
-1.075545619881581108e-02
-1.064600807199790958e-02
-1.060597372151976005e-02
-1.053802043526624183e-02
-1.046572301408280579e-02
-1.022488325385403039e-02
-1.017025819999012835e-02
-9.946434542158445399e-03
-9.896344763625228649e-03
-9.858182491628130623e-03
-9.838849417767931566e-03
-9.617695635829384693e-03
-9.503849047842745368e-03
-9.477941403537460535e-03
-9.403480456176315991e-03
-9.309905531664166081e-03
-9.239812103595321582e-03
-9.156119965477074046e-03
-9.059646242810007535e-03
-8.941771127342578590e-03
-8.786150797139815477e-03
-8.748771099845223040e-03
-8.678646050370388346e-03
-8.508049777246491294e-03
-8.414818144998363267e-03
-8.353227765335247829e-03
-8.285203356229613181e-03
-8.154093252581101278e-03
-8.023367097672637338e-03
-7.895132044710357830e-03
-7.856359975826933406e-03
-7.782523692103371533e-03
-7.721269938848146150e-03
-7.646486448637017375e-03
-7.559230138004072695e-03
-7.491019744600573710e-03
-7.380304125411673091e-03
-7.336358510910608380e-03
-7.096686979233430073e-03
-7.025405721158220138e-03
-6.986316793299219945e-03
-6.901896358317583316e-03
-6.846529757700032560e-03
-6.658744403335315094e-03
-6.629781116094118215e-03
-6.572011005855370007e-03
-6.458788152679844491e-03
-6.396659609152931074e-03
-6.335685689030017692e-03
-6.143564336809291190e-03
-6.085819505274078778e-03
-5.971003411243824485e-03
-5.905744861043150072e-03
-5.795554355849747742e-03
-5.626582897363455009e-03
-5.521159743956450573e-03
-5.488626112747828356e-03
-5.382863279131373281e-03
-5.285138670271785979e-03
-5.165975690106622623e-03
-5.063879242943138993e-03
-4.941257464260060198e-03
-4.863003999613949198e-03
-4.790819471502457717e-03
-4.699433673880284296e-03
-4.517585269433786223e-03
-4.503460451503096991e-03
-4.403846579743752460e-03
-4.346691857824503888e-03
-4.175630787524751628e-03
-4.090983412701861693e-03
-3.997909465629347590e-03
-3.878380954374869346e-03
-3.778553435173893481e-03
-3.695494046812849726e-03
-3.623678852921375423e-03
-3.550757595447460741e-03
-3.468994477782205276e-03
-3.439481151322134386e-03
-3.352129802744098323e-03
-3.065810128943306963e-03
-2.969950902264189424e-03
-2.954611605140642239e-03
-2.879355697009618967e-03
-2.757921233554792243e-03
-2.639610271109766280e-03
-2.552331916487796809e-03
-2.523857716347506063e-03
-2.314189082125900614e-03
-2.227384336230135535e-03
-2.127812791857780928e-03
-2.018322271436282650e-03
-1.902898055137944647e-03
-1.832348458175241373e-03
-1.770090824696536960e-03
-1.612311791088242609e-03
-1.543550552134171803e-03
-1.420115120345547769e-03
-1.403915659023470715e-03
-1.259640838118769503e-03
-1.251588136366931295e-03
-1.119242430629642298e-03
-1.012219901361162541e-03
-9.172771338493377344e-04
-8.263041704761616519e-04
-6.625789891991394143e-04
-5.795846073495169917e-04
-4.571953980908102376e-04
-3.790757505722984174e-04
-2.439530672464984226e-04
-1.329712063778650856e-04
-8.464578305446537258e-05
1.114440542333000939e-05
5.405531545359127120e-05
1.413118802412196250e-04
2.401565841320589892e-04
4.000440756815840538e-04
4.156749082118869811e-04
5.028575015313310054e-04
6.432077744203773496e-04
7.128202000677724302e-04
7.612456338709552026e-04
9.226557741803125033e-04
1.084466843280296796e-03
1.218881334920402394e-03
1.275977416760780154e-03
1.340111416780400506e-03
1.427244731214534490e-03
1.557397713102051445e-03
1.623742347242708830e-03
1.719142671884964658e-03
1.755357226786047982e-03
1.884485864043373721e-03
2.093847546427887556e-03
2.238823156639329574e-03
2.291208177569505414e-03
2.395046662855294158e-03
2.482611411077531843e-03
2.590905979825017681e-03
2.631523552834737385e-03
2.713119232035335771e-03
2.764209965769421577e-03
2.828754787230100716e-03
3.021897127342839350e-03
3.086722782517460194e-03
3.216303235420468927e-03
3.300723921438713723e-03
3.423819197420161203e-03
3.478485340618815182e-03
3.599092609611652307e-03
3.694787919271460760e-03
3.713924793495414732e-03
3.833452566378033662e-03
3.852368724186139119e-03
3.909345423594390301e-03
3.996248803085641378e-03
4.238378118156237509e-03
4.319123918176080539e-03
4.495039499875267200e-03
4.571150937654641817e-03
4.665686604267304215e-03
4.756224518232453347e-03
4.839800387799992644e-03
4.855848300965976382e-03
5.000753713588114956e-03
5.085680231369181167e-03
5.164442487989267042e-03
5.367520317506421952e-03
5.463963653482370279e-03
5.533790481909069310e-03
5.567711891197194528e-03
5.744360108906994972e-03
5.909531779503272679e-03
5.926921026882720801e-03
6.017836572680979393e-03
6.168476694254170639e-03
6.186893223323605001e-03
6.262508265728918000e-03
6.341759327985692189e-03
6.415003556134119510e-03
6.599889105658389432e-03
6.641003867529823509e-03
6.724788454054217608e-03
6.832186045314216430e-03
6.912418333815421520e-03
7.041923324343550561e-03
7.136079890145466051e-03
7.140507824484127603e-03
7.262348430531967783e-03
7.401915186467548230e-03
7.523619535692104010e-03
7.575329865773827200e-03
7.681981741027825959e-03
7.773120732989718083e-03
7.859990780539762023e-03
7.895207148475252498e-03
8.008464025388406515e-03
8.056271119434592690e-03
8.200387060347013798e-03
8.374028766602628973e-03
8.436824498739250305e-03
8.500534591389405023e-03
8.645501370878227315e-03
8.821081133733572541e-03
8.834500961961479562e-03
9.050654424966263559e-03
9.129390132646198960e-03
9.176503174498818957e-03
9.331198674969001447e-03
9.435519475550806917e-03
9.531057935513403620e-03
9.592399407909435113e-03
9.618056736893402028e-03
9.734652125462015665e-03
9.894615498460714378e-03
9.943185584459147963e-03
1.000951665796585496e-02
1.008241767349142559e-02
1.020754768797242987e-02
1.033002180439731438e-02
1.036403338368772215e-02
1.044430930108446870e-02
1.054652294232716336e-02
1.058757060493089978e-02
1.070538579584298135e-02
1.072732888741347035e-02
1.081336991998949580e-02
1.091515677469701365e-02
1.103749542972259218e-02
1.109870247502540985e-02
1.125903213419633328e-02
1.137817409616704092e-02
1.155380344433964632e-02
1.159941553829833480e-02
1.169122045611758337e-02
1.172373380552860223e-02
1.184285510643434854e-02
1.195726636345353575e-02
1.204117722326128806e-02
1.215118904242196672e-02
1.228152462606970675e-02
1.237575936261252688e-02
1.240322072840390442e-02
1.253003673721523985e-02
1.271292612858272372e-02
1.280368056843515789e-02
1.283090610600542796e-02
1.303429183045551158e-02
1.321505808473615907e-02
1.325192765826071518e-02
1.331858943092287251e-02
1.340455302210279316e-02
1.352326687392538078e-02
1.360705837756020012e-02
1.364618455324230831e-02
1.376550524917688305e-02
1.385221737581376553e-02
1.398275823559812919e-02
1.400822434137889358e-02
1.415127443764928675e-02
1.435492153990335258e-02
1.448446848547321752e-02
1.459420454553265849e-02
1.464222379304893143e-02
1.475601279355960062e-02
1.487280612069593472e-02
1.489636827770900174e-02
1.497077100098210753e-02
1.513025198608650493e-02
1.515312093051380919e-02
1.523990823076327127e-02
1.530198288665133612e-02
1.538926932945316843e-02
1.558427725401421299e-02
1.568388770494793388e-02
1.584513236994394142e-02
1.592235987029648470e-02
1.604141245767959009e-02
1.613589150968064434e-02
1.620124694572588550e-02
1.625877781183616977e-02
1.632451629919559610e-02
1.653922690588060726e-02
1.665899198165987638e-02
1.674934238289699576e-02
1.683944114205136733e-02
1.691419005958100241e-02
1.699004172444210786e-02
1.705979840210906234e-02
1.714514184898886101e-02
1.721643305268093921e-02
1.722244181301789412e-02
1.733847226360552690e-02
1.759496828924207029e-02
1.761371811797942874e-02
1.775504014203213923e-02
1.787890673118280177e-02
1.803462587616622148e-02
1.807352496710288789e-02
1.816173769946035493e-02
1.818429707244176644e-02
1.828613575175562153e-02
1.833046213807147315e-02
1.839023584238482292e-02
1.843090932384152184e-02
1.852474482874800002e-02
1.885004849951710942e-02
1.886223289545242709e-02
1.906941680655691029e-02
1.917426124827204675e-02
1.919491368810907761e-02
1.937938806741307252e-02
1.948241799828970972e-02
1.961730445822594884e-02
1.967523985689960397e-02
1.972641498672857499e-02
1.977635401385508668e-02
1.995195980539118258e-02
2.004394714296426488e-02
2.012721531873072969e-02
2.021726759019836991e-02
2.028845374339569019e-02
2.040958580638719752e-02
2.057561459163463960e-02
2.067115837688237104e-02
2.074122973136255724e-02
2.090823720793117194e-02
2.093682649791799369e-02
2.109616049594946821e-02
2.118023993154496271e-02
2.122900947025697233e-02
2.131922724220361789e-02
2.142296577149835693e-02
2.154206611535388824e-02
2.175591334843022043e-02
2.180949866458063713e-02
2.190022626806726810e-02
2.198009248729963436e-02
2.206335759308032662e-02
2.219708371459529206e-02
2.222596617850962700e-02
2.233068178425509642e-02
2.243225543612873546e-02
2.251949207482927331e-02
2.272422758464663281e-02
2.277742123735733079e-02
2.288179562395654953e-02
2.298740794738143509e-02
2.308173212097747173e-02
2.317459143587788026e-02
2.330869388914996385e-02
2.335267550393098010e-02
2.351395558624591944e-02
2.368785006408355778e-02
2.378267611176245952e-02
2.389218911059516962e-02
2.392443935922164075e-02
2.409767217872964273e-02
2.421139228610161287e-02
2.431637799373765133e-02
2.437760947849034604e-02
2.438903350041333323e-02
2.448603195260428203e-02
2.455880846074558199e-02
2.468929825410267481e-02
2.477720598218355677e-02
2.493750071208419156e-02
2.508641990500752594e-02
2.521967195964213218e-02
2.526702356018905443e-02
2.538771286866091728e-02
2.543046158779759675e-02
2.556446813018064743e-02
2.566638628904552299e-02
2.575310177496368050e-02
2.587530252905423378e-02
2.599047250324936637e-02
2.612512455885862561e-02
2.616585865474629555e-02
2.635447355644811654e-02
2.642018003119781661e-02
2.652077320964979154e-02
2.657548028889440000e-02
2.669845116631189286e-02
2.677233942016447182e-02
2.687073236709957430e-02
2.688387327271723679e-02
2.711715963320920214e-02
2.719703871778180598e-02
2.726394641096193533e-02
2.740528920819210526e-02
2.759270034678460229e-02
2.774474315793590967e-02
2.775812905449389148e-02
2.789977919122677355e-02
2.792708057504290908e-02
2.815177565255820580e-02
2.823296323870524635e-02
2.827611984495074018e-02
2.845363079166828707e-02
2.853483782163884763e-02
2.863576686487759315e-02
2.881251307279505264e-02
2.889919393265990427e-02
2.900227145498740153e-02
2.911403216990064019e-02
2.922749703660462023e-02
2.938812313918650818e-02
2.949274454012319052e-02
2.955987400182421773e-02
2.973018820321008879e-02
2.976151366678156385e-02
2.987049716009477010e-02
2.992913519180488355e-02
3.001673467646138668e-02
3.019084208400869829e-02
3.033284950576384947e-02
3.039736737498242511e-02
3.041734172283273516e-02
3.058516327397717283e-02
3.074940391216340191e-02
3.090274123874877168e-02
3.092174779800026252e-02
3.104576306619463363e-02
3.115000678452156668e-02
3.128365380233982113e-02
3.139288808609736608e-02
3.155642498307048571e-02
3.160676653656550872e-02
3.168832364425891446e-02
3.178102436366480460e-02
3.192325484298803862e-02
3.196474764148338199e-02
3.207807941544484065e-02
3.228795050091254337e-02
3.235085140349492488e-02
3.249949983373789236e-02
3.269151714440732270e-02
3.275637624278829318e-02
3.282513117160352351e-02
3.301097873056633297e-02
3.307323554870551102e-02
3.312673972492069518e-02
3.323782348384471397e-02
3.332703666298690581e-02
3.336046246965376078e-02
3.367750144806304358e-02
3.381856558359208620e-02
3.393225686382043971e-02
3.397237006544296528e-02
3.410838078768489018e-02
3.416299345273918903e-02
3.435143322912244390e-02
3.455659097795394513e-02
3.465861603203632818e-02
3.469292159349436633e-02
3.486138779762036621e-02
3.487459323707305103e-02
3.506210086033627327e-02
3.518396159546142987e-02
3.533568535534726412e-02
3.544929921749497004e-02
3.554257600293150160e-02
3.557838946695621174e-02
3.577125617584960698e-02
3.589744261784030138e-02
3.592865914747840617e-02
3.611420433341084452e-02
3.624384711493461309e-02
3.636449259613176027e-02
3.645880493323882393e-02
3.662521746326408145e-02
3.668107039514797996e-02
3.686819603530964995e-02
3.696581725385154893e-02
3.700535670853917491e-02
3.711838206485671560e-02
3.727539194213488893e-02
3.739884935175662867e-02
3.768574639109904117e-02
3.773591147228964882e-02
3.792718051384993960e-02
3.794332139072095073e-02
3.825101568039235983e-02
3.826560453338744699e-02
3.845969091561889097e-02
3.850843432932037763e-02
3.853484810279354800e-02
3.869981184914521311e-02
3.884816743791714294e-02
3.888348541043008810e-02
3.889381411092068808e-02
3.907169613406858560e-02
3.922646607174113537e-02
3.924435239910148421e-02
3.933418201759860539e-02
3.943467060573829092e-02
3.961776371954515985e-02
3.966208621262440337e-02
3.986108224210558465e-02
4.001803256553096433e-02
4.008658290554284465e-02
4.031715468854855239e-02
4.036815948755947264e-02
4.060378396095996878e-02
4.065851580667442788e-02
4.068753262554401784e-02
4.094626722436795624e-02
4.098769478549722789e-02
4.118530598752610100e-02
4.124237230787786840e-02
4.129013603604148736e-02
4.138246311290853102e-02
4.160679692310804978e-02
4.175245641748256964e-02
4.187740168865698026e-02
4.207753760311462587e-02
4.213645852608906284e-02
4.230348389190607267e-02
4.236743606521595207e-02
4.252285400154109940e-02
4.255897441221982019e-02
4.284818549678847538e-02
4.292936231148573173e-02
4.302136188297579072e-02
4.314189886306389610e-02
4.336792295888054066e-02
4.345909352824905980e-02
4.362833856143599753e-02
4.373786527079700365e-02
4.384990160434468209e-02
4.395784830868414150e-02
4.402191459477598073e-02
4.430039016793299589e-02
4.441852089457554165e-02
4.450009921196932533e-02
4.463251089047480524e-02
4.471005134999362501e-02
4.481028490419360771e-02
4.488985093383764113e-02
4.535121117348264036e-02
4.541310790215002946e-02
4.564479556494832613e-02
4.574708004118087368e-02
4.595378175825912820e-02
4.608823058267356304e-02
4.614547214404657316e-02
4.630258959246533884e-02
4.649056508765558871e-02
4.653494828852212939e-02
4.673808698677679729e-02
4.687750686748963502e-02
4.709609326610714186e-02
4.724084426836515360e-02
4.730115306122495422e-02
4.744092763486981723e-02
4.753370179210113927e-02
4.776815272164026266e-02
4.788883024690934742e-02
4.816241753141203841e-02
4.827461179158492460e-02
4.833447019377709597e-02
4.840924427874596092e-02
4.861109010403902309e-02
4.883563752225037607e-02
4.888895348414997594e-02
4.901889240555496602e-02
4.909932487234071330e-02
4.935898655271683810e-02
4.958850445923730643e-02
4.971525564765960636e-02
4.982170259277177854e-02
5.004716439477983198e-02
5.032206652687688103e-02
5.040653233096990815e-02
5.056047025268686074e-02
5.074650580959433332e-02
5.084834798278457108e-02
5.112845374254065128e-02
5.128562596316679073e-02
5.148877217977498866e-02
5.173822660486077085e-02
5.189976933276158055e-02
5.200103609168006680e-02
5.216747889539109090e-02
5.255139955327236406e-02
5.264103254798642439e-02
5.271219841884770829e-02
5.284982866510925387e-02
5.303976381514803606e-02
5.316651600517185300e-02
5.333699038526305142e-02
5.351634895208389614e-02
5.376498394232592098e-02
5.383150451917280421e-02
5.400956240995209712e-02
5.412514629289905815e-02
5.458655621456715706e-02
5.472937209048316792e-02
5.491518686128127325e-02
5.521460401758190861e-02
5.537964735563596225e-02
5.548957173333533832e-02
5.562320604597435769e-02
5.590181401163672043e-02
5.611263491440262458e-02
5.631996959420526583e-02
5.687344296534778409e-02
5.697389584214804931e-02
5.721173588821357181e-02
5.753684129696640115e-02
5.761496898627671559e-02
5.787743573396851582e-02
5.838935537742312443e-02
5.854325063569883886e-02
5.875413863866053160e-02
5.907402343703287151e-02
5.920081070810053608e-02
5.944515996241689360e-02
5.989695289095482017e-02
6.018275377430270384e-02
6.076152353373531073e-02
6.117463094109148319e-02
6.148672131811289132e-02
6.241537713144212213e-02
