-6.230288247221694997e-02
-6.220841584533339658e-02
-6.097263794347295568e-02
-6.075673649149958971e-02
-6.014858637293445803e-02
-5.987942729561716859e-02
-5.940371210686085091e-02
-5.922669182943356148e-02
-5.902673339093789107e-02
-5.882940629430492840e-02
-5.875509051915490250e-02
-5.827439177286488498e-02
-5.816859440162992778e-02
-5.775694860725608115e-02
-5.754557228974154642e-02
-5.728002181174589313e-02
-5.707965801968431507e-02
-5.668045439738358948e-02
-5.645564807831245785e-02
-5.619527919721650777e-02
-5.593455659955978709e-02
-5.576432706478909318e-02
-5.556633289216274946e-02
-5.549086142035196401e-02
-5.490000445315745131e-02
-5.482862480777778852e-02
-5.459239603192730245e-02
-5.434648312949147408e-02
-5.423895687572583002e-02
-5.410503936447950274e-02
-5.390548978747733422e-02
-5.372792950212884611e-02
-5.350962326816698783e-02
-5.334582867210420354e-02
-5.322225999402863117e-02
-5.290737259584277208e-02
-5.286181893478505978e-02
-5.253505910712182730e-02
-5.243837998621089791e-02
-5.225638442423290869e-02
-5.211709392723300194e-02
-5.175059183393527357e-02
-5.169792595271331670e-02
-5.147540233465293380e-02
-5.139150279449869463e-02
-5.116576919087224840e-02
-5.108233723228984557e-02
-5.085718926185240490e-02
-5.075428277400018118e-02
-5.058746392802368486e-02
-5.044365002860089903e-02
-5.013244155829777587e-02
-5.004364055420580659e-02
-4.997771610835119449e-02
-4.980311050759562985e-02
-4.961718795786534270e-02
-4.924234230644006227e-02
-4.916968398130644458e-02
-4.900522199570631759e-02
-4.892588809940259797e-02
-4.876776703251965023e-02
-4.852854011844377757e-02
-4.845613800039554053e-02
-4.832610469439260065e-02
-4.825544683344808877e-02
-4.802905661009516936e-02
-4.787550261170715749e-02
-4.776997315649243736e-02
-4.752458859782801581e-02
-4.738979740624830322e-02
-4.727666967329034048e-02
-4.710178852381528142e-02
-4.699641413678329327e-02
-4.697909791032343907e-02
-4.675274883838310275e-02
-4.662463873763558753e-02
-4.638995398061056957e-02
-4.619844478920410308e-02
-4.598048035735945172e-02
-4.589077249897974969e-02
-4.579212647282424054e-02
-4.563260224403156012e-02
-4.555970485155263344e-02
-4.534796979680124490e-02
-4.532432624093941237e-02
-4.504517195105002536e-02
-4.495036478065814189e-02
-4.476709139122873188e-02
-4.469327181469105736e-02
-4.461286032165255599e-02
-4.449582449786212285e-02
-4.431518375334971699e-02
-4.411064570590454009e-02
-4.403661441455294923e-02
-4.397752880286946026e-02
-4.382490495977756778e-02
-4.359426601308315913e-02
-4.343219845955967329e-02
-4.325580853943788995e-02
-4.318681928697435529e-02
-4.315047558711588432e-02
-4.296705608750975985e-02
-4.292145861646690791e-02
-4.275211219967142012e-02
-4.258024440546154948e-02
-4.245471345462219909e-02
-4.231951551333727052e-02
-4.219216864084768259e-02
-4.211030474883213637e-02
-4.191969215833982881e-02
-4.183916896255653745e-02
-4.175109450677021161e-02
-4.154740223975585123e-02
-4.139212361979578703e-02
-4.134255244431360443e-02
-4.123021569336435960e-02
-4.092801830047316375e-02
-4.088925838478909419e-02
-4.082403888689017241e-02
-4.063113547218041161e-02
-4.049410018694066249e-02
-4.048285928937900291e-02
-4.022449467401813944e-02
-4.020925316581157316e-02
-3.996375958487678737e-02
-3.987540934563141987e-02
-3.986776859766150843e-02
-3.967637755658541543e-02
-3.950532186873781382e-02
-3.948806450238143140e-02
-3.930306827043109769e-02
-3.923394491707855175e-02
-3.906880547591375097e-02
-3.902956079625310992e-02
-3.886255995650791939e-02
-3.873796402546871021e-02
-3.861918918312241128e-02
-3.842535149746178352e-02
-3.830293850322533111e-02
-3.825090821328683277e-02
-3.812175588968259865e-02
-3.806619068909042336e-02
-3.791605989354201317e-02
-3.781548470220619934e-02
-3.769067804877873629e-02
-3.759230825143894394e-02
-3.737628700585023805e-02
-3.725573636456504939e-02
-3.711972018861810912e-02
-3.697105057119345201e-02
-3.679616122525069394e-02
-3.673966497480184168e-02
-3.662297106197084234e-02
-3.654417267571968136e-02
-3.648136291648495372e-02
-3.630151619548774994e-02
-3.625661245816321626e-02
-3.617604044160295518e-02
-3.603714659633244777e-02
-3.598314895124510304e-02
-3.583954621366471083e-02
-3.576882242520389860e-02
-3.559871414642672843e-02
-3.547319054969404889e-02
-3.531935741579996652e-02
-3.522811677051806284e-02
-3.511239120298803584e-02
-3.490089345959399014e-02
-3.476843100816632420e-02
-3.464626268546727034e-02
-3.451287653871969868e-02
-3.444614816592304896e-02
-3.435128170648537455e-02
-3.425528021427707431e-02
-3.420542139051917924e-02
-3.401906297543025315e-02
-3.393107538605765611e-02
-3.388710502963146465e-02
-3.380814683173004320e-02
-3.357050976861128411e-02
-3.351828821526811608e-02
-3.342957456175524311e-02
-3.330898324621688056e-02
-3.320108660364933656e-02
-3.314702551675827863e-02
-3.290465981252839456e-02
-3.287808348399857972e-02
-3.272715592533480267e-02
-3.262536769836051759e-02
-3.250427444011034367e-02
-3.238351905035007083e-02
-3.221856221250653934e-02
-3.209123345953095868e-02
-3.196489085760084031e-02
-3.187510334929991029e-02
-3.175448066637846789e-02
-3.167233885817070244e-02
-3.161964783990679068e-02
-3.150671282687755870e-02
-3.135123012575394275e-02
-3.119254357398806854e-02
-3.117908402108192020e-02
-3.100903574577465460e-02
-3.093233781026871049e-02
-3.087232278417361905e-02
-3.069143630970617292e-02
-3.057433292195772118e-02
-3.045729548523410171e-02
-3.035727173562789011e-02
-3.028554102938127435e-02
-3.013057084615267112e-02
-2.999912140091744867e-02
-2.986625629294039838e-02
-2.976086351459231172e-02
-2.963870564177921788e-02
-2.954934374059796365e-02
-2.947412707178802965e-02
-2.930033563477643654e-02
-2.928663402682585987e-02
-2.910022913538692219e-02
-2.902004228138931746e-02
-2.893123471379802775e-02
-2.877700259283130432e-02
-2.871158621065987918e-02
-2.858073107219968531e-02
-2.845881132094548599e-02
-2.832230919049848542e-02
-2.815524811641702263e-02
-2.813176956665010969e-02
-2.796326560705866826e-02
-2.789109396772829208e-02
-2.778186900674591009e-02
-2.775262209759073520e-02
-2.761539048525612702e-02
-2.755009199767078504e-02
-2.734745785689630948e-02
-2.730550886059136817e-02
-2.715014621619199486e-02
-2.700348087202067079e-02
-2.690458290436839595e-02
-2.687172341132704548e-02
-2.673894859756736908e-02
-2.670615684237616014e-02
-2.655311625881227877e-02
-2.641536678620446527e-02
-2.628394637090494812e-02
-2.615058435765826861e-02
-2.601761346676605482e-02
-2.593318207763405797e-02
-2.581584581388344721e-02
-2.571742334331489008e-02
-2.562590392840159020e-02
-2.548495793063434642e-02
-2.544055093558499070e-02
-2.526376381015877498e-02
-2.526096657816102528e-02
-2.522059894794605878e-02
-2.511075749740875399e-02
-2.496827383494432465e-02
-2.477543032048701646e-02
-2.465626100509780635e-02
-2.460388629890538845e-02
-2.445251767958913497e-02
-2.441786675901888581e-02
-2.427502897116223107e-02
-2.417493355581580572e-02
-2.404724240219361514e-02
-2.395112011111420400e-02
-2.388538223185793230e-02
-2.384455027630602575e-02
-2.369814032562162984e-02
-2.354645060495302866e-02
-2.342762504886446509e-02
-2.332461471913998066e-02
-2.320570511814464693e-02
-2.312657233763706910e-02
-2.297605313931044141e-02
-2.286812894845765415e-02
-2.273977001868281167e-02
-2.270039004180180592e-02
-2.263314330667764995e-02
-2.255697343983247699e-02
-2.247127373407070694e-02
-2.237350249011531636e-02
-2.223109828608599292e-02
-2.216669582632538327e-02
-2.206629824340571727e-02
-2.194400356113912140e-02
-2.190338165791619676e-02
-2.185583994776686689e-02
-2.157367860130030360e-02
-2.154522392864053129e-02
-2.143938712803849025e-02
-2.131373830511383918e-02
-2.127638159328448450e-02
-2.121330637269549027e-02
-2.104768664322985774e-02
-2.096760989615788565e-02
-2.069874333360852137e-02
-2.067174748882260465e-02
-2.062424492843871471e-02
-2.042393707026053315e-02
-2.033586793764843859e-02
-2.015798340820942891e-02
-2.004306174729575396e-02
-2.003642706637673646e-02
-1.998475645432635020e-02
-1.991387731296354741e-02
-1.989662602808329669e-02
-1.978875203781449779e-02
-1.973825748074645170e-02
-1.960091047052604785e-02
-1.948393982451980186e-02
-1.943234793455135209e-02
-1.928684681411997615e-02
-1.916542995121576706e-02
-1.906399129206716100e-02
-1.889018704611649183e-02
-1.882724811906957840e-02
-1.876213443488139454e-02
-1.863134673927853424e-02
-1.859229988065360870e-02
-1.844520953106693062e-02
-1.833027156331322113e-02
-1.824114409861616465e-02
-1.813425517336910570e-02
-1.808849662434707309e-02
-1.802756088270303370e-02
-1.776321997674275635e-02
-1.769304086891785449e-02
-1.763006603248499712e-02
-1.759562625801965041e-02
-1.747718588409361354e-02
-1.737637944449936522e-02
-1.729915035712595306e-02
-1.720207547272103663e-02
-1.709869086018233827e-02
-1.690612309521211457e-02
-1.676328827801066082e-02
-1.670972589428960237e-02
-1.664682743016147881e-02
-1.656744239676605224e-02
-1.647315532503647664e-02
-1.638679409379560289e-02
-1.629345894499672001e-02
-1.620823702238637781e-02
-1.601272626847683941e-02
-1.596697802762285512e-02
-1.587530717576101855e-02
-1.578746683379389504e-02
-1.567241593995379739e-02
-1.561389933610351360e-02
-1.557434069468613749e-02
-1.539188473277098429e-02
-1.534585221718019754e-02
-1.516491127100658837e-02
-1.511417549633280698e-02
-1.500088911280888539e-02
-1.496024367971396027e-02
-1.485964418105513267e-02
-1.473941992286467197e-02
-1.469833297109967608e-02
-1.457269248364109412e-02
-1.442132363401527062e-02
-1.428471845229567147e-02
-1.420607538623817369e-02
-1.414146457362171379e-02
-1.407400866233517005e-02
-1.403699606920664686e-02
-1.398031430391479674e-02
-1.383907108550008584e-02
-1.361553540092068013e-02
-1.357260512250442301e-02
-1.350356171557044738e-02
-1.334107212024590074e-02
-1.319044881439581512e-02
-1.312052266160995684e-02
-1.306493132981749287e-02
-1.296973118303515297e-02
-1.289205625965566052e-02
-1.278899568083405498e-02
-1.269583359416189688e-02
-1.250624936204421285e-02
-1.247566903516030175e-02
-1.233498768441711538e-02
-1.225534257357514117e-02
-1.217714523954965822e-02
-1.206465440584023573e-02
-1.195890404276366871e-02
-1.189149821732530740e-02
-1.181441100330930805e-02
-1.168150250523044761e-02
-1.159932313869778756e-02
-1.149172876424142502e-02
-1.140008537448795010e-02
-1.137553488733177368e-02
-1.126965823445307685e-02
-1.113608949409370004e-02
-1.099954267014543324e-02
-1.098679352726169949e-02
-1.087443679155664610e-02
-1.085857926542689589e-02
-1.066149352764656465e-02
-1.055443893640782560e-02
-1.047013176932339203e-02
-1.040127759485285491e-02
-1.030198967599488778e-02
-1.017136316232524623e-02
-1.009124032319577528e-02
-1.001278516633427942e-02
-9.881885137629668053e-03
-9.744910455808818497e-03
-9.658668938542874088e-03
-9.625156400136190837e-03
-9.432609181127709838e-03
-9.413431702352779984e-03
-9.363186564659191705e-03
-9.253760353051079454e-03
-9.146470867536001664e-03
-8.988708969121914430e-03
-8.855315509769265750e-03
-8.815233842435460376e-03
-8.643238878327234864e-03
-8.620595376318608213e-03
-8.542601148178900067e-03
-8.452028378674127096e-03
-8.339392904666727974e-03
-8.293809520774277078e-03
-8.210385814444283448e-03
-8.189499489709132010e-03
-8.135378943989921355e-03
-7.836201752122755673e-03
-7.756268543639858147e-03
-7.623246964861420984e-03
-7.565485377963592981e-03
-7.448072237899549045e-03
-7.245100103732986588e-03
-7.192662484370383920e-03
-7.098053203459960686e-03
-6.974812521618386010e-03
-6.845592236656719565e-03
-6.799407713649788070e-03
-6.709341748387673623e-03
-6.682878790028620383e-03
-6.514620605253845786e-03
-6.381371728968434492e-03
-6.279543527651611917e-03
-6.217136856060513986e-03
-6.134985877154285755e-03
-6.018824581791807314e-03
-5.988964681211496333e-03
-5.854162958489284030e-03
-5.733000336162917196e-03
-5.676837012672283911e-03
-5.670038574300029048e-03
-5.533818037722897099e-03
-5.455817448151519325e-03
-5.357433060467359405e-03
-5.267934156995530449e-03
-5.193121546628244600e-03
-5.051115149530045582e-03
-4.941160602506400670e-03
-4.773693888242678054e-03
-4.718187011787439503e-03
-4.595749967913906678e-03
-4.533174721993420836e-03
-4.490169607591105484e-03
-4.428600726187720618e-03
-4.226707160779444999e-03
-4.209534579079804092e-03
-4.144307924978135604e-03
-4.037131645579230058e-03
-3.984458712196559289e-03
-3.848571427280319483e-03
-3.756310332857339465e-03
-3.652348370885136111e-03
-3.439460625881960495e-03
-3.383659629915230452e-03
-3.319569307150846936e-03
-3.213348123838050477e-03
-3.147755439533292485e-03
-2.997138853165658666e-03
-2.836573307720398427e-03
-2.781522448764504104e-03
-2.663740398835317148e-03
-2.576845855349911042e-03
-2.520424803535733019e-03
-2.429428846634854207e-03
-2.230738613237698807e-03
-2.076234993265094458e-03
-2.033727434880844807e-03
-1.941179117804387464e-03
-1.853502702549113213e-03
-1.812344410143926872e-03
-1.649330010713962770e-03
-1.581767263476868560e-03
-1.469743154957355242e-03
-1.362282733500991749e-03
-1.312261641616452139e-03
-1.194158336640881255e-03
-1.103280180639751740e-03
-9.889510125351325034e-04
-9.207708774234064008e-04
-8.608721116007268630e-04
-7.419280596740869494e-04
-6.403510334177378105e-04
-5.323975320418812465e-04
-3.972569303155702595e-04
-3.538189622064859762e-04
-1.155059233736697479e-04
-4.048346345303493321e-05
6.255416803987979245e-05
1.969185666805471874e-04
2.921383058527948599e-04
3.876406315852300470e-04
4.657203718244860564e-04
5.823646264773215536e-04
6.740645387797054638e-04
8.541870961902236050e-04
9.000064390880154743e-04
9.634978377623306528e-04
1.064636124954992848e-03
1.136439555211335613e-03
1.220138883465504915e-03
1.315530788960044082e-03
1.394072046015072284e-03
1.430211863160047803e-03
1.688739118193605809e-03
1.783041407340975586e-03
1.881659879231502644e-03
1.937811239689798178e-03
1.993281473761227256e-03
2.018907802700962463e-03
2.149031836480077944e-03
2.238730011360801162e-03
2.328979245818828519e-03
2.398105446343089427e-03
2.568948221612992432e-03
2.627918316579909343e-03
2.727623118640229785e-03
2.885797042251816470e-03
2.949893471315348601e-03
3.012698447595876013e-03
3.147537140419022494e-03
3.190275785801183032e-03
3.316928211449255044e-03
3.360350441740981697e-03
3.562407259197152964e-03
3.586735645331851075e-03
3.687119265707216632e-03
3.739986109417795402e-03
3.791182128032138856e-03
3.986303031898259276e-03
4.066271614646429014e-03
4.092011939615339960e-03
4.206167062832849406e-03
4.339278204438980734e-03
4.406933855936005263e-03
4.492606120914163781e-03
4.605741688145217026e-03
4.660072080045597233e-03
4.684636529551231693e-03
4.865984019505198953e-03
4.986599132216044949e-03
5.114590837877195165e-03
5.220983128670389668e-03
5.314806760417988170e-03
5.470429172365062070e-03
5.537753861655861538e-03
5.596244126513389393e-03
5.689857174859673170e-03
5.818125227692071307e-03
5.930925372661093042e-03
5.984779938140121977e-03
6.047736717882681856e-03
6.230716279970991561e-03
6.262999882891479540e-03
6.357335690721395427e-03
6.472787363532063638e-03
6.496634035077850609e-03
6.558224279669193704e-03
6.678899839869340167e-03
6.794303910393748903e-03
6.869216255201885703e-03
6.975323007318921797e-03
7.025990964189729113e-03
7.079383672673728208e-03
7.239493795106030985e-03
7.280105259427442459e-03
7.394867853212816651e-03
7.481082643617484838e-03
7.557027919210113423e-03
7.626814681831199996e-03
7.760425637604729046e-03
7.880172191999997022e-03
7.896695096289405719e-03
7.973706740800086748e-03
8.196101668439035801e-03
8.291501175704906954e-03
8.433039001833243439e-03
8.509664311123918412e-03
8.562231557285861563e-03
8.613437863660705282e-03
8.702574110277166985e-03
8.747595829949881760e-03
8.942394251517006218e-03
9.110655274027247563e-03
9.160500081840669898e-03
9.265776750666573913e-03
9.388703798395129502e-03
9.423202508643141809e-03
9.508252636059692786e-03
9.654268088965271485e-03
9.704613039564206900e-03
9.830990586483935589e-03
9.952599421680348099e-03
9.995368557320187530e-03
1.005896050594416898e-02
1.013818805449490969e-02
1.033458346917421125e-02
1.045106981637180556e-02
1.056268334625164174e-02
1.065007621229564598e-02
1.078733278961587633e-02
1.086410225576754651e-02
1.094753668465086108e-02
1.104567398398200763e-02
1.115174744891103686e-02
1.120442868117488278e-02
1.127953971730210996e-02
1.146269437287691061e-02
1.148019767681225135e-02
1.155830500278632635e-02
1.176321433017124378e-02
1.177620433166316066e-02
1.187606431935319708e-02
1.193195832423569330e-02
1.209106391199863545e-02
1.221296644000040288e-02
1.227297946378475349e-02
1.238525624014319079e-02
1.246476369309486819e-02
1.255531001443189847e-02
1.263399287271274769e-02
1.264661296020574976e-02
1.280066477838748967e-02
1.296649495256625012e-02
1.299499451048125032e-02
1.315845487358251187e-02
1.320150243853727805e-02
1.343641223448130417e-02
1.347755819147411840e-02
1.359180829382868223e-02
1.362217319840221610e-02
1.371960374656348153e-02
1.390101928140915176e-02
1.395575049686497912e-02
1.411087179600077797e-02
1.418367174152166538e-02
1.426376549955702018e-02
1.435500613745265344e-02
1.444817065823127133e-02
1.458225034494561520e-02
1.470016078543913939e-02
1.473563959008203882e-02
1.486953196350340733e-02
1.498141899082870709e-02
1.504464682367598338e-02
1.510008454153850127e-02
1.527976288055846350e-02
1.530012495911195307e-02
1.548836554608044695e-02
1.553246828999757002e-02
1.568113019418741066e-02
1.573730981449719679e-02
1.579768950858207593e-02
1.588883424899203284e-02
1.600557792835586787e-02
1.611271300811096749e-02
1.622872262859067702e-02
1.625480479577872533e-02
1.640103618884992606e-02
1.657954200864083377e-02
1.663480528690399265e-02
1.666910629347602424e-02
1.679920922540005870e-02
1.695340804402561963e-02
1.705917826905603216e-02
1.712730399576534515e-02
1.730531476571587832e-02
1.741696259371548414e-02
1.747479963759325169e-02
1.756570512895005640e-02
1.765964200367547282e-02
1.776163334585158932e-02
1.782604180922334539e-02
1.796483626350559373e-02
1.799412893023683013e-02
1.821837221472757257e-02
1.832069000518923158e-02
1.840057254282042101e-02
1.845938003167355360e-02
1.851562079089556778e-02
1.862088859825037149e-02
1.889402591677863397e-02
1.892009584827150301e-02
1.894520643794536316e-02
1.902924428849238694e-02
1.916690795958774646e-02
1.925826692291619791e-02
1.943075561967660264e-02
1.945563067069930666e-02
1.966379724133893864e-02
1.968137633677635376e-02
1.979266174248917043e-02
1.984420586456751498e-02
1.990927043458733461e-02
1.995622046214916984e-02
2.016690584470361147e-02
2.025074516220747370e-02
2.027744205081102175e-02
2.033904022969202849e-02
2.041616159586580673e-02
2.055109348931123334e-02
2.066443306156598783e-02
2.069220746321503643e-02
2.082385060119847087e-02
2.101011148438067244e-02
2.120370898697611015e-02
2.129520553314000197e-02
2.134359402505751208e-02
2.144716185290660229e-02
2.147948769432679941e-02
2.156797860331972211e-02
2.169286876064397893e-02
2.176685213969822494e-02
2.192848546891863065e-02
2.206089077783591687e-02
2.214487304517853000e-02
2.219160877455297193e-02
2.234772671190202870e-02
2.247710202601952562e-02
2.249469328424270886e-02
2.265509476441967401e-02
2.275401493782293685e-02
2.292554442981270188e-02
2.307368611504536857e-02
2.312067677820733511e-02
2.326852825309335196e-02
2.337043532900041909e-02
2.342802190898180328e-02
2.346563010384812228e-02
2.356435598358374781e-02
2.364629386204481279e-02
2.375711846659703599e-02
2.390444926496987713e-02
2.405383335757347099e-02
2.417010689907613322e-02
2.422688163135593847e-02
2.440600379459512831e-02
2.450711715545644126e-02
2.456460481005095370e-02
2.470162104341704079e-02
2.474696990349034217e-02
2.484584443621919159e-02
2.505314892990943149e-02
2.518860886678292443e-02
2.532357919878276686e-02
2.541539170736243844e-02
2.552707827613564379e-02
2.560141454945764547e-02
2.567844700079580794e-02
2.577923816732823406e-02
2.591015003975829720e-02
2.602098571869316049e-02
2.603187736360166801e-02
2.616894215118504077e-02
2.626972958963448568e-02
2.645565290650067278e-02
2.653630857583638702e-02
2.660639923512003041e-02
2.669076633955592623e-02
2.675972854481215024e-02
2.684486305346514209e-02
2.696511120521697877e-02
2.709132544386749081e-02
2.714304905874930993e-02
2.731530906546746768e-02
2.741423372676492914e-02
2.751799620254825191e-02
2.773182121393416924e-02
2.780267414698713371e-02
2.788165852706101996e-02
2.793610753206731551e-02
2.805851109398393300e-02
2.808718021604269741e-02
2.819455370638893760e-02
2.833864977404947430e-02
2.842838973739874112e-02
2.847648349659206990e-02
2.860743597445890990e-02
2.878676790595036117e-02
2.895861032399629081e-02
2.901577729776743872e-02
2.906724589655981100e-02
2.912592624578069431e-02
2.930285470324957287e-02
2.935022329724799525e-02
2.945291367611836339e-02
2.963200212522381499e-02
2.978954517456764220e-02
2.993335332869354395e-02
2.997571907975393052e-02
3.001014056052888831e-02
3.018342329754485076e-02
3.022216769776442727e-02
3.029163161489474218e-02
3.045770579584909307e-02
3.050756390911312996e-02
3.067423824094809778e-02
3.076075286705478098e-02
3.091624806532971767e-02
3.099823922744536150e-02
3.115577929346007718e-02
3.125170321888884328e-02
3.130409486285283538e-02
3.138690646161614722e-02
3.151797804604854897e-02
3.162435556249994228e-02
3.173745274735501748e-02
3.185689969331081950e-02
3.193037908324743157e-02
3.214914103849716986e-02
3.231125527303278788e-02
3.239392496256084109e-02
3.251208311119729855e-02
3.256442455878461040e-02
3.265683313055602055e-02
3.281442348587195607e-02
3.282752361391924611e-02
3.306865093412886258e-02
3.311805847995033525e-02
3.318669759591774682e-02
3.343218284375405053e-02
3.346407908974043111e-02
3.353835817558233068e-02
3.371482808905940792e-02
3.383687471770608496e-02
3.400956109963163693e-02
3.411085567852674416e-02
3.414606476672651936e-02
3.435850281925325461e-02
3.441443460648846431e-02
3.450584106237399029e-02
3.467021366111436992e-02
3.481241305582680884e-02
3.493659017180201359e-02
3.497642593611217932e-02
3.507062346999034741e-02
3.525364773855070577e-02
3.535795759895057899e-02
3.552290467976310095e-02
3.557320329934053615e-02
3.579305718446125495e-02
3.584264491555300136e-02
3.617195097990007213e-02
3.625247462515945179e-02
3.630907126305225885e-02
3.637501684652811457e-02
3.648745238079721676e-02
3.663575176902114650e-02
3.666996547477598817e-02
3.676685999588094611e-02
3.687096683283206527e-02
3.696826685518594946e-02
3.701067540512533588e-02
3.731437267211912961e-02
3.737740275324125117e-02
3.745847409394353900e-02
3.752465650022108329e-02
3.769912826255139571e-02
3.782621680120479973e-02
3.793867633073617907e-02
3.805521456329964691e-02
3.824240846510833236e-02
3.834066948487947074e-02
3.839670919809021199e-02
3.851237764267111813e-02
3.864211672261230052e-02
3.869896882355081807e-02
3.893992401300299527e-02
3.903421712234661500e-02
3.924744022784112246e-02
3.934763710469170450e-02
3.958584827588292054e-02
3.980960873751625967e-02
3.984674640092597531e-02
3.996078366629653850e-02
4.010397803413957157e-02
4.010989036629287324e-02
4.017187653128037605e-02
4.029742878675871692e-02
4.056237812804935200e-02
4.067619178328386181e-02
4.078608212631812391e-02
4.081308432378230600e-02
4.105242309642472692e-02
4.117653869365657526e-02
4.124943385883875907e-02
4.136730966874168497e-02
4.148723575742676445e-02
4.160741668485719302e-02
4.170107553410908052e-02
4.175648474909444269e-02
4.189187599320814276e-02
4.207562996966585089e-02
4.219704488062347297e-02
4.241015907788844158e-02
4.248219394604873383e-02
4.256122804085139127e-02
4.268632063929303500e-02
4.286842531295988884e-02
4.320081575333811763e-02
4.335721015264577122e-02
4.340401784607165331e-02
4.352384658432985332e-02
4.363227976420848420e-02
4.375955958296316034e-02
4.380836157654995761e-02
4.390617053217396593e-02
4.403437727222983544e-02
4.409382625354871937e-02
4.433399695251358241e-02
4.450580214034596804e-02
4.461005600633519141e-02
4.478434993299237887e-02
4.486929319290323959e-02
4.497073975764295795e-02
4.521812697988718266e-02
4.540317548032567208e-02
4.550978273911814032e-02
4.569916256603631655e-02
4.577549738753744490e-02
4.593816598904014448e-02
4.606853004678188729e-02
4.611805303678447043e-02
4.631755170947002287e-02
4.673542891028278218e-02
4.678123296868799685e-02
4.691704662888548927e-02
4.695146840022913076e-02
4.701177137131938577e-02
4.720134865898320542e-02
4.720989519509052185e-02
4.747263135653816135e-02
4.770343550393204429e-02
4.779735058852163654e-02
4.781087007772392983e-02
4.815329383930978813e-02
4.831223291195017172e-02
4.849227474582271102e-02
4.854843518775326522e-02
4.872542022535033407e-02
4.888041425733375550e-02
4.902194692013581850e-02
4.910470268301243141e-02
4.945380333755610563e-02
4.947886658329477688e-02
4.977466070959560285e-02
4.989919789134554529e-02
5.007100884435947141e-02
5.030846926017494558e-02
5.041024620316953558e-02
5.063841013180153672e-02
5.092745144091227749e-02
5.100895681912297891e-02
5.107305047525642627e-02
5.125984969720949469e-02
5.139612181500559374e-02
5.154493239236561386e-02
5.159927268670615880e-02
5.180883527059212956e-02
5.198647781630219566e-02
5.213676007424591918e-02
5.231507542035142289e-02
5.245859487955061712e-02
5.271360733693686990e-02
5.290739403569534594e-02
5.309299100328385146e-02
5.325864917422660355e-02
5.343240900171532942e-02
5.364334112393648324e-02
5.397368860516645050e-02
5.400994146965665960e-02
5.432759492214565833e-02
5.442916490078406055e-02
5.451318257589722605e-02
5.489342953402516490e-02
5.508216557576356420e-02
5.527232127888810631e-02
5.539188712514035717e-02
5.578868965480549003e-02
5.586644256072288706e-02
5.597615843631544713e-02
5.615333695382258850e-02
5.659136348156614676e-02
5.700320900539939534e-02
5.710759180400672153e-02
5.722201209187412208e-02
5.755117215056915897e-02
5.777112005237369785e-02
5.778128714044961783e-02
5.789563525136199457e-02
5.845375908820195365e-02
5.861611563470270347e-02
5.910047273505569104e-02
5.957251155785127372e-02
5.975709297169477102e-02
6.016573448959283005e-02
6.026357332189681559e-02
6.048763680503951162e-02
6.101004391921516917e-02
6.133262134806605897e-02
6.194544635227817314e-02
