-6.236146166677627306e-02
-6.116122848701712605e-02
-6.083695422674359476e-02
-6.010474158967597791e-02
-5.998687185603931299e-02
-5.988280356385978359e-02
-5.922428663796094894e-02
-5.900142479114562494e-02
-5.859364934072968517e-02
-5.814760160592567090e-02
-5.809620921971944685e-02
-5.778058992768266705e-02
-5.737462066196875876e-02
-5.716648740287254282e-02
-5.703868859327508589e-02
-5.688092040633808272e-02
-5.668307803530955175e-02
-5.644793257893881283e-02
-5.636068938501788417e-02
-5.620185131377068710e-02
-5.589750692299698398e-02
-5.582265706196561789e-02
-5.550460796313323730e-02
-5.511844459903311733e-02
-5.479123827197029950e-02
-5.466122284043724994e-02
-5.448038208741735194e-02
-5.433307489648780270e-02
-5.429458732636779916e-02
-5.408325520626357935e-02
-5.366730506482927238e-02
-5.353719094721229310e-02
-5.348916076487740534e-02
-5.337765335166926722e-02
-5.302413262608005745e-02
-5.273004849053684884e-02
-5.258379236149839098e-02
-5.250084640569551570e-02
-5.239818850727285399e-02
-5.229707699966718026e-02
-5.205960363701101629e-02
-5.195977308488915203e-02
-5.178085977620908165e-02
-5.159143331508304897e-02
-5.135327382465613988e-02
-5.119373792824375574e-02
-5.108919049351240416e-02
-5.096733265007293012e-02
-5.079525016606342008e-02
-5.073505747018224044e-02
-5.047988894468465743e-02
-5.017317822180275555e-02
-5.012779837782947029e-02
-5.002789866781439526e-02
-4.978457828394353829e-02
-4.963626889374915530e-02
-4.948841606808799393e-02
-4.915845161624890491e-02
-4.911719791502389132e-02
-4.890250248088477691e-02
-4.873069103276573416e-02
-4.860336656082803186e-02
-4.849127859735718332e-02
-4.832824133291072077e-02
-4.821841117489605172e-02
-4.802389477250852690e-02
-4.797561966758375623e-02
-4.785618141528649033e-02
-4.761940477371838509e-02
-4.754202765620220428e-02
-4.741418377992442229e-02
-4.719125960376572421e-02
-4.706270501303685266e-02
-4.686798856262620189e-02
-4.679467175415653879e-02
-4.663194247649697644e-02
-4.652935983580041429e-02
-4.635215481034383328e-02
-4.620492652828593616e-02
-4.607349126610399415e-02
-4.599080268456460369e-02
-4.587140417309533424e-02
-4.569783434804391281e-02
-4.554824193986418274e-02
-4.542819549719093186e-02
-4.531020030637749468e-02
-4.524635185832191764e-02
-4.507700316347851982e-02
-4.491058454332905875e-02
-4.477181805110973245e-02
-4.466562954967332605e-02
-4.451496987079508333e-02
-4.439549521765922407e-02
-4.432185035793458766e-02
-4.404043442363117511e-02
-4.394857383438199178e-02
-4.381321334272704482e-02
-4.379562517669380317e-02
-4.371490852422035139e-02
-4.344905713971054795e-02
-4.338861201610149515e-02
-4.321777351828444413e-02
-4.289248633727657523e-02
-4.287114324866016235e-02
-4.272671338762745741e-02
-4.260305458262673983e-02
-4.251303032393145137e-02
-4.237091039640273477e-02
-4.218425328921662776e-02
-4.209571232588484729e-02
-4.191085180944801453e-02
-4.177339614522548872e-02
-4.159378413315056172e-02
-4.148847423316905786e-02
-4.142474527058413042e-02
-4.128724885680443157e-02
-4.114582164595249891e-02
-4.101005986295946926e-02
-4.091539405097135984e-02
-4.076714785818570663e-02
-4.055781934924675841e-02
-4.054169041688540642e-02
-4.034875902259124625e-02
-4.033377828270087034e-02
-4.010585046058289665e-02
-4.003769647301466672e-02
-3.997190096091694095e-02
-3.980251075591320631e-02
-3.972551412609906518e-02
-3.965562568677642036e-02
-3.956739483695474735e-02
-3.931104710358408055e-02
-3.915902664803212058e-02
-3.907404069378582478e-02
-3.896343524097064387e-02
-3.882953396087937548e-02
-3.875574627691286134e-02
-3.858030909767365402e-02
-3.848010384069616013e-02
-3.833850514672878379e-02
-3.822767676750853105e-02
-3.807763379695563305e-02
-3.789278006190974907e-02
-3.785437560071319013e-02
-3.769505864297009734e-02
-3.759249606151763429e-02
-3.751073371918173943e-02
-3.738858399819812439e-02
-3.715644201989833778e-02
-3.701899597003775744e-02
-3.696859436447742786e-02
-3.678728609442939029e-02
-3.665334950531392438e-02
-3.644598176062233824e-02
-3.634282530627769986e-02
-3.625902535252994996e-02
-3.620950629444488061e-02
-3.610111434425276183e-02
-3.599184375034317901e-02
-3.587895264820206015e-02
-3.570395613077414348e-02
-3.569815368147989665e-02
-3.548656956720414035e-02
-3.535528977627287045e-02
-3.518423351598582577e-02
-3.508905957859817515e-02
-3.505641496524495443e-02
-3.488791682514325726e-02
-3.477514279078271903e-02
-3.465981162259691717e-02
-3.454392697573747256e-02
-3.444411125148830188e-02
-3.421549661032170092e-02
-3.409814098170285690e-02
-3.395911408490792649e-02
-3.389883913032060853e-02
-3.376403741531599362e-02
-3.362764998505848868e-02
-3.356876964341923980e-02
-3.333156005094652791e-02
-3.331818252939228869e-02
-3.326406579046097683e-02
-3.322821503934976495e-02
-3.303908231021654429e-02
-3.286949675010195082e-02
-3.273692445491672987e-02
-3.272065335503317879e-02
-3.253883264262311115e-02
-3.243692862594645121e-02
-3.241018322105051336e-02
-3.233232703720893830e-02
-3.205290964782050306e-02
-3.203851044314816321e-02
-3.199878158073374973e-02
-3.190235548998896636e-02
-3.171406083308652563e-02
-3.158847862351940594e-02
-3.152215773154307121e-02
-3.141189157199324872e-02
-3.134577910310953203e-02
-3.119036426074810880e-02
-3.113336304438184265e-02
-3.102368673378883349e-02
-3.087494241015155405e-02
-3.078496771243149216e-02
-3.064074388572943231e-02
-3.048761166014525570e-02
-3.047941510285211847e-02
-3.029260994898155465e-02
-3.019077048787609241e-02
-3.011874787220210001e-02
-3.003318171751673260e-02
-2.990648801744445057e-02
-2.987950715580063588e-02
-2.963202731506427157e-02
-2.949415456634803950e-02
-2.946908332190880872e-02
-2.944398433197607107e-02
-2.930959305590554939e-02
-2.924004773484508574e-02
-2.909622648940841591e-02
-2.894805365814733661e-02
-2.889690697866937816e-02
-2.874474518155702152e-02
-2.864020393233066009e-02
-2.858814951764143339e-02
-2.848363916300469464e-02
-2.829451648327284061e-02
-2.817192341345390802e-02
-2.814424146621316916e-02
-2.799816322025702395e-02
-2.785463192347179331e-02
-2.767664878684137492e-02
-2.753758468171526447e-02
-2.747582719529231832e-02
-2.737378633882514914e-02
-2.726009212987606442e-02
-2.716323502746114532e-02
-2.712813049030310050e-02
-2.707875772729695721e-02
-2.686054189876856818e-02
-2.680334767257399817e-02
-2.669676707993283091e-02
-2.664382543924248212e-02
-2.640841003648518315e-02
-2.629065693853956109e-02
-2.618727008647853127e-02
-2.610648101276540067e-02
-2.600115623184771907e-02
-2.590605259224726051e-02
-2.581488058660514132e-02
-2.570798376781083597e-02
-2.563573957540717443e-02
-2.542325329247641791e-02
-2.538759774768195587e-02
-2.524594035907014311e-02
-2.515795149005090395e-02
-2.512168408797848390e-02
-2.493794040599770293e-02
-2.489766614306494763e-02
-2.473618229290923398e-02
-2.470599985464571116e-02
-2.463935912544758244e-02
-2.444884062808838632e-02
-2.441483248082558163e-02
-2.433604153085450889e-02
-2.413434967916135848e-02
-2.401117200319997230e-02
-2.394609573736056554e-02
-2.377694467601495706e-02
-2.367762369075322726e-02
-2.363362532129664739e-02
-2.357609480725999379e-02
-2.340460421801872012e-02
-2.321213558718818876e-02
-2.318852405704132855e-02
-2.304129788594044478e-02
-2.289581531212521101e-02
-2.276180498955580889e-02
-2.268976003804719019e-02
-2.260343672398805806e-02
-2.251838647818361211e-02
-2.246649613479417482e-02
-2.245144095791304362e-02
-2.224653102894665752e-02
-2.214901879436357440e-02
-2.210562780886372869e-02
-2.196269312375058111e-02
-2.182785029764516826e-02
-2.173022213297599176e-02
-2.157455876069990300e-02
-2.150050695421771782e-02
-2.139096752932135442e-02
-2.130720562900006998e-02
-2.128373552319964487e-02
-2.114436880968477428e-02
-2.088597906046370592e-02
-2.086076224672104434e-02
-2.080191878113382339e-02
-2.075780206623942942e-02
-2.062737510784840023e-02
-2.053658348007139298e-02
-2.046981621769516577e-02
-2.030844699751782959e-02
-2.021406390300285044e-02
-2.013662908241658361e-02
-2.006747638651592072e-02
-1.995336811444827982e-02
-1.980229923330227917e-02
-1.972985229876147648e-02
-1.962919033146544659e-02
-1.953376117773806403e-02
-1.943846792172797266e-02
-1.938505392436756097e-02
-1.925596849487064277e-02
-1.923241523760741908e-02
-1.910744432440068807e-02
-1.893229730093807725e-02
-1.888209814606209985e-02
-1.882258510355522621e-02
-1.869058582127205992e-02
-1.859961724582143497e-02
-1.845453807195316515e-02
-1.834904699245193740e-02
-1.825739213752428439e-02
-1.817599832977055685e-02
-1.801174795752473468e-02
-1.797986994268191419e-02
-1.787155192061897976e-02
-1.775520124037134259e-02
-1.761926586181216184e-02
-1.758404349645783030e-02
-1.741392686699384101e-02
-1.732766826844572838e-02
-1.720842350391373760e-02
-1.707411727506747898e-02
-1.701150754862541456e-02
-1.696558831684487692e-02
-1.684449728390497586e-02
-1.678405047724724000e-02
-1.664933425828408683e-02
-1.647869860168315465e-02
-1.640953122476276546e-02
-1.630345097843600988e-02
-1.623376240298649020e-02
-1.614362864873644318e-02
-1.608148221748884402e-02
-1.600457773069040648e-02
-1.582761702425816014e-02
-1.577365167345042354e-02
-1.572079087421717619e-02
-1.551445860451239854e-02
-1.528319856270183782e-02
-1.524467584021113771e-02
-1.510906857889872563e-02
-1.494075517620074324e-02
-1.487999174669229346e-02
-1.476451755308406597e-02
-1.470955894953362639e-02
-1.462683000182400835e-02
-1.455800888311751910e-02
-1.444254711445033118e-02
-1.439541457527542152e-02
-1.432914554161526452e-02
-1.424852595156702630e-02
-1.405068379297800228e-02
-1.393391762362233485e-02
-1.389398924352649133e-02
-1.374405070681211476e-02
-1.368328359755172606e-02
-1.362719852875048446e-02
-1.352675363544244592e-02
-1.343591595871417195e-02
-1.330118663014309872e-02
-1.316066006973879050e-02
-1.315235351273023705e-02
-1.295500046526015282e-02
-1.286540157024406231e-02
-1.282679844100429942e-02
-1.276162625894591493e-02
-1.267772001848965595e-02
-1.250723226235976766e-02
-1.245941812848572368e-02
-1.241708418379586405e-02
-1.226466132497255543e-02
-1.217643352754387009e-02
-1.205276408022249932e-02
-1.200723547168005244e-02
-1.192994368990632492e-02
-1.178616209537421133e-02
-1.162005614081724168e-02
-1.150250438920705394e-02
-1.147190900671649950e-02
-1.139265755540059058e-02
-1.132381375743940488e-02
-1.121468039145075493e-02
-1.109474712698446490e-02
-1.094989832082619158e-02
-1.090870527910431896e-02
-1.078185275343646055e-02
-1.075582296956417716e-02
-1.063369486802266152e-02
-1.054257820054562214e-02
-1.042326942518503018e-02
-1.039911730819077784e-02
-1.030967336602060108e-02
-1.012787834129511705e-02
-1.002997290882029317e-02
-1.002078259216758298e-02
-9.732124076618853606e-03
-9.667129713941768551e-03
-9.598189398799927136e-03
-9.478233430149309371e-03
-9.389245362143833207e-03
-9.329416585987215446e-03
-9.242489518791053085e-03
-9.139972718940366989e-03
-9.107014699036060021e-03
-8.934280880238974765e-03
-8.902034378388440014e-03
-8.759484218569514591e-03
-8.613380487428859769e-03
-8.569581361127275379e-03
-8.476448829756696654e-03
-8.455060300686141270e-03
-8.360684002529195774e-03
-8.306533618118536882e-03
-8.045543458765265846e-03
-7.976490651136513774e-03
-7.930169309757264043e-03
-7.873998449798205734e-03
-7.740292972468897255e-03
-7.691602016508415803e-03
-7.572159984660705584e-03
-7.434013136365802063e-03
-7.388809690372174881e-03
-7.260922208663245052e-03
-7.141769321708181864e-03
-7.125299449839018334e-03
-7.031183291904367742e-03
-6.911904458952875668e-03
-6.837780720189794853e-03
-6.632342624828846921e-03
-6.614623323694967562e-03
-6.550988830431580916e-03
-6.483502559763237860e-03
-6.404485864793983511e-03
-6.335192860367323299e-03
-6.272741236376058564e-03
-6.070253343515442934e-03
-5.995948065199887232e-03
-5.949127762220710394e-03
-5.800795465516413695e-03
-5.780554010816106938e-03
-5.704715436074894036e-03
-5.608787680037681175e-03
-5.482592445429775203e-03
-5.398808892925669768e-03
-5.273106594515977741e-03
-5.203983320631612106e-03
-5.088877545292322044e-03
-5.032034769741553816e-03
-4.964952329749388292e-03
-4.817192512821210498e-03
-4.752688807714514768e-03
-4.640396763577748530e-03
-4.537531823308614022e-03
-4.437570284769951599e-03
-4.369642723326377064e-03
-4.221224226324032415e-03
-4.138104066611600872e-03
-3.950400321239657883e-03
-3.828016812526048671e-03
-3.784717863885879441e-03
-3.627752519804650858e-03
-3.565463902202547532e-03
-3.499867399542421539e-03
-3.406246781188384306e-03
-3.366865076336867518e-03
-3.234490181798293455e-03
-3.230192417498418001e-03
-3.050116664985660572e-03
-2.897367731939745877e-03
-2.862224906705827191e-03
-2.805474665071786781e-03
-2.641827541883949842e-03
-2.546826475846098066e-03
-2.411969510163213676e-03
-2.351319371840792684e-03
-2.284020250960286293e-03
-2.216571530564794435e-03
-2.067513429551018009e-03
-1.958189266897121961e-03
-1.821980088021024884e-03
-1.746708332184527960e-03
-1.635135652510520893e-03
-1.543037453269233920e-03
-1.432592681946024500e-03
-1.341095600199044375e-03
-1.250467150224516318e-03
-1.177598537655257958e-03
-1.097170597349690288e-03
-9.533798113053061065e-04
-8.410963833650162173e-04
-7.967706104866482432e-04
-6.910002430133986746e-04
-5.910651845451690700e-04
-5.057558548191492609e-04
-4.333599388551386206e-04
-3.729661462590749669e-04
-3.467168904300178107e-04
-1.172321257649696242e-04
-2.528663783830585227e-05
8.464944946556575433e-05
2.189447170204645644e-04
2.663719662424272709e-04
3.126628804167474909e-04
4.740752022082198578e-04
5.403855400408224966e-04
5.936781689826910570e-04
6.511179304731325645e-04
8.553524314124497964e-04
9.496300250233812891e-04
1.013191662773215524e-03
1.063267485999816247e-03
1.266265375565183045e-03
1.317882060065773573e-03
1.393586931657893021e-03
1.484868776465781727e-03
1.611021846364798582e-03
1.694894733414512456e-03
1.738830804868257999e-03
1.814696494992001138e-03
1.895321437705390103e-03
1.934890472820093932e-03
2.168555100615489860e-03
2.273936960958237736e-03
2.363064462839125322e-03
2.534565649092615069e-03
2.699439920962362453e-03
2.713737095838014528e-03
2.781117681003383510e-03
2.805286816975731141e-03
2.950051964126076693e-03
3.007086860946109070e-03
3.112537920098226631e-03
3.165567983381647153e-03
3.334828474673273528e-03
3.369197293227629668e-03
3.451816516662091928e-03
3.465362215483020359e-03
3.660593055081263082e-03
3.823491413570822596e-03
3.878097154398826244e-03
4.017876084861518073e-03
4.062290150669912829e-03
4.135507009120245429e-03
4.270914439279552624e-03
4.383988773755955262e-03
4.438277679906808826e-03
4.467474619784039119e-03
4.569520240681904620e-03
4.647676520487388323e-03
4.796939359932156192e-03
4.903323763100347031e-03
5.028024051596378940e-03
5.175496401962876095e-03
5.192659780279917578e-03
5.223451792353496666e-03
5.463117794079852194e-03
5.530696132221923390e-03
5.656039219128159920e-03
5.782942183611539284e-03
5.881617969077455876e-03
5.904219435163174205e-03
5.998746088094308003e-03
6.061446015465573982e-03
6.205400162444374597e-03
6.259446360734497068e-03
6.290137641211306606e-03
6.434173115551748354e-03
6.566812927866217883e-03
6.606187275985394604e-03
6.796771877665440387e-03
6.814057719437765538e-03
6.931902268881036562e-03
6.997253146137524110e-03
7.167108036607735232e-03
7.300157853700893658e-03
7.383723396151192601e-03
7.428695993380713541e-03
7.484048441761531958e-03
7.645432771479316811e-03
7.728752463815741214e-03
7.758804487684601257e-03
7.802883886224873042e-03
8.035940921747662669e-03
8.150938800475729037e-03
8.255062553103468051e-03
8.312152483340775125e-03
8.347701488400383410e-03
8.461902469722658651e-03
8.539903326008414439e-03
8.687903940337488723e-03
8.824293545141050771e-03
8.897238708539430274e-03
8.997303376346670739e-03
9.079723335893397779e-03
9.194179012734051901e-03
9.392293685131157879e-03
9.438812687882141422e-03
9.459113614359630773e-03
9.483553923380634576e-03
9.723385594531232592e-03
9.767277930847560047e-03
9.812050009405812179e-03
9.856562387795553618e-03
1.002421588310766810e-02
1.006965462617906600e-02
1.022703173100020929e-02
1.036253279079931040e-02
1.046054237817620365e-02
1.050974533840062786e-02
1.072084087496017087e-02
1.078087940687465912e-02
1.084418794096178758e-02
1.088243372001992601e-02
1.101666640832588660e-02
1.113527483599708462e-02
1.131202384326814893e-02
1.137979167533513525e-02
1.146197766691446802e-02
1.148069280359042231e-02
1.164854365255875608e-02
1.166179490526992983e-02
1.170661480281001698e-02
1.189509454426081712e-02
1.197004331281843227e-02
1.204684248296704688e-02
1.225764056931239604e-02
1.226941828239584004e-02
1.235961184881280775e-02
1.245018682593690071e-02
1.251381949569294397e-02
1.256310746644925119e-02
1.270921924741829148e-02
1.282330208580608963e-02
1.290721747309941589e-02
1.305361272590297231e-02
1.306096100478848672e-02
1.322538198450274628e-02
1.331747823734043962e-02
1.349283881565299832e-02
1.352663421051244867e-02
1.360818476615841335e-02
1.369566530005914343e-02
1.378280407498142998e-02
1.382315600845309030e-02
1.397730160502257298e-02
1.409966521200113100e-02
1.420212403363107535e-02
1.427171778079740910e-02
1.436389703150181031e-02
1.459835954711640252e-02
1.467101788987938346e-02
1.477757458128800376e-02
1.479511670830508697e-02
1.493213399419923530e-02
1.503812932696842013e-02
1.516353468840673895e-02
1.535201198040674932e-02
1.539197851204490534e-02
1.544672777004570813e-02
1.554574771342220017e-02
1.569954009480599780e-02
1.579415893529098960e-02
1.593162264869296338e-02
1.604077217632458169e-02
1.608657067228393828e-02
1.623006133043141189e-02
1.627359430565492038e-02
1.640553791432361463e-02
1.648839802454010045e-02
1.661669953374320455e-02
1.674732423649025886e-02
1.684977406974631081e-02
1.689315382991101247e-02
1.700840273287446830e-02
1.713697270808467454e-02
1.717636119405740319e-02
1.727378383476186816e-02
1.730978780882458032e-02
1.752320757117215022e-02
1.755639948810202092e-02
1.770675861508063872e-02
1.790513770794745566e-02
1.797220313824578197e-02
1.800152943915013168e-02
1.806983836614368261e-02
1.817855906698171223e-02
1.829622035999952517e-02
1.845165046988045399e-02
1.863592158718777730e-02
1.867729116752103735e-02
1.889952440064043143e-02
1.897229029840202114e-02
1.900261749919593748e-02
1.911993205088432027e-02
1.919709821828684965e-02
1.926220890262960936e-02
1.931063014206652745e-02
1.939560002511292805e-02
1.956195887069452771e-02
1.960857217195513189e-02
1.974012358377589746e-02
1.980276390800665004e-02
1.986468824363882626e-02
2.002535907612528615e-02
2.019375104160400780e-02
2.022972835211398618e-02
2.033490582874799765e-02
2.047606710436743541e-02
2.053891104755050170e-02
2.071741418275371491e-02
2.081119467769261891e-02
2.090443060270414516e-02
2.099196942279046504e-02
2.110631656672513554e-02
2.116148622872365478e-02
2.135138059901269328e-02
2.141742172251239959e-02
2.150643804625648747e-02
2.152824872663601855e-02
2.164077291753016205e-02
2.167242156761209348e-02
2.180642052903462164e-02
2.196628150731936777e-02
2.202427687436532902e-02
2.223905650386887381e-02
2.237059580216344684e-02
2.243794966454955991e-02
2.254127407790081430e-02
2.270184556920447350e-02
2.274633605626120297e-02
2.290050522863333951e-02
2.300519355847288963e-02
2.311499680596214648e-02
2.322640347741576974e-02
2.342315972173427199e-02
2.344825182880625261e-02
2.348792637793121335e-02
2.352035816054683440e-02
2.381351161900743113e-02
2.381446957298296099e-02
2.404017878284309476e-02
2.408021392203871930e-02
2.423981049637422003e-02
2.425672690128313075e-02
2.431101097891226123e-02
2.441906198406504011e-02
2.453113753043258821e-02
2.463698459135128110e-02
2.475117049589267010e-02
2.479020880259274334e-02
2.498387742346156945e-02
2.500342298223186266e-02
2.520763167245813896e-02
2.532714359676118895e-02
2.540658020860123850e-02
2.555032612873316816e-02
2.562785994075167037e-02
2.574611252101871237e-02
2.586001954112686005e-02
2.593485314523168855e-02
2.603887059934412163e-02
2.616309929860958020e-02
2.628637359683711275e-02
2.641454058139786412e-02
2.660733743119098049e-02
2.665949008780279378e-02
2.669701873290147853e-02
2.682761135465503918e-02
2.692912851718684553e-02
2.706587793501675013e-02
2.712761247013168245e-02
2.716635102376402031e-02
2.727235167191391363e-02
2.741509113700823369e-02
2.756942767041809308e-02
2.761360799194529161e-02
2.767812875165627517e-02
2.791367612628509187e-02
2.795716360735819167e-02
2.806552646695470790e-02
2.808904451738213764e-02
2.827908269277969525e-02
2.841487498366271000e-02
2.851879591366637823e-02
2.861544412357060196e-02
2.867391693876922623e-02
2.871910756846452958e-02
2.883711408338094154e-02
2.886776496999263891e-02
2.895489512171360927e-02
2.928483256752378514e-02
2.929003198160249136e-02
2.944169069686625867e-02
2.950762812940209076e-02
2.958219177514260362e-02
2.977441006483801805e-02
2.982336292883761009e-02
3.003571557298779712e-02
3.010184409383512283e-02
3.030835215876838060e-02
3.041014500218789524e-02
3.055556203241036745e-02
3.063685349182180412e-02
3.077116015333683854e-02
3.084032095494168221e-02
3.094110166295378078e-02
3.099669462243501150e-02
3.101412123224876749e-02
3.124646744235048262e-02
3.142687239035538843e-02
3.145768424820670484e-02
3.147390381309936314e-02
3.170809460706442567e-02
3.183361184399378235e-02
3.193932187288705399e-02
3.196385824794073516e-02
3.204805406998535028e-02
3.210036107573722292e-02
3.219109531343294223e-02
3.236785506925772549e-02
3.239284162041908971e-02
3.248527015101561333e-02
3.260554302617161421e-02
3.285201417488257947e-02
3.296426195037370499e-02
3.299755256814285859e-02
3.310288493828623252e-02
3.321917197199173583e-02
3.345492105209509764e-02
3.365362570776041229e-02
3.369874923909252362e-02
3.380466861725739403e-02
3.387923487445677895e-02
3.399029470938162018e-02
3.405491976989857839e-02
3.413181199873827759e-02
3.415968948318991866e-02
3.446568128187670749e-02
3.452688160552335600e-02
3.463592658074120256e-02
3.474501053805207490e-02
3.482616577906526983e-02
3.498834695642776688e-02
3.513734515375535605e-02
3.517514527706161465e-02
3.529107860133560287e-02
3.537334075353086582e-02
3.558504639773889255e-02
3.563455322303962780e-02
3.585968426827791655e-02
3.599164751949338742e-02
3.610261953854952688e-02
3.613539626924639619e-02
3.614154255369460972e-02
3.629654859859741262e-02
3.646708327575949593e-02
3.649466940235266549e-02
3.672323694788121040e-02
3.681566894075812696e-02
3.699496609029661459e-02
3.712870008499711411e-02
3.714102986191397671e-02
3.732987978330179479e-02
3.744194248981666528e-02
3.765661493645606345e-02
3.775249829154297965e-02
3.782359221823371198e-02
3.791359701817959699e-02
3.812973931391589605e-02
3.827994124058684694e-02
3.843668744784479313e-02
3.850607423226461851e-02
3.862052929858777323e-02
3.870160039604820384e-02
3.880495013290492790e-02
3.891668034625431205e-02
3.910255523945387057e-02
3.923426671963173989e-02
3.932161397364850736e-02
3.944657219186403774e-02
3.948141445950885398e-02
3.969522080978173800e-02
3.980442738499725963e-02
3.992840685570176601e-02
4.008832346648628919e-02
4.010825616691154200e-02
4.037909824459630370e-02
4.047433138523905821e-02
4.050498317454199332e-02
4.064862783699579873e-02
4.088010789020183472e-02
4.097351874997191140e-02
4.103489641071402655e-02
4.116354616946586720e-02
4.128041654505130997e-02
4.134977583090952702e-02
4.151531152751952725e-02
4.161017995635712952e-02
4.178421515094495747e-02
4.181068024127559957e-02
4.220418739205446246e-02
4.228295873941570471e-02
4.229590001663478122e-02
4.254556988973628995e-02
4.274803770575957146e-02
4.283919937577183173e-02
4.288063679194826366e-02
4.299232089995477790e-02
4.307390016598180299e-02
4.318549757074719581e-02
4.329167609452414661e-02
4.351215783372435614e-02
4.361992918781949780e-02
4.384668638083594194e-02
4.388065780029956620e-02
4.400246675281466874e-02
4.405369678914354548e-02
4.427556506330568992e-02
4.435644045960256132e-02
4.455693317393016190e-02
4.467707167792753925e-02
4.469938252094465131e-02
4.491338975655801563e-02
4.501071810276194296e-02
4.511423033220605255e-02
4.519890948207633263e-02
4.532620199901195995e-02
4.557616584233895041e-02
4.585525266505158931e-02
4.604359520263070354e-02
4.623341153373206058e-02
4.633521316176564958e-02
4.657070155701380221e-02
4.671321665572297777e-02
4.683506956533824844e-02
4.686009183390048294e-02
4.703997013726353427e-02
4.711396746031852600e-02
4.718945189646828881e-02
4.726560363235259715e-02
4.737356111960031729e-02
4.754142428398511894e-02
4.773845511582443246e-02
4.790770052398717060e-02
4.802291707454626329e-02
4.812908573897754089e-02
4.845923900738043771e-02
4.862639105969551040e-02
4.871519436651740309e-02
4.888385012053191730e-02
4.908244271059765407e-02
4.911118713053035101e-02
4.924308976183338488e-02
4.945927306221740982e-02
4.965929018886376667e-02
4.984114323040088335e-02
4.988104837248834300e-02
5.015603936535509288e-02
5.029216970093472461e-02
5.052930204742505510e-02
5.074705717890964224e-02
5.077213631804215754e-02
5.093562019817286790e-02
5.106848105345404565e-02
5.126562660730554777e-02
5.135991623023481584e-02
5.159987168825803938e-02
5.183999104682555925e-02
5.196489893964843093e-02
5.204066558706636064e-02
5.230943319682572479e-02
5.261708081584764302e-02
5.276946280126959543e-02
5.293010142064770440e-02
5.306251216299517209e-02
5.332127047275984216e-02
5.333872656254352168e-02
5.357524333666716793e-02
5.359731699887229639e-02
5.370821672595943452e-02
5.406564996797045414e-02
5.426333292915679757e-02
5.441579113114018013e-02
5.477627764567827295e-02
5.492369676425820635e-02
5.497668169454140996e-02
5.520485674030262135e-02
5.534877253848626000e-02
5.560293047910350867e-02
5.586756305642246595e-02
5.607493023593834724e-02
5.632336601547524579e-02
5.672467915994944959e-02
5.678127322731775506e-02
5.702114817745356640e-02
5.721962236532196489e-02
5.780441672050423696e-02
5.805355814154090910e-02
5.814660143618873706e-02
5.839567920189972505e-02
5.852089767666953518e-02
5.881529480330874304e-02
5.954662019452963695e-02
5.971323809526022514e-02
5.989598168387444410e-02
6.032174563796789679e-02
6.062563612442859601e-02
6.135364660413740456e-02
6.155984982734941796e-02
6.179674307108313364e-02
