-6.176352637376283927e-02
-6.097622290775218251e-02
-6.087684893350140541e-02
-6.074004407916978182e-02
-6.046652900753127224e-02
-6.002035827007122515e-02
-5.985417438201898199e-02
-5.940979964199352703e-02
-5.924307040174357081e-02
-5.902001706257349600e-02
-5.878347556350755482e-02
-5.818850106281521495e-02
-5.802708254056775095e-02
-5.762301789681998493e-02
-5.740603695627000125e-02
-5.721911468103392517e-02
-5.709918174850366068e-02
-5.689770579822354957e-02
-5.658130783692794097e-02
-5.652225460985034478e-02
-5.614009960807853777e-02
-5.597928920714744655e-02
-5.565368806946709851e-02
-5.537507948890921933e-02
-5.512240187974400824e-02
-5.495892701411623366e-02
-5.465967766069293465e-02
-5.439232684085890113e-02
-5.413560379611167400e-02
-5.397575311254913105e-02
-5.382685897766975591e-02
-5.343341442838005217e-02
-5.341027471638638835e-02
-5.326396996337184192e-02
-5.311088942236017602e-02
-5.298112329378538987e-02
-5.280974388045377860e-02
-5.241404840087891814e-02
-5.238464540284121229e-02
-5.220184733410623834e-02
-5.187421989481701828e-02
-5.172307854675414068e-02
-5.156610361704628415e-02
-5.148030950434098751e-02
-5.126975441908226266e-02
-5.115923011431071366e-02
-5.091022138034952127e-02
-5.084334354448043908e-02
-5.068373751464073235e-02
-5.057656004628371255e-02
-5.035201727388070869e-02
-5.008266075636722686e-02
-5.001095690685337936e-02
-4.981659545541111678e-02
-4.973565241647594226e-02
-4.962432049005431611e-02
-4.942754771596794688e-02
-4.913170656235899686e-02
-4.912506193932607290e-02
-4.901481903135612717e-02
-4.883757638975522869e-02
-4.872929852587911531e-02
-4.864348027526919221e-02
-4.840952885135752642e-02
-4.822910601259228908e-02
-4.819190510196027372e-02
-4.789615805772091950e-02
-4.772896807337521224e-02
-4.749721470662034845e-02
-4.741964553568266821e-02
-4.734882238185977865e-02
-4.718235737287396203e-02
-4.695389857662529698e-02
-4.689107803601631069e-02
-4.686241088780952746e-02
-4.665931041779481508e-02
-4.639733587807407661e-02
-4.633581203415052668e-02
-4.621205730034270986e-02
-4.609782426827388480e-02
-4.591345403729068381e-02
-4.568186554271657512e-02
-4.558069758937747379e-02
-4.537747078159277275e-02
-4.530403199057140423e-02
-4.504775172712781328e-02
-4.501672536449392859e-02
-4.490917873159815110e-02
-4.477678554520411053e-02
-4.466752121439324791e-02
-4.445943464067244472e-02
-4.431356337170790777e-02
-4.415660290157826656e-02
-4.411198866375289768e-02
-4.391101202557585320e-02
-4.380488555450760824e-02
-4.357709185662125145e-02
-4.342053386265099651e-02
-4.337163109073936124e-02
-4.324866456368108014e-02
-4.310943870845122816e-02
-4.298921605001243540e-02
-4.286924054772462550e-02
-4.272276405285221207e-02
-4.260535762945252131e-02
-4.240679082916535420e-02
-4.228156476094240002e-02
-4.212972757531315698e-02
-4.204892127707159089e-02
-4.192607601202490847e-02
-4.182242451292943197e-02
-4.159726262610721759e-02
-4.141079063366490121e-02
-4.132454134798531353e-02
-4.109479585194988904e-02
-4.100507307934147389e-02
-4.086980774864660410e-02
-4.079390004288122734e-02
-4.074549822976192281e-02
-4.064973469628911651e-02
-4.045807167200821119e-02
-4.034071485904459214e-02
-4.016138046464511752e-02
-3.998671793203984609e-02
-3.991213049510499572e-02
-3.985463027027528332e-02
-3.969401361979676968e-02
-3.960129537423926621e-02
-3.949752528591829459e-02
-3.937365739471093695e-02
-3.928945801367229179e-02
-3.912635002253486705e-02
-3.899578808953098330e-02
-3.881889894625011744e-02
-3.875127508323882725e-02
-3.862033691267676566e-02
-3.840808355102578314e-02
-3.833991631237154696e-02
-3.828169896605528033e-02
-3.801451458853968152e-02
-3.789107195865702021e-02
-3.778317558964891520e-02
-3.771619463648451243e-02
-3.765264968993392580e-02
-3.760922855677895082e-02
-3.748864614574982240e-02
-3.732282835341500793e-02
-3.720357115878458742e-02
-3.708932667389774895e-02
-3.696209004749587135e-02
-3.693862869321959397e-02
-3.678968762494041339e-02
-3.672675167028061072e-02
-3.659377269318008635e-02
-3.652478362883312957e-02
-3.635029291009635177e-02
-3.630936134598257425e-02
-3.607209211399881044e-02
-3.602082641817552083e-02
-3.593968681771211870e-02
-3.585765420106169082e-02
-3.574284558366504910e-02
-3.567261651782244886e-02
-3.545722832678504383e-02
-3.537283168400869732e-02
-3.522339883992346710e-02
-3.511660592775293910e-02
-3.489159741947921167e-02
-3.485120511580191288e-02
-3.465311022276717362e-02
-3.463843260318420769e-02
-3.437648052154463479e-02
-3.435308926881133068e-02
-3.425997932833672877e-02
-3.415520064648663867e-02
-3.407312725880259213e-02
-3.394366198418431735e-02
-3.381157241955518727e-02
-3.362257533983881858e-02
-3.350698873341918099e-02
-3.345216859594865588e-02
-3.317322240010882328e-02
-3.308672558960210064e-02
-3.305846317581049437e-02
-3.296293715851755790e-02
-3.278594305576355145e-02
-3.260641212476268064e-02
-3.253226776218269556e-02
-3.248650242035804048e-02
-3.236661325413416751e-02
-3.230494453111730502e-02
-3.229603310029039581e-02
-3.222535090680312547e-02
-3.198583060374275006e-02
-3.190017966831153184e-02
-3.181170797623694702e-02
-3.169978649424848305e-02
-3.162055996124400747e-02
-3.150761675299054015e-02
-3.145582040662953799e-02
-3.132073756385479052e-02
-3.129167634791450714e-02
-3.112581193508963742e-02
-3.106381335691464282e-02
-3.095036448804484516e-02
-3.078443303536484987e-02
-3.069885765992391019e-02
-3.046073929203631930e-02
-3.041000168215052604e-02
-3.037336421959335730e-02
-3.013686811670077126e-02
-3.007013721213244381e-02
-3.000898492124645656e-02
-2.998068608125367338e-02
-2.991053223734633712e-02
-2.969672130413276295e-02
-2.943239380498131191e-02
-2.939757395623416106e-02
-2.929482791314113460e-02
-2.911518996005080587e-02
-2.902950045244596933e-02
-2.893124905532822727e-02
-2.882231685269988353e-02
-2.877582190780423113e-02
-2.860327982432364288e-02
-2.857560213587482731e-02
-2.847098673722975315e-02
-2.837961841744359934e-02
-2.828923308701216180e-02
-2.819740842284647678e-02
-2.812236503266225471e-02
-2.801351866959050224e-02
-2.788420837331759272e-02
-2.773045355549564467e-02
-2.771356616992150593e-02
-2.759172621921791857e-02
-2.726490618359074872e-02
-2.717325418689929203e-02
-2.701818975160297578e-02
-2.695973803241447780e-02
-2.688568457813118526e-02
-2.686393607452364912e-02
-2.673920677890826575e-02
-2.665592032536914791e-02
-2.653256010459375397e-02
-2.637125994466832379e-02
-2.631560997696240356e-02
-2.617841911037651834e-02
-2.605495804525450459e-02
-2.595914607059979576e-02
-2.585732033332473548e-02
-2.572539054126022490e-02
-2.566547803435454550e-02
-2.551455315670810020e-02
-2.542301499416038321e-02
-2.536003153550794517e-02
-2.527099831299780414e-02
-2.506764315359241366e-02
-2.497498855185802114e-02
-2.493344327145714800e-02
-2.485308838240526258e-02
-2.467463398093585475e-02
-2.464900850875678673e-02
-2.455103528709997457e-02
-2.442538465650267304e-02
-2.435590568584493701e-02
-2.435311252348615688e-02
-2.406230267666253572e-02
-2.391285133571449673e-02
-2.380838920526848895e-02
-2.370243462730962578e-02
-2.367390678310314633e-02
-2.360372739499917022e-02
-2.352764600948838852e-02
-2.345265482054516987e-02
-2.337952338606409664e-02
-2.330509645965602936e-02
-2.313260446699528378e-02
-2.296268211115217936e-02
-2.282775818478093369e-02
-2.275921189740088765e-02
-2.263533587126632593e-02
-2.259833510204663568e-02
-2.238888269087843663e-02
-2.230441764872049398e-02
-2.220550649179527103e-02
-2.212169418574054872e-02
-2.209308455358754975e-02
-2.193957507868006182e-02
-2.191761600185771278e-02
-2.175885312798096424e-02
-2.165427772138162066e-02
-2.151245670161383572e-02
-2.145705441851549974e-02
-2.137308282993849104e-02
-2.125590716248669174e-02
-2.106122705572644610e-02
-2.100726314068087838e-02
-2.091297889043109565e-02
-2.084590724031175346e-02
-2.072632502430060697e-02
-2.059573402796185948e-02
-2.047908584467923385e-02
-2.035041291745910697e-02
-2.023960908796699348e-02
-2.017074905675766625e-02
-1.997224006430054974e-02
-1.991943860051590201e-02
-1.983428545401376766e-02
-1.982583877693274571e-02
-1.966289703905783545e-02
-1.957001138111598773e-02
-1.942247421847880656e-02
-1.935582146586715263e-02
-1.928702522796295685e-02
-1.918676234660985844e-02
-1.907629406132152830e-02
-1.899713606657515638e-02
-1.883153724118016847e-02
-1.878014419101016810e-02
-1.869637483174836634e-02
-1.857450769717333694e-02
-1.846858382249651209e-02
-1.842173405723331742e-02
-1.830339901104436826e-02
-1.815068909530134778e-02
-1.806810443099008540e-02
-1.796752089827710272e-02
-1.789365843167067469e-02
-1.775004541917791709e-02
-1.770814734142322697e-02
-1.765774440563706166e-02
-1.756564212638200492e-02
-1.735712262015525267e-02
-1.730812584468781681e-02
-1.719300984765352244e-02
-1.709450799336753243e-02
-1.703024526319575280e-02
-1.690357761969788278e-02
-1.683076973345165248e-02
-1.680151227562657820e-02
-1.669264864862109177e-02
-1.649327222401296075e-02
-1.634441484886180532e-02
-1.619272460403310687e-02
-1.614852856567812120e-02
-1.604761688562387698e-02
-1.589616036897868040e-02
-1.585822530632788330e-02
-1.576641432600809495e-02
-1.567424125047143027e-02
-1.553067632471456447e-02
-1.541160552175338885e-02
-1.528248613232028111e-02
-1.509747300488856019e-02
-1.502655686620561065e-02
-1.498999858303476720e-02
-1.490278035551323606e-02
-1.486208858354217191e-02
-1.470993840352538204e-02
-1.465664606072889127e-02
-1.457883776827887529e-02
-1.450377306319489829e-02
-1.439347513442501038e-02
-1.425750777903413320e-02
-1.404624775659813612e-02
-1.389931951489310237e-02
-1.388325666907703516e-02
-1.382138410850858312e-02
-1.361386406681868062e-02
-1.359867942491246352e-02
-1.346290606456012652e-02
-1.342257555821197400e-02
-1.341501214645674823e-02
-1.320255103787013225e-02
-1.296694811590498771e-02
-1.290967198952580608e-02
-1.285440094361369086e-02
-1.272575298115998475e-02
-1.269033564019430432e-02
-1.255947219068759974e-02
-1.249984118421545304e-02
-1.241271973813580856e-02
-1.233855358316866130e-02
-1.221809562861332112e-02
-1.214415239608394176e-02
-1.206294293135917912e-02
-1.199112968260562101e-02
-1.187507678151668473e-02
-1.180841146291472174e-02
-1.174215648684751555e-02
-1.162551924385755650e-02
-1.152768783223541253e-02
-1.142780906480466742e-02
-1.134000992739808700e-02
-1.120786540078215834e-02
-1.114727388007140559e-02
-1.109119119161940115e-02
-1.097896664555261630e-02
-1.090589050428815432e-02
-1.084728804752109477e-02
-1.062764917615729304e-02
-1.059870973507663801e-02
-1.043620108319203224e-02
-1.040813123574791180e-02
-1.032642533846261056e-02
-1.030065063639647345e-02
-1.014265098391169129e-02
-1.007183341334751819e-02
-9.854135137294798771e-03
-9.769936606233771414e-03
-9.679493992083197662e-03
-9.619724565069844718e-03
-9.566646805342412380e-03
-9.393264185488629792e-03
-9.295409350305207721e-03
-9.229197616276812316e-03
-9.079389274547417996e-03
-9.026857359224938968e-03
-8.959409917510634952e-03
-8.797203524710453873e-03
-8.710895679030243241e-03
-8.618519658380174864e-03
-8.518224617010150893e-03
-8.490148647381663347e-03
-8.390896464619624143e-03
-8.281489625527792275e-03
-8.216289291176273948e-03
-8.164743319170874106e-03
-8.084895173445200839e-03
-7.979961734433825213e-03
-7.838605357780510305e-03
-7.657390106099432221e-03
-7.593144155536342074e-03
-7.494346830615374912e-03
-7.344598361744086000e-03
-7.321850513686729844e-03
-7.275517424148556997e-03
-7.143066711730003925e-03
-7.016182160206018738e-03
-6.937920906507535034e-03
-6.735212424583365831e-03
-6.692074622538690849e-03
-6.604369976151697359e-03
-6.489582521810316126e-03
-6.400478139267948112e-03
-6.235733555922445479e-03
-6.223323817759993624e-03
-6.045768655939354023e-03
-5.994891437288886113e-03
-5.961115816036920666e-03
-5.861528394498110792e-03
-5.719553004790977994e-03
-5.663127010699871115e-03
-5.552560010539444972e-03
-5.488971305299420768e-03
-5.354791974741540325e-03
-5.339039478611410337e-03
-5.289736735050694534e-03
-5.260363183171089078e-03
-5.096922696738344361e-03
-4.937314326066226909e-03
-4.737746158460053383e-03
-4.665595663889201238e-03
-4.605031157817906194e-03
-4.499298610161853000e-03
-4.395407773976706123e-03
-4.313707000514549299e-03
-4.218977251072882594e-03
-4.097896840908466301e-03
-4.023363668521906522e-03
-3.874438447115414585e-03
-3.810727294516292295e-03
-3.743706718694458837e-03
-3.593614082944771460e-03
-3.404638898280893441e-03
-3.347328665349603213e-03
-3.247115916319149535e-03
-3.179514994521545450e-03
-3.099746821657835532e-03
-2.987549529289204846e-03
-2.936747186776657477e-03
-2.869654356700756734e-03
-2.673355382968086152e-03
-2.582436199834743824e-03
-2.539117316735479014e-03
-2.419595518644666789e-03
-2.340979329729941678e-03
-2.235240849071038621e-03
-2.102924975961133029e-03
-2.043836744177292969e-03
-1.978528054481726653e-03
-1.845305168947839001e-03
-1.699054717657610394e-03
-1.635345114798530996e-03
-1.630594684345691844e-03
-1.577405313665700007e-03
-1.550845896505387636e-03
-1.441619355667698521e-03
-1.301225304931825054e-03
-1.196402015777956471e-03
-1.128645859334416511e-03
-1.020989083427356094e-03
-8.780157652249544762e-04
-7.841505927364441882e-04
-6.710109530499404947e-04
-6.238503016213082369e-04
-5.691610701560801582e-04
-4.022849854320580966e-04
-2.726251391408638963e-04
-1.923542889180828125e-04
-1.335108680839149054e-04
-1.774202472441587796e-05
3.890061450183314315e-05
1.314320452406553361e-04
2.919431206291963764e-04
4.174727181326337122e-04
5.283600899214230262e-04
6.457184918679065256e-04
7.035126200617020662e-04
7.715851553358950591e-04
8.718067609420194998e-04
9.807072468406758704e-04
1.107940338605529216e-03
1.174818264708708078e-03
1.229754399706283049e-03
1.311344730093907084e-03
1.393537240588946149e-03
1.411146028539172386e-03
1.541268006664268898e-03
1.666113336766273387e-03
1.826634355801004051e-03
1.889412529601127095e-03
1.999454780375438216e-03
2.134425750883163931e-03
2.159855253060502262e-03
2.233897902883406807e-03
2.352654736253332636e-03
2.470470011581132538e-03
2.602913178593796971e-03
2.640926770445638748e-03
2.797768754546760966e-03
2.854977758856235958e-03
2.931210623318847991e-03
3.083372107505112040e-03
3.163794504973796873e-03
3.257999663361807463e-03
3.435530131105058241e-03
3.517163769096444317e-03
3.551874189689537518e-03
3.672558657667968074e-03
3.749808844970495790e-03
3.850597164972141290e-03
3.988462133896774654e-03
4.051190961880355400e-03
4.160246067882806403e-03
4.194002579449586897e-03
4.345901916432001570e-03
4.503912552839498679e-03
4.551396056953791597e-03
4.762208740598159601e-03
4.821844078201395489e-03
4.846505239629514232e-03
5.038293452795936274e-03
5.082648522606239040e-03
5.128854680135870765e-03
5.256627387868207865e-03
5.323281792775988973e-03
5.434130481281339992e-03
5.497976342318153763e-03
5.592114857255965459e-03
5.804730762641176905e-03
5.834330527608031468e-03
5.915933683554162881e-03
6.113461337628334734e-03
6.169552665934972119e-03
6.206764044125076020e-03
6.353190860604462573e-03
6.430462072593525445e-03
6.467860869294663785e-03
6.577282891364587443e-03
6.704587525901078461e-03
6.772256013542723302e-03
6.812216335150103261e-03
6.934195084492593246e-03
6.994004020917730068e-03
7.087103834589250986e-03
7.181901086729975715e-03
7.267582691276979097e-03
7.371894816167858487e-03
7.486350056958488396e-03
7.641011500321180823e-03
7.788489019441782388e-03
7.810326891460598296e-03
7.944765645914002306e-03
8.010565892656208373e-03
8.144284226323289869e-03
8.269107737853215526e-03
8.329449264295239394e-03
8.425856814057164357e-03
8.503692664940604509e-03
8.591865299330458602e-03
8.674780445989956762e-03
8.765581832921434668e-03
8.843853545553486545e-03
8.979630679204490123e-03
9.016026769122758439e-03
9.144141498191460035e-03
9.270838784511551203e-03
9.315249674833381288e-03
9.437564346922843600e-03
9.527210163480962640e-03
9.688095969090929765e-03
9.719469588418593042e-03
9.910421677629366669e-03
9.976011536202289073e-03
1.012298692398205281e-02
1.021802693119473054e-02
1.024149982119019163e-02
1.030665351427592635e-02
1.043448552599989150e-02
1.054306159590891190e-02
1.060964614914560768e-02
1.076404463932106176e-02
1.081119804949000861e-02
1.096008132392674826e-02
1.099949989940262468e-02
1.109542497051230897e-02
1.115888079287304969e-02
1.132050822002692372e-02
1.134858667972293150e-02
1.147204046504558990e-02
1.155006522718561406e-02
1.170084513502720781e-02
1.177181239653534751e-02
1.193570410617361341e-02
1.198458788712171430e-02
1.209855109314683132e-02
1.226339187833687568e-02
1.243149105276882688e-02
1.252504703068471788e-02
1.259714184497424949e-02
1.264434970972142143e-02
1.270906618644135691e-02
1.282657435768846943e-02
1.285522362384836255e-02
1.299705126931992999e-02
1.302358777721365247e-02
1.319629354076661161e-02
1.325805694439832066e-02
1.335480897591286541e-02
1.342073583762946193e-02
1.350597862018632425e-02
1.362553846440617798e-02
1.379078607331174142e-02
1.385259352223768177e-02
1.387605232052786623e-02
1.397672026205083046e-02
1.410045181189022688e-02
1.418482360562446989e-02
1.422390872607717793e-02
1.430269993659398671e-02
1.443402502750074264e-02
1.457487458983715289e-02
1.478126068807584723e-02
1.483804926191451164e-02
1.498824030335842855e-02
1.507630704550830085e-02
1.512903202863051175e-02
1.522067912309330202e-02
1.538292016314553486e-02
1.540835972700553384e-02
1.550779353549882819e-02
1.561970646947837341e-02
1.568137994661742210e-02
1.576293070578877603e-02
1.592182205929304831e-02
1.598183923599260509e-02
1.610329974465764258e-02
1.623766560517170970e-02
1.633457493695832444e-02
1.642554950213413745e-02
1.653540052938621066e-02
1.657722305021568782e-02
1.673109898907623044e-02
1.682286390321708139e-02
1.690025853993627411e-02
1.703173734111899235e-02
1.711902570227573361e-02
1.716218799359521541e-02
1.727447744612359629e-02
1.740798321819433600e-02
1.752525614052357489e-02
1.761455555518759430e-02
1.765738017367562279e-02
1.774490128229176331e-02
1.789224100263114500e-02
1.791745761121048622e-02
1.806118121103909846e-02
1.812206860061505581e-02
1.832440215695304436e-02
1.839292751483016450e-02
1.851561492770559259e-02
1.858523787515894282e-02
1.866409847189244922e-02
1.872903001252469377e-02
1.888083076323340131e-02
1.894215312503657461e-02
1.900175468609361512e-02
1.909508455983348688e-02
1.918226032389809543e-02
1.940181952399001875e-02
1.946135013755986506e-02
1.964579136311876348e-02
1.968954532214633665e-02
1.997268951163119408e-02
1.999214504098550255e-02
2.008204823111345294e-02
2.011244295831018936e-02
2.030394066145800938e-02
2.038220706473455046e-02
2.055243635277784545e-02
2.066413498245305014e-02
2.068276687657841922e-02
2.080079291051485993e-02
2.095100008114646195e-02
2.101837085212942755e-02
2.111416616561415105e-02
2.117993946529575164e-02
2.124028610285253957e-02
2.138404840182875008e-02
2.161549504843430711e-02
2.163967485723479814e-02
2.179868902811182493e-02
2.189532285463781022e-02
2.196732468228864213e-02
2.197930677486493317e-02
2.210177283260476855e-02
2.227599418221372016e-02
2.234319352082362459e-02
2.239302718835764136e-02
2.250598227864096870e-02
2.263861206521183833e-02
2.273486822580685768e-02
2.278851074633227169e-02
2.286317399059169947e-02
2.294434662135632838e-02
2.315633605794180719e-02
2.320762278488609082e-02
2.339390777867514024e-02
2.351757578282911293e-02
2.356741089955852880e-02
2.364525351141311821e-02
2.377313674488410952e-02
2.389918753090203990e-02
2.395604401465767364e-02
2.396875701430730560e-02
2.405095466120562783e-02
2.425036922524690525e-02
2.431271796539568458e-02
2.452247985292274265e-02
2.463741457811303298e-02
2.470741874588254852e-02
2.481309062858176942e-02
2.497471511952790990e-02
2.505204066283443776e-02
2.510841432495432290e-02
2.521118836509072744e-02
2.528327302853466962e-02
2.534837969887818176e-02
2.547477756416176298e-02
2.556188198789346652e-02
2.569477628285740320e-02
2.576206582990774041e-02
2.598051411591752180e-02
2.602142205713200637e-02
2.623764563076628684e-02
2.639884918193211721e-02
2.645480204637014332e-02
2.654995871873722449e-02
2.656160766356599479e-02
2.668575012209271902e-02
2.686147225043370584e-02
2.693366673147052151e-02
2.695956252918711715e-02
2.709535659885933465e-02
2.720986106844224331e-02
2.735319867076447045e-02
2.743963178350936408e-02
2.753535468326198665e-02
2.766700997014370084e-02
2.779557423387340326e-02
2.791403652987693024e-02
2.798934540244311930e-02
2.809083140452865029e-02
2.823716339851557039e-02
2.835291990152487979e-02
2.837566259377147584e-02
2.859199273177891187e-02
2.864207288278171684e-02
2.878714882619771639e-02
2.886763993342003967e-02
2.889064163968001545e-02
2.904555811042293031e-02
2.912684350296222691e-02
2.926054490706595998e-02
2.940712490346977098e-02
2.952874816759054263e-02
2.957558293125275503e-02
2.980000859663621549e-02
2.992458637232392124e-02
2.994546777632461215e-02
3.003917775020453415e-02
3.011277283661123114e-02
3.018293714286137547e-02
3.053324304963672686e-02
3.060053478142880229e-02
3.078939595866202195e-02
3.084033527092889734e-02
3.088172938127149714e-02
3.106154200815838817e-02
3.118678680016087612e-02
3.121920357110155586e-02
3.132360262131552581e-02
3.148994847517275208e-02
3.157585801310599377e-02
3.163346939511594430e-02
3.164013535082851186e-02
3.180701171215034179e-02
3.198559804002793633e-02
3.214149945452877966e-02
3.218731095970566586e-02
3.223866555154568381e-02
3.231621029021324726e-02
3.256992866741677956e-02
3.263573878158895769e-02
3.278568208947355012e-02
3.292494062939201743e-02
3.302843783663485938e-02
3.307972902294509937e-02
3.317843222676956222e-02
3.337941923775725878e-02
3.343442815837568277e-02
3.352811167086970634e-02
3.364614987804165347e-02
3.378149477710285647e-02
3.386584608284967657e-02
3.400298962159649385e-02
3.422557997337179886e-02
3.429748311459435844e-02
3.433893412785955779e-02
3.455328165419680603e-02
3.469246648248151127e-02
3.483091425613524944e-02
3.488590736082678584e-02
3.497815145260537578e-02
3.509647389082477809e-02
3.517647572832053454e-02
3.538761770843299598e-02
3.546780585945482484e-02
3.559109068748915472e-02
3.561013076319664850e-02
3.569991251865958781e-02
3.580752441239765799e-02
3.586955348543840322e-02
3.593334397031139327e-02
3.607586172730285062e-02
3.618772831664372053e-02
3.632445294824910437e-02
3.646075180668996440e-02
3.658742139074814409e-02
3.670441507350669791e-02
3.685985086079684309e-02
3.692614128130065898e-02
3.709802353957109000e-02
3.720324773803828505e-02
3.734055574759546220e-02
3.744916113753192499e-02
3.756944427747933857e-02
3.767277182597768975e-02
3.773056870080516295e-02
3.788269929231210392e-02
3.795940187340642036e-02
3.805406189628996599e-02
3.817744881499218756e-02
3.832210185577136774e-02
3.845920466527778109e-02
3.859947731812429783e-02
3.865794143382746129e-02
3.889414966054181855e-02
3.897632615447272492e-02
3.900621348845147857e-02
3.914608568288299728e-02
3.929772772123917013e-02
3.937403046201855966e-02
3.940193477180508469e-02
3.953075468126611425e-02
3.985649944085311452e-02
3.990326016019184879e-02
4.006952604084799280e-02
4.019404859916696215e-02
4.027414269771872196e-02
4.040818202955150790e-02
4.062506748023102243e-02
4.077565896269173124e-02
4.084024084655092646e-02
4.107400634908772719e-02
4.115807295646303071e-02
4.136694003467623892e-02
4.137465456943308778e-02
4.159501032899585310e-02
4.166125929094595393e-02
4.176598012792088338e-02
4.187152001887693709e-02
4.197053874282571234e-02
4.210830491111200446e-02
4.219555278548498684e-02
4.228046671971039810e-02
4.240749381808639473e-02
4.264648411769914049e-02
4.272855615967652981e-02
4.288361097437390357e-02
4.299490345554655285e-02
4.328333411693153360e-02
4.349557856846952841e-02
4.360595358006930100e-02
4.367214791640010307e-02
4.376119109996614437e-02
4.394250652048705547e-02
4.403154747700118582e-02
4.412958095974004596e-02
4.421714469914198031e-02
4.458343069548624527e-02
4.468589574580685703e-02
4.481870222099227502e-02
4.491441816871723919e-02
4.500391319796440137e-02
4.504992005159617202e-02
4.519483224047309705e-02
4.543615885490969591e-02
4.548684305688385776e-02
4.569165037373795757e-02
4.579226468812118422e-02
4.593720327172830936e-02
4.621232888059308846e-02
4.626793371105200614e-02
4.632990359626990018e-02
4.649693532897228310e-02
4.652698082696492959e-02
4.673385873601867968e-02
4.697064093817325536e-02
4.707057849570230046e-02
4.709245458728079925e-02
4.725792937767770568e-02
4.737055679754430954e-02
4.747266323465470367e-02
4.774526092096213065e-02
4.793327450132424394e-02
4.798792552682881740e-02
4.824039136095071428e-02
4.833744919961981829e-02
4.855730699781202891e-02
4.858568013421505488e-02
4.878995244099734729e-02
4.910611546907989872e-02
4.919107756909094076e-02
4.933273764150056945e-02
4.954171285176773437e-02
4.969340101868003484e-02
4.977240617754054991e-02
4.996764808474391667e-02
5.008904638130472209e-02
5.016077753218259327e-02
5.034126043242348469e-02
5.048533203531403724e-02
5.067674657430303736e-02
5.082799067725143893e-02
5.105228028720848465e-02
5.120272131582605246e-02
5.138404305623487517e-02
5.144006940407772066e-02
5.173323346138462148e-02
5.175413304954284976e-02
5.218355346356472885e-02
5.235693746636654183e-02
5.246149194611434557e-02
5.258705108341459045e-02
5.262884923086805222e-02
5.302785549055417241e-02
5.321883103508277812e-02
5.335818477894362089e-02
5.347717105558214001e-02
5.367485290327528302e-02
5.394346368351581045e-02
5.409411056212809488e-02
5.441006513497024383e-02
5.462391379428579996e-02
5.478250467406369645e-02
5.499295411921791693e-02
5.526829588856989328e-02
5.531258897548510522e-02
5.561202985936240101e-02
5.570475080389552386e-02
5.606643889239869283e-02
5.624892879999189577e-02
5.647128653496755191e-02
5.679497551624853452e-02
5.688903917297537249e-02
5.709846896688847845e-02
5.744475803651782203e-02
5.756741642580629620e-02
5.759540070569469511e-02
5.798994669376766192e-02
5.839814670538823194e-02
5.861668338795074373e-02
5.892374866433305880e-02
5.900712243078654051e-02
5.947242942630729529e-02
5.976154151975644063e-02
6.003252647990910129e-02
6.042810490202876750e-02
6.106946740571744109e-02
6.152945265976830780e-02
6.205388002961394200e-02
