-6.219207682077145666e-02
-6.163680434401069830e-02
-6.126377930793613924e-02
-6.071374436889147991e-02
-6.026665102629954335e-02
-6.004227910776079036e-02
-5.951112522182298858e-02
-5.937211835906994889e-02
-5.912172057456407948e-02
-5.869722315249375350e-02
-5.817637372450043531e-02
-5.808999083018778070e-02
-5.791844753725942929e-02
-5.769776849400214125e-02
-5.759735866920425579e-02
-5.715047922613378933e-02
-5.707207671369320112e-02
-5.663498435828024508e-02
-5.660492766783379454e-02
-5.642013422120306654e-02
-5.614475353463522361e-02
-5.590884339964686395e-02
-5.567351945466830765e-02
-5.532723203847194487e-02
-5.528126757171138855e-02
-5.515219754401862878e-02
-5.491653245127889327e-02
-5.471827031703387079e-02
-5.465756239976301417e-02
-5.429615661277312905e-02
-5.428624523783970313e-02
-5.393880261068889626e-02
-5.372646835160518886e-02
-5.350452321879177464e-02
-5.327497667263803721e-02
-5.306671027046079570e-02
-5.279001480801379098e-02
-5.268717630364413984e-02
-5.242227172497695292e-02
-5.223925040069585940e-02
-5.205133643965469820e-02
-5.178776161078183643e-02
-5.167887617727269511e-02
-5.145908974562043992e-02
-5.130924523376987484e-02
-5.119032957327015326e-02
-5.103492492596625740e-02
-5.094363769467371433e-02
-5.069291042159088795e-02
-5.059726785730403464e-02
-5.031132635837701900e-02
-5.021597311852071116e-02
-4.998905818186888395e-02
-4.989113506267021936e-02
-4.979180312481525789e-02
-4.959978648109924365e-02
-4.952091183896729920e-02
-4.940755213252774614e-02
-4.908918423020681293e-02
-4.897387801986306105e-02
-4.875698647669997332e-02
-4.866623116655426767e-02
-4.840268157654410708e-02
-4.822024692451363365e-02
-4.800169692908876767e-02
-4.794121539350066491e-02
-4.783179154475251937e-02
-4.772733959135016385e-02
-4.752205054993088873e-02
-4.741763311470423292e-02
-4.732709796135170510e-02
-4.712500380212904239e-02
-4.705200363383880979e-02
-4.693503222667151642e-02
-4.676091605264980772e-02
-4.665920088960123779e-02
-4.650102009665604830e-02
-4.633548990404344481e-02
-4.631135832318101359e-02
-4.621916390057802249e-02
-4.592639243807788291e-02
-4.572167968042124830e-02
-4.562680754469847222e-02
-4.552455217175859631e-02
-4.540589872944351957e-02
-4.524199029034615960e-02
-4.512331026194792150e-02
-4.498190552328814457e-02
-4.486180575615614924e-02
-4.477212837513760979e-02
-4.457296464407833891e-02
-4.452420672396860402e-02
-4.417100572221947796e-02
-4.412362247558475337e-02
-4.399196629366219219e-02
-4.384618385452054151e-02
-4.381598569436353369e-02
-4.362078430801537288e-02
-4.348927068592105261e-02
-4.336498455934769541e-02
-4.321990020227107349e-02
-4.310957953046989921e-02
-4.291993816601413075e-02
-4.282717165522811203e-02
-4.275295164102068529e-02
-4.258360916046596834e-02
-4.234304987467991249e-02
-4.227991816321363672e-02
-4.203188007774305568e-02
-4.198106680791981876e-02
-4.186556098479319449e-02
-4.182350778024058330e-02
-4.171300022566942073e-02
-4.161016495272466115e-02
-4.145441937965442525e-02
-4.140342080101334921e-02
-4.133603048458181495e-02
-4.117576981567040023e-02
-4.107481988666834838e-02
-4.099411983571739360e-02
-4.080741141948994455e-02
-4.062346416619252304e-02
-4.052357677827924526e-02
-4.036363362117385833e-02
-4.023655561214838777e-02
-4.010644306605194720e-02
-3.991694722815711943e-02
-3.987813817815939049e-02
-3.961869676055075618e-02
-3.959930616652927726e-02
-3.942342313129180986e-02
-3.938237238338284513e-02
-3.928622280585194332e-02
-3.921444769120763230e-02
-3.897344250427944162e-02
-3.883518176071425881e-02
-3.867411533452967676e-02
-3.859497064516357462e-02
-3.848064834515314142e-02
-3.834229187474582495e-02
-3.817322181876112858e-02
-3.791890725490965064e-02
-3.788091832323693675e-02
-3.756673144684731513e-02
-3.753738165141597832e-02
-3.747561158821903493e-02
-3.740126505444987814e-02
-3.726375501237687293e-02
-3.710547159654431493e-02
-3.706636838477078699e-02
-3.696444212263959306e-02
-3.694491180505104361e-02
-3.683461244530489981e-02
-3.678264728140674678e-02
-3.659210382707699105e-02
-3.644648007869020351e-02
-3.637786826332435608e-02
-3.615639059724101018e-02
-3.605757380743555840e-02
-3.588742173090225113e-02
-3.576141734532749944e-02
-3.574162204431258899e-02
-3.568110470425983616e-02
-3.555596975199129539e-02
-3.549562184252994662e-02
-3.545591719168426220e-02
-3.520519743006133434e-02
-3.512393943264684876e-02
-3.489898630778036359e-02
-3.485934724047837913e-02
-3.463088177273333790e-02
-3.452869239444685684e-02
-3.439065257894625277e-02
-3.430279943117174601e-02
-3.423170461708715390e-02
-3.400876253496971230e-02
-3.399888709800061304e-02
-3.380262376666503393e-02
-3.378844991411206894e-02
-3.362953431549686040e-02
-3.359138060618622329e-02
-3.334016513509747981e-02
-3.327002693413116940e-02
-3.312808949659594437e-02
-3.298528237427237469e-02
-3.293390448205136406e-02
-3.282534314852474100e-02
-3.270293654467835293e-02
-3.258640727899683731e-02
-3.234216265678755559e-02
-3.228208301564285121e-02
-3.223073408556441366e-02
-3.212561718328671434e-02
-3.199740962454875742e-02
-3.192471883667903632e-02
-3.185858822867335127e-02
-3.175944793645210651e-02
-3.162239586905570693e-02
-3.153186529153898660e-02
-3.142804148569708356e-02
-3.126860322370453998e-02
-3.112203071992456979e-02
-3.101677883009546985e-02
-3.090678167958316180e-02
-3.086652576430876788e-02
-3.079337503139928031e-02
-3.060169984424333800e-02
-3.047414194335207674e-02
-3.029564541155031418e-02
-3.024482886522189204e-02
-3.016545407898942391e-02
-3.002988478922873766e-02
-2.990588721883549739e-02
-2.981233571595949192e-02
-2.970392904786885516e-02
-2.950634723803452833e-02
-2.944504697165496038e-02
-2.934782086517504981e-02
-2.922153579273279247e-02
-2.913385390236498604e-02
-2.897605843272877887e-02
-2.896071862174919367e-02
-2.888607349943132091e-02
-2.883803179401896871e-02
-2.857766731792449680e-02
-2.850491247053448668e-02
-2.844202652061671860e-02
-2.825639755029279304e-02
-2.817205214528525556e-02
-2.813469367014866454e-02
-2.799525935657294629e-02
-2.793819092787145145e-02
-2.775791431494932515e-02
-2.762799533064221394e-02
-2.757171033179453210e-02
-2.744647487163498489e-02
-2.734235296477813618e-02
-2.729093300321869947e-02
-2.724721932498614177e-02
-2.701558555664949901e-02
-2.696604952068982694e-02
-2.684716029438096244e-02
-2.681453449723215227e-02
-2.664281281251945632e-02
-2.660001675302892804e-02
-2.648819054241900381e-02
-2.632688911789423172e-02
-2.628932895376416556e-02
-2.615220435535709279e-02
-2.609490907050399794e-02
-2.596951604246736448e-02
-2.587623237693155095e-02
-2.575524386826474194e-02
-2.564219110328204432e-02
-2.551912438270993039e-02
-2.534209410578040084e-02
-2.527455541989846732e-02
-2.513657746476432794e-02
-2.506467896604748155e-02
-2.493226094703736642e-02
-2.481538204290216487e-02
-2.462044725986113972e-02
-2.453220596718053495e-02
-2.431536764928742683e-02
-2.425033619249872610e-02
-2.420088336829629219e-02
-2.405615469581515870e-02
-2.396951866949234219e-02
-2.387982162734169148e-02
-2.383450578421656210e-02
-2.364563762877334996e-02
-2.356957166129101250e-02
-2.346303103168245405e-02
-2.342653292303445434e-02
-2.326883230255715265e-02
-2.323685671916734391e-02
-2.306098226870022597e-02
-2.301473019158705238e-02
-2.297689671674073286e-02
-2.276105326368088946e-02
-2.269939737267280197e-02
-2.266180222782051765e-02
-2.244414152793546002e-02
-2.228550112152193410e-02
-2.225538844466250915e-02
-2.203709396225654940e-02
-2.193946298000918824e-02
-2.185980034227551910e-02
-2.179415092926748065e-02
-2.173091463846345966e-02
-2.158321403473112757e-02
-2.154206968847453829e-02
-2.145130445020703575e-02
-2.135734602872884497e-02
-2.120657507979131079e-02
-2.113051868847895531e-02
-2.104581539379921443e-02
-2.091384647887295847e-02
-2.082825424407605541e-02
-2.072001486478693144e-02
-2.061000485248538211e-02
-2.043898272753692791e-02
-2.038638451895520218e-02
-2.029767648863390131e-02
-2.018150368073932596e-02
-2.004020756743550222e-02
-2.001715797979955122e-02
-1.998240108596193929e-02
-1.978812189941227956e-02
-1.976011303423011109e-02
-1.955654698981258016e-02
-1.945785977093866109e-02
-1.936824314886994788e-02
-1.931412828304022999e-02
-1.910188940374396918e-02
-1.897232641802155950e-02
-1.893003578335512166e-02
-1.874264529771266924e-02
-1.863665553081636853e-02
-1.854816261319684745e-02
-1.843733861736202018e-02
-1.834050210499690858e-02
-1.825298925684255488e-02
-1.813700409743319517e-02
-1.804790164909095967e-02
-1.798241060298316762e-02
-1.787683471434187155e-02
-1.779841765924554051e-02
-1.773987533988781104e-02
-1.761864615483249574e-02
-1.746255150003626216e-02
-1.740112744516756141e-02
-1.729264940856609090e-02
-1.713821952638453286e-02
-1.704945722476975192e-02
-1.695106494576396547e-02
-1.684620251790281895e-02
-1.670358866242247289e-02
-1.666866758067830565e-02
-1.655292139501201437e-02
-1.642505182493634447e-02
-1.634349190894020948e-02
-1.622245208653794180e-02
-1.615381289912868126e-02
-1.604570591709324201e-02
-1.592438342120099798e-02
-1.580267517049657733e-02
-1.568929932086361376e-02
-1.563151716815310011e-02
-1.552215052193604665e-02
-1.539550100028770109e-02
-1.525186091174934172e-02
-1.522524302185233706e-02
-1.519271943450810000e-02
-1.506043146448326348e-02
-1.502120493945419480e-02
-1.494622681843205646e-02
-1.480113193924421922e-02
-1.473633876182202720e-02
-1.466519837093114599e-02
-1.454929823392638912e-02
-1.442730805683140570e-02
-1.429714143162089633e-02
-1.423863433482270603e-02
-1.417354075441752681e-02
-1.404526484356167712e-02
-1.398136323026200056e-02
-1.394027517130168314e-02
-1.392764107561897738e-02
-1.378306575974998401e-02
-1.368930673981481883e-02
-1.360855377833230552e-02
-1.348547365014798709e-02
-1.346528556669784535e-02
-1.323526005007888071e-02
-1.311960808022651949e-02
-1.299152044517195084e-02
-1.287518631785234888e-02
-1.276016682749596225e-02
-1.272926392790757651e-02
-1.262091456337487497e-02
-1.250480977496460679e-02
-1.244404745480682216e-02
-1.232523647412271835e-02
-1.228446091627368938e-02
-1.210162918560604359e-02
-1.205185556972787619e-02
-1.198553052071719451e-02
-1.190921931371767203e-02
-1.171790400773218069e-02
-1.169338579895816410e-02
-1.161463935917280386e-02
-1.149537921887780478e-02
-1.139303839617642790e-02
-1.126764192918435804e-02
-1.111940784159957084e-02
-1.100552189857466334e-02
-1.098764302327299991e-02
-1.085251853120803613e-02
-1.075512590578627491e-02
-1.070175668561984712e-02
-1.056780721928675913e-02
-1.041160098961321952e-02
-1.038487906255352623e-02
-1.020698591096550270e-02
-1.017399598060635992e-02
-1.004054914111437297e-02
-9.900907529494813036e-03
-9.832714917576531460e-03
-9.774592340016288045e-03
-9.637924556304001966e-03
-9.568090857571669508e-03
-9.507598183024927596e-03
-9.435622547709817884e-03
-9.262759169221824671e-03
-9.187491846144627342e-03
-9.140493204200345403e-03
-9.043363043356494185e-03
-8.953492614956162776e-03
-8.849673079339556367e-03
-8.725998132844530950e-03
-8.588732524049317793e-03
-8.508065400427309785e-03
-8.467058683825171364e-03
-8.374073828671750250e-03
-8.244842348046911226e-03
-8.221961163942527809e-03
-8.117820382352463476e-03
-7.989744597577107602e-03
-7.890042818240381589e-03
-7.857606691103814420e-03
-7.757369891667783950e-03
-7.661625304929169621e-03
-7.513834250999047552e-03
-7.471341604609636061e-03
-7.349926777310995633e-03
-7.323119465769140600e-03
-7.154338195060234995e-03
-7.042046341491719173e-03
-6.996565613362851557e-03
-6.824860801187701553e-03
-6.740242899374393991e-03
-6.686513297015553477e-03
-6.530513271600595256e-03
-6.477146937227404658e-03
-6.408385049659626187e-03
-6.312102538712956179e-03
-6.207691253873921441e-03
-6.150633032936134691e-03
-6.006631900137926992e-03
-5.910904630384493548e-03
-5.880493690980390618e-03
-5.824027872488559548e-03
-5.552939145205458560e-03
-5.537261536741305834e-03
-5.483330957742409487e-03
-5.354844901215482546e-03
-5.274518621757981647e-03
-5.146818773258044454e-03
-5.100382489904523725e-03
-4.901639785744702112e-03
-4.833768411490900821e-03
-4.776362443334077924e-03
-4.718061784026065381e-03
-4.664089382911855604e-03
-4.440229567027588475e-03
-4.359085158312404375e-03
-4.229057058309394247e-03
-4.101094592224885024e-03
-4.065603832853936089e-03
-3.991279867385622883e-03
-3.882939615934424740e-03
-3.873947732182399326e-03
-3.701939754207436966e-03
-3.587407870614196109e-03
-3.509702910886476884e-03
-3.295744261810205217e-03
-3.200407668509831858e-03
-3.169752354768111229e-03
-3.020010273905003768e-03
-2.806610233352367558e-03
-2.734823864840664736e-03
-2.620595701715517593e-03
-2.573097971331793528e-03
-2.426419994593139156e-03
-2.362760427859905699e-03
-2.228973359713226198e-03
-2.155847053154432910e-03
-2.108839725485780331e-03
-2.067310002161234020e-03
-2.020378588756897159e-03
-1.908998826169999241e-03
-1.744226827423308234e-03
-1.663660246124817974e-03
-1.610060285715408544e-03
-1.559352117875272654e-03
-1.466404603201949689e-03
-1.377910543492621336e-03
-1.292334426471759400e-03
-1.175055120370847774e-03
-1.163942758380640246e-03
-1.155609283006818434e-03
-1.031559824550917813e-03
-9.777820959366312088e-04
-8.538800797169954866e-04
-7.873265378301685068e-04
-5.948918004736795896e-04
-5.081147670662468320e-04
-4.914522200315428685e-04
-2.378806743790798611e-04
-1.213674280708703415e-04
-2.027027545431063729e-05
2.846936196040115373e-05
1.437059055441624895e-04
2.269103443115990965e-04
3.118159817226417736e-04
4.743775137511271455e-04
6.332785999576186643e-04
6.918579082340879129e-04
7.722539966642811421e-04
8.869786137617672846e-04
9.307653847110396736e-04
1.015217203523673725e-03
1.198349812595485503e-03
1.289612328598946757e-03
1.404584122558803338e-03
1.416334155785814583e-03
1.466798852324765730e-03
1.549664157082685911e-03
1.644830422936838883e-03
1.750249571518070878e-03
1.770622361343919971e-03
1.994442321122674808e-03
2.068143810305099646e-03
2.134871471233120224e-03
2.372806052689973785e-03
2.398434918250974025e-03
2.480601494127395498e-03
2.615218219893674766e-03
2.681756849397166735e-03
2.742633576180701204e-03
2.796613358081920329e-03
2.898886655436220747e-03
3.088271125792405643e-03
3.189695849251667457e-03
3.226460687220698755e-03
3.340032532329616308e-03
3.391329386145719351e-03
3.521128821589542598e-03
3.675603464191572710e-03
3.790786751409242535e-03
3.883644648370873816e-03
3.928900643604412747e-03
4.004840667722857871e-03
4.081271158673953348e-03
4.152283958863514299e-03
4.271237301073660571e-03
4.313520192861682728e-03
4.415291518787387189e-03
4.586016683020670455e-03
4.639315892128391752e-03
4.779213920597106396e-03
4.873040211469611277e-03
5.007481034983440014e-03
5.098925814817186625e-03
5.152175806001017822e-03
5.308055121202044820e-03
5.411098741332571321e-03
5.536952275976642947e-03
5.553457281536074326e-03
5.639780905767827549e-03
5.706813073409316636e-03
5.783784581054808582e-03
5.972091925556271066e-03
6.079403634558092420e-03
6.114553653618261080e-03
6.256442606740296106e-03
6.276152293350150714e-03
6.412400192984701527e-03
6.559897434039975266e-03
6.605768064226545666e-03
6.734834680392826588e-03
6.829149330612843162e-03
6.934227819380399740e-03
6.993479252418423331e-03
7.044816880823530185e-03
7.184210963186217318e-03
7.264953380976682702e-03
7.395707848400395572e-03
7.474327868949573114e-03
7.602666904654427869e-03
7.662947987793594130e-03
7.721086048668703884e-03
7.905160210802317927e-03
7.955157603665862984e-03
8.082312114029290701e-03
8.190611187538773125e-03
8.237921287238431436e-03
8.331614069068935674e-03
8.351624581375111447e-03
8.542466720130609953e-03
8.605467940227620044e-03
8.763142049839510797e-03
8.779290206583035758e-03
8.939426277228792322e-03
9.009532598472584641e-03
9.041780907992385402e-03
9.126713891999612902e-03
9.312311384145510740e-03
9.521243934407976756e-03
9.527534558494508282e-03
9.656281604591339732e-03
9.705193930618605594e-03
9.804625176142936147e-03
9.929733986699315618e-03
1.008174615128936726e-02
1.008839953992630468e-02
1.013268566025561646e-02
1.028417998742196110e-02
1.036070524363771200e-02
1.045605677824203855e-02
1.055667057812066656e-02
1.066334769580385040e-02
1.089534190539692519e-02
1.093670970436690267e-02
1.101537250640136426e-02
1.113637507211500191e-02
1.124079580126551015e-02
1.136182835053925130e-02
1.152315581102070566e-02
1.159041100103689638e-02
1.171358642472897747e-02
1.179056050954650076e-02
1.189176643013987143e-02
1.191776758455242481e-02
1.193819489470704549e-02
1.202353245209343904e-02
1.216984290564439991e-02
1.227070501689252018e-02
1.241619944646240280e-02
1.249004486197191274e-02
1.251872107699105070e-02
1.261024684930947201e-02
1.276037188923949406e-02
1.281261755681295175e-02
1.292901850043756684e-02
1.301704599234109784e-02
1.311767398074285829e-02
1.316332903155572817e-02
1.322510508193194823e-02
1.334458310654307311e-02
1.340988937268628237e-02
1.349890370278106731e-02
1.355831072997627611e-02
1.389078047305624015e-02
1.391229029869989892e-02
1.402502519170911212e-02
1.408109429638541160e-02
1.410829061260741694e-02
1.428616191069760274e-02
1.435106648049253378e-02
1.442684723298413678e-02
1.460059466934447020e-02
1.462438730671779610e-02
1.475902531090365899e-02
1.478710715280391955e-02
1.486982132600264336e-02
1.492568990796023023e-02
1.498148011934302345e-02
1.507996264477997478e-02
1.531546844652707795e-02
1.537666124360560077e-02
1.553301689051073999e-02
1.558943486478981538e-02
1.568303495887288929e-02
1.576303062409727812e-02
1.584316417378841060e-02
1.595003711097795970e-02
1.602840145627727406e-02
1.611555879070369554e-02
1.627140643747165827e-02
1.636735720942094144e-02
1.643205115433831950e-02
1.657501861258833808e-02
1.673401055959392036e-02
1.689085577318209797e-02
1.693255528753677061e-02
1.703347366004342306e-02
1.721544992351279474e-02
1.732801292938384793e-02
1.739219317346058294e-02
1.749093090764670955e-02
1.753210105278271008e-02
1.764514945022251091e-02
1.775404386709436913e-02
1.794290755708445595e-02
1.798938024416960393e-02
1.805762751270392069e-02
1.822998741197370820e-02
1.828008422250398599e-02
1.840522861742631064e-02
1.843956618786691051e-02
1.858833470507477784e-02
1.867687028247889611e-02
1.875740312426499301e-02
1.877335656661179367e-02
1.895859544678621042e-02
1.906805742547538693e-02
1.911822831742684622e-02
1.918726269547255808e-02
1.932771409849575253e-02
1.944417608085787300e-02
1.954048411524480708e-02
1.973237867468420961e-02
1.977493925354198434e-02
1.985034121627388126e-02
1.988484985991379947e-02
2.001742343863002066e-02
2.010112447662955326e-02
2.026144333937520206e-02
2.032785540562717305e-02
2.037786296136143149e-02
2.048283148197685422e-02
2.063191120873192341e-02
2.066383525893590242e-02
2.072024649319470502e-02
2.086529309429143234e-02
2.094956547789405057e-02
2.113445456269635522e-02
2.118287392588631343e-02
2.120657620224855947e-02
2.124893405292338847e-02
2.141312834831983480e-02
2.159618757484437629e-02
2.176019227974735140e-02
2.182592343181227051e-02
2.203566608100923294e-02
2.221631593693281989e-02
2.223098300709175704e-02
2.232013460900078919e-02
2.248278544965953696e-02
2.260724796810296630e-02
2.277137894035198215e-02
2.283759967768148394e-02
2.287756035660981624e-02
2.295396660983409221e-02
2.303499484173093109e-02
2.312801724570271583e-02
2.320167036533196669e-02
2.326335845276171141e-02
2.340661523541253536e-02
2.343631628292333624e-02
2.350674239596189236e-02
2.366773852791305421e-02
2.378628141247220162e-02
2.386187140963976980e-02
2.400680984298585868e-02
2.413284427247211483e-02
2.417532279739156853e-02
2.434856148336359688e-02
2.451059501182266051e-02
2.463936738321396286e-02
2.466864088473738614e-02
2.480885753554848069e-02
2.494571877006201976e-02
2.496134865489939292e-02
2.500871249335653509e-02
2.525930515001821239e-02
2.530801556357385046e-02
2.538827140143581212e-02
2.549068605986340441e-02
2.561830907796004697e-02
2.572261837085333333e-02
2.585563496273330167e-02
2.592313889137465993e-02
2.602852956275250595e-02
2.613227168600585834e-02
2.628679635644096124e-02
2.644159660653560770e-02
2.652557356060298438e-02
2.658677134289114119e-02
2.666136346681672112e-02
2.676505436917153008e-02
2.695749075659317762e-02
2.702790668050744985e-02
2.706437926995921422e-02
2.724567349218469728e-02
2.728332038964633235e-02
2.731831861339154705e-02
2.757953250385849001e-02
2.765804242748410094e-02
2.772310289380242390e-02
2.785209937732194621e-02
2.802550700944003020e-02
2.813568961502994903e-02
2.817705125588495021e-02
2.831593616224181015e-02
2.841841026431641756e-02
2.848390059936136559e-02
2.859610622983720443e-02
2.868633002932989562e-02
2.874296762898201352e-02
2.893161538194495216e-02
2.899880095542866840e-02
2.910474975007419640e-02
2.923390109939478371e-02
2.935736522795179965e-02
2.953295206809446530e-02
2.959013574310383546e-02
2.965291105262917934e-02
2.974581602921468407e-02
2.979792985158708288e-02
2.993910320238882608e-02
2.999769314930986891e-02
3.011602160475586321e-02
3.027769815485772606e-02
3.035835436512817134e-02
3.045942258011572618e-02
3.060032935704251264e-02
3.077723293512940606e-02
3.088563338361002483e-02
3.103723514107594242e-02
3.114724197302932290e-02
3.118917809357245677e-02
3.129883667405181785e-02
3.147626012956277614e-02
3.161585775895923295e-02
3.174668695152631920e-02
3.182029370905520294e-02
3.198567641922763632e-02
3.203086084140835399e-02
3.218034892965606492e-02
3.234084978009520162e-02
3.241567114759216772e-02
3.250845630894504817e-02
3.264731011023534052e-02
3.272491207854875961e-02
3.275636031263635256e-02
3.284390134004585432e-02
3.292274132004802817e-02
3.303147237533864133e-02
3.321333584706399195e-02
3.333777016261642301e-02
3.347502528449965153e-02
3.359350229904858182e-02
3.365623420919669484e-02
3.379693029429300943e-02
3.385859788741102383e-02
3.392713816133786919e-02
3.409045720171011151e-02
3.424519425649327764e-02
3.443029389267380364e-02
3.450007707247601529e-02
3.454667691086336923e-02
3.467665424098251292e-02
3.483723194130831230e-02
3.496314028542239771e-02
3.498006751385231150e-02
3.511724156460255264e-02
3.522402720306617302e-02
3.535929296578298880e-02
3.554361940179948803e-02
3.565834927694929574e-02
3.568885658804767103e-02
3.595544517816427754e-02
3.600427836665677506e-02
3.605968977504310502e-02
3.616165362262810379e-02
3.630812965627051858e-02
3.640742874088476883e-02
3.650988936193460405e-02
3.663260100596183594e-02
3.672299756583804337e-02
3.690162142071734541e-02
3.708489779228574951e-02
3.714144079273697802e-02
3.726008970314161062e-02
3.729013900091548289e-02
3.748901260224859339e-02
3.755761438595316831e-02
3.767824768106758232e-02
3.773861797997071776e-02
3.784592173745930654e-02
3.792732218899229346e-02
3.819719528951682347e-02
3.828759740700557468e-02
3.853521818117652820e-02
3.857687234330028220e-02
3.868463794161491193e-02
3.873114451969403987e-02
3.881217346088498138e-02
3.896473158484400900e-02
3.909097405767227029e-02
3.929254788672385118e-02
3.933761825142922247e-02
3.943220264033060751e-02
3.969837325300672876e-02
3.986212564006920422e-02
4.005299687697432692e-02
4.013954329714666119e-02
4.020146161318158967e-02
4.027410136837844545e-02
4.051217457435633829e-02
4.056078398350947134e-02
4.066209072666412266e-02
4.079740544964316484e-02
4.084408720241766710e-02
4.114207722760975655e-02
4.125892390331583476e-02
4.141587774912263570e-02
4.153608516754303537e-02
4.173262766986193112e-02
4.181071446385030421e-02
4.200247965469060957e-02
4.210891911612833771e-02
4.228918731186109836e-02
4.234013666467371234e-02
4.251187373178288292e-02
4.268894441566051939e-02
4.281706749614948293e-02
4.291377681681834977e-02
4.296540245864315100e-02
4.311679853635053128e-02
4.330276201941297282e-02
4.339973111458426264e-02
4.353420535848315231e-02
4.373342046454759685e-02
4.379298726540736819e-02
4.383375588908191428e-02
4.397547917191633321e-02
4.409499981116759421e-02
4.415366925785874086e-02
4.433399733807320137e-02
4.449344519096363332e-02
4.461087782823447423e-02
4.477125822137249106e-02
4.486818010789226513e-02
4.498041613194882909e-02
4.518554566576254983e-02
4.537184601877044393e-02
4.544025491270389100e-02
4.555576847401000828e-02
4.572127994031915943e-02
4.592327027671769951e-02
4.598968841596728918e-02
4.605194695363048346e-02
4.622800281862730898e-02
4.633984155601524740e-02
4.661362857081477462e-02
4.687488713519420008e-02
4.700886565876717660e-02
4.709181757625468395e-02
4.737434556812869513e-02
4.750128974925164893e-02
4.754597018872071951e-02
4.775405720689140238e-02
4.780892995898967240e-02
4.785583453029174095e-02
4.798300614427808419e-02
4.816857954579643886e-02
4.839343365027955202e-02
4.848182465095382532e-02
4.872809512969168005e-02
4.882890341802337275e-02
4.891117453979964419e-02
4.899014903284059502e-02
4.930455906774570268e-02
4.957752503859788606e-02
4.959678154138384004e-02
4.964033459400817028e-02
4.995787791283214097e-02
5.015644368635559236e-02
5.021802770004558936e-02
5.042146895754575503e-02
5.061422908864925824e-02
5.071216936265569158e-02
5.079027354358240515e-02
5.102834583854781725e-02
5.108219562306093309e-02
5.138703806438536803e-02
5.161844912720744971e-02
5.187940396742575511e-02
5.207632983335712396e-02
5.210354778809021120e-02
5.227971025874474792e-02
5.237587557692179735e-02
5.250850350260542060e-02
5.266442969640838107e-02
5.291573705870669664e-02
5.314051005338564504e-02
5.333516258218379963e-02
5.350410209535130801e-02
5.373220958181303131e-02
5.381696272696196576e-02
5.392246997943880155e-02
5.407509642364870250e-02
5.443607787747033189e-02
5.473317707124937537e-02
5.488839801759277937e-02
5.525540162626459140e-02
5.547399814726839545e-02
5.560308539620788942e-02
5.562247738320338919e-02
5.584406809946871469e-02
5.605669441985618867e-02
5.632956423679751079e-02
5.657441692959556262e-02
5.677901184826786296e-02
5.692648885407827763e-02
5.707673965079243517e-02
5.715915917483603559e-02
5.781751922118452680e-02
5.802277552166280189e-02
5.809794906933329200e-02
5.829389587444048365e-02
5.871470645729922472e-02
5.888779919954380965e-02
5.914667281162210716e-02
5.982384915621483112e-02
6.008295973467953771e-02
6.065209905700634507e-02
6.114928724346995609e-02
6.155723411697661129e-02
6.222152000390434451e-02
