1.288971118440343283e-04
-9.663964220901289162e-05
-8.549957199908308396e-05
-1.086592472484195100e-04
1.471829630852466585e-04
4.552400287257538704e-05
-2.321330640488048966e-04
2.351338780749686653e-05
2.131866810325346484e-04
9.170946982651300686e-05
-9.160878168893357427e-05
-4.248845975138250999e-05
-1.802929545663438781e-05
5.922098985148143986e-06
-5.511197567450074709e-05
-6.284347445460614491e-05
-1.419561017429966715e-04
-7.863701313919415920e-05
2.789860001981858163e-04
-1.878917942421588618e-06
7.118055863035404457e-05
-2.042499669580332994e-05
-3.009769667913161115e-04
-3.501882696636749776e-05
5.040240788777398137e-05
-1.657907504680866239e-04
-8.217687017455655026e-05
-1.887864384313738117e-04
-1.863150233628683289e-04
-2.398989706661962100e-04
-9.289034443133680461e-05
1.122711221882943502e-04
9.525753587167099749e-05
2.430740176325292773e-04
1.088599508652891580e-04
1.271629029886885696e-04
1.639900566784125672e-04
1.827771387494725387e-04
-1.478750439976633173e-04
4.825668222772443693e-04
-5.179659659583467357e-04
-3.033388271092831378e-04
1.997110480424394785e-04
-2.017063899725366676e-04
-1.017648987670655695e-04
-1.976350551202155623e-04
-5.017544246956355697e-06
-8.754844727994685777e-06
3.886158542927322366e-04
1.097866819839581932e-04
6.530506411644008860e-05
-2.844584630546648156e-06
-1.398767056263725591e-04
-3.188741720395993871e-04
-1.508791625344807507e-04
1.697891979031473713e-04
-4.048886378696318330e-05
-1.490408761577747357e-05
7.305091033682608996e-05
-1.201922210562195571e-04
2.875287557684564461e-05
-1.013401106964941282e-04
-2.230729137328445904e-04
5.185048310066274783e-04
4.943513320740295942e-04
-3.927591728042890105e-04
6.938670036302704304e-05
4.045344753517649081e-04
-1.154845459804434944e-04
1.274695348104671613e-04
2.683693190055217240e-04
1.431106859230209141e-04
-1.015393174632789092e-04
-1.199716264493632837e-04
-1.971287511194355841e-04
-1.083400101795256891e-04
1.185890257447178936e-04
-2.213688299166464177e-04
3.787942862744004039e-04
2.547903835964739397e-04
1.229896887792672347e-04
5.299013373676762934e-06
1.147754203713834663e-04
-2.561517924770417299e-06
-8.852662855121782757e-05
-1.125584057478501969e-04
-2.963675036475352950e-06
-2.796612727270268934e-04
2.326356509841202586e-04
3.875199401243817321e-04
-2.208354220676067852e-04
-5.704085112951414702e-05
-3.123031849249227544e-04
1.176433626579802315e-03
-6.539590748240439516e-04
5.522994262367103340e-04
-3.796672962952794719e-04
-4.973368253050610777e-04
-9.830096007949652573e-05
9.004957539199074507e-05
-2.478246297496318747e-05
3.320238774143139770e-04
8.600010421363312162e-06
1.021028363486205595e-05
9.255323407362124263e-04
-4.951108355776360484e-04
-3.584344745527734107e-04
3.096716744195608304e-05
-2.190431543558750427e-04
-6.142254885528607459e-04
3.865708927481670385e-04
-3.918298433632932964e-05
4.002381394870775135e-04
-5.712868765742276514e-04
2.539689812089435551e-04
1.928828562296659049e-04
1.497326823093696711e-04
7.624720784720150329e-05
7.629807994976935430e-04
7.736370705703934751e-04
6.538464306961152747e-05
2.100441582403250894e-05
2.204523605769944739e-04
2.304905312277217211e-04
3.946098795505910807e-04
-4.906122984171628726e-05
2.880303467478742340e-05
-2.545672365026459421e-05
1.151974692847946332e-04
-5.888619128786802396e-05
2.836528070259449326e-05
5.894325546901967190e-05
-1.143241566332323973e-04
-2.027907406508195937e-04
-9.595118824547881593e-06
2.120479224189832667e-06
-9.856881948856483899e-05
4.080152368964490880e-04
1.768229085558759961e-04
1.907847469665707317e-04
-1.830380272579333557e-04
4.402545251813796436e-05
-2.147020827605063392e-04
-6.965776302571323811e-05
1.288652087085927873e-04
9.456244120896046797e-04
-4.014987845142157130e-04
-6.343685572923331122e-04
1.902605847179903191e-04
-1.105185335925532952e-04
1.919519238503923923e-04
2.749874798520662053e-04
-1.180063536324880741e-04
-2.430921652897793776e-04
9.324207171153933466e-05
-8.662993271493869070e-05
4.771224478097333224e-04
2.240742089575306639e-04
5.522215411689853807e-05
-1.589276738295701357e-04
-2.471370355888515024e-04
2.494728749853133564e-04
-8.572978313791374916e-05
1.888313861741889351e-04
-1.031759532679475032e-04
-1.797378119894481091e-04
1.278347339636947083e-04
1.415302812611619388e-04
3.885205745582963940e-04
-6.252215309981293333e-05
6.753800719670995448e-04
2.271351002408671270e-06
-2.888849944411245470e-04
-8.314140562229036305e-05
4.839373419074048254e-04
-4.229603279480501749e-04
2.465223704015087765e-04
-6.718600315013422330e-05
9.961737509327819309e-05
4.425855550684996054e-05
-1.432382963508651121e-04
-2.102869586452766172e-04
-5.322538658649721572e-05
2.374215648712023601e-04
4.637540145663838305e-04
1.155894211464707591e-04
-6.004388555278270890e-04
5.799570515769374678e-04
-2.312570627060432033e-05
4.324890033164781539e-04
-4.618630957865383344e-04
2.089034901531111892e-04
-6.871568748518441447e-04
-1.215440591863035501e-04
-1.856026579678919381e-04
3.119309871461371612e-04
-7.798229456654975445e-05
-2.590698505879625410e-04
-1.766887588640092695e-04
3.147368621455964269e-04
-7.826312350253266964e-05
-2.278853622323660821e-04
-7.852026601558505930e-04
5.684156908666081285e-04
-1.071751949818073143e-04
-3.595789599066651597e-04
4.461317660522754348e-04
3.007709433623209400e-04
2.837979553578022203e-04
3.823011821401456421e-05
-2.847662555841890030e-04
-2.208865805273820784e-04
4.502858063175780570e-05
-1.899217540443603038e-04
-3.542157102143037451e-05
-3.307065820648875552e-04
-6.091627960463710766e-06
6.429078198650411621e-04
4.667627665912003638e-04
4.843938404489521953e-04
-2.485111190320546458e-04
1.174459810070799026e-04
-2.652163892767212938e-04
-7.333008151057056855e-05
7.665715131729886847e-05
-1.437538503032906187e-05
2.169198483360734958e-04
1.210741493235264441e-04
4.241213332352924015e-04
1.990927095704670509e-04
-8.241620263732620010e-04
1.136481239171905971e-03
-7.519038171687427753e-04
2.303715645571042115e-04
2.463941122419183687e-05
4.408996230775540375e-04
6.233147220231058296e-04
-1.722211103643446603e-04
2.803415236106566013e-04
-4.499143533854580920e-04
2.114410772104789336e-04
-5.794737842698167865e-04
-6.114981611010793412e-04
-3.943469464044509508e-05
-5.306950434691349216e-05
5.324711371894602771e-04
-6.802896054040057031e-06
-1.768641157731671958e-04
3.418408043913726230e-04
-8.188990982941161403e-05
2.711200834322667287e-06
-1.328900221685223718e-04
-3.150030221171896098e-05
6.250200193464091345e-04
6.962132336124482847e-04
-1.620951786554990714e-04
2.284550694504244091e-04
3.801204925760144951e-04
3.608432065550453127e-05
2.825583764326133527e-04
9.770750184104422980e-05
-5.584040226466463605e-04
-2.535870821005212631e-05
8.310008766377928804e-04
-3.242200205989860138e-04
-1.583409062931854421e-03
-1.066372291320790951e-03
-2.858107903155354028e-04
-1.192997776831549177e-04
-2.475580536084660182e-04
-1.223971759139395844e-04
2.353756600333057768e-04
3.087761298035173537e-04
1.910667430095359400e-04
6.527701007341229740e-05
-8.196710042021846136e-04
-1.874295670507226182e-04
-6.602839568186525277e-04
-4.495292269223337325e-04
4.846276923571501884e-04
3.155610191015744987e-04
-6.970591110805454595e-04
-6.070207252550362557e-04
1.291101973775809022e-04
3.175657747986658855e-04
2.232117458582590062e-05
1.355787613385861100e-04
4.425997645069462428e-05
-8.798345178177171102e-04
5.473571019868793885e-04
-5.934910278964128545e-04
-1.334706861960786341e-03
7.022403202973111604e-04
7.129564019493572031e-04
2.355963092751349062e-05
-9.647252104101876899e-04
5.072994646720905285e-04
4.914744185398845985e-04
-1.304861921557892539e-03
6.786758513849066969e-04
-1.291801773864469224e-03
-1.073074571330226218e-03
-2.897697162227660418e-04
2.025371279864205499e-05
-1.215300496682888498e-03
1.809046647851276016e-03
-1.174187402896208080e-03
-1.708416552961038865e-03
5.221031336443989314e-04
1.830007504024673591e-03
3.553702847875094733e-04
-1.285659058181160442e-04
-1.932173158469413727e-03
-3.622937660838660172e-04
5.705606882596905719e-04
-2.586949475020040076e-04
6.752955034303844209e-04
9.348708788866238236e-04
1.794909473860331096e-03
5.769161394210753965e-04
-1.298701180812941746e-04
2.590225895366159940e-03
-2.778647539416408650e-03
-1.475088409689124472e-03
1.886501877508778595e-03
-1.824036766339679448e-03
7.234145610380875386e-04
-1.076165167472226158e-04
-6.258577262953245093e-04
-2.358944488435756981e-04
4.405788622119598242e-04
-8.702078884068263881e-05
6.505318799560410670e-04
-5.958786193819095743e-04
-3.886871301602714233e-04
-3.035818090107205358e-04
-5.151488006407112762e-04
-1.959133999030450448e-05
-2.873214622607234560e-04
-3.445780378609043055e-04
-5.980753293354241481e-05
1.022088244055228056e-04
1.804351193748641633e-04
9.553253250193176989e-04
-3.092139981381314146e-04
8.243126406566689962e-04
-2.611716927068772481e-04
-8.275344845996539115e-04
3.560779661270967807e-04
3.139569229409124441e-04
-1.666567496175213204e-04
-5.289793992978406197e-04
3.559112247199784532e-04
-3.425710656181238465e-04
3.542358491477120511e-04
-9.955228755787746183e-04
7.489670504449968264e-04
-8.969559415288033341e-04
-1.027156595332859442e-04
-3.531910991122418379e-04
3.501343663787736117e-04
-2.009949636421595244e-04
-2.806207587965217978e-04
6.503287843321527042e-05
5.064994966316424844e-04
-2.461376973058440176e-03
1.408961683368279170e-05
1.142670163079187830e-04
9.881463728854508917e-04
-4.851650205659318454e-04
-3.812340812198098381e-04
-5.541934854621201811e-04
1.122910605600587440e-04
4.807017196578957665e-04
-3.207571686692039484e-04
-4.116385607022432394e-04
-1.924074722128810643e-04
-3.160900512738978787e-04
4.384474107760997792e-04
5.949939589551670512e-04
-1.513110699398703034e-04
-1.346782676580868081e-03
-9.689246069660709592e-04
-1.492695012121893162e-04
-2.495652933489619362e-05
-7.121564942084661733e-04
7.855872301938738624e-04
1.232730134520644213e-03
-7.759397484232453740e-04
6.556671934345681364e-04
-1.007766411895653626e-05
-3.065573092917252599e-04
1.213886050335070705e-04
-5.667332153315573096e-04
9.658047042483600792e-05
4.295012443722809759e-04
1.859388534198223538e-04
-5.226554355114410542e-04
4.614210123589332661e-04
9.513651879757970605e-04
1.154044605773296012e-03
-1.675497569906854532e-03
-1.445004808935505987e-03
