2.963231980545552612e-04
1.103562137851673154e-04
1.094105258543195318e-04
4.462160521141611021e-05
1.376565127291765782e-04
5.765582549039081531e-05
-6.328229388376467644e-05
1.260754493137477899e-04
-6.418833700638002621e-05
-9.665532117715580943e-05
1.405008319811522387e-04
-4.474530438713977392e-05
-9.745934815211983464e-05
-3.319193846033130827e-04
1.113067123024867990e-03
1.940902834086753054e-04
-9.604992302055555395e-04
-5.571397460933924777e-04
-7.281221817209048092e-04
-1.930219180112291997e-03
-1.192677202829887061e-03
6.401278984834238295e-04
-1.579359132417523359e-03
2.230624478404452020e-04
-7.744685184665144571e-04
9.539419593500427993e-04
4.693827505627677665e-04
-6.852784023636129080e-04
-1.355124282821959297e-03
6.926086597947972955e-04
-9.408310210619343604e-04
8.611806845950431078e-04
-1.784122151416672026e-04
-2.108176554688986925e-04
-5.096561443127336794e-04
-2.274284774549370015e-04
-8.200453729859703833e-04
-6.186971495237225888e-04
5.372516325252422358e-04
2.752477965747268641e-04
-3.226666206050697659e-04
-3.904023033676084120e-04
-1.158187067393111791e-04
2.765098575667169871e-03
1.552455807196293424e-03
-5.012857947952453742e-05
-1.361824665096040285e-03
1.639939137349270392e-03
9.123040860005706093e-05
5.045306036702725113e-04
4.011716972527561137e-05
5.373089346634863771e-04
-3.728433997506788288e-04
5.234041706494130220e-05
1.599441063296583201e-04
-2.867128417217378739e-03
8.111466494675314610e-05
-2.682604966617164430e-05
4.360132542869433504e-04
-3.523032406154901429e-04
-1.065328400439890383e-03
-1.625708413107202310e-05
1.229396003795147144e-03
2.595629766476317108e-04
1.305308510010123142e-03
1.494620495816146926e-03
-1.014167235001131031e-03
-4.199254402209365018e-04
-1.870755384399751167e-03
-2.613048413240787703e-03
1.136321012223184520e-03
-1.169321502907687141e-03
-2.139666427502481469e-03
3.916553324789495130e-04
9.872484118448404623e-05
1.865507579714680150e-04
-2.738080859358415641e-04
-3.618902746281368246e-07
3.137060780345082389e-04
1.209973549317974236e-05
5.785750001437193964e-05
1.083768062021100694e-05
-3.991830339003410878e-04
-4.779535214867365882e-04
1.695216917294799350e-04
-1.849701509625199499e-04
1.621411938567839019e-04
6.938266475515781490e-05
-5.483155589779379767e-05
-1.277284058431926511e-04
-2.261771060160345874e-04
1.164316626625834843e-05
-1.590663696379104473e-04
1.163687553095117341e-05
1.701227089434925158e-04
-8.996433375403000917e-05
-1.353083190881536856e-04
-8.102973505268105508e-06
3.022740763577068867e-04
-8.049161210898711245e-05
3.619662790108633195e-04
1.413827390897344374e-04
-3.918670060832544046e-04
-5.337255374832958974e-05
1.984894697672482571e-04
3.504394630520644624e-05
-2.173867615056434503e-04
-1.887219899762918724e-04
3.107373656855584842e-05
4.459230790065448564e-05
-2.279115542780820304e-04
-3.460121902879430430e-05
3.253461684370135350e-04
4.225709529419661829e-05
3.692956384353130329e-04
1.643964276618249828e-04
2.035281883954591386e-04
1.955221371367387893e-04
2.883237668440280396e-05
-4.057834079205332903e-04
2.275584679644746715e-04
4.881976606625492462e-04
-1.484903870739029690e-04
4.550825799610979630e-04
3.461773736004584881e-04
-1.564216502173305110e-04
1.846051313518125227e-04
4.528382817312509622e-05
1.430001447774965841e-04
-3.896684898698863785e-04
3.754247771926721056e-04
-4.945058840032246893e-04
4.803622623644619900e-04
-8.557667174748713902e-04
-6.899258174146386674e-04
7.206094126533237141e-04
3.239728108074501592e-04
-3.064227003708805278e-04
-4.216409395277182469e-04
-2.285709200631412497e-04
2.119618830718519832e-05
-3.897741438208429427e-04
-3.239845674964733505e-04
-1.780592593266473928e-04
-2.359786839384139562e-04
-1.920003845208858944e-04
-2.001058973629967451e-04
1.111352299664386317e-04
6.904710220180543820e-04
-1.125926486678797489e-03
-1.039182823824761053e-03
1.391694382691684292e-03
4.977811903357363043e-04
2.344843131216906040e-04
-2.533185909022227580e-04
3.592821377885491727e-04
-2.596913768796967124e-04
-8.945261052962338161e-05
-2.034231762661070642e-04
2.798359562469337211e-04
-5.097446087987454830e-04
2.095594703926122898e-04
-1.373987354792222039e-04
-6.307553038310179225e-05
-2.158224558322797265e-04
-3.394626107864868818e-04
-2.393718932750245288e-04
6.649972557810988460e-05
-2.514193481231363964e-04
1.843935974379829639e-04
3.979397014217518841e-06
5.859022281498928739e-04
-7.063749612464479549e-04
-3.659157765475608694e-04
-7.331659562309170717e-04
-1.070597422251427571e-03
1.305212552880010042e-04
-1.596736648118144948e-03
3.022418099651922154e-04
4.631102415998282268e-05
6.121533667602282449e-04
3.149262320602077333e-04
2.545100156368038102e-04
-3.915539676112686940e-05
-2.214358944192521732e-04
2.291434379228993710e-04
-1.965899480349385549e-04
-1.087067484120114540e-04
2.343517496543737265e-04
-1.276016757595429277e-05
6.187157819856948539e-05
9.557878220646165630e-05
-1.769077605065636676e-04
-6.999450298890961836e-04
-1.637145119400338744e-04
-1.756131365899293905e-04
4.292612830787843263e-04
2.853939804435444904e-04
4.598339609144134013e-05
1.181635024872543070e-04
-1.436378082347462544e-04
3.410242655391885580e-04
-9.875339623494404720e-05
1.891425934108306728e-04
3.059777487427298463e-04
-1.253259928613450840e-04
1.700996244798905405e-04
7.514905222775594197e-05
-9.077437697529228600e-05
6.217740867520164187e-05
7.003515401202498699e-06
8.332001304606445440e-05
-2.568963580857127759e-04
4.029610549757430536e-04
5.009497520728230355e-05
3.595437022133230083e-04
-1.220219867978157861e-04
1.726551421562811241e-04
7.847935397446671388e-04
-7.438881366050438494e-04
7.699976306103858709e-04
-2.332998304207010520e-04
2.313950664668338708e-04
1.957659612627181400e-04
7.838059546644556637e-05
-6.285190883471919118e-05
-3.361628147530257727e-04
8.252795664642290367e-05
-1.783007526293230107e-04
1.708377145926199040e-04
-4.120175639624380380e-05
-1.285094922541138803e-05
-3.977952054002757899e-05
2.827429383904610368e-04
-8.272390653696969727e-04
3.600528000934546252e-04
-4.868579317810055407e-06
-5.561246542094199982e-04
-8.578431091202240932e-05
2.444020228763275774e-04
3.553130229496002192e-05
1.546393684209827215e-04
-1.479023255062074588e-04
-3.699680448648388735e-04
4.260686168652827455e-04
-2.107162671439292718e-04
1.063373575931555890e-04
-1.805469258473742060e-04
-1.804352613116199419e-04
5.121765402136913090e-04
1.268636545663701901e-04
-1.013786736602696211e-04
1.472932577727445837e-04
-1.120210227837779740e-04
2.651801258617658935e-04
-5.806126972612418984e-04
-4.161093010498149156e-04
2.439670109666259809e-04
8.922862930889388893e-05
-5.845127372365342211e-04
9.319132362337959052e-04
-5.542291298323167139e-04
4.543906525236586329e-04
7.977881699608311205e-05
-1.394385961579515116e-04
-1.014761238016511160e-04
6.314768798988866180e-05
2.680391919811836356e-04
2.442710303454226329e-04
1.581335369754802199e-04
4.381125972039055187e-04
-4.489575120775669186e-04
-4.404367001583193390e-04
-4.849102714726609106e-05
3.908769240342770622e-04
1.335718209187917375e-04
-2.959134687005740162e-05
9.640660597805091243e-05
2.489156122380314830e-04
2.489797677963780467e-04
3.145571062394675039e-04
1.594209404218626042e-04
-1.806571017996599037e-04
-1.742991153934769116e-04
2.441633252863382433e-05
1.659371342713620754e-04
-3.190094657959620579e-04
-2.307922108273729566e-04
-1.911526483045916669e-04
-5.077360536101824338e-04
4.208205155568814468e-04
-2.523027337907982837e-05
2.357747026599142854e-04
-4.664463804918180922e-04
7.238328673098146700e-04
-8.069394080293659441e-04
-2.206205603600513683e-04
2.260482391241917354e-04
-4.595692926657670590e-04
4.509311914214812690e-04
-5.478778406475205069e-05
1.742905494395859372e-04
-2.479573348892598079e-04
-5.395348323277895643e-05
-1.881010979866299120e-04
-3.562565866436662475e-05
-1.406145639587991810e-04
-1.001453101071027952e-04
-4.098203857151109229e-04
5.057277168355875163e-05
-1.375648187551818300e-04
-2.553612154957059796e-04
-2.351716291019708229e-04
-1.867420100728774774e-04
-1.223263897744459759e-04
1.221622856250660779e-08
-1.560215406455634228e-04
9.762262626224806885e-05
3.249425045756624956e-04
-1.061830304291272860e-04
-2.701399982839109088e-04
9.034497747034614726e-05
-3.087935411655806867e-04
-4.241519548751349202e-05
-3.108113670236329782e-04
-3.485167336663595798e-05
-5.521645662590351665e-04
-4.071719014192997808e-04
5.562465086611684565e-04
7.556515047185443897e-04
-1.072546424263452651e-05
3.444350375319131020e-04
1.987784796698326216e-04
-6.187633329623031669e-04
-6.746134777599487498e-05
-1.430003075048005791e-03
1.904287803542448188e-04
-8.270764678631024750e-04
-1.576518607347771799e-04
3.185849637189063920e-04
1.002879575722537492e-03
-6.245356907147885702e-05
3.538239575781905325e-04
-2.591889816543245452e-04
8.714316126155137497e-04
-1.865494542493577389e-04
3.352232835131451426e-04
-8.960398558340000813e-04
-1.614886535790077942e-03
-8.963609050822791057e-04
-7.267352771460704706e-04
-6.318219175170558966e-04
-8.631774749461431978e-04
-1.917473596407983963e-05
-3.560115532457773735e-05
-6.401282241147750789e-06
3.022060363548120234e-04
3.917102906303264374e-06
-1.425034242730392417e-04
1.854782557753677794e-04
7.462836200430551044e-05
-9.783937826620229281e-05
2.087950410841620690e-04
5.556847296461457772e-04
2.101761629745871286e-04
3.963141997915515624e-04
-1.757452123625767885e-04
1.070161062129124411e-04
-3.982396525993010350e-04
6.446355915040219344e-04
2.374798557632765064e-04
4.110117766202223675e-04
-1.975766578536055273e-04
2.598116703579196428e-05
-4.397183300167131965e-04
3.091213821372381775e-04
8.758976551079133033e-05
-3.133501932316381015e-04
-3.737833316840555694e-05
-2.616244216104930058e-04
4.337909409878968475e-04
-1.143367902727387937e-04
-3.698025110506689811e-04
-2.195033800364814668e-04
-8.238398988758741624e-04
7.627856737843735462e-04
-9.830334735033943901e-04
-4.121149445012461943e-04
-2.183026009591036861e-04
-1.570451239275065267e-05
2.485578109553263819e-04
-2.696417093133381430e-04
-3.401426823646809647e-04
1.532368035552639490e-04
6.606066794971854035e-04
4.074506623229263861e-04
6.767932926113537362e-04
4.057045060722526300e-04
4.076502175499129954e-04
3.378284892782733653e-04
8.290781207662940118e-04
1.205187051550626323e-03
-3.679216728738438319e-04
