-8.297168831155049952e-05
5.177794578965894779e-05
4.024127642721660978e-05
-4.559043888462099012e-05
-1.569254608233472880e-04
-2.859745405550285103e-04
4.701765855957805315e-05
6.267324664675133679e-05
1.098382636524168079e-04
1.667689542006092600e-04
-2.336046047953413527e-05
3.729766120984126607e-05
-2.889228774121561713e-05
-1.001408796290810408e-04
-1.877076280300803168e-04
-1.785421340954038407e-05
5.903262396460535295e-05
-7.577968228751689713e-05
5.292939531308854583e-05
-1.306159228505535119e-04
2.693803300271736118e-04
-6.179411625377136466e-05
-2.454608521754950032e-05
2.446667995494855846e-04
2.369029146203487123e-04
-1.161271336123738992e-04
-3.700737900058196652e-04
3.337372729737881402e-06
2.442228254563257907e-04
1.177644337346098934e-04
2.950774254337322770e-04
2.499521023390653446e-04
1.453645317959497915e-04
4.849663791128332402e-05
1.780068836851599349e-04
2.064988262236567120e-04
2.207964118195568815e-04
-2.752759538109135072e-04
7.662243305028718435e-05
4.274544122703361599e-04
-3.277700499050948280e-04
-6.548936655213930468e-05
-1.471981168934856365e-04
2.917002325445681716e-04
-1.136651330102109354e-04
2.693387382582009795e-04
-5.898135057662971418e-05
-2.412256024663228917e-04
-1.126094732191822427e-04
-3.166912164856316205e-05
1.209719832208493161e-05
1.898088425389313054e-04
4.404857280778365678e-05
1.230390033281092985e-04
-5.641557447292449288e-05
-2.934891282428057197e-04
-4.205007416397707845e-04
3.580415338216749841e-04
2.103278005198031225e-04
-1.611137969233366479e-04
7.537783800527582856e-05
-2.140046821916012025e-04
-7.332879056236349770e-05
4.745368328304253356e-05
6.136629261095411132e-05
-8.652160766622240184e-05
1.124890609983249349e-04
-7.530971378228182246e-05
-2.031701483855652974e-05
-2.430764581483786657e-04
2.169579273787497920e-04
-2.911146949292100746e-04
1.748805161611170550e-04
2.643044334063522253e-05
3.368345367024576170e-05
-7.458821238729340577e-05
3.353638332840201079e-04
-1.198839831145399621e-04
2.332439984355263432e-04
7.933636942887671844e-05
1.964550117330767043e-05
-1.598473789656724173e-04
1.822626110041691730e-04
-2.022404938280418691e-04
-4.786480742427970522e-04
-2.281352740455929170e-05
5.781450735479289928e-04
7.192772032620890635e-04
4.790915527909920830e-04
3.163199921540016607e-04
-8.690311426944575222e-04
1.540985801572309049e-04
-6.558734765144769250e-04
-3.294039891331637529e-04
1.928590610352590252e-05
-2.023623296613607213e-04
-9.226117488246654357e-05
-1.765449332084605084e-05
2.843871026758000180e-05
2.646511974566853045e-04
1.918483778936542995e-04
2.304440822481182872e-04
-4.237163322605768875e-04
4.461326760078919884e-05
-8.739638718886648709e-05
-1.404188602493949758e-04
2.719197025835109246e-04
2.584259711439722376e-06
-2.061403484569165076e-04
1.521384939577182470e-04
-1.761400142723627826e-04
-2.443296873969012591e-05
5.836748110899621844e-04
-7.900965053187746973e-06
3.230261804075139267e-05
4.587984748459419254e-05
4.896649331239721946e-04
-3.250956877425628406e-04
-5.493427693925669638e-05
-1.067208464852612069e-04
-1.906631555775942515e-04
-1.773212193896433119e-04
5.455182031070881859e-05
-1.724404720464471196e-04
-1.948390284953238670e-04
-8.599678331713006703e-05
3.549933096803586756e-04
-2.093261629003679059e-06
-1.277843106916525082e-04
1.023553200924319490e-04
-1.515064384418172852e-04
6.992729891900064591e-05
2.115512638022035868e-04
-4.094470646059922801e-04
5.574385662847046192e-04
2.083707001214965700e-04
5.128410504543419761e-04
-1.603552753801178437e-04
1.022493976444347006e-03
-6.750666963082165885e-04
-1.142875668206314076e-03
-1.124068664053422262e-03
9.309610971888307744e-04
-3.590100801856802460e-04
5.225333416085736152e-04
-5.871364380956772865e-04
-2.309083206513737449e-04
-2.992764717312207216e-04
-1.548895383289686017e-04
-5.745211385695390190e-04
-2.899195975058689199e-04
-8.259643896957202412e-04
3.372646425773457050e-04
-1.087384840897302578e-04
-4.572264704071253376e-04
2.600195992829005989e-04
-3.748666925665022741e-05
1.241451390972335531e-04
3.763519814297600676e-05
-7.657560164755610735e-04
-1.755034707196689490e-04
-3.690058774126470900e-04
7.009065532702132275e-04
-7.677696224383640487e-04
-4.661791763575975759e-04
1.394716698401637846e-04
6.037819537110950810e-04
-5.050241337700922339e-05
1.286586603406778364e-04
2.154656023205692053e-04
-1.354976747577659856e-04
2.024672833354481327e-04
-2.601283013704569038e-05
-2.190222793349365339e-04
-4.744187644556511758e-04
-1.716928382826231217e-04
6.755095866594698910e-05
-1.139097652674392173e-04
9.284072879076514040e-04
-6.060086610991403857e-04
4.135543346489982249e-06
3.057363806408248236e-04
-2.869665089188065004e-04
1.392016239198205123e-03
1.027754590479312878e-03
-7.501487848442311241e-04
1.134749369598486799e-03
2.991556746706864559e-04
2.563484884520901281e-04
-4.110010281906367052e-04
-4.300217239740695453e-04
-2.256493428957264010e-04
3.390720287126009771e-04
3.831312446320776582e-04
4.528096480161711941e-04
2.740454961855056564e-04
1.912635006111056038e-04
6.534276823354641080e-04
-4.689244817531363778e-05
-2.405823115982922615e-04
-2.506671429272647948e-04
1.391804891108849645e-04
-2.204408307335148798e-04
-6.425923464954898419e-04
1.140651059673596969e-04
-5.925717381557474251e-04
3.819564407987114697e-04
1.247596459432472846e-05
-7.011817871180329911e-05
6.014098767509858459e-04
5.754620121484691885e-04
3.545634042090834814e-04
1.554781067991413532e-04
-1.066436451578651622e-04
1.856997532059831511e-04
1.073948970240920183e-04
-2.474602663249159703e-04
3.941829773016980389e-05
2.038406610978155153e-04
-1.684402714364574105e-04
-8.674459827597811061e-05
-1.481725312326880647e-04
1.357224598223126412e-05
1.790691195246982715e-03
-2.357669230324599841e-03
-5.949666408238040100e-04
-2.317756314819448531e-03
1.479876342791023192e-03
8.627211132395607362e-04
5.228976430519977504e-04
6.162710451796642045e-04
-5.572188276576618650e-04
6.150280858896254839e-04
-1.275746933347856596e-03
-5.103321690579850104e-04
-9.419781854568255687e-04
1.451364630338738580e-03
1.268245518078012874e-03
2.450163815770878793e-04
2.264088370251974083e-04
-5.644146134892193394e-04
1.131296951434985300e-04
-1.466098073078786067e-04
-8.023730606745477396e-04
3.598638020615137559e-04
1.967313743389197632e-04
-1.077887106500853874e-04
5.905603700665960302e-04
-1.842026191804273987e-04
1.027529066758600066e-03
-6.568833736013087767e-04
-6.018691169228982231e-04
3.289644375415694938e-04
7.950356507426885831e-05
1.463210722323401828e-04
-3.245736094881706917e-04
-3.037354889900538909e-05
3.573836186284350624e-04
5.831226439813654580e-04
5.548740067870752560e-04
1.655928203737186335e-04
3.241342392276562500e-04
-1.924530161820956842e-04
-5.077404178096841354e-05
-1.552142654009971024e-03
-1.479041049477845165e-03
1.004784771834492255e-03
-1.430190416223757520e-03
4.268117654165394254e-04
-6.021522153709042745e-04
8.434895048057500450e-04
2.007012738961424028e-03
1.103410761320719772e-03
6.241003852203361440e-04
9.653853482245152232e-04
3.549604463081637421e-04
4.265063168402665871e-04
6.140637564061517768e-04
1.817324224670782782e-03
-3.366124318206632337e-04
2.524720296680525462e-03
-3.241596218757148481e-04
8.515190889614429387e-04
-1.807884825955803588e-03
-9.652084644023353321e-04
8.659131827414242623e-04
-1.273910884787258276e-03
-1.778511320692907106e-03
1.723436221160546213e-04
2.399525672715421408e-04
-1.722416079499040486e-04
-3.307717385816246738e-05
-3.410938032726766145e-04
-2.399542317228115865e-05
7.884349343398263949e-04
9.738475818150792033e-04
9.343754265718791493e-04
-1.488492753032887245e-03
-3.483605300797533986e-04
-5.555128398538408544e-04
-4.163365096492550421e-04
-1.082733946211144379e-03
1.213097307146899281e-03
-1.252424849346757667e-04
-3.820719382542207853e-04
6.915394809975176341e-05
1.791809409758799538e-04
-6.233820006960886834e-05
-4.997028725336835229e-04
1.779816643259807707e-04
-3.735659699978944714e-04
3.490246304737764553e-04
-7.943556153567605084e-04
-8.192810603939189697e-04
-9.009501488523349432e-04
-6.885780975007248532e-04
-3.617864415256375117e-04
-6.458583231093103800e-05
-8.568764520089358822e-05
6.484964846643583762e-05
2.105515501333201484e-04
-4.323136597859823652e-05
-2.842518875655834884e-04
6.501493996001620271e-04
6.320413120674999493e-04
4.297329970325625202e-04
6.028478431531492923e-04
-2.168153399771272105e-04
1.833349252435065432e-04
-1.912351882382819983e-04
2.856688187906653042e-04
9.800937364938686546e-05
-4.400508573402148838e-05
5.466760812975661812e-04
-2.771869374354348457e-04
-7.429706786006534495e-04
1.104683927079254694e-03
7.090716954500096746e-04
1.030151554613384065e-03
6.175498524019130573e-04
-5.501119726133682540e-04
-8.879770303828418308e-04
9.959706740938698011e-04
2.456852075456148529e-04
3.061025516793867209e-05
5.147555500863967761e-05
2.919259595396072156e-05
1.785665923813672506e-04
9.833584076749098753e-05
7.657206568784193958e-04
1.109409775654436516e-04
-1.584555539184588982e-04
7.061279316293492649e-04
-3.409889575842447226e-04
1.390014325842302159e-04
2.021085089172472893e-04
5.817525056842620928e-04
-4.053656391579493106e-04
-2.434321397779572714e-04
1.263437216178852447e-04
-1.803851338414018033e-04
-5.508918871613059334e-05
1.118803945197408163e-04
9.576284952821586291e-05
-1.823037372922921664e-04
5.523771488345160282e-06
6.905552682449216139e-05
-1.232670122588152845e-04
1.701742352494037660e-04
-6.104465012294955472e-05
5.859644200754446331e-05
3.944356683458556559e-04
-5.038265935572428227e-04
-2.688573002336194914e-04
-9.882119716596903317e-04
2.633260523709291868e-04
-2.071640466047566451e-04
-1.248027462094748177e-03
5.043434643487494667e-05
1.261657552373437659e-05
-1.935370830674542286e-04
-2.833298101214125233e-04
2.107928478538207177e-04
-7.798223904849669545e-05
1.159983707035542157e-03
-5.338026177100919489e-04
-5.484977073095376578e-04
4.350249483796007639e-04
-6.886226644104905274e-05
-9.335297425966527618e-05
-1.194996563178302314e-04
1.475572960515764663e-04
6.441585847951875434e-05
1.507998879031601121e-04
2.379736069473313087e-04
3.370561725252253001e-04
-1.102313975907284158e-04
5.080527887370919901e-05
7.491156675074251607e-05
2.081287859542048455e-04
6.508932348513345504e-05
-1.987886704708362751e-04
6.919461130067379245e-05
