9.995064338665184719e-05
6.088028751660859797e-05
-8.238317978904469575e-05
3.969486959168501286e-05
1.897617544073867003e-04
-8.811951619236367528e-05
-3.987189897422807134e-05
3.063584573442354773e-05
-1.395229010456904223e-04
1.648806835645069528e-04
-4.660651293706288378e-04
-1.997645065989521939e-04
8.193235227048901157e-05
8.573794171293753845e-05
2.482716706563600317e-04
1.227756718050919925e-03
1.012398870014581502e-03
4.646311737369144667e-04
5.954767063631887002e-04
5.003195493466183709e-04
2.035498616697784154e-04
3.703126817575286603e-04
1.540881875792743849e-04
-3.219945173099642683e-04
6.572399034724799895e-04
1.153569462654021986e-03
3.844970266603794688e-06
-1.350742180652469320e-04
7.151959111906902415e-04
-8.446819790301080813e-04
6.395346303075991707e-04
1.493606367461888578e-03
-1.406508340038664651e-03
-5.310427201175460131e-04
5.726290014977606377e-04
4.566436865256391924e-04
-3.252377308570767388e-05
-3.941572716681160230e-04
-3.563450697203647939e-05
5.141591333499246708e-04
-3.526161823532261469e-04
5.900837060405867080e-04
-6.499812751174810933e-04
-1.178488817722711805e-04
3.360488790590262327e-04
8.203545412951753759e-04
6.440067147826932393e-04
1.235113658096521211e-03
-9.876909807212820146e-04
-1.023818445912559632e-04
-1.003857146056041537e-03
6.342673024586766928e-04
-9.621295488325392470e-04
-5.488491015528619885e-05
-3.480845467999728234e-05
2.186928453435554225e-04
-6.127711756606261462e-04
-4.276816099946704032e-04
-1.691507167801005809e-03
-1.226498148716698372e-03
-5.820124536095467585e-04
-2.256792399254883147e-03
-9.050275213868116345e-04
-5.865972713473867339e-05
9.231938829084741912e-04
1.030689353028839883e-03
-6.583318353335010018e-04
2.403152494665232800e-03
-6.647816296012886697e-04
5.312356936158170364e-04
4.193072444397887249e-04
3.962624404117912730e-04
-1.628293293290333050e-04
3.441025224074932201e-05
4.011089227673168855e-04
1.452430755611891467e-04
7.177112823560812785e-05
-1.047367521415111503e-04
-2.764208758070477471e-04
-1.604965830197586539e-04
7.106445295067753080e-04
1.190320399629822047e-04
1.217137807666520061e-04
-2.996684916474695397e-04
-1.152099890958798887e-03
-8.546507930752953071e-04
-4.923754378285573460e-04
-8.060069829245190744e-04
2.338054105153822553e-04
1.390436318000698556e-05
2.686014887548980839e-04
-3.350623939893790024e-04
2.731901967493857502e-04
4.570843247719079514e-04
-1.865353598096849107e-04
-3.696421480750351394e-04
3.957801611666229976e-04
-4.273114797224545117e-04
9.827565385031192334e-05
6.081704916001145654e-04
3.240612653368019004e-04
4.378988366139083597e-05
1.034207682289383940e-03
-3.509773066083320776e-04
1.030891972010869370e-04
8.969921612304693984e-04
5.602085245883527652e-04
-3.242011537071952279e-04
-1.626912596063211590e-04
2.458110890793565977e-04
2.582839018831499696e-04
-6.295161026289384913e-05
-7.406453164835455957e-05
1.233040050221961273e-03
3.608998452903664314e-04
9.217495573468841670e-04
1.608959963184090512e-03
3.355488991493668530e-04
-8.941615232822071498e-04
-1.124968083184990208e-03
1.293763902167158219e-04
-1.813729785692387271e-04
-1.074428351302893344e-03
-2.971072505468371969e-04
-3.522360881849131140e-04
-1.039360377224549228e-04
-3.694921057511195775e-04
2.955901093306950310e-04
1.281777895404184666e-04
-9.984664005541089968e-05
-2.427305648259724536e-04
3.387426159887704119e-04
-8.785571266923061394e-05
-4.842098891327322146e-04
-9.439343900687012490e-05
-5.184521908564599518e-04
-2.398834214599484366e-04
-1.722706800454904897e-04
2.855011264742567161e-05
1.015430077238855367e-04
-2.392358770526583592e-04
1.028175223683894582e-04
5.886124817465152194e-05
-1.620208483907402256e-04
-5.993893869908258358e-05
1.110190454768231964e-04
4.807302469603281505e-05
1.383411192916610718e-04
3.178746422398193226e-04
-1.246698613426078971e-05
2.301198343878745045e-04
-1.851511580386704374e-04
-6.164099996241172868e-05
-2.130462251706598882e-04
1.242126381866471196e-04
-4.774495391130294350e-05
-1.050385323971282479e-04
5.166364938252916445e-05
1.798663688281077193e-04
4.309583295983834470e-05
1.446372268017546276e-04
2.038821045525834798e-04
-1.286982619655240143e-04
-2.555239149734733024e-04
-1.351200449500766213e-06
-1.179277362663408953e-05
7.975929920078314735e-05
-1.558207705955943833e-05
-4.757115053169853848e-04
1.822938557931951366e-04
2.878706530864979878e-04
-4.563391383431703572e-04
2.474540710149306230e-04
-6.087198775193093267e-06
2.697952329405727836e-04
1.609581304498694391e-04
-8.450363428504281064e-05
2.383358256132380346e-05
-2.334941092867471300e-04
2.505878379473904893e-04
-2.228600723331752203e-04
5.623222180914824557e-04
-2.044276691982206543e-04
1.831142889227910285e-04
2.108807320770922117e-05
4.811965188160931790e-07
-2.046828919474433977e-04
1.874034169714055656e-05
-1.317244255309038363e-04
-1.202255323311082389e-04
7.424256695446498195e-05
-1.367439833819740383e-04
3.211410987015139154e-04
-2.078700817880852565e-04
9.273280106524131377e-05
-5.269531506871960461e-04
-2.926135413962828043e-05
8.176197215041875106e-05
1.672920537870634366e-04
8.912726968448400242e-05
4.016163159814664543e-04
4.651058337432965157e-04
2.682921332346994764e-04
2.069655726071680221e-05
2.443204583409109795e-04
-6.655766425748387688e-05
-1.833902969374493375e-04
1.093555751843427131e-04
6.611992271750383936e-05
6.341391641797610758e-04
-1.122697643364344846e-03
2.699413666095688163e-04
-5.579959515668407718e-04
3.961924798643130167e-04
4.278603527990432480e-04
1.061799175974408076e-04
-6.624293933675470553e-04
-3.150309607742988620e-05
1.064167500398006388e-05
-6.366712190810592327e-05
-6.409593740663948301e-05
-6.795928719462754038e-05
1.669286879122144950e-04
3.310972602035270511e-04
-4.254408988970296928e-04
2.072264786226168790e-04
4.497154098430330461e-04
-5.455355474147052406e-04
-3.495881906025494375e-04
2.575611352772562033e-04
2.369531293527097834e-04
3.476543132560558358e-04
-5.251069607329347322e-04
-2.377851731367526707e-04
1.118830929122365328e-03
-2.285115383901174357e-04
-5.463187977089068066e-04
1.721921369065993867e-04
-1.145900370126571932e-04
3.462361867408190802e-04
-6.584779525277423143e-04
-4.516800500671188387e-04
3.349421860264064298e-04
2.913715717478448822e-04
5.766861712442408749e-04
3.822229010415119517e-04
2.225383738569520586e-04
-2.981249386230628261e-04
-2.017377286497178731e-03
9.918482078799836614e-04
9.444881502906103069e-04
1.813023004970068389e-03
-5.267622217411485099e-04
-1.691525877750805291e-04
1.336368539559158199e-04
1.220066461464905903e-03
-1.150180564364928484e-03
2.394527945913822124e-03
-8.454329404166468099e-05
-4.669989522177995004e-04
1.941772892262179752e-04
-2.379712761965995156e-04
6.357275583388215679e-04
1.362206095971300109e-04
2.760912007264045291e-04
-6.954917793129148046e-05
2.178737692462094481e-04
-1.248898930213572099e-04
-1.954111811125837958e-04
-1.043275102991525900e-04
1.003710239152680593e-04
-3.257513201742090638e-05
-3.375454035613219007e-05
1.647857235733094525e-04
-2.717884335069923685e-04
-2.838602108767497470e-04
-3.337110149312180361e-04
5.367432916020060040e-04
1.893613300862112179e-04
3.866023157783331113e-05
1.144302899813311029e-04
-1.440845567876758589e-04
1.249136812730933200e-04
-1.343763108098497698e-04
7.580405472980690333e-05
3.298691850292610056e-04
1.523708756339629139e-04
-5.409674805211206689e-05
-4.457686369172032012e-04
-4.255490343892568512e-04
-3.030858235545455526e-04
8.780101959701016689e-05
-2.348000999865751666e-05
-1.224863569264055246e-04
-1.509614119377390945e-04
-8.476240496173593759e-05
2.704685657468660210e-04
-1.516205260479079402e-04
-2.719461720192369232e-04
-3.305962678013678910e-04
-9.301121480436801945e-06
3.377386114872411838e-04
4.070081543180411102e-05
-6.737822830387182437e-05
4.869346329441863142e-06
-2.686741167946835669e-04
-2.501138115056437657e-04
-5.249237937816208935e-04
-8.317557341684932463e-05
-1.981204469006261589e-04
-6.748165540271189257e-05
-1.570259467833942332e-04
5.533434816183839858e-05
-5.224162888653706904e-04
-8.547752646332266557e-05
-3.967478825878041930e-04
6.837801394891522598e-04
-1.378238344574924962e-04
1.046134919132674264e-04
-1.014298654873624632e-04
7.331550438589612591e-04
2.151496234635097242e-04
-4.592119129304283618e-04
8.395459887850351317e-05
2.283023147556157199e-04
-1.385692423938897713e-04
1.624644436126942081e-04
-1.151547460871915282e-04
-2.129630640541163274e-04
-3.703898003097413232e-05
-2.377040021810345816e-04
-4.697248596548000131e-04
-1.411910503466388153e-04
-1.949747110622078873e-04
5.026847579888245798e-05
-2.865612167617986785e-04
-2.027268519959259281e-05
9.727446182864298626e-05
7.201890137894421213e-04
5.268800256396085702e-04
7.193413626465508873e-04
1.491777318417247334e-03
1.546669130604131324e-03
-1.950680223271849514e-04
4.405460246961561918e-04
8.361636518408379357e-04
-3.511396452539044394e-04
7.350168850149020865e-04
9.489048414137387668e-05
-3.043230391424167587e-05
2.014040745328548075e-05
1.651112952378295574e-04
3.015710261446448155e-04
-9.722290743113168570e-05
-2.794406735761737815e-04
2.546690461905119974e-05
1.053599568724790576e-04
3.566362385217468063e-04
-2.810040395224187664e-04
-2.379567840427149715e-04
1.475344160372582579e-03
-3.644670587458674832e-04
3.226774868822804244e-04
-7.006465156863287899e-04
-7.052295748341979621e-04
7.543990589371686204e-04
-9.531870316221884628e-04
4.333112385266310357e-04
-6.714609213357423164e-05
3.009555657049524944e-04
-1.723528631626133174e-04
3.623917059140412448e-04
1.298057096160533180e-04
-6.180294403100698459e-04
3.103197848264905071e-04
3.224942591934770036e-04
3.230712823103770314e-04
7.577242396594075652e-05
-1.590068447549008253e-04
-6.261343794471352581e-04
-5.144603845087055869e-04
3.907001345936388700e-04
-1.585397181445150408e-04
-6.706032282901956427e-05
-6.780037669541675671e-05
1.198500846826615172e-04
-1.277015062496295408e-04
-3.267881447531577051e-04
-1.976579290886269942e-03
2.768621420126294729e-04
1.083794075760703820e-03
2.100837842525622983e-03
-1.610109936030341103e-03
-2.226533326404473432e-04
-3.480334742100339046e-04
-2.554402314430618257e-04
3.345815808138384584e-04
1.236133800449075448e-03
-5.626152992844518554e-04
1.737641243719376333e-04
-1.762761018633005950e-04
2.053973670872640271e-04
-4.607842576130313826e-04
