-9.407139647850080186e-06
9.992071641582251837e-05
-4.746712624527171139e-06
2.895013489505068145e-05
-2.507378199747242097e-05
-2.110484993514523345e-05
-2.942042113300310342e-05
-1.089376110556780392e-04
-7.671359593088677281e-05
-2.410342240588935174e-06
-1.184536567054554764e-04
-2.471215942171637767e-05
-1.118773865324154904e-04
2.130187612602119172e-04
2.081538374187183373e-04
7.514954002918685001e-05
-1.997165055942043443e-04
1.613149883695412881e-04
-2.132882750938711055e-05
1.111052544153132940e-04
-3.936280503719746099e-05
9.167452610033875960e-06
-2.183880783047599983e-04
-2.756365547568437086e-04
-2.073514100677491719e-06
1.308096748527160414e-04
-5.016090766573142189e-05
-1.283393134505323406e-05
-2.842488821114015217e-04
-1.579719035843355510e-04
-4.004700106010650217e-05
1.113882518947768179e-04
-1.586100909059479991e-04
5.838653258709810726e-05
-2.496479936614875951e-04
-3.199514987852761162e-04
-2.064452184203171854e-05
4.174164507607501229e-06
1.306346462903154235e-04
-3.864172805455591114e-05
-1.920654645283541490e-04
-7.501073877900439114e-05
6.764200018193516949e-05
-5.190692581137037098e-05
-4.619384687320890123e-04
-5.513427563795284762e-04
1.769596487988330154e-04
-2.385195871923599052e-05
-1.092806274142183413e-04
-9.852681299932678047e-05
-8.905334239825933845e-05
9.571304466625892861e-05
-8.225228355060841957e-05
7.260923100088777942e-05
-3.024359542663609588e-04
2.735931327438623781e-04
-2.407033606117135749e-04
-1.851033991641421689e-05
-4.201689018604892354e-04
4.705819471428662114e-05
-2.072549682639642920e-04
1.873892939466300484e-05
-1.268999704525328469e-04
2.027188775114935221e-05
-3.788758523736408199e-05
8.334756354603945080e-05
-6.279700288939388567e-05
-6.112504241724028809e-05
6.579653646037798322e-04
1.380461405983683285e-04
9.577541809592173157e-06
2.267328234968977313e-04
-3.361168524118007231e-04
2.828158167279686843e-04
-5.340666037901448950e-05
1.168869871914422857e-04
1.728132431270164987e-04
-7.512089887612560389e-05
-6.839822503741641858e-06
-2.658753334183630327e-05
1.924289974397924577e-04
-2.165421358952957095e-04
-1.739434098067990891e-04
7.564745642881264877e-05
-3.125581553031745612e-04
9.826496755010598631e-05
-2.022877886318073695e-04
-1.457462682046213370e-04
-1.557131005009142362e-04
2.175585766005985863e-04
3.156741750858160713e-04
3.642038480748250971e-05
-1.388184437235951373e-04
-7.915762941117141752e-05
-2.486746170808012231e-04
-1.251990805331173301e-04
-3.387221728839881859e-05
1.474185654069888238e-04
8.004775718064475283e-04
1.269016825562260678e-03
-4.218784807651805840e-04
1.457731351189330525e-05
-6.095071981481064473e-04
6.128201916175001882e-06
3.936900676748543069e-04
3.245688733627681869e-05
-2.450529706489801892e-04
-4.160395657957439617e-04
-6.017534126380760622e-04
9.523558587360544860e-04
-2.261057103214061774e-04
5.741785895471246100e-04
1.962766343489099100e-04
-4.674774964679411497e-05
7.976294207125410882e-05
5.209473348073525488e-05
9.425997911928908450e-05
-2.288614980968398322e-04
1.500283723370328902e-04
-1.358817439740484054e-04
1.215713620034092964e-04
-6.138100669463578607e-05
6.251952685827100208e-05
1.363867196277470132e-03
3.985108481560460246e-04
-4.596196727736997925e-04
1.356159318869983488e-04
-5.339285397287916362e-04
-9.112024385810091646e-05
-6.813554703898398702e-05
1.555031098739986036e-04
-1.299728935046167929e-04
-4.053924233245849375e-04
1.848637753971344214e-04
2.464831909799905887e-04
-3.044839770800320954e-04
9.025947741935135763e-05
6.843163180835249858e-05
-2.530222913057105015e-04
1.679592863560310054e-04
2.645699081262439974e-04
7.154400166981523222e-04
-3.239838432419693787e-04
-1.117752112876494786e-04
6.816437516875445445e-05
-8.139137125829698017e-05
4.554467789618931199e-04
1.446452062486104704e-04
4.218835352240176252e-04
2.310496703375570181e-04
-6.321521834041271461e-04
9.136543165366667416e-04
-6.935611780390725078e-04
3.430229788927154858e-04
3.627962805084280909e-04
8.639730667773877948e-05
7.880560817257146881e-05
1.851836547900868760e-04
-4.902174650435637019e-04
2.294353421763096405e-04
-3.978734749155825854e-04
4.717488315134121449e-05
-4.966898833432828800e-04
-2.325922534770325748e-04
-4.619710718839139542e-04
3.909841664410654207e-05
5.437708786997926761e-04
2.553200810894012680e-04
-1.749475853456950141e-04
3.550753576930196128e-07
1.380786502853733212e-04
8.819902901242318799e-05
2.874367289199933180e-05
7.180950638186989980e-04
-7.405648163040737947e-04
8.234367477033832660e-05
-4.038493139799406413e-04
4.072860363131286412e-04
-1.309794695311682121e-04
-2.459818659793536438e-04
3.165407009589803959e-04
-1.502700389431040951e-04
5.661280884660365370e-05
-2.980794148522204642e-05
5.353558987887758807e-04
1.339049346384666209e-04
-2.452025711256529839e-04
3.147072664704547587e-04
-2.754320122859979449e-04
-2.981869057664855585e-04
-3.315731898765863963e-04
7.180881748063169096e-05
1.775579470797372878e-04
-7.926814590016265788e-04
-1.009095256516396395e-04
2.426860972401280187e-04
3.162847827635382011e-05
7.185763184727507339e-04
1.835286776837457580e-04
-2.157178294420999455e-04
-8.623904337459039010e-05
-6.332928202680147877e-05
-1.344898168243209157e-04
-2.519211086331054976e-04
-4.069991753198202501e-04
-6.251816696207004040e-04
3.371148659262049384e-04
2.930956843047786932e-04
7.771908616675045779e-05
3.040407339985884676e-04
3.006854948687295165e-04
3.418965651223714866e-04
1.810888598416399305e-04
-3.304078650432873366e-04
5.434501990669380190e-05
-1.871857564808035673e-04
-1.526011748838719355e-04
6.392758461116016748e-05
4.292833020505394497e-04
8.634073151049824263e-04
-4.797392480016616557e-04
6.763745308417890229e-04
-1.080783559460637522e-04
-7.852562144664559246e-05
1.353368245823195596e-04
1.492710005516205451e-04
-6.015178659609042014e-04
3.485068705671671562e-05
1.078505757383325302e-04
-2.794602317837024041e-04
2.829496937187679813e-04
-1.170199090427578967e-05
6.127769166514521876e-05
1.048765653235922499e-03
-6.786315942414826961e-04
9.669711475969772381e-04
2.614495411661308657e-04
-5.665696715586898994e-04
-4.158135904225428994e-04
8.952350354577749301e-05
3.452089536486037760e-04
-1.661822438290787291e-05
6.995553210933308042e-05
7.902403979379814996e-04
-1.529046966064915507e-04
1.252637672846950866e-04
7.753053209998623564e-05
-1.433580317861952904e-04
-6.778186492017773592e-05
1.056346364486563218e-04
2.532565525912898268e-04
-3.780554181988798478e-04
1.174822099024593743e-05
-2.129470796928425546e-04
-1.871048266712227166e-04
5.820533363233778310e-05
6.015075710199544780e-05
-6.089153451785107949e-06
5.298329813078451415e-04
-7.593497517348906821e-04
-1.314845446348467985e-03
-5.130071986375130165e-04
-8.648858029640840283e-04
-4.664720412775441019e-04
-4.468778312024918563e-04
1.957420749868835075e-04
-9.694570870931564291e-04
-3.390949302083793616e-04
-4.085504299317295235e-04
8.652448950810763539e-04
1.074889083084204326e-03
7.543841162154703859e-04
-1.803028126356464927e-03
-3.762153442728438505e-04
3.078356250806016554e-04
6.462578107482479586e-04
-3.071375199054941687e-04
-3.240855377952314687e-04
7.698848508442789063e-04
-4.778494417221620201e-04
-9.420406411742416296e-04
-3.739522522202161619e-04
7.083968823737039682e-04
4.855018441712743863e-04
4.157704516162824689e-05
-3.676546027580813222e-04
2.187725216841105412e-04
-2.869624612032987856e-04
-8.537121713633422863e-05
1.708263206038394366e-04
2.026814372705942110e-04
4.517772484709611401e-04
5.471963987314966155e-04
-1.211705260330125716e-03
-3.797604561708568761e-04
6.914939682645830426e-04
1.239198577433363443e-03
1.553874946583444668e-03
7.842130316430063249e-04
-3.700372443765365658e-04
-4.901962748974442521e-04
6.147628607233570968e-04
3.571441254964912858e-04
3.937658252303150941e-04
1.683727744307588262e-04
-2.375601379411675172e-04
-1.574216141846629629e-04
4.620999539747963430e-04
-6.254960017311091689e-05
6.866368717080173099e-04
-1.901046004005131824e-04
-1.816931530823061324e-04
8.768139121471947670e-05
2.274138549165868905e-04
-2.721290618610889742e-04
4.538970719348664105e-04
5.355714001291801002e-04
2.941704097342520176e-04
-2.469934394508209322e-04
-1.902337645246817278e-04
-1.377482008181485243e-04
-3.209730701225255211e-04
-1.635026881074460442e-04
-1.108151336955626794e-04
1.338240260849758766e-03
-6.843357836469061550e-04
2.916169045739631731e-04
1.046230995158959351e-03
-8.028891898248509233e-04
-1.329395985669666472e-03
-4.914330051682433247e-04
9.341877628402692028e-04
6.305403861259597283e-04
-2.241752553559983943e-03
1.496388800988174847e-03
5.485959466369758671e-04
-1.110259506096499286e-03
1.625958741098920126e-03
8.574799545324582502e-04
1.397730435987264760e-03
-1.579325730609924469e-03
2.798492697097868225e-04
6.859940624458357120e-04
5.629448825358404781e-05
6.973320383261593551e-04
-2.156580469289014668e-04
-1.544558304143963290e-04
2.254561771195888703e-04
2.709153514901616196e-04
-1.701177587117306492e-03
1.431802462819206168e-03
-1.384181055206494494e-03
-2.710682053867195275e-03
1.121171633305274518e-05
-7.767067022962821643e-04
4.245669123706359376e-04
4.854018938979298486e-04
-5.913486353341106290e-04
6.758011639053564806e-04
-7.733754373715896573e-04
3.016592195852256194e-04
1.028192060434680193e-04
-6.391890795122387751e-04
2.160609663515704749e-04
3.116191737817613464e-04
1.316327495749683549e-04
1.290067600336904476e-04
4.728612436524692585e-06
9.790921821254850322e-04
-8.259797251485582938e-04
6.860527232044815816e-04
1.158874640304039015e-03
2.781197072097476436e-04
9.389850255432541804e-04
3.641666272986017580e-04
-7.805106366209212012e-05
5.562908586283298962e-05
-9.926582877578808868e-04
2.822411951433075701e-04
-5.918343729120531917e-04
3.058885542931084108e-04
1.505781196201707581e-06
-1.103383427529886700e-04
2.050307106460581581e-03
-1.613310177598420306e-03
7.240292489262753744e-04
-2.186293239796349621e-03
1.652466199079752904e-03
1.344414183517037389e-04
1.663216192146700536e-04
-5.095423016200231010e-04
-2.156153521891631156e-04
-2.916607962408078350e-04
1.294490018757502633e-03
-1.857369245925765176e-05
-1.343465828584992894e-04
1.031102234908312524e-03
-1.058203550403888664e-03
-1.385639788274093656e-04
-3.156289535034852416e-04
-1.272262601664658982e-03
-4.195132436038083966e-04
-5.676077235834546845e-04
