3.494836119816601836e-06
-7.172292680691448716e-05
6.098027349655092292e-05
-3.471297493669103242e-05
6.315452517694023762e-05
1.004928650918378047e-04
-3.151149438447164121e-06
4.402344153163237719e-05
2.265613010328447967e-06
4.400120206735383762e-05
3.551935627311875746e-05
1.038268712668332924e-05
4.894212482920414972e-05
-3.381987067118624686e-05
-1.460794580310994801e-04
1.608015768117175787e-04
-7.057649430576974723e-05
1.029206738721263507e-04
-1.128194545211648784e-04
-1.018133629344222574e-04
-3.825442224433862632e-04
-5.094412190185588401e-04
-6.453357451545904027e-04
1.094042067278852559e-03
-5.116328203009004854e-04
-3.380963827143730746e-04
4.527702852551370198e-04
-2.182127756562728170e-04
-3.598516146540438158e-04
5.121004230410961108e-04
7.623394135625196862e-05
4.408880567337554544e-04
8.488635460029862799e-05
7.844656150532221977e-05
-7.583225249963105523e-05
-8.550477318136829501e-05
-1.521715398612019567e-04
-2.632049894560405955e-05
4.920535341376761464e-04
6.294806081010288117e-04
-4.056056355235275381e-04
7.361628504259412056e-04
1.668838093578202061e-04
-1.376251649697005498e-04
-3.685205729430346519e-04
-5.354531614468146822e-05
-5.440342298318007154e-04
-2.673009926455686654e-06
3.166793930670788260e-04
-2.419095926373234157e-04
2.208355935874800949e-04
3.821258085996038101e-04
-5.653765119045841945e-05
-1.023567962176798705e-03
5.550568078771570511e-04
5.872982279168550805e-04
-2.198512459909000762e-03
2.589826337785294352e-04
-1.434052651503586598e-04
6.067794753676769700e-04
-4.913306807523524925e-04
-1.959984741440988639e-04
3.490323372461869109e-04
-1.523459743971124138e-04
-5.305022757446661792e-05
2.810274892628898506e-04
-6.156907502734710724e-05
7.611251699989195923e-05
-5.723424960180531181e-04
-1.893565264937727404e-04
2.506353377968177274e-04
-1.424041640571832037e-04
2.912032315397099008e-04
-1.684239549318703507e-04
1.690919663375482947e-04
4.664483631062973934e-05
-2.726089381337813006e-04
2.885822517307914947e-04
3.701566766191294973e-04
-3.259875292376975247e-04
2.714698862623018678e-04
-2.705789287211020269e-04
8.226730747614946646e-08
-9.377869178551638584e-05
-2.980462218751321981e-04
9.688674312047506091e-05
2.544908561560469480e-04
1.096337502814177220e-04
-1.134521134570171482e-04
2.964656224705244065e-06
-1.710797973446611959e-04
-8.687350113574877680e-05
-2.751630213263291317e-05
-1.741514858142017945e-04
-1.384640745031927940e-04
2.510217755824051917e-04
4.046447545341553409e-05
4.037248177725718265e-04
-5.045839975514861071e-05
4.178950959622476386e-04
3.651952768407635999e-05
-3.251962267193451967e-05
-1.463778342974993022e-04
-1.511050886418334914e-05
1.060626071298802432e-05
-1.636378629083953243e-04
5.231299370241734479e-05
9.758486934730167209e-05
-4.845727847599812905e-04
-3.070139663285727390e-04
-8.253834203852302700e-04
-5.991378040064944312e-04
-4.854340597641979048e-04
2.137926106833365296e-04
5.016681800539508294e-05
-6.983150570230975591e-05
-2.336654430133268217e-04
-2.734375354736593008e-04
1.101139155922389152e-04
-2.710122466345165747e-04
9.782647067179228001e-05
1.382309534825258132e-05
-1.319684720643654835e-04
1.232722810909524431e-04
1.079614955955699048e-04
-4.577451215764830820e-05
3.175002920392700921e-05
2.453927604814305796e-04
3.817135569953871598e-05
5.568664523657277125e-04
6.897240120112081751e-04
-3.727706990329229873e-04
6.772189891301847071e-04
1.727707637530881044e-04
1.273034697894839503e-03
-4.387243186049885114e-04
-3.943796062751764244e-04
5.112563002190947817e-04
5.739740341892006823e-05
1.578729719144949389e-04
1.981193119827044191e-04
-2.990552436544655296e-04
-1.566107246978364152e-04
7.911787692991004628e-04
-3.628589634057243656e-04
2.188547494530292744e-04
3.223832996321406388e-04
1.740580358332033135e-04
9.941413101987950981e-05
3.665234231023618491e-04
3.615783844279287667e-04
5.539299461227246415e-04
-3.323690816030207837e-04
-4.285470539428943562e-04
-9.389661930978368282e-05
-2.836708106912674528e-04
1.852692028484150715e-04
-1.681400015020722020e-04
-6.654168507711690633e-04
-1.455438478379531388e-03
-6.211762350888561275e-04
-8.453638156359935497e-04
-1.503696548737699489e-03
-2.543809687637127101e-04
4.816902315422637196e-04
-4.631969813528347981e-04
1.826791406635905476e-04
-4.387130242780630930e-04
5.831403547377856350e-06
-1.873628908579403674e-04
-6.412840218053753372e-06
8.634974242809976132e-05
-9.656925574799304468e-05
9.669157157884282526e-04
4.613127921540597489e-06
-3.926161246027616309e-04
3.256145328606111075e-04
-6.952729454736373497e-04
-9.057983688528171897e-04
2.004580945066076830e-04
7.693135889939313032e-04
-2.405045958685465076e-04
8.938315601168090414e-04
-1.339078412144115008e-04
-4.954485570930511644e-04
-2.886120258189563419e-04
1.676482814881937480e-05
-2.618355271292829075e-04
2.296056136004487390e-04
1.661532374376183065e-04
-6.925703005300219749e-04
-7.268821378566092499e-04
-1.043615391318916631e-03
-1.088378665451818087e-03
-8.593748241992449745e-04
2.744510917745055759e-04
-8.630914865234098508e-04
-1.267404125265246821e-04
4.216222623305700520e-07
7.092942096186761656e-05
-6.562037211835569433e-04
1.680136477684598896e-04
-4.605337431618231265e-05
1.662027085590218889e-03
-1.423431325504189316e-03
2.293066164227132615e-03
4.540830162870356131e-04
-1.687554099690120272e-03
4.531488834722259581e-06
8.958843320453174601e-05
-6.285284135546198537e-05
-2.747364910785847318e-04
-3.498300545489772362e-04
2.113705971919724454e-04
-3.225612551463751280e-04
-1.122118156039119565e-05
-4.756825501357974349e-04
1.753870055585439339e-04
1.000441046999607899e-03
1.410405930027939202e-03
-6.041128118503684722e-04
-1.085589315623916411e-03
-1.902781206237684302e-04
2.404501231643209357e-04
1.037969955283595170e-04
-7.723515750097388036e-06
-1.394356421664135056e-04
-1.215439377692423780e-05
-1.071645325098706395e-03
1.060410764772491774e-03
2.947327864111240698e-04
-2.571833940244484524e-04
4.879169680279153362e-04
8.010317807034605464e-05
3.441722882217620062e-04
4.567282420360473409e-04
-4.867816356630158634e-04
2.091574923969015355e-04
5.283390232666628590e-04
-3.616889154459711274e-04
2.769375167986582787e-04
-2.815300897845294170e-04
4.455076015490412535e-04
1.617961934835079581e-03
-1.972641468490033030e-03
-1.121578681675223729e-04
-1.173868897125113567e-03
2.576097994534875743e-03
-4.722066593213912369e-04
1.033346329388045576e-03
3.715520167097730877e-04
-1.021394917810076460e-04
-6.929752167857512139e-04
1.701220514865560009e-05
-5.774591678227452857e-04
-4.229717879721202919e-04
3.550192195191337568e-04
-1.674350187710841188e-04
1.142142727411183008e-03
-1.020008263059153002e-03
-8.183808776958646173e-04
5.586922832893231623e-04
-3.046869253915054248e-04
8.839052302195041472e-05
-5.323147447547297559e-05
1.608762244905942006e-04
2.286287575668295333e-04
-2.266757285528651661e-04
2.618067815702037455e-04
2.062515948653581858e-04
-3.649844572231189857e-05
7.469609620174228262e-05
-1.117559683538185889e-04
2.050173693021338419e-04
4.578356950555333751e-05
-7.216107206439538783e-05
2.951380024381344507e-05
8.172576267979370383e-05
2.709899352991938510e-04
4.782455113600158405e-05
9.488685462382426359e-05
2.971897816377683482e-04
4.699386237945096031e-05
-5.201452421030329894e-05
1.318477330999720716e-04
1.982741542755095420e-04
-2.931924372205353376e-04
3.051166610793911772e-04
-1.289968869482337129e-05
2.532153001131864391e-05
-9.258791752504892539e-05
1.564361971938663294e-05
2.971652839388157696e-04
-1.952326609903613124e-04
3.422770425641009960e-04
8.074038222241531509e-05
3.948150652744640771e-05
4.044977360076705542e-05
2.382665663139817104e-04
-5.245470449714880585e-05
-2.626357058177279354e-04
-5.338352529730092404e-05
-2.178788406733797220e-04
2.089163352625199928e-04
6.837707115767104992e-05
1.580278673475619467e-05
-2.259677519358588608e-04
-3.178083456965772572e-04
-1.905202555446637190e-03
-1.243735610135113809e-03
-1.371463135967765107e-03
4.617618233811929111e-04
9.804092168286678791e-04
3.774535600724291144e-04
-3.871288499896698870e-04
5.031619031981012869e-04
-3.655210670835384846e-04
-1.456735081519167031e-04
-3.401817908904075280e-04
5.219972284422976947e-04
2.149138967942914496e-04
-5.849788746493294803e-05
-2.405514470898536996e-04
1.285384332588402441e-03
6.428522001740176245e-04
-9.343685936784492654e-04
1.078859413870371858e-04
-2.631831111386903773e-04
-5.663881882583895620e-05
-1.863712199884374413e-04
3.283119315167519394e-05
1.300637257938881837e-04
-2.429517527753707233e-04
-4.746561511242578055e-04
-2.546013941112806357e-04
-1.185796029809309780e-03
-8.649134171714096446e-04
1.116595055334589082e-03
-2.553592906940898059e-06
5.515465075602446010e-05
-3.356036902898077551e-04
4.320008185822889050e-04
-6.108093232713743227e-04
2.434509130198639858e-04
-2.390614863579010763e-04
-5.511337729945406876e-05
-1.664872776289183021e-04
-3.854183147745188437e-04
-1.468077887677867550e-04
6.302638555670469437e-04
7.295929125478703208e-04
4.303626215270987734e-04
2.013544986143140595e-04
-9.347586719674897597e-05
-4.958916254871768500e-04
-2.103573162397590892e-04
-4.864042439647397542e-04
5.553963543949163196e-05
4.605009049763698691e-05
-4.388423172108474844e-04
-6.459428126337391797e-05
3.170415643679474517e-05
1.216641072760504892e-04
1.188064433289500756e-04
1.350907085988689354e-04
-5.714396993902398701e-05
1.338163422288350408e-04
-1.809600224744847320e-04
2.633007551178246091e-04
-2.096421111176299996e-04
-2.001669621485642383e-04
3.336039268447623675e-04
-1.898315962764456511e-04
-2.777237645664247761e-04
-1.134447852722391629e-03
8.248258782865560638e-04
1.253629729009053293e-04
-1.894790342979148050e-03
-2.002837400167940384e-04
9.518726943752618078e-04
-3.077741577779546803e-04
-1.161656378380252727e-04
4.910683611618445665e-04
2.226138650515545412e-03
4.018357347690931889e-04
-1.109712935919750503e-04
-1.820822086753323861e-03
-8.197748629753938377e-04
-5.163770291083090040e-05
5.921345124264203803e-05
4.578140722950717621e-05
1.984050314143331797e-04
-1.580932869015322275e-04
5.070125530987590031e-04
-6.532211137331711548e-04
3.609916445579193132e-04
-1.184474369574350754e-03
-5.920357669057980683e-04
8.925588253319021608e-05
1.291318276813340274e-04
-3.183026655701817618e-05
2.591974202995253997e-04
-3.164936838423021144e-04
