-8.319652636043451806e-06
2.564264703404484623e-06
1.887545636268264334e-04
-6.154274222821083304e-05
3.552594365670955928e-05
-7.463622841843193677e-05
-1.938549900590147158e-05
-4.958452410771149293e-05
-5.172637537273422424e-05
-1.002476794798548186e-04
1.111850276443277451e-04
8.586733412855442418e-05
-1.629415992661309377e-05
-7.736938052498914728e-05
-1.244811626881302095e-04
-3.953480341420850942e-06
9.997374390284610192e-05
1.080386176592876870e-04
8.588788530042481672e-04
-4.904574772585317639e-04
7.396933883132721967e-04
-1.425847570444891679e-03
1.122956655088868175e-03
-1.557406942001656911e-04
-3.299203120148403280e-04
5.026707543440704813e-04
7.107154545453387611e-04
2.942956464729309875e-04
-1.478178409997634119e-04
-8.429572335684255597e-05
4.578893470285473708e-05
-2.344503279612610469e-04
-3.098418732303721162e-04
-2.712750267925947479e-04
2.194299168542904492e-04
6.394794948911554887e-04
9.293357828613407409e-04
8.324643732798953739e-04
-4.436203161357691314e-04
-2.630163754025598719e-04
5.142465214289639128e-04
-2.489835953211183409e-04
2.029987985327846248e-04
9.708376812232267020e-05
-3.656523943178463889e-04
-8.586858327227149702e-06
-1.307497071094523898e-04
3.825700451666490037e-04
2.904708546606825327e-04
1.711834378903036697e-06
9.807999444591119099e-04
-3.897236664707319780e-04
3.807753329750057755e-04
3.226892663084975250e-04
-1.470563215286101698e-04
2.406719238674249453e-04
-1.831082375254536879e-05
-2.844508079173030477e-04
-2.119318479353368549e-04
1.666685271617883402e-04
-2.577523077723957662e-04
-7.890481491747777600e-06
-1.358450919917990232e-05
2.895939010482070117e-04
-2.242436471340821349e-04
-4.268649283073079880e-05
2.886306784548083179e-05
3.099795631137967569e-05
-1.221911902121998960e-04
3.993784232416008211e-05
-2.166938969334132907e-04
2.928868111037064579e-04
-4.189247501336654592e-04
-2.123303340103632807e-04
-2.468985037322822388e-04
6.074663318835203142e-04
1.553715107152521936e-04
-3.103349634859040702e-04
3.200013230609914119e-04
-1.236758033903316209e-04
2.980457599657807184e-04
8.651492855963145354e-05
2.395713781063611898e-04
-8.009747978025295032e-05
1.247597748214900114e-04
3.749059362084195072e-05
-2.301388595704786087e-04
-7.524530534922894965e-05
-1.351165656334900908e-04
4.354221920698379323e-04
1.667604036641445460e-04
7.557954178438406874e-05
2.583752248985164007e-04
-2.010418812052238097e-04
-1.894767116757706423e-04
-9.523471001391412092e-05
4.111288406080644233e-05
-4.604921141534266287e-05
1.055825606607222687e-04
5.605342044414799639e-05
1.339431604980203931e-04
1.561639142442041751e-04
-1.634506666529441808e-04
2.014965360732764285e-06
-5.705029387063925315e-05
-1.585891744665010291e-04
-6.482834269184569019e-06
-2.220602430223450575e-04
8.245836084723676411e-05
-1.121555228061633075e-06
3.767554070787022293e-04
-1.945328470967467248e-04
-1.445605911231950553e-04
4.379418917380194318e-05
6.653869831595472083e-06
-5.100342480147411730e-06
-4.281824921908706756e-05
-4.873493849232944772e-05
8.401927651295193619e-05
1.507469935466436623e-04
6.951654341828067353e-05
-3.894907726230877678e-05
-6.312627622328040571e-05
2.090331398578063689e-04
-3.134116642530632645e-05
6.541477477697614452e-05
2.293581379768972232e-04
-2.325673859496755233e-04
-2.906951327809732767e-05
7.709257384788439351e-04
2.689245004711339655e-03
-1.432471984145810466e-03
-6.687759609195188478e-05
-1.109801107810384421e-03
-1.453056589791776277e-04
1.421100503968069869e-04
5.310053453052780530e-04
5.347111001406832861e-04
-1.052705996613525347e-03
1.349149739435066137e-03
1.879209797314595380e-03
2.211003178502791554e-03
-8.172387968522579768e-04
-1.048991720573022243e-03
2.381810157138775780e-03
1.215457352558541254e-03
-9.873494593037478086e-04
1.340177871778846716e-03
6.280160224476795785e-04
1.545885756350177113e-05
-2.815723580456876694e-04
2.130862193749169780e-03
1.337184387198753687e-03
1.121569808944802848e-03
1.342704343305116009e-03
-1.852365171766437576e-03
1.439976808267344911e-03
4.503984741864218921e-05
-1.361810325461306750e-03
-3.280601730705356723e-05
-2.045386699203489110e-03
-1.052932887763484817e-03
-1.036703957578223459e-03
-5.824973038110151536e-04
2.397050309231345191e-04
4.114940940541849566e-06
3.655702114479827784e-04
4.512057010267591988e-04
-5.467012573597630808e-04
5.848515413162289848e-04
1.286083422582480143e-05
2.480960587319159280e-04
-2.396420789494688771e-04
-9.084994864127334728e-06
2.028099141600135484e-03
-1.000456602661206791e-03
-9.355428862319172065e-04
-1.187537304368805127e-03
1.687909792063518692e-04
-6.373581636949600312e-06
2.421227871291419193e-04
1.634025183154225560e-04
-2.552141042321970105e-04
-2.115194808778064848e-03
8.907608387458797053e-04
-8.382361169810772930e-04
4.573543491176601137e-04
-3.469194506748016259e-04
-2.100835210013471139e-04
-6.304527952802393281e-04
-5.369815194640958981e-05
4.574578622936451597e-04
4.454953464626626122e-04
-1.026305878210407967e-04
3.624297871882020423e-04
-1.826934145060840186e-04
-1.461118923473923869e-04
-2.262957447226282115e-04
-5.154896606527318995e-04
4.588924694381115625e-04
-1.505828395287932340e-04
-2.235082992739794339e-04
3.052583278826445212e-04
-6.483457828547699829e-04
-3.017185609562710041e-05
-2.293952280851794276e-04
-6.722187753290416717e-04
2.771176253555579288e-04
-1.643650001094344097e-04
3.697941528187546163e-04
-1.387910682109698380e-04
1.953447115343413939e-04
-1.068685867309175207e-04
-1.022363419237955667e-04
-2.004132303117192202e-04
1.637710423241370484e-05
1.944379503509660763e-04
-1.872700977128450184e-04
-1.416741240947234286e-04
-5.385207318365619602e-04
9.917903583854612709e-04
-2.799902625163963512e-04
7.098244542891145314e-04
-6.004174639457258121e-04
-4.919102570111681238e-04
-3.661496757986430870e-04
-3.017835261288713935e-04
6.120191011741540389e-05
1.965651634946398094e-04
-2.300189252232837762e-04
-1.088607628736308277e-04
5.362514224147683787e-04
-2.647572342323955912e-04
2.183122580591274453e-04
-1.212773303842501341e-04
8.932006106049992848e-07
7.003827620411733990e-05
2.775479436855009084e-05
-3.464660660887571063e-04
1.352120493646076494e-04
4.902959763264894465e-06
3.542719633849158653e-04
3.166572216170357858e-04
-4.019665854661727414e-04
1.272986583731880797e-04
2.337169078857710073e-04
-2.464843569604594485e-04
-4.918077244514157701e-04
1.568504521536647877e-04
-5.959021440848484644e-05
-5.068853973465617911e-05
1.378581107409983556e-04
-1.245513431501909141e-04
-7.797317762330169768e-06
6.154531229360907143e-05
6.707789711768202996e-06
9.572761892127123529e-05
-3.264659151805130366e-04
-3.834436857812493007e-04
-3.924207039977634461e-04
-1.854974121065178455e-04
1.722402868857117648e-04
7.823976167392878377e-05
4.605631492562845116e-04
-1.490404260049238080e-03
-6.836540453093245540e-04
1.174719940977717253e-03
-2.359538182705106307e-04
2.022805867565715743e-04
-1.555598432518112521e-04
4.994464180526963712e-04
2.590025501093131213e-04
6.037342738175356790e-04
2.325493383553279398e-04
8.167412750575793121e-04
7.118536422134614768e-04
9.370272183671843596e-04
7.022784029821645384e-04
4.383624446312163144e-04
1.064744930755971925e-03
-9.198599184865396223e-04
7.298300844998596617e-05
7.454751143258850224e-04
-3.516274944227697338e-04
5.219824812166355948e-04
3.588517521592393894e-04
7.027357525182185418e-04
-6.773784272244279996e-04
3.775656694550473270e-05
-6.039652227276444012e-05
1.196808322537963755e-04
5.188599782015679111e-04
1.955913799389454358e-04
6.738165907313517890e-04
4.258697695258702696e-04
-1.164821529669647247e-03
-2.295295112126787332e-04
1.862321670012633381e-04
-6.149695256547759326e-04
-4.876134530283036408e-04
-2.039299525130846473e-04
-8.165046355269226603e-04
-3.669616457382983486e-04
2.448269476908627052e-04
6.683979677799952931e-04
-3.205112826367092246e-04
5.252974931032204555e-04
1.386816119987395370e-04
5.369935612317486290e-05
6.707454922696137875e-04
4.209253087585960551e-04
1.401662487393419215e-04
-1.080162901452984487e-03
3.012744643237920102e-04
-1.730992010504100347e-04
8.994911274007813963e-07
2.767854698348070058e-04
-1.445871810110345608e-04
-6.390586795383570821e-05
-4.901217087268669806e-05
-2.488522846782864663e-05
-3.099409227672245875e-04
4.818432771913551296e-04
-2.674084941351945795e-04
-4.480231094914416054e-04
-7.219751665757526745e-04
-4.545264638825263228e-04
-6.720248939590296473e-04
-3.345312642292569633e-05
-3.911146577631841124e-04
1.609764774168775275e-04
2.475194840806776964e-04
1.149223637447037251e-05
-4.602165776284431777e-04
4.930571042780759533e-04
-1.945477801316733109e-04
5.264120050456304927e-06
2.275651241661166100e-06
1.916447550173549889e-04
-2.236451897455859334e-04
1.190202309092565988e-05
1.464119585646294101e-04
-2.352491226455080719e-04
-1.662358372919757259e-04
2.516079060613103828e-05
-9.551901268051804451e-05
-2.168270194201133067e-04
-1.736620373341462914e-05
-4.375894203857388074e-05
4.212372941032260180e-04
-1.801146342793838071e-04
-1.009426869663891121e-04
4.933092085470098913e-04
6.072924215431367811e-05
4.433285686388374006e-04
3.472759792092546677e-04
-2.595069254325844650e-04
-6.301951794344209685e-05
-3.819921157312873442e-04
7.235538050955814184e-05
7.249388050960412432e-05
-4.095471075513385634e-04
3.934648523392237219e-04
2.287751007492144903e-04
-2.395950931688723285e-04
6.071896605446213774e-05
-2.578776497053691464e-04
3.239993881582421165e-06
-4.946776092457324300e-04
-9.869624835422291260e-04
3.713292753976450049e-04
1.417613022420028150e-04
2.514791553315203062e-04
3.151248068287648913e-04
-3.425939106804574947e-05
-2.949965153919112295e-04
-2.048230103238488726e-04
-1.006634314598334828e-05
-3.526227685550842924e-04
1.151011352213284731e-04
1.425069085389429522e-04
-2.646513000734830676e-04
3.858710427275672313e-04
-8.074638436812853334e-04
4.302808303367303155e-04
-7.259124030998904877e-04
-5.056421237101154428e-04
-5.165969634135012369e-04
9.669078200101903151e-05
1.307553243050296125e-04
8.321503663353577260e-05
-1.272176537356167997e-04
3.329499585785717980e-05
-1.345055758543652372e-04
4.366251330823748742e-04
-2.122502060465840534e-05
2.891769604753791661e-05
-2.632808862323647429e-04
2.088934706700098913e-05
-6.210017210571728316e-05
-4.709030174664949531e-05
1.828656032183382813e-04
-7.502529907571492537e-05
