-8.409746249198338187e-05
-7.823551449799563847e-05
1.437430371608207759e-05
3.692889655650888678e-05
6.669013112330845962e-05
-2.570407788696441787e-06
3.162498210606224730e-05
-3.402907219658470468e-05
1.196565834195260496e-04
1.382674644180880584e-05
7.603337296624319830e-05
-2.738000340274879138e-05
-9.670809534800651835e-05
-2.922656866636904206e-04
3.394791338446731988e-04
-7.236766289397254966e-05
-7.829868383823211956e-04
6.724211918598283768e-05
1.398918238275556050e-04
6.218463017748674737e-04
4.275133393685120499e-05
-8.077094188447248957e-05
-7.772244860488721819e-05
-9.438691184464795248e-05
5.735098320858440617e-04
-3.149095349768778369e-04
6.876013925260613833e-04
3.714541511297621995e-04
1.209003090642797276e-04
-2.431116277555684075e-06
2.151768945046262141e-04
2.978999141422216721e-05
-2.886714032138283214e-04
6.279383067366613299e-04
6.419067216967794351e-05
-2.048058148067813064e-04
1.858352081738461898e-07
-1.516369498928185058e-04
-5.086864372181600612e-04
3.206941749000732141e-04
-1.066154693259283026e-03
9.307225661635446868e-04
-1.918737688137249877e-04
8.294252774180656870e-04
4.968854359529671638e-04
9.033051201907877140e-05
-8.854730799547874849e-05
2.484336792589200916e-05
8.533109644987139149e-05
1.018976741785872740e-03
-1.015496775784503758e-03
1.526367364766021469e-03
6.956291159529689235e-04
9.768680208908837349e-04
-9.220390149567512638e-04
-8.583308713957993796e-05
-9.623717646039981225e-04
-1.030872718143269629e-03
-4.501065642932602071e-04
2.925558708940228657e-04
7.298300082014757368e-04
7.831748096990481594e-05
1.749926912520970471e-04
3.020365288187023081e-04
-2.843360432235113007e-04
-3.192519066546609043e-04
-1.097821646295516363e-04
-1.436108750806942564e-04
2.283441375231601636e-03
-1.479006884940153648e-03
1.587412872018237851e-03
-1.564191658902634209e-03
-6.507478382153096845e-04
4.526193649508626458e-05
-1.981924324815876812e-04
-1.095723575216336502e-04
5.146301049010106862e-06
-2.004185806455649455e-04
-6.838715986475646719e-06
-1.929598887010545939e-04
-2.621265330962466210e-04
-7.965899796732248060e-06
-1.070345617126132638e-04
1.586694526971932709e-04
7.042625276681764199e-05
-1.393116645781381077e-04
1.205505747784575390e-04
6.616587389767197413e-05
2.477310592007826804e-04
-6.300192526196794339e-05
4.183268380835506844e-05
-2.136959155412829431e-04
4.266444106545588095e-04
2.484989787515713382e-05
2.013184313442376982e-05
3.857660127534047294e-04
-1.945691862550017240e-04
-3.631997398911690337e-04
3.863412872343524661e-04
-1.255724189003349213e-04
3.720864353371643629e-04
-7.444142650240011629e-05
-5.005328503173624724e-05
-1.921112610900736512e-04
1.011935506330543730e-03
-3.341392787292789225e-04
-2.630694319324215904e-05
5.925169730880311229e-04
-2.612548589928203311e-04
-7.011953477609395632e-04
-4.953918734680505748e-04
-4.661664343979418477e-05
-8.486346128399253387e-05
3.971786394548798733e-04
-3.864822813573858527e-04
2.395789595380165907e-04
-1.034824582250741732e-04
-1.269536418678569769e-04
7.133031857455099942e-05
-3.774665488770095380e-05
7.525656877121422131e-05
-1.324227585573151469e-04
-7.607338388877119466e-06
9.681961784709479249e-04
6.654272361654715211e-04
3.067558530825868031e-04
9.485934159018389721e-04
2.667480403974439905e-04
-7.955580397889504075e-07
-3.257625301450829463e-04
4.464445951149434731e-05
1.549281828176497496e-04
-3.794138985271183176e-04
-1.342886655833397305e-04
-2.024974520680107343e-04
-1.361246467958285387e-04
-2.113121451372043777e-04
6.828351996415199944e-05
-3.860465101236654191e-07
3.117619428011521700e-04
-2.103155578536947243e-04
8.685766703138628740e-05
-2.001998399390575954e-04
-3.008478060600382979e-04
-5.749553321074263442e-04
-2.761087978919888686e-04
2.863248465540563795e-05
4.808047161707816814e-04
-1.607642118202156451e-04
-2.976193115902765816e-04
-1.585711246027912572e-04
-4.120312594488912306e-04
7.207874288055521783e-05
-6.573080381566903749e-05
2.823739158516649483e-04
-2.725564202374738043e-04
-6.462692828280445015e-04
1.338249027778788452e-04
3.326549720405163734e-04
-5.040761337445869147e-04
-2.589260225219665312e-04
1.798847479017897353e-04
-9.077984621194576343e-05
-8.049237330745919199e-05
8.988250235281923213e-05
-7.283647511315135496e-05
1.414063708519154822e-04
3.054392147382849480e-04
-7.869391993616537133e-05
-3.299339604339479620e-05
1.811593117039019657e-05
-1.579157281039173357e-04
6.686397518265012622e-05
3.042582397263812288e-04
-1.345220523090449372e-04
-4.943692970076148281e-04
5.001862287701569097e-04
-8.011037065217403675e-04
3.481292653703442177e-06
-6.266603025680759749e-05
1.370506357115198809e-04
-1.452754203351188376e-05
1.812935632673335869e-04
6.462719259282682146e-05
1.709972795696999804e-04
-3.565399306012629428e-04
-1.231204384528487351e-04
3.094576783069463797e-04
-4.048693042593261374e-05
-3.193450817716595521e-04
5.355953448232725128e-04
-1.942011876812947875e-04
6.721432193545206232e-05
3.340899369692685900e-04
4.822351848552574238e-04
-4.138941136468860557e-04
2.675764976068007090e-04
-1.485480057251245317e-04
-1.613372455039844959e-04
7.830871132428899109e-04
8.667375384526817671e-04
3.051462690066607058e-04
-7.983380251522901889e-04
6.884365239222572019e-04
7.461555974176511301e-04
1.382936200960446609e-04
4.130803436644690297e-04
-4.544530200169395566e-04
3.323176618677104290e-04
-2.118362102491590617e-04
2.489103794381646723e-04
1.523413571207213790e-04
-2.537206786052333433e-04
4.583761800952907892e-05
-1.584300618468634724e-04
5.266490202198874154e-05
-4.789847764704417495e-06
7.652461706627507209e-05
4.992992160813648826e-05
1.090330015801727363e-03
6.803088913448209971e-04
6.185772888121492011e-05
-5.323111948265083805e-04
2.778899169212716794e-04
3.086891401615073310e-05
2.285568101765994044e-04
-2.632037618615708403e-04
-2.092422538196972209e-04
-9.977320896048560137e-05
-4.862929548892076139e-06
4.676788309349896286e-06
1.133153057807560033e-04
1.132777653381638222e-04
-9.723606770267068805e-05
1.449546842996029660e-04
-2.388178441462072271e-04
1.984748914134362274e-04
-1.908314458037581427e-04
-2.592121390105764714e-04
-6.006797906611347355e-06
3.183811437618655981e-04
-2.546644331326217690e-04
2.353483941794363217e-04
-1.398459631519040304e-04
8.179670628676185109e-05
1.417802603115549597e-04
1.715166801745395507e-04
1.250457814015612130e-05
5.753796103132828131e-06
3.362757187386945524e-05
1.379352457555690524e-04
8.951517162152554331e-05
1.517690099007079965e-04
1.116630162213632772e-05
-1.253918313661704653e-04
-1.053076329747483535e-04
-1.118642582726077123e-04
1.218190294766383547e-04
-2.543589560207114276e-04
2.732017391177198702e-04
6.018122896991032113e-04
3.344641593834369242e-04
-1.953188849835568307e-04
3.204048405258977340e-04
-2.853594342872786140e-04
-2.163764657473679490e-04
-6.379699234403701270e-04
2.682906412335913661e-04
-4.165173764459620593e-04
3.441013448177985862e-04
-2.697839374561632631e-04
-8.872985244238281897e-05
1.437087158853808083e-05
-9.225983802147651137e-04
-6.943552264186980422e-04
3.631057633745172044e-04
-5.995941992865779684e-04
-5.966127245168656099e-04
3.100889375648015417e-04
-3.884462316652963492e-04
5.090131518542950892e-04
4.603689369159348166e-04
-5.548512893388729333e-04
1.642895070870423310e-04
7.493852670330079921e-05
-6.373289743271530504e-05
-2.897889184047688517e-05
-1.777863735447543004e-04
2.306819061876174532e-04
-1.397408294670766894e-04
1.766741478132777406e-04
-7.015939420996421909e-06
-1.455553275002889338e-05
3.609374531972792093e-06
-5.040490119308967121e-04
-4.491410544084423390e-04
-8.108696236207795600e-04
4.980733166633972454e-04
-3.176301728857765564e-04
1.440253062803736632e-05
3.299807966277125892e-04
3.853591152977465568e-07
3.421475251247905504e-04
5.584312711998091718e-05
9.688870700026866803e-04
-3.032895318731148216e-04
3.899622541837867483e-04
1.059983761208137449e-04
6.511375058991786518e-04
-8.961611908633930436e-04
4.063012853424692421e-04
1.252067169049186966e-04
-1.236626740854899348e-03
-3.069203961233475794e-04
-5.409790107652812704e-04
-1.460237242214844128e-04
-2.980287929688782639e-04
2.390991346271403503e-04
-1.830168793368405766e-04
2.904413403338970841e-04
-5.740409898456724818e-05
2.110667586864526800e-05
-1.399862278020553609e-04
-4.765658967187025221e-04
1.357327727433082598e-04
1.953556376671535064e-03
-1.355047378263531457e-03
7.397924400713055352e-04
-1.187289341298767469e-03
1.329596443555632708e-03
-4.159614619453628863e-04
2.859781567656007636e-04
3.117635297771158970e-04
1.355767313553906544e-04
3.357472544253627318e-04
8.869079906023045416e-04
-5.322599784755731225e-04
6.644448338027020501e-04
-2.447563765093807467e-04
-3.920526815411398691e-04
2.735295083742201379e-05
-3.782223697069128686e-04
2.278048330002321225e-04
3.329925128372506924e-04
-4.827460732118674791e-05
-2.447616878161866256e-04
-4.439845039325458352e-05
1.388460154806928776e-04
-8.280891779063194024e-04
-1.351528189258965765e-03
-1.367442978946934980e-03
8.947335161482105302e-04
3.458075039715801844e-04
-1.609334976189917554e-03
-6.410754925694883005e-04
-4.847138368421193152e-04
-3.075383583521502495e-04
-3.666887192053052249e-04
-7.574965384362927301e-05
5.040076569815592168e-04
1.080729737668550483e-03
-6.328969417311203650e-04
2.303076330336629670e-04
3.164720340162556207e-04
-1.369972732223755812e-04
1.480582398496710871e-04
-1.090884782435822919e-04
-4.133711756002999226e-04
2.353851442412346895e-03
2.741026550310097978e-03
-2.905979489383164575e-03
3.135566177212390057e-04
1.385661347140433207e-03
-3.689608376083487062e-06
4.254746228420214064e-04
-8.549442857959362388e-04
-3.736154450818830448e-05
3.784147603928111479e-04
1.863397322277354957e-04
4.930222790008868166e-04
-2.388893644207071754e-04
-4.280785148029929898e-05
-7.939630410363667835e-05
-6.067933135269226340e-04
3.087810121461182986e-03
-1.023007248503409947e-03
-2.778234508582648520e-04
-2.130514533749679293e-04
-3.933165494476992659e-05
-1.424924236673686881e-04
-2.269418819557826377e-04
1.028399182030732865e-05
-2.921507333938924635e-04
6.130551333029099883e-04
-4.974123319641977897e-05
-6.118869774481782396e-04
-8.068859782107720658e-04
1.037438839708053426e-03
-1.938466852446390674e-04
5.476036106981070151e-04
2.223781041920959954e-04
7.710181730298174127e-04
2.056723838399668422e-04
