5.365622877383815326e-05
-9.819074871142226724e-05
2.188845211577559210e-04
5.738601371253128250e-05
1.261575786433776542e-05
-1.162216791063893658e-04
9.361732185340922131e-05
-3.181726625296695698e-05
1.230346115225570676e-04
1.233322742943389013e-04
-9.426251937560559943e-07
3.072240501367701676e-05
-7.264186278393964082e-05
4.896257438204432155e-04
2.561027878603271512e-05
1.412980985370762999e-04
-4.833403025396582466e-05
-3.972280763387473884e-05
7.249353393062367267e-06
-2.842689846258443010e-04
-9.659949542875785047e-04
-1.048659579270065770e-04
-6.836434915968629894e-04
-1.730607532509851861e-04
1.029270946269130480e-04
-1.111477579813307078e-04
1.510135008335799296e-04
1.612937062446608862e-04
-8.528590268089987882e-04
2.799758894446205642e-04
-3.716011710710725589e-04
4.382675373822439522e-04
-1.201861949645008332e-04
1.767488092465160259e-04
-3.484760513003816017e-04
-3.158901045583588645e-04
-2.328523617818129487e-04
-2.461698907498415835e-04
5.260896636695795627e-04
6.761396464243473988e-04
1.401709659524802019e-04
5.029069957196140870e-04
-4.354241207399197548e-04
1.485865974958648660e-06
1.794365511214851669e-04
3.319428119317756928e-05
2.878746931420704622e-04
1.234983155346715679e-04
-3.091694227629057721e-04
-5.171831472010233007e-05
-2.019523190798190788e-04
4.244516740367076935e-04
5.302909807705674010e-05
-2.372970055306401565e-04
1.670239195063382342e-04
4.176437874783908580e-04
-1.981434135439214277e-04
4.994187778019388039e-04
-1.707258098998172918e-05
1.777513601375872590e-04
1.215373962092506147e-04
2.874858020706469084e-04
2.363980057209278773e-04
-7.308846659188129077e-05
5.846591518996657928e-05
3.278163553334079410e-05
6.706499897562933885e-06
-2.681485097833662449e-04
5.418245743038872103e-04
4.858710250541312657e-04
-2.950286083258455566e-04
-3.179312493819662247e-04
1.199704523185234751e-04
1.672384636961758849e-04
-5.058101340256762829e-04
3.051073369424779787e-04
4.129207111965144377e-04
1.392148992292478119e-04
-1.392629643132048043e-04
1.032451287481678395e-04
9.629274791063449884e-05
-1.680028686684114216e-04
3.923837724482872463e-05
3.375857070616955979e-04
2.345397547064637718e-04
9.063218485037699296e-04
9.007165112760625843e-04
3.184218005495681979e-04
-3.369529363425768876e-04
3.654797097011408882e-04
-1.612600307951786742e-04
-1.354212610059544965e-04
-8.334255457052030006e-05
-6.912645696771184400e-04
2.190011999818854073e-04
-7.399566492832370399e-04
-2.548019170341184300e-04
2.116517876004444273e-04
6.993627580016771898e-04
1.576789169774450293e-04
-1.346156836795911146e-04
5.253064765850198360e-04
5.516905990971964109e-04
-5.467236416003690147e-04
1.231568514450808339e-04
1.195979800676638932e-04
2.622382755284286644e-04
3.509721655647689937e-04
-6.696578715152028214e-05
4.040977554424951302e-05
3.112395671312282570e-04
3.260580711095802478e-04
1.143102854269565196e-04
1.760536002717863415e-04
1.996424150369013688e-04
-1.202869391764927674e-04
-1.702998878605191586e-04
-1.683389132108083241e-04
1.641021815711002591e-04
1.562742597857325868e-04
7.534901430797163835e-06
-7.027928275511648995e-05
-1.054831419943647454e-04
-4.075618687467541371e-04
-2.337160259269019792e-04
-7.392195442331484000e-04
9.361276354399926478e-04
8.563509844397387914e-04
-1.489202865622741038e-04
1.176205819413168874e-04
3.263299535416942115e-04
3.416254554671957071e-05
-7.220436300548309654e-05
1.071781216974238005e-03
3.354735562381261208e-04
-6.048456108818248616e-05
1.146518682206000474e-03
2.304496319906066543e-03
-2.226270743349120405e-04
9.761334410995438674e-05
4.078604629116989511e-04
-4.196062220898391887e-04
5.685853649884835877e-04
8.501106240641708410e-04
1.700786345236508356e-03
5.093460039365710519e-04
2.005111205158840830e-03
1.461969712368291988e-03
-8.290141740496758099e-04
-1.281451068077357628e-03
-2.937868684463334915e-04
6.953500554065325133e-04
1.274625715823309523e-04
-2.467762831255249610e-04
-2.504478306597823821e-04
-8.766861830952077253e-05
6.087718238233345586e-04
-1.011726536887714472e-04
1.106087594666704289e-03
-1.366197867075545679e-03
-9.864450578140272936e-04
-4.053007553488291513e-04
-1.351390264158310950e-03
6.659344431099945222e-04
4.770300927299322719e-04
2.566289143895022226e-04
-7.671178811820701904e-06
3.104777880463536116e-05
-1.782517747924533650e-05
1.152698305473943383e-04
1.194076790580007923e-04
-4.039165909588327994e-04
-1.634662994637374413e-04
3.966248962216169282e-04
1.677537764212381740e-03
-1.791043704443483773e-03
9.820603182390454534e-04
-1.548764484961892042e-03
2.542685320428725803e-04
2.802227246672348579e-04
-1.591108331196300460e-04
8.775055374547931220e-05
1.645923457303230585e-04
-1.488919157541812610e-04
-1.878096293669861971e-05
-2.706337641791369978e-05
-1.817082563278924129e-04
-1.139252740008574351e-04
-2.400340119065370620e-04
2.688731329703586675e-04
-3.868745333307031646e-04
-3.481336707844057046e-04
-2.510690891569134918e-04
2.829988743849721046e-04
-1.045125418092827062e-04
-3.295289712705391414e-04
1.481044999866291967e-04
-2.332172086890754809e-05
3.395419473046010347e-05
-5.110782233453354731e-05
-7.881006310322204210e-05
-1.709729739441980927e-05
-1.718435686273510170e-04
-2.711803994690661045e-04
-1.192455100127704474e-04
1.824117509691881465e-04
7.324878381610293874e-05
-2.365695174128660291e-04
1.244027624552251693e-04
-1.403167440896084539e-04
5.154330562690823600e-06
-2.714002053802221440e-04
-3.471380737142902828e-05
9.482017881536745105e-05
1.497199897533863530e-04
3.615253738836293708e-05
-1.956413066741532006e-04
-7.297836607285106028e-05
5.980096787677990607e-05
4.005101352130059113e-04
1.171984699378405387e-04
1.748289386454579910e-04
1.480611601396253872e-04
-6.854504659934466211e-04
8.760895299547816987e-04
6.773443618986649782e-04
4.928201143995504215e-04
-2.129584463520935405e-04
1.240168270058954842e-03
9.864851320849268163e-04
-1.162750761164869136e-03
2.369942551406601251e-03
-1.051304613967135246e-03
4.725377571493645599e-04
1.531738868576591609e-04
8.364088557518899961e-04
1.609954551294538912e-03
1.065337376116497507e-03
-2.864262297626413655e-04
-3.083301167874491207e-04
-5.081469814832359488e-04
-4.468611338891215808e-04
-1.644865937721536346e-04
-4.384342487404649358e-04
1.526719777975187693e-03
1.300192152626593583e-04
1.014157658203346333e-03
-7.632329495207667821e-04
-3.320387301958059416e-04
5.562767852936927897e-06
3.232339681309399720e-04
5.824790526644214395e-05
-4.325801000960143310e-04
3.184035283886033053e-04
-1.976160741161392105e-04
-3.011561292649791608e-04
-6.581650274119368134e-05
3.362064619080205939e-04
-9.590795455854819003e-04
6.881794459192248567e-04
6.169204500308173760e-04
-1.653885283382396012e-03
1.350403353451368887e-03
4.388283945424347409e-04
2.025958631451737916e-04
-2.063350055369796837e-04
-6.056450205395101215e-04
-6.168749009404087599e-04
-1.280357846116913221e-04
-1.542668635608366662e-05
1.065184147600724637e-04
-3.844551822376541234e-06
-3.384907559660147152e-04
9.296888036648822762e-05
-1.893907520822444375e-04
-7.335855346944364092e-05
-8.103179879258774648e-06
-1.448374756517549716e-04
2.370611780345348405e-04
7.829561479955939865e-04
-8.847875779222304411e-05
-4.344798551123445793e-04
-7.418686833094826922e-04
-1.600127798740076971e-04
-2.429884765209415736e-04
-1.386854520837099767e-04
-1.777062276924338050e-04
-1.243166518769627492e-04
8.703199568682868216e-05
1.508725796732596170e-04
1.518924981948597305e-04
1.565904948072702066e-04
8.904459949835938511e-05
-1.770618167593824961e-05
3.855828429400651159e-04
5.823324191212628361e-04
-4.602074398178920334e-04
1.032076119172540939e-04
-1.277840711485303754e-03
2.111530727649327537e-04
-8.879683524566047478e-04
7.290176347314091324e-04
-1.186901793954449683e-03
-3.388367611602327361e-04
-9.007453991139421684e-05
-2.561659207492762255e-05
-1.956966718252103226e-04
-3.962977759150225444e-04
-5.566505786677727755e-04
7.401165066535760539e-04
7.863314602562620614e-04
-4.325419752951843938e-04
1.706344467148029507e-03
2.662381563779720622e-04
6.091565185248841831e-04
2.743648635922577746e-05
2.565682024980282610e-04
2.289742907356104862e-05
2.198182420843826999e-05
-6.215371864074007140e-04
4.824683477326639010e-04
-2.996576879063074864e-04
2.517770668918568118e-04
-1.174430143018983987e-03
6.054098370922114149e-04
-4.862501845211456789e-04
2.565761565507322563e-03
-1.154710085006584218e-03
3.432962595766782818e-04
-2.312579940913708646e-04
-1.596085164452774603e-04
-3.900087914357078332e-04
1.018398672966801239e-05
5.553512434376370625e-04
5.214847939488505757e-04
-6.872155067556131930e-04
-2.199783562620142880e-04
-2.520416474332418328e-04
1.692954475602735155e-06
-1.628543880850592156e-04
1.754831580360405666e-04
2.760096092395870762e-04
8.036749754046086896e-05
5.845596523382202373e-05
4.482217216417621383e-04
1.733888556427161181e-04
2.710627246663818344e-04
-3.464126967315125883e-04
-3.506878873045219292e-04
-9.787115865127543266e-04
-9.223681953647109698e-04
9.394225164750594215e-04
-5.075328295196230135e-04
2.692171051211127500e-04
-1.584477524215373030e-04
1.302581060386194664e-04
5.739185440347115705e-05
-1.418856658039200410e-04
-5.871161896840623425e-05
2.510986116705744343e-04
2.438164103760926248e-06
2.878546010608695727e-04
-2.925323931523284186e-05
3.157761755716493077e-05
1.282718356903767140e-04
-1.085159224252970749e-04
-2.455238068745700750e-04
6.432792906660184541e-05
4.314100112596059504e-04
-3.140609162735575818e-04
5.422526520487629229e-05
-6.062623609432794868e-04
1.073134049521952648e-04
6.266043490671516008e-04
3.265084281247905952e-04
1.584043727214204693e-04
-4.000981437430566187e-04
-2.521065694065032729e-04
2.331200412393718256e-04
1.711008866312866848e-04
2.697338803420728137e-04
1.446877607575700639e-04
-1.490773533260317989e-04
-6.198869013731532485e-04
3.465140133252735794e-04
1.543046646578842942e-03
-1.186899468991770490e-03
-3.697256632304071733e-04
2.527841955760331627e-04
-1.330546796297424751e-04
-1.625893056205473543e-04
4.765303925052634458e-05
9.946370563718989408e-05
1.728412692062415484e-04
-5.214074968296039236e-04
-1.232795806190400533e-04
-3.105277910449128994e-04
-5.180066585216697031e-04
3.753925463954337809e-04
2.921560370794474898e-04
-4.680643682363727870e-04
-3.613528907486190218e-04
5.986720778435362673e-04
