7.155811349349508726e-05
-1.023520339940930073e-04
4.342155996546474052e-05
-1.086634490799175022e-05
-6.629641010557607212e-06
1.004156225657393344e-05
3.070011470190016654e-05
-1.143347657477441646e-04
-1.863390507898982535e-05
2.978954687975517423e-05
1.419314788888239481e-04
-3.359864547944966775e-05
-3.174547845488809663e-05
-4.534382587509763925e-04
-4.787745838877083523e-06
3.107386430964204820e-04
-2.355597556439186792e-04
1.481919910243562110e-04
-3.159239699854991118e-06
-3.183486539191553513e-04
-2.231988121225512555e-04
9.780506751917901893e-06
-2.242028049094599176e-04
-9.342829123731230263e-05
-2.035136595167906276e-04
2.339154120631847949e-05
-1.531074510342034039e-04
-5.821653177832529258e-05
-1.407367477590098516e-04
6.024802490683926108e-04
4.073594732683559158e-04
-1.606212860181147430e-04
2.281164618950077858e-05
1.741222433568882951e-04
-1.050669475551025783e-04
-1.346709044511837166e-04
4.506347248120994410e-05
9.693842025053967567e-05
5.151598589396215282e-04
-5.222845334345280243e-04
4.692850796953221227e-04
1.900191922861641891e-04
-1.679621281848324205e-04
5.791202852356656922e-05
-3.366927857728444233e-05
-8.864666694034804611e-05
-1.440487307018893496e-04
1.716255566250099977e-05
-2.877871026715899267e-05
1.123531739905994750e-04
-1.952334341428742172e-04
-2.365020937492404195e-04
1.568809124776517625e-04
-6.374073170652132681e-04
8.749686181032533699e-05
2.058152806541499111e-04
-7.740610501264141559e-05
3.197123144029439916e-04
-3.674531110654265026e-04
7.025135076594208900e-04
5.358392951875091785e-04
-4.891853668037916044e-04
8.763141381782152883e-04
1.302863227980008594e-04
1.445554119660338920e-04
-1.646026373356036115e-04
-1.576134992259248105e-04
-1.732792741628913155e-04
-7.010489937110555127e-04
5.426593504020248019e-04
-7.295584091466396880e-04
-3.893826915039851695e-04
-8.228917497353601047e-05
1.642983232839720527e-04
5.977985647887000455e-04
-2.997395515240374158e-04
-2.686287110993600905e-04
7.393052545058784999e-04
5.869516558086509267e-04
-3.698302778409781719e-04
-3.625223074090187417e-05
3.631346674347710082e-04
-2.682507070907537753e-04
3.632203921556463166e-04
1.785139677387041031e-03
4.257654217161872942e-04
2.468163691444760712e-04
3.516484636848435917e-04
-1.236818877358875338e-05
3.153672078053188963e-04
-7.057710817808996546e-05
1.482445955482454970e-04
-2.864997449395894616e-04
-1.671000896903239029e-04
-1.282934542708974229e-03
-4.631677556284959373e-05
-3.778453602230516625e-04
-4.293908790802004861e-04
9.516548624635948921e-05
4.754271007049551851e-05
2.245147344110831752e-04
7.406154040684166618e-05
-2.353148854670278833e-04
-1.990555884349112683e-04
5.386651130506681312e-04
2.280558551385838701e-04
-8.705037078319885079e-05
4.886801403416480422e-04
5.500964582197507982e-04
8.073318458120211155e-04
-2.935091706723753869e-04
1.206179761724179276e-05
1.409684347892114933e-04
-1.640839895028963109e-03
-8.862143349728299603e-05
9.946049109319449806e-05
-1.089335614595587400e-03
-1.391486093366874608e-04
-2.573714305912178074e-07
1.049479098156199069e-04
-4.814196079092985359e-05
2.834942759751473231e-04
3.201666439160967504e-04
5.199882425597532982e-04
-3.576614918430005754e-04
1.078824251961502562e-04
8.575447252710429716e-05
-9.806244698016982307e-04
3.264456033196224739e-05
1.757886934125808451e-04
1.642360484068896258e-05
1.268200391069691910e-04
3.107942896447613880e-04
-9.597656907061165527e-05
1.286971197092177154e-05
-5.135490368642737580e-04
-5.449449564934124744e-04
-9.675553879961763543e-04
1.475454017337110601e-04
2.444376220683105636e-04
2.635313198886080695e-04
-1.770737185015198133e-04
-3.376218314955973902e-04
-5.547716251232096034e-05
1.429532715703613034e-04
8.209641914161282640e-04
-2.588886424520030877e-04
2.204479763595538599e-04
-1.264590517928951646e-05
-3.225211935167996281e-04
2.643589727281862129e-04
3.081793064620433017e-04
-3.322157266175488884e-05
1.244056793793673374e-04
2.098601511951639733e-04
1.613353894135946857e-04
-1.179271485924063756e-04
6.498397660796466965e-04
5.597716923748871100e-05
6.262312021827359278e-04
-2.641446310913509008e-04
-3.259191177472994675e-04
6.057788523731718949e-04
1.209897179304153265e-03
-9.073383317079602994e-04
2.486245027411421974e-04
4.592636657091486241e-04
8.195318154727198115e-04
3.214027054931230514e-04
-2.290416778092866214e-04
3.360202884406732269e-04
-2.009174166071181348e-04
7.741696578947838514e-05
-3.761833368453742387e-05
3.795288902480195244e-04
-1.039511933531639051e-03
-1.017949537151918574e-04
-2.664440791266429673e-04
-1.465189073504802005e-04
-7.684533523059087264e-04
-8.153674006686331471e-05
-4.123751865498728069e-04
-2.240810353728618913e-04
8.799517350063032625e-06
3.831782071888244971e-04
-8.947274693542862857e-06
1.938160880387059394e-05
1.564113783059281322e-04
4.842161300200862641e-04
1.391305659937686762e-04
2.048031859288905400e-04
3.304268597555183357e-04
-3.628261982610890362e-04
-1.068482102796224406e-04
-2.230100606987420067e-04
-1.241282363537220094e-04
-3.475563685613067901e-05
7.645149326571362464e-05
-2.268064240669895011e-04
-2.500235595291540628e-04
-2.956041907624137568e-05
1.955855027998158258e-04
1.876660661794159939e-04
9.699917715360862369e-06
-1.178855429487980772e-04
6.218190484695682203e-05
2.643903421236711167e-04
-2.380329427997710065e-04
-1.029516431861441858e-03
9.867232133299475710e-04
-1.819084984205780243e-04
4.790780966705055540e-04
1.048613284810867603e-05
4.570453668709512605e-04
-1.341589545769860585e-04
1.137985539199696091e-04
-2.491675430079635736e-05
1.375647479574601680e-04
1.621794452728900725e-06
-2.701737082372134132e-04
2.168467758033324952e-04
-1.301134821798517489e-03
-3.597472401530984131e-04
-2.469880327925935790e-04
-2.831032958279688276e-04
-6.264366443884330387e-05
-2.148359719151750216e-04
-2.152424811301971354e-04
-3.207396924060675471e-04
-5.808636632169689043e-04
-3.889956746493219205e-04
1.639639855412977973e-05
-2.081769668364297741e-03
-7.063752394028955913e-05
7.340565319530160536e-05
-8.843171333161618179e-05
-2.548730597260457736e-06
1.612009104534480812e-04
-9.335730900321389039e-04
6.612445559737869334e-04
4.354952150740849424e-04
8.645108505405091999e-04
1.488541258445983545e-04
1.676296169988167068e-03
-1.093930036766930982e-03
-2.608379122020782338e-04
-5.104268800574085886e-04
1.960107035936699954e-04
9.371124577486919602e-04
6.633013190421130790e-04
1.942555084335104328e-03
-2.503786310971208885e-03
-2.059981036785176259e-03
2.754957172528973248e-04
1.000765026638935230e-04
1.170290735491922972e-04
1.830062158896915363e-05
-2.954565721790285344e-04
3.109902440241389242e-04
2.059097113954990160e-03
8.257309242691615288e-04
-6.430920769799043863e-04
-1.008586480102591264e-03
-1.194965691921958268e-04
-2.795838311819119496e-04
-3.154998261824651156e-04
5.910045260044437861e-04
-2.732117174536957205e-04
-3.049133369516467731e-05
-1.113932711014468425e-04
1.345407310253013509e-04
-5.017364664604076621e-05
3.441137623845750974e-05
1.460063221934313697e-04
-5.841050572990059590e-05
1.196166055240897332e-04
8.274741881264104722e-05
4.191284803418559676e-06
1.844884746573512515e-04
-8.321938634896543783e-05
1.069203527092888144e-05
1.437140645001488471e-04
3.370091525011681996e-04
-1.345924021643320298e-04
-1.280479233266821769e-04
8.144578478419044155e-04
5.009626491168766562e-04
5.838209563467478642e-04
-5.902397721295913279e-05
2.939435663630631250e-04
-1.163241149211876712e-05
-1.240689562827318937e-04
2.787405166298915680e-04
1.708760511482498965e-04
1.566046016417833362e-05
5.071749346085735769e-04
6.310339981933935300e-04
6.470765470563215847e-05
-1.090079359968085785e-04
-2.904918284583914417e-04
1.626724785720718271e-04
1.646242261812483129e-05
-3.023712016304473736e-04
-1.433577521008395233e-04
4.445967784499608609e-04
-6.390007581943375281e-04
4.649315245595900714e-05
-5.614447265319299140e-04
-1.278716452923037183e-04
-4.378130948651422216e-04
1.147100688347264433e-04
1.293087429223399934e-03
8.207674091086843452e-04
-4.795560450591004539e-04
-4.011249950193038660e-04
1.698315975480134540e-03
-1.978944464526061989e-03
-1.702549035504571538e-03
-3.850083957641252451e-04
-3.087468640602249826e-05
9.375173721406226143e-05
-5.207709875378736765e-04
-1.482830699283117608e-04
-6.251778974351203388e-04
-7.123177649000349027e-05
-4.375595442126874635e-05
-4.375000128412407751e-04
1.435029128660672386e-03
-2.969556878117769064e-05
1.018734278210237299e-04
1.811738749425678815e-04
-1.718769482130031302e-04
-2.891778404357660650e-04
-8.233883127965250484e-05
1.374632361548637255e-04
2.223129659303941640e-04
-6.833762129755022489e-05
3.019433786747986498e-04
2.627912368266640858e-04
-1.519795723930125210e-04
3.534003916442960661e-04
-1.291535993783546151e-05
5.017881636200208261e-04
4.516686717281268433e-05
-4.172830612022798664e-05
-4.199681109566633466e-05
-8.783200503609882203e-06
1.035958648658767640e-04
-1.954493184203959450e-04
7.571343326906820425e-05
-6.252885299191503839e-05
-4.533937467612978865e-04
1.479621857576459093e-04
-3.343758491877285815e-04
-4.549434353952124758e-05
-3.068693885786492165e-04
3.226189861941329150e-04
8.658988808107334823e-06
-1.233298724997143776e-03
7.268004724697762955e-04
-5.111878589719249166e-04
2.104487640243011702e-04
8.774925732848918962e-04
-1.904775886709519765e-04
1.900862956198787375e-05
-4.023339591346290176e-05
-2.508109300297244764e-04
7.730303630214314749e-06
3.272429054803727513e-04
1.219808197396260105e-03
-5.015866821780727569e-04
-1.336629607352221669e-04
5.020039183643785737e-04
-1.605335274947054108e-03
-1.289229030085955454e-03
-5.769690398017303639e-04
-3.643304350535836022e-04
-1.246241519702043427e-04
1.220607592903829451e-05
4.644168793698692332e-04
-9.542897826656993238e-05
2.298483200337414229e-04
1.330364520202191115e-04
-9.609783047778532646e-04
7.873232563902818728e-04
2.887286530917353459e-04
-2.804626177570390851e-04
4.208409656011443062e-04
2.970278057600394747e-04
1.214171818952565946e-04
7.075490838519257536e-04
5.233883932072460167e-04
-1.681898499603996279e-04
1.675055259136704446e-03
-9.133447098947178409e-04
1.520500840912835392e-03
5.855112763288684635e-04
3.080664752855302724e-03
-6.803433768150603028e-04
3.346046609848363603e-05
5.140598410915133375e-05
-5.884265856239199430e-05
-1.094349952526407001e-04
