-1.471816133863709916e-04
-1.221833174069687018e-04
1.035568461375277490e-05
1.266175541853344609e-04
-3.966771399250097811e-05
-1.455855719021542378e-04
3.125533572405342066e-05
-2.608876053262358706e-04
-2.956688033416903793e-05
1.343481924480694418e-05
-5.394394163594798218e-05
8.332869533850457457e-05
-1.399823579292847548e-05
-1.224648487235562933e-03
-1.689874668405534760e-03
-1.190275154354638389e-04
1.005909259699273514e-03
1.416324944886063327e-03
-3.303941567137982645e-04
-4.684428864698222017e-04
6.085801347400043686e-04
9.123339601624365185e-04
-1.511914884804293254e-03
-1.966647243705833478e-03
-1.211709943211578553e-03
-7.218072272993311406e-04
2.331478803181333184e-03
-1.990335218516285122e-03
-5.560724220486359601e-04
-6.755413033434459454e-04
-4.956003620435163806e-04
1.229102046982036463e-03
5.757295622971733175e-04
1.777270230215081221e-03
-1.618063129696700742e-03
1.059445208538642305e-04
-2.072396648401019024e-04
-7.985523987671577567e-04
-3.426946330189990309e-04
-1.017046696587086908e-05
-8.582295364367199808e-04
-3.482150662565813566e-04
-1.032299249045910092e-05
1.946414968130462126e-03
2.084572682257004178e-03
-1.143602826313595095e-03
1.323558110618843907e-04
-4.531267167357845989e-05
6.928274499332432498e-04
7.556173704477665235e-04
-1.981107295418038520e-04
4.772999966764210670e-04
2.375959682448618149e-04
-5.539464000841175673e-04
-5.104295547338204449e-05
-6.782950649983001280e-04
9.887712519986331661e-05
4.056576926358987454e-04
-3.073778843518209483e-04
4.080992539669937944e-04
1.874826328823098317e-03
5.077118626923252283e-04
3.414744943998061734e-04
5.924996153053273262e-04
9.910767620237858103e-05
-5.106986094408737112e-04
4.091830564172124025e-04
3.256514572013147202e-04
-3.204385035877728113e-04
9.877786292916899123e-05
5.643198647350291088e-04
-6.148957179548487440e-04
9.437428908508246591e-04
1.743169178964775921e-04
-3.748332830244676121e-04
-4.121841491717855564e-04
8.012215745851972029e-04
-3.679518041950864335e-04
1.063617887782453229e-03
2.015581987317120218e-03
5.079419383072155975e-04
-1.616483266032349030e-04
1.907336471376605645e-03
-4.629864786085934329e-04
-6.996528595929274799e-04
9.559831520032726650e-05
5.356433227102772639e-04
-3.865995826600963757e-05
-1.027225468520909235e-03
1.490337253323124086e-04
-1.442621608370928934e-04
-2.708135090378588046e-04
7.007030334155976573e-04
-1.909448121760999400e-04
1.535721763016031105e-05
-6.617569900322783786e-04
1.997211139423260410e-04
4.146303066523643555e-05
-9.133152298193494974e-05
1.106613260070024758e-03
-3.484566567482060831e-04
1.185835488686093212e-03
1.821483036107922901e-03
2.703216895611449625e-04
-9.165282086567469479e-06
-7.296731751014136932e-05
3.999527852373273859e-04
-5.043030253586458197e-05
2.248588777955014956e-04
7.104821436644945178e-05
6.724121089008548583e-04
1.070864658955818363e-04
-1.635684279154557110e-05
-5.474444796286190599e-04
-2.189233107815999086e-04
4.934786724947955215e-04
6.519479123233178552e-04
-7.152020610359651961e-04
2.799849613236843880e-04
-1.653619834503734017e-04
2.789137819499300361e-04
-2.566527403202172476e-04
5.544627030115141606e-04
4.004265465907752499e-05
3.801986368137818769e-04
-2.529893736994983343e-04
-7.791273705628032643e-06
-2.752432779523906439e-04
-5.530606845035950479e-05
-1.013658386072678131e-03
-3.537490899071853113e-04
7.767653334344129003e-04
1.446204020538353766e-03
7.754347256493286330e-05
-1.865301053677420292e-04
2.157043326037091891e-04
-1.850861891162926091e-04
1.008378848396258832e-04
-1.752098799340640176e-04
7.169938933546901073e-04
-1.448863557679001607e-04
6.725854478916930930e-04
-1.953605813327220319e-04
-9.575658907803696982e-05
7.340771340050738006e-06
5.669293624628828613e-05
9.827242011771216790e-05
-1.755235760951440757e-04
-6.227161468943296458e-04
-2.942161631748817859e-04
-8.899221014631060597e-04
4.340839590919428524e-05
8.726387786667881281e-05
5.013795568546241914e-04
2.883833035011076754e-04
-2.147990762006866581e-04
-2.718208276568895125e-04
-1.085305796201057428e-04
-1.094738542678433814e-04
2.460868386859092565e-04
4.307652763306956572e-05
-1.513939497137530260e-04
2.309814786439188009e-04
-1.361222775831056123e-04
4.183377186178328049e-06
-1.300023755318495064e-04
2.535394559096227165e-04
-1.408379057052039438e-04
-1.946470140106209732e-04
1.166366799508399894e-04
3.367972948141081789e-05
1.592712501614255646e-04
-8.462509990626792080e-05
3.826611733056493056e-05
-2.699037539880649568e-04
1.984156042502206231e-04
-1.063192232614065238e-04
3.884834940061132657e-04
4.079751156495989837e-04
1.019123203843402912e-03
-4.040685936085103362e-05
3.201494684848346802e-04
-5.507494352472242297e-04
1.064930986929721931e-03
-6.165804667741964793e-04
-1.028143286850053718e-03
2.351653183792689554e-04
-8.787888066737592875e-04
4.292859739041170815e-04
-4.456137743928684377e-04
8.778318521117236617e-04
8.201207466996453407e-05
2.275435848697199292e-04
-9.669544367542817331e-04
4.522619215613912162e-05
-1.206884463542712543e-03
1.397343241566717043e-03
1.519622367864524202e-03
6.809979298861242362e-05
-2.368293129323104681e-04
-5.080468515787675251e-04
-1.135582344623381072e-04
-3.372080416660723674e-04
-5.840287696287806271e-04
-1.923046443308575428e-04
8.332688498224445845e-04
-3.834655245174718708e-04
5.661069298078054337e-04
-1.077362704923512035e-03
-1.331758247805478663e-04
1.284785165450186197e-03
-5.588299446209252621e-04
1.125372455190728425e-04
1.782906078524823805e-04
-7.297284994378209783e-04
-5.567121776166488248e-04
-7.511996598903030202e-04
6.651559631803266853e-04
-4.491397105037338473e-04
3.941571631166912839e-04
4.215984230049669079e-04
-3.458058090740397800e-05
1.765252990253318342e-04
1.092210495216504963e-04
-5.355941788994914889e-04
1.210833213482301362e-04
4.455815003909626218e-04
-3.337785721935415868e-04
2.003568241566898651e-04
1.779034071180426275e-04
-2.630554298003910728e-04
-1.701320449070594927e-04
2.306373698361088484e-04
8.394559577036156493e-04
-4.681276610523691338e-04
-3.255897715317985618e-04
1.043046656481417866e-04
-1.483427932562575663e-04
-2.414898301311719511e-04
6.835106219393868930e-05
-4.162189728468745561e-05
-1.475916612039090926e-04
-2.047281957314692766e-04
7.036560837018000618e-05
3.494027859205475674e-04
1.346074296290871559e-04
-3.539585235431178092e-05
-3.746635622152303313e-04
9.208492573165717829e-05
2.378685342794782643e-04
-4.275331462056228184e-04
-1.901388802312018800e-04
-3.581310922506041050e-04
-1.429264481152929262e-04
-2.231297672229454914e-04
-4.052151805855604236e-05
-1.301317150776790002e-04
6.493697037585969265e-05
2.820987482904899505e-04
-2.332578248400167704e-04
2.448912252632197092e-04
-2.167295710132415237e-04
-4.696843829163692646e-05
1.906265664044534778e-04
-5.606969372626298664e-05
-3.444627144863270595e-04
-8.732134668685909769e-05
-2.897398193858414297e-05
-5.447348709732830309e-04
9.146524180482612206e-04
1.455514773880130317e-03
-7.047525305647291995e-04
1.588579286748658629e-04
4.460087131800023210e-04
-1.230759868739410804e-05
-1.113403366385929793e-04
-2.691062623184138115e-04
4.256413568795368676e-04
6.289398370802892974e-05
6.069853262509412916e-04
-1.257797388847191594e-04
8.854639158305720127e-05
-2.943966554297170021e-04
-5.571150129029185964e-04
-4.655254121788282855e-04
-2.321319372129680917e-05
1.099468561956777997e-04
6.186198118060813904e-05
9.815141183653446880e-05
5.336973226795095734e-05
6.671574987314259856e-05
7.236840611471167942e-05
-1.599099406842433263e-04
3.768467477498435060e-04
1.308323140764190034e-04
1.610042521150108804e-04
3.374490702663358551e-04
2.731624459000807728e-04
-3.970965129066140933e-04
4.189148532265004601e-04
3.293474062349470107e-04
-1.081525467655777774e-04
1.973043664296121916e-04
8.106688989318927476e-05
4.730927261484819371e-05
-1.770049730771982877e-05
-1.306339100419203012e-04
2.480898255867403115e-05
1.615237238186783663e-04
-6.922859203420809776e-05
-9.850806001002658334e-05
1.449414560298203447e-04
1.764935796753473745e-05
-1.461971369535418602e-04
3.369316803178546262e-04
-2.219601804859744690e-04
-1.720374816962944985e-04
2.182288527997088733e-05
-1.281144848054306912e-04
-2.724716775159780947e-04
-1.574605722044800332e-04
-2.126258277523880339e-05
2.454822794548832169e-04
-9.765126268374830609e-05
-3.651088110492209490e-04
1.829209439667591603e-04
7.842197760865121745e-05
5.364259971643290558e-05
1.346616625754277412e-04
6.037435211979063493e-04
-4.874985798730867227e-05
-9.556039278226160377e-05
4.178278790251453392e-05
-3.145173727788045130e-04
-7.708163017702695944e-04
2.204001042199120420e-04
-2.748219206964848350e-04
-2.420377419797135237e-04
3.658810582108988586e-04
-6.787999644378427426e-04
-1.402148744219604813e-04
1.868210097734809263e-04
-3.250625412093212678e-04
-2.742866335100055722e-04
-4.117126725922785890e-04
-3.222224244097879049e-04
8.334160559938269975e-04
-1.708155311139672287e-04
2.845705202634375231e-04
5.432494010816512784e-04
3.279145568801924635e-04
-5.972612280855065089e-04
-5.548824885735999029e-04
-8.021552868886227823e-05
9.162941097670308115e-05
-1.480771375535238237e-05
9.457596943155770536e-06
-6.140562397208935573e-05
-2.226819831526581259e-04
-1.805523359657841120e-04
7.127855370147439119e-05
-3.741045774545741155e-04
1.367205727888709185e-04
-2.421368215851402801e-04
6.177201857427277998e-05
1.851967361879968961e-04
-1.022188333305498048e-04
3.445552672442494185e-06
1.812796850935436191e-04
-4.615099389752418818e-06
7.924635700309373340e-05
8.173725785754573398e-05
1.975445105809720784e-04
-1.189313257024031245e-05
-3.120306976403564871e-04
1.152292226641688861e-04
3.168336168824860454e-04
2.388065403881178697e-04
2.730304389188156875e-04
4.613459401461960638e-05
-6.106278150250288100e-05
3.059796142168003921e-05
6.474081611625772401e-05
3.173526128103062094e-04
1.309112617521814707e-05
1.384350809502067549e-04
1.102076058987352746e-04
3.119002469161055008e-04
4.397626759971719310e-04
-1.390937227234967084e-04
-1.420216427021945931e-04
-1.654478973449778276e-04
-3.171283983521027723e-05
-2.933005922470513418e-04
2.518932590593070961e-04
2.539275076925597962e-04
-4.266108692811117296e-04
-1.076604275041762200e-04
1.432193023286774589e-04
1.010294828442605708e-04
1.244551839757177713e-05
-9.142643307348258112e-05
-2.981744002779498933e-05
