-1.054726170808147599e-04
2.435422598324116428e-05
1.900811038121599707e-04
-3.196507235612165431e-06
-1.262033010720325503e-05
-1.709728465092409612e-04
1.774389441998172948e-04
1.178622474139086600e-04
1.440855389661703729e-05
2.644149130610346367e-04
-2.025623499102757112e-04
-3.842597089244749860e-05
-1.405709109338005292e-05
-4.469841929073641159e-04
-1.896422419304048660e-04
1.802563184940675486e-04
5.542723462036819012e-04
1.957282037678778901e-04
-2.129107371225561558e-04
-1.323305169896490366e-04
-1.142570902045947573e-03
-5.374479886201469344e-04
-1.110519016261702838e-03
-1.098467078584763586e-03
2.988165905843048016e-04
2.484378412825742101e-04
-4.342132810479618923e-04
-3.487413121311024457e-04
1.836658871907025873e-04
5.192709965615776923e-05
-1.283462913404133225e-04
1.494843797815915348e-05
-7.427171163599728969e-05
-2.433203729546871475e-04
-1.445248602202119168e-04
1.122329795640727925e-04
8.042914939807384225e-04
1.298144509590048535e-03
-8.222882013714303932e-04
-2.219069884165586557e-04
6.960231914815204592e-04
-7.961154933123076871e-04
-3.481413200406668191e-04
-1.874241740029740572e-04
9.638890048704039934e-04
-1.128650566277915757e-03
1.265017714712676202e-03
2.671337454040168501e-03
-7.120551044028233670e-04
7.962607162811922599e-04
-1.637141752909461784e-05
4.608525859968973671e-04
4.342134482900856471e-05
-4.326033618408426534e-04
1.372393760557617988e-04
-7.321673110821786106e-04
-4.972976432180110321e-04
-2.809158790242742847e-04
-6.652470657867824841e-04
-1.524992317587779613e-03
-4.831459491641833227e-04
1.706466655748650058e-03
-2.119114217348166442e-03
1.833421203990795347e-04
2.216740598400449935e-04
1.830315439625452580e-04
-2.614269024496651138e-04
4.387287809816326270e-05
-1.463894963730159635e-05
-2.681020339392127028e-04
2.243641207847659326e-04
-5.011160561050516122e-04
1.414075938186790940e-04
1.883704688502396793e-04
-5.520412173679151396e-05
8.551165811880554759e-05
4.226164090570665470e-04
-1.515662556868460501e-04
-2.183702389049303012e-04
-3.255974502264460295e-04
-6.386619886905559691e-05
-8.140728096224745053e-06
2.110680832233346560e-04
-1.673235872448253691e-04
3.010208374759053437e-04
-5.429013939255675247e-05
-5.574955537514885529e-05
-1.960848553656320450e-04
-1.326125431583985448e-04
-6.186374865801405353e-06
-8.658863761307819941e-05
4.750247465175799549e-04
3.697709660956738430e-04
-2.470682350519910140e-05
1.916809162776896079e-05
1.275002504288693555e-04
-3.054005428484328548e-05
-2.099845212257632075e-04
-1.307454698173986989e-04
4.872849648058592202e-04
-2.320639383716108196e-04
3.424848150728757794e-04
-4.250625320671744755e-04
2.894580628159152086e-04
2.019988280277960143e-04
-2.007298468667931041e-04
2.745753566907561274e-05
2.203373279223533353e-04
9.395569129946903489e-05
-4.470467017908745473e-05
3.985317709060532776e-04
3.686905191172694298e-04
-2.186684077788565944e-04
2.818581662527718684e-04
8.059093033996095248e-04
4.078552487844410096e-04
-2.288912044948903963e-04
3.102439724546042867e-04
-7.257043197718854874e-05
-3.687590367232703200e-06
-2.576572986069913842e-05
1.163350719431389225e-04
-2.137813502422367346e-04
-5.450078295579629666e-05
-1.069003553241213458e-04
-8.807899833890944525e-05
-9.302124948211086249e-05
6.443254737655325912e-05
2.671186256418860627e-04
-6.746501872088117666e-04
4.533581346947322612e-04
9.595755920018023436e-04
2.077696577230509184e-04
-2.399616846415706924e-04
-2.661392921791342204e-04
-4.222506708744226287e-04
-1.925418669869168140e-04
4.019445969330565863e-04
8.691053036954546156e-05
-1.974220584671341778e-04
-1.073781622239978507e-03
2.219491126297898657e-04
-6.550630950730294182e-04
4.643300732382488476e-04
-3.674449003515855238e-04
9.835773984519294289e-06
-5.707501431369462743e-04
-2.008271170197191847e-04
3.658494633311377389e-04
1.340050799070731423e-03
1.204875850433975845e-03
3.749412613745562763e-05
-3.886001488456496318e-04
-6.224165197220670170e-04
3.634195651401346387e-04
5.840037169574401792e-05
-6.616825839606398519e-04
4.126860539135234385e-04
1.538128044494063641e-04
1.390556461742739895e-04
7.205336435687859174e-04
-6.448200062389848565e-04
-6.582075113991227647e-04
-1.889758927177382459e-03
-6.100607411065726458e-04
-1.129007788909838078e-03
1.643944066389286477e-03
2.323042229084343227e-04
2.863300547671241832e-05
6.882109715544111942e-05
-2.074813442072419745e-04
8.407944112610440056e-05
-1.117229980127572601e-04
8.493436977533465456e-04
2.505023555560003709e-06
2.532363791294700052e-04
-3.993757126961218896e-04
-2.736341061401870015e-04
-1.376865636322810752e-04
-1.288274761348554519e-04
2.152653103342565765e-04
-1.285005300980285759e-04
5.569370981389088214e-05
-3.086516594009531211e-04
2.830166149695829362e-04
-6.220394429329665752e-04
-1.326153887668788680e-04
2.173106063729904932e-04
-7.702620012441099774e-05
-3.956840178101092781e-04
8.236485616814960044e-05
-1.593748058662202945e-04
-1.660737840544500342e-04
9.816591370401020998e-04
-9.861282904388877992e-05
-8.104860359063397694e-04
-1.387584404996110563e-06
-4.478958026052507542e-05
1.644894466632879299e-04
-2.380427450031885302e-04
1.436891882605501741e-04
1.506673717985680336e-04
-1.200163591882822507e-04
-4.215977550547632966e-04
3.537919768728466129e-05
1.902581265546855478e-05
4.094190615743560651e-05
-1.970752525684787244e-04
4.078912784926183046e-04
-9.733274248158580149e-04
1.104964408601029612e-04
9.141397494479943427e-04
3.687444055171933978e-04
-4.798800283649043717e-05
-1.424933405197058224e-04
-1.907569246231012703e-04
3.030563732415636935e-04
-1.568649518387410665e-04
9.517887839527765985e-05
3.901191352314076384e-04
1.514311861626156989e-04
4.315978892129324887e-04
-3.186136262332338689e-04
-5.999314279542402751e-06
-3.822853838121726940e-04
2.295772374032424513e-04
2.993140374160421758e-04
1.900049890988576330e-04
1.447845281801513236e-04
3.657703991230308658e-04
-3.849870240758222875e-05
-5.637451827531693590e-05
-2.807508600763152559e-04
2.503031076285362972e-04
1.607870148436065319e-04
4.775132072597444623e-04
-4.616710975518473832e-04
-1.854530786239017563e-05
-8.789327471546798818e-06
3.902512363153073642e-06
4.961642108690662117e-06
-1.248441205681505657e-05
1.202227414346895215e-05
1.165980657958933214e-04
1.565890216740226852e-04
-1.263166521049281224e-04
-2.116772409228830564e-04
4.703310057239532601e-04
3.617610894968227618e-04
-4.664555037896787079e-04
6.499109495140542592e-04
-4.189895327846436426e-04
5.359968683986201122e-04
-8.740316133504683364e-05
-1.192771003899068807e-04
-2.323402813596745875e-04
2.487857791946926117e-04
-4.073794281863718747e-05
1.908957983639245114e-04
1.153642876846533639e-04
1.145039750200663918e-04
-2.335567120960094082e-04
-2.023535536812219701e-04
6.140692268072057937e-05
-3.398618652088071100e-04
2.355419555402710199e-05
-5.362716697063014579e-05
3.567490434080437161e-04
1.471531602324383393e-04
1.428382879464903043e-04
1.174088362776905682e-04
2.499509541739576828e-03
-5.284656088002548813e-04
-4.590932055964601485e-04
-2.465807858132417212e-04
-1.133956368048809159e-04
9.300828237970680065e-06
9.826699978303672493e-05
-2.369559338726348325e-04
1.032267636417832620e-04
7.292873545764749646e-04
-1.047718157275203494e-03
3.992207831668840895e-04
-6.689647742476969618e-04
1.270185438090099038e-04
-9.774185629026063346e-04
-1.723810061254900123e-03
1.330948911849545724e-03
-8.448337475160840461e-05
-1.451097105454169202e-04
-9.792479320585941349e-05
1.814979839100850934e-05
-2.313354094296646171e-04
-3.562763131565453343e-04
-3.418277117258283434e-04
2.855827972878624034e-04
1.122059942819686213e-04
-1.335331460764728007e-04
1.169915329080987824e-03
6.202695437636115104e-04
-4.973499881085803207e-05
7.928690978762053783e-04
1.857476130831197758e-04
-2.806722040903588018e-04
-3.306093996814397375e-04
-1.882752951452667698e-04
-3.135397963060634549e-04
1.139435144420103836e-05
5.279488870177414649e-04
3.683540650073133791e-04
-2.601487168542656689e-05
-3.059927744965268556e-04
1.407823596929157466e-04
7.142470736175210357e-04
1.077577106806437094e-03
-1.569945039172230346e-04
2.836837018815168429e-04
1.592635412214549184e-03
6.927971133665807317e-05
1.052898612876448703e-04
-1.351358188450847958e-04
-2.185995681145056738e-04
1.184338826421006663e-04
2.883965017297507988e-04
2.076598806311627846e-05
-2.672950966662490763e-05
1.197413690361968420e-04
2.125653425677540660e-04
-5.437703215758827365e-04
4.215823444794531989e-04
-4.260843754278920842e-04
-7.504285490917754443e-04
5.156305954151687291e-05
5.375301872325587062e-04
1.177131293451093600e-03
-6.788735361121919429e-04
-1.090027036693156032e-03
1.970446565921655179e-04
2.441648916275226521e-03
-4.648247904251493986e-04
-1.418121618375111151e-03
2.882013719503540190e-03
-9.624209254403416191e-04
-4.579998825184874913e-05
3.259806530674572828e-04
-4.623136561065556991e-04
5.867818011945026471e-04
-2.302041445348470021e-04
-3.030620762368790530e-04
-6.707961814348690609e-04
4.942884013769750133e-04
1.056302851747137729e-03
5.556561512160560282e-04
1.966418318732874346e-04
1.680928935710292659e-04
2.590557368737666003e-04
1.865322684543911451e-04
-7.609213698508560380e-05
3.236922550634046999e-05
-8.261628528921584509e-04
2.874338513999778874e-04
9.826962538214653088e-05
5.897203454849152650e-04
1.152647434579118918e-04
-2.467058192997764092e-05
-8.303781826586137090e-05
-2.615364181286836318e-05
6.695140761658800136e-05
1.493946350715614330e-04
-5.908711469305346758e-06
-7.499454141352202745e-05
-1.650476979925072243e-04
-1.676580834884570126e-05
1.066952733601835446e-03
-4.638469037708642623e-04
-4.162392342714183829e-05
-1.240144510164113527e-03
-1.025166778103308012e-03
-7.943760610664506281e-05
-3.131643046783544576e-05
-2.157371311140742669e-04
4.066294988905760801e-04
1.185108547561983586e-04
-5.609776297462751391e-04
-4.551076877407354599e-04
1.742511779501002076e-04
-2.344294409539835877e-05
-2.656788636792717503e-04
3.200650475636604409e-04
2.904206029904181775e-04
4.184746442729866912e-04
2.269360027872124202e-04
-2.304635932257891354e-04
-4.857529630409430465e-04
-4.737148006344929735e-04
-5.885312839186574579e-04
3.172206272687175743e-05
3.712743147411073051e-04
-5.117216861531117069e-05
1.941282073111048152e-04
2.367393012673051273e-04
-2.018153115900036545e-04
-6.678163357352973691e-05
