1.822308362030292052e-05
5.897554249196942732e-05
-5.909037655829409321e-05
1.538138578209556661e-04
1.845763706527012494e-05
1.371076418625259122e-04
2.647641529584305231e-05
-3.044661045164127246e-05
6.502209065141374559e-05
-3.732046338786898531e-05
-2.271841623634044717e-04
2.293811323674299017e-05
-8.334572637539854620e-05
2.271990731206028930e-04
-2.222041116305676798e-04
5.022661694272176087e-04
5.002570433661123416e-05
4.893955700901084747e-04
1.927076839676533442e-04
-3.811699687163392367e-04
-3.762357969046487612e-05
1.236770958561176281e-04
-6.665634418818178739e-05
-4.695152030686511346e-04
-2.419524323110443882e-04
-9.227884215640324770e-05
2.956506156391499598e-04
-7.155596267052608721e-04
-1.271344653454345691e-04
-1.660256945273466146e-04
3.357357695736657897e-05
1.260332232982145045e-04
-3.228083510840462785e-04
4.140844271098839202e-04
-3.084197021424035074e-04
-7.394516949668492782e-04
2.205511961365327249e-04
-7.941153730874316854e-04
2.312417619135110735e-04
1.245509216013000406e-04
2.141918167378331633e-05
4.320223242839187875e-04
-2.575395564140475291e-04
9.227845076517528081e-05
-1.051449296809059435e-04
-5.979130793584652400e-05
5.716264701109311186e-05
-2.800952539371647063e-04
-6.883551968193481511e-05
1.760132164246661492e-04
-1.798115090776363726e-04
8.194890084866665429e-05
-9.381684983982103098e-05
-1.152428466725469381e-05
-1.593410033886384820e-04
1.160572033263019659e-04
2.085988082646755506e-05
-1.930546327717184985e-04
3.858115151708259847e-04
1.156955833252221194e-04
7.460069345769036178e-04
3.093932984454050373e-04
-2.852158137148469810e-04
5.286168025207191041e-05
-3.894626033470864092e-04
1.029102163487840372e-04
3.048070175092017545e-04
9.518655251201609520e-06
-3.069132959470967110e-04
-1.959212061842350737e-04
3.199578722589904592e-04
1.858936864934155369e-05
-4.367722090733380948e-05
3.438363164772716683e-04
6.460356807444521182e-04
-3.854644238368054360e-05
-2.521828532150043913e-04
-8.324501578474995979e-04
-6.546606887372630190e-04
1.374281317673498601e-03
-1.292114485911834880e-03
-8.396124046419793175e-04
-5.436019666074878463e-04
-2.201823612822317790e-04
-6.770623023289058101e-04
1.631233527345656942e-04
-1.476210374650338574e-04
-5.009342993094873225e-04
-1.730325237541233217e-03
1.933822465376993532e-04
-4.096858469534097680e-04
1.300882296353484671e-03
1.540012125108038621e-03
-3.542411335825165612e-04
2.473502430845404203e-04
5.028632818246237370e-04
5.013069501987213288e-04
2.573707460880850684e-04
1.210388798101698024e-04
-6.575859070839245473e-05
-1.846334157401301938e-04
8.205104361371876607e-04
4.384296872458296889e-04
-4.697502157310038686e-04
-2.727298713520765220e-04
-5.243410245355049210e-04
-1.935664969038282477e-04
-3.309885745675988445e-04
-1.112600373836580608e-04
-2.788080269981690722e-04
-2.462432507210201649e-04
3.435406882456172161e-04
9.115904452604104563e-04
2.036827052805309339e-03
-2.565432082905457975e-03
-7.548330250499718638e-04
8.503400714582386253e-04
2.057152885150757133e-04
2.775559062179681536e-05
-1.091205964911351380e-03
6.876880099127453136e-04
-7.570287034046736764e-04
6.380758392280958089e-05
-7.131412631305065683e-04
1.005757693558702575e-03
2.068412150920834202e-04
4.169454620315850833e-04
6.097613833685622698e-04
-3.650544253022234707e-04
6.125240817030513669e-04
-9.440020162237871713e-04
-1.585094099135422744e-04
7.024039856022379433e-04
3.595079947982638915e-05
1.749313979990309246e-05
5.226123066929256569e-05
4.706302631864089713e-05
-8.922052670029736586e-05
1.207374145812714731e-04
1.136465702852291988e-04
3.723901032531320683e-04
-7.435890348090540888e-04
8.847978065588228691e-04
3.855020720422273504e-04
1.541931090932710437e-04
-1.040129471711552078e-04
5.754033173632107232e-05
1.473700873323989015e-04
2.109476207625744120e-04
3.280594458499795597e-04
3.116258843137148645e-04
1.253274170594550607e-04
1.408439898153081196e-04
-1.591778656884077425e-04
-2.122198944094922247e-04
-1.043172758584149658e-04
6.062868539047713704e-05
-1.266444524416978788e-04
9.033096405846254722e-05
-2.356116754140497938e-04
6.358655385721142042e-05
1.649198290316585938e-05
4.678555168245828171e-05
-5.675632572435139120e-04
-7.960277869526038172e-04
3.420920195387883969e-04
-4.855616982080738716e-05
2.965061137472542745e-04
-3.631078586531216322e-04
3.648757204806682549e-04
-5.582057188743623368e-06
3.005128130016867095e-04
6.265250685741857815e-04
-3.258901910764053071e-04
-3.209282694134670683e-04
1.274374605943264795e-04
-2.498155255270445899e-04
-3.821268344268910207e-04
2.743090959993668546e-04
-8.494449856044306241e-04
-3.953028344023626377e-05
3.289078861099256428e-04
2.878739144568120446e-04
-2.493064837203469008e-03
-5.576676629155887140e-04
-1.221570512845748888e-03
2.852410185196498429e-03
1.528649113374007861e-03
-5.834884550223752282e-05
5.047213858118193086e-04
2.933368589325387535e-04
2.344417172651065489e-04
2.190459379187945110e-04
2.018054366109928535e-04
3.491617181634854537e-04
1.124195484989540119e-05
5.404394903865979540e-04
4.299902770448090720e-04
-2.007796001956862317e-05
3.845693711990505795e-04
-2.255536477052336858e-04
3.488981142128547695e-04
4.205783305758775009e-04
9.555754250889190191e-05
-6.652215601895942760e-04
-3.589106486801044139e-04
-4.905483713915443966e-05
-2.264739241406872996e-04
9.870320893455850671e-04
1.665586994039581917e-03
1.371941824168267489e-03
4.008202611406428838e-04
-8.603520726590711343e-04
-5.906559654152783619e-04
-5.336894511917777929e-05
4.435836415630689446e-04
5.184609061523214654e-04
-6.824830547982050407e-04
1.022497061336732384e-03
5.447638913295887249e-05
-5.249884308250594609e-05
6.709979058405977350e-04
9.081227540012907964e-04
3.700507148752413288e-04
3.214069175104599069e-04
-1.895393302784452341e-04
8.279140140747612015e-05
-6.916632429254554893e-04
-1.602146462194813223e-04
-6.246005342676917498e-05
3.152991355396065612e-04
8.251483797915982034e-05
-2.628487838312282374e-05
2.656503312097184847e-04
-3.024260185817678596e-04
1.079069932249770563e-04
-5.596033764039473805e-06
2.494177890910729138e-05
1.682278577054803568e-04
1.070574560857798761e-04
-7.006914689150011246e-06
2.850591602103989255e-04
-1.762922441008533123e-04
-1.667730762140277076e-04
-3.099204008079152055e-05
3.776434275315144931e-05
-2.594638701460796806e-04
6.208396847584053430e-05
-3.761015726870493630e-04
-5.967651642563740421e-05
5.132025581459454065e-04
-1.012805066098944085e-04
-4.911414494642007272e-04
-3.934935950765831381e-04
-1.661005082673377216e-04
-9.322084940531627094e-05
-4.887848752342799363e-04
-3.276663254817260471e-04
-1.044935665750648901e-04
-1.106906365599873648e-04
-2.470259072876378149e-04
1.821085120102878987e-04
-5.074615574135842152e-04
3.290043169926275507e-04
-2.963337585060091245e-05
6.445028062450648817e-04
9.209424513892214715e-04
7.105583867936928009e-04
6.119251443461548546e-04
-2.412284337754195976e-04
-6.970464589745168065e-04
-8.568630775744642391e-04
-7.788576143264544938e-04
2.822632365174804507e-04
4.204535223090870343e-04
7.185502358304611537e-04
-6.844916927159408861e-04
-1.496254310068044296e-04
-1.976533678772465958e-04
-2.351628190411199967e-04
-2.075508905890640873e-04
3.761868304329688971e-04
4.366991414174570913e-04
-1.614762958697894130e-03
1.834823950203860006e-03
-1.016270072018431690e-03
-1.572738929764088377e-03
2.001422698397062935e-03
1.421558459352522232e-03
6.057122068807293484e-04
-9.909922967193758505e-04
-1.301885211018384862e-04
-1.658972627786235200e-03
-3.855517678076874743e-05
1.245689436804259340e-03
5.042896763705962456e-04
2.168524603099832623e-04
-1.591597252571389843e-04
1.311663621921879143e-04
1.749425234066231169e-04
-9.548651430162259776e-05
-4.762790070967138973e-06
3.393876551307475247e-04
-2.277296244187571764e-06
-1.056844336763468816e-04
-2.009400277108702032e-04
8.104887157593308972e-05
-2.237759571642435942e-04
3.580799810637022259e-05
-2.447702409540906672e-04
-1.115971215140313766e-04
-7.657357725893633069e-05
-2.367432389006651262e-04
1.297296624118663571e-04
5.606938169871397443e-04
3.889621263863067687e-04
4.370160356477435781e-04
8.424801165137982273e-04
-5.304054346284734308e-05
-3.777534511402091608e-04
-1.981799181701037100e-04
-2.211360796005870319e-04
1.462286586016572161e-04
2.249402362208918304e-04
-6.433326137879994159e-04
1.912930420804461015e-04
-2.087941064202543297e-04
7.519384077166909306e-05
-1.363191219519664090e-04
-8.867416188363625514e-05
1.086800311700517518e-04
2.079134520431878547e-05
1.107243063382963120e-05
5.228804717221644850e-05
2.997058755383814576e-05
-6.549059907652610981e-05
-5.882167542228327283e-05
1.422048741155686061e-04
9.805609378351121987e-04
-4.835026085220723246e-04
2.739859315908762995e-04
8.420919524815886079e-04
-8.005626059306726041e-05
3.027363714158228103e-05
7.018081031719696113e-04
3.930565876956385995e-04
-2.875968680831891963e-04
8.139024101976243767e-04
3.486948124187989884e-04
-3.612223584372664317e-04
-6.548066818162585000e-05
1.715828686062783866e-04
1.059943365694044151e-04
1.076010265072145433e-04
3.446884214373727981e-06
9.937136703411549715e-05
2.749010921159550846e-04
8.145727407575329294e-05
5.657084770560414245e-04
7.759872035822131355e-06
6.055871824041129600e-04
-3.326027128697362211e-05
-2.570833815263254708e-04
-1.071996033807549479e-04
-2.699632484640260635e-04
3.207402085181418490e-04
2.017312996783203233e-04
4.389821877051149800e-05
5.272327071661981951e-05
-1.209151277161666662e-04
2.759539790695374716e-04
3.225344818091683261e-04
-7.010040473704813970e-05
-2.497343002329786604e-04
-4.144885677679347380e-04
-2.903898140566263083e-04
3.627626610106860546e-04
-5.108212190292864144e-04
1.957633679322329961e-04
1.663509078400505353e-04
-3.955242530555131249e-05
1.388405004648063075e-04
9.942038381139382038e-05
-6.234462869074634688e-06
-2.569738089227096537e-04
-1.317244426924661551e-04
9.302199112557428800e-05
-2.571529946416222325e-04
9.963269526667914433e-04
-1.042769685921758008e-03
2.069888183738880698e-04
6.605698586315051539e-04
5.275857376238070979e-04
-3.675501688676092028e-05
-6.138065701080907795e-04
1.111037675506671698e-03
-3.246895130785190371e-04
4.162610551504979968e-05
-4.454257689167666280e-04
-4.529801482789079948e-04
3.740568391874064119e-04
-3.298431027021445517e-04
-1.360031183414671244e-05
