3.837207914844672596e-05
-8.098130601416987502e-06
2.565654097056795330e-04
-6.391510994947855861e-05
9.962742391306425159e-05
-1.080445599022812338e-04
5.922159095831511428e-05
-1.521729249681219858e-04
-1.355416963649107851e-04
3.012485450640744076e-05
-5.275580702290646762e-05
1.071907573684244676e-04
-5.991351562697804569e-06
4.290788776648825299e-05
9.121312908541128741e-05
-1.899779738243192258e-04
-1.167636303026157714e-04
7.747837381916561025e-05
-8.170219334942228624e-05
5.753708496803204217e-04
8.494263206810885852e-04
1.100457664467242511e-03
3.907313870439535377e-04
-2.504084836406190138e-04
1.584314411560086978e-04
-4.504177253190543777e-04
3.163018284856186570e-04
2.584836185631103449e-04
2.027914784606873468e-05
4.944948059922845096e-05
1.748714427815032012e-05
1.250868346189514262e-04
8.199659285769818817e-05
-2.844170988064377201e-04
-1.383774739748948074e-04
1.363732479786180986e-04
1.023207922827604714e-04
2.251612924673405285e-04
6.523159292841964598e-05
3.286577828799297149e-04
1.676334144299421452e-04
-2.906836784528189039e-04
-5.111447781224384961e-04
3.526097686604529806e-04
2.861185739089906643e-05
-2.835740228028885168e-04
7.615408909472693333e-05
-1.072785057787887684e-03
2.090150230591657189e-04
2.102245686253155466e-04
-4.213534139155775018e-04
-2.434548133849630451e-05
4.113080637047822666e-04
-6.231366524739007735e-05
1.109933519948571164e-04
2.881683625395138680e-04
6.310499317898116589e-05
1.259563260651793615e-05
-1.154326803807942143e-04
-2.254187695924336060e-04
5.816641680870374728e-05
7.371791135569245962e-06
-1.712839333098991658e-04
2.814991279239233493e-04
9.814671254666792826e-05
4.606397864672060220e-04
-8.736260367630394041e-04
-3.840605161636497509e-05
-2.100173116175361695e-04
-2.628166864319285228e-04
2.463770426538885484e-04
-2.362540618417256812e-05
-2.703206397179189376e-04
2.928737522769761449e-04
-4.190835346231279934e-04
-1.347950409257948434e-05
-7.435091458254744707e-04
4.206049102491929014e-04
-1.922381656064440954e-06
2.677200062574846477e-04
-7.782874351154536882e-05
-4.519931883316526079e-04
-9.996689889096383114e-05
-8.737534474168390255e-06
4.345650279203452731e-05
-1.865418717399683708e-06
1.271744602731614347e-04
6.604273767189323052e-05
-9.051664277378317265e-05
-1.121541945805417127e-04
9.462761466643548056e-05
2.475841368457189673e-04
1.248185740701858752e-04
-3.778458300515953540e-04
1.550227617783020808e-04
-1.500288513397969386e-04
3.172667859453360151e-04
-4.597799555870724737e-04
-4.553551332462325222e-04
3.179106861326690429e-04
-4.510719439045029447e-04
5.519744287916372857e-04
4.584349833337745639e-04
4.673644819324959785e-04
-4.073078266335127071e-04
-1.996951446540397551e-04
2.665358019406002246e-04
-1.590507297391745680e-04
2.480532630303351207e-04
-1.028592983250310998e-04
1.519491975724214408e-04
-3.351046067028954105e-04
1.546598313987777829e-04
-1.429556023614123798e-04
9.736697769124759807e-05
2.985625782561878794e-04
-6.229720360730015851e-05
-4.147485309619921407e-04
-2.554998488310962468e-04
-5.277325587906341476e-04
2.174529484871809719e-04
3.694388002275136298e-04
1.797371595643196740e-04
-3.697034866765815429e-05
5.165387065838686651e-05
-1.715385060423613856e-04
-9.435430508213559148e-05
-2.472070661568540224e-04
2.596312963687744872e-04
1.986774249714463262e-03
1.088432251644990507e-03
-7.176894926143498983e-04
-5.662980181673931725e-04
4.235926724431359294e-04
6.151740934375995789e-04
-6.085628590803351679e-05
2.459166603467978539e-04
4.555487920834402427e-04
-8.197667825002725702e-05
-9.714910286169863842e-05
-1.312770888731581813e-03
5.570504270639452032e-04
5.915527931190664793e-04
-1.049102097162486931e-03
3.544245971475806171e-04
-6.513513067288772065e-04
1.914382770794217578e-03
6.543682655752436610e-04
2.424976842125984959e-03
1.020871397914445335e-03
-9.640070451547881267e-04
-2.219276907730553545e-03
6.028463094984858484e-04
-2.557987991660467132e-03
-1.644928401840944779e-03
1.076543407604290932e-03
-2.119264647651718323e-03
8.022765301536759382e-04
2.744053553518579916e-04
-1.119631800521795717e-04
9.416828806017379060e-04
9.417077270732526935e-04
5.385424184931231120e-04
-5.083813534655560020e-04
-1.956443833401889367e-04
-1.315645256472182086e-03
-1.619783942153183668e-03
-2.596257370764561124e-04
-1.227229538972243175e-03
2.152171625668865707e-03
6.720959269555905682e-04
-1.677250747041516459e-03
4.119741364963827829e-04
4.319232424945784179e-04
7.161973046084840397e-05
-2.453567685697661117e-04
-5.215642079462647768e-04
8.088615011280458997e-05
1.336541595648189635e-04
1.013300970839234544e-04
2.395627437010704750e-04
-8.356285187541257452e-05
-6.955090330206537279e-05
3.748381106403817626e-05
-2.924434250131166925e-04
1.357111571283278208e-04
-3.911346479956970983e-04
-1.005692574701112294e-05
2.868079298860066626e-04
-2.216052639143382356e-04
-4.478637103329586905e-04
1.006966072221170160e-04
-1.264993751059218787e-04
-1.912943700942275370e-04
-8.129343550608157838e-04
1.309600972907302421e-03
1.060377349197422648e-03
1.213889432280681986e-04
2.127989549886367179e-04
5.301960377241676792e-04
4.090309675350876440e-04
2.598028879116511089e-04
9.587329988226281309e-04
1.879299882587381589e-05
-4.485441811447275209e-04
8.702949388291814688e-05
6.780897192376899056e-05
-7.781156885373435817e-05
-4.295402043889635013e-04
-9.817494132306146251e-05
-4.465265781901042882e-04
-9.528792675536902580e-04
-4.851726676479979962e-06
8.652150535175326526e-04
4.689437704055376900e-05
8.419511835580352705e-04
3.144140462529332347e-04
-3.899636307470261219e-04
2.400067270729161614e-04
-1.793931482534501199e-04
-1.846516963790940154e-04
-1.960614791491871293e-04
-1.149622291997797895e-04
1.066118667012156920e-04
-1.326480734684986674e-04
2.059589355552763788e-04
1.477600256917376183e-04
-1.795666918691339326e-04
-1.637929838241007860e-05
9.822752700873628581e-05
1.353999150865208500e-04
-1.218803466336191796e-04
8.153334849394773629e-05
1.616549032530553395e-04
1.035042389403223386e-04
-1.096076178145729749e-04
4.015828400803777036e-04
-1.800221236227910322e-05
1.380425481092882123e-04
1.756654063925133704e-04
1.209100965464587137e-04
8.698005902004640223e-05
4.721082779562575118e-04
-8.910905211127023143e-05
-1.728644255994328904e-05
9.131689495633468529e-05
-2.233180057850367212e-04
7.458497347579205836e-05
-8.457584154730137698e-05
1.931051589193063527e-05
1.881534382308185896e-04
-2.651698322624357210e-04
-5.159492451955755026e-05
-1.361429344169168200e-04
-2.002163093606574207e-04
2.525829690616205398e-06
-1.884777457722067981e-05
-2.952371724115317262e-04
9.774482784495615144e-05
-2.536817307763321739e-05
6.693253301952294414e-05
3.742323937649282066e-05
1.606544080603116798e-04
-3.117243139815693538e-04
3.742919085584795478e-04
1.585474931307652652e-05
-3.794922290097768451e-04
2.220087874365166733e-04
3.936576347355864132e-04
-6.798212415560021381e-04
-3.151663530669624911e-05
1.404804633114965188e-04
-3.299982925032253836e-04
5.988830948554862369e-04
-6.791250530006908998e-04
-7.324348939280182118e-04
-5.901721162186602653e-04
3.027492863596348955e-04
2.376011117947946308e-04
1.129157580681516127e-04
-1.627647624709595818e-04
3.369013750725273633e-04
1.478469202822793171e-04
-2.829395916915720499e-04
-5.674735411786342200e-04
-2.737989364344129871e-04
5.920372910358448126e-07
-4.665245831729131253e-04
1.993903144337349224e-05
-2.146841320997752440e-04
1.961028742061880648e-05
3.528675126732742028e-04
-4.688012456008808595e-04
1.216881697715448086e-04
2.082221271238610929e-04
2.234230838532782896e-04
2.991474396475026355e-04
1.298285592615017376e-04
7.650267800890505699e-04
9.815015340388811172e-04
-1.338283814248085197e-04
5.406728438900289995e-04
-4.493938005929929672e-04
1.218365636784380550e-03
1.731799670756237457e-03
3.602573817179853489e-04
-4.603606870643758419e-05
-2.030573362679022537e-04
6.396254039069912975e-04
-1.733957940717379320e-04
1.383080293622229848e-04
8.906767473904514702e-05
2.286877467088893495e-05
-2.852422961227650934e-04
2.576480456013929116e-04
9.473291990375874467e-05
-5.050098435688138036e-05
1.665599687359424182e-04
-3.019558716256430997e-04
1.209415950865374212e-03
3.122687282978196615e-04
3.456199359172630950e-04
1.574873227148439615e-04
2.160466212556169760e-04
6.971104498035109241e-05
-3.135195799700315317e-04
-1.008679588910041104e-04
-2.928902978892938691e-05
1.650717985816461996e-03
1.608066764565855948e-03
9.344946963554850083e-04
-3.668470613498342361e-04
-1.235559156412932525e-03
7.056655221448353309e-05
8.139462708263230811e-05
-1.292922052058115528e-04
7.534658254471527251e-05
-2.392025299478936918e-04
1.111582446285672545e-03
-5.562703030023002102e-04
1.200256676161764975e-04
-4.457654611631476255e-05
-3.388602795239904525e-04
6.993796458828802467e-04
1.340280860273073381e-03
6.291010877526162287e-04
1.640880322429482795e-04
4.769622166382131109e-04
-1.831719417721415120e-05
5.220612136330068887e-04
2.241034252965782745e-04
1.701640901633507091e-04
6.423900207204513496e-04
4.228099451177746342e-04
6.457444925961271535e-04
1.352238298325940684e-04
-1.397424361291782816e-04
-1.751038728956620769e-05
-1.968039443646275803e-05
8.365367893445526401e-04
1.086422453793912252e-03
2.335406045657379564e-04
6.677069405033094623e-04
-5.798657674141368410e-04
-8.142227504955425275e-04
-9.231729754566291978e-04
5.769307667831938182e-04
-1.421349707152815825e-03
4.438158591607142714e-04
-9.808635728152109582e-05
1.333906749728289804e-04
-2.502562271972023737e-04
5.973002580909088236e-04
3.313084983679875505e-04
-1.830142082816144284e-04
1.737272893944069151e-04
-1.765140602993360379e-04
2.519935024296665539e-04
-8.278623050024468653e-04
2.025104742843161505e-04
4.315948039138787595e-04
-4.956985075012925466e-04
-1.826714042740716843e-04
1.869462159324731371e-04
1.850013702859033523e-04
1.269774693586315378e-04
1.261470400506335828e-04
5.434653358705129086e-05
-8.885573068166370894e-04
5.420366916227326894e-04
2.041907514487049187e-04
-9.217379631066234796e-04
2.668969746879230648e-04
-3.153767221587825591e-04
2.012621725575404258e-04
2.868487417904920706e-04
-1.899965103616490212e-04
-2.316656857318740196e-04
1.525828330772999446e-04
-1.115615675717174838e-05
-1.107807787257493367e-04
-6.995267435673754885e-05
-6.863995616076824227e-04
