-2.041960382692320432e-05
-2.507100277110407816e-04
-1.236059476601964496e-05
-2.214136877496647974e-05
5.816482321821827124e-05
-3.887453241631038769e-05
-2.180582709305139771e-04
2.605909639360754881e-04
3.308522214857289234e-05
2.283298569486767827e-06
1.039030432435596234e-04
8.599692340079486850e-05
-2.202061929008945093e-05
1.635332175500442712e-04
3.459244160292632348e-04
-4.325078204171660585e-04
-1.582281262120435056e-04
-3.007801236443407005e-04
5.882083158604637609e-06
-8.043640603969405534e-05
7.857643245095844334e-06
-4.810313389192674434e-05
-3.174973007832830726e-04
-1.731325101446434291e-04
2.556824712468455308e-05
1.371135324953845242e-04
5.878334856329764672e-05
-3.006001286724471430e-04
1.525146573954200021e-05
5.253840116890865034e-05
1.993716453207009551e-04
-1.436303324645287589e-04
9.338007773132427005e-05
-5.185017726734530671e-05
-8.917645179108188273e-05
-8.276847347460173363e-05
2.200824249554483782e-04
-1.623551441659280695e-04
-3.375818404538638313e-04
1.795628616440057650e-04
-2.255519509523721817e-04
6.404299560911608626e-04
-4.942046019321310246e-04
3.403674668059406114e-05
-2.142534327781014654e-04
-1.865041930641007462e-04
2.778999249513271902e-04
9.766362052364000509e-04
2.515077805379836893e-05
-1.222002282261112568e-04
1.034829872140916799e-04
-7.277017454433674892e-06
1.234117346713632700e-04
1.766263495727529731e-05
2.842226415501595584e-04
7.595970201392097563e-05
2.422259317984395608e-04
-5.134957373325261870e-04
5.658815647035540444e-05
2.938510904588296723e-05
6.664671209815032857e-06
6.307888702341336070e-05
6.991168006621639622e-05
1.175067037476585193e-04
1.609068619021956860e-04
-1.758031887802208770e-04
6.643119875779195105e-05
-1.420967017418650591e-04
5.007946965596285971e-04
1.766041448862463298e-04
3.090398464290308625e-05
-5.925494258866626819e-04
-1.507885177731975066e-04
-8.158663863067847901e-05
3.821090449560562627e-05
2.587588386750264992e-04
-1.423399906214319619e-03
-1.088851207837659464e-03
1.916824785353213258e-04
3.901178462410845229e-04
-2.654402010332790329e-04
-6.246311484220485807e-04
8.231459752304791161e-04
-1.810953750350678747e-04
-2.230906878588629749e-04
-9.276410853359943380e-04
4.562525413554967615e-04
-6.637424006359395057e-04
6.533484331284867370e-04
8.314627230885629733e-05
3.122852096049409708e-04
4.481541973792772891e-04
9.572104113383022922e-04
-2.990603344981399448e-03
-2.134708287703168932e-03
-4.639650088046503077e-04
-1.763222759791241803e-04
3.422372856015553819e-05
2.214193836206906820e-03
-1.201801685358984796e-03
-1.266872011423945824e-03
-1.968601002278991177e-03
1.702788902873758397e-03
5.919703762993305346e-05
7.301298250268710281e-06
2.675808592889181332e-04
-3.341299017947476670e-04
1.530658720595147958e-04
-6.282230723941928732e-04
-1.461184376150990050e-03
-3.644286353576528027e-04
-1.009597751544189827e-03
5.770693962842673779e-04
-1.530434745723800169e-06
-7.092311184598500563e-04
-1.436443460223236395e-03
-5.106838272039926439e-04
-4.997635220974967112e-04
3.347959320449122602e-04
1.687642556641026073e-03
-1.660052622590236821e-04
8.594245586528939001e-05
-3.750159403820162347e-05
-1.735350885405172227e-03
-1.670211023997526844e-04
2.073662857090204786e-03
-6.047619431162663903e-04
-6.008657557161011485e-05
5.597729557949604777e-04
-1.669600451264199490e-04
-1.640058681884083171e-04
3.884540465442813326e-04
-7.479872920938245029e-05
7.024951196272897656e-05
-2.375772858431138463e-04
2.584789847101098673e-04
-1.082944943495767704e-05
-2.634624386331027731e-04
-9.992173043805278334e-05
-2.379648469349426019e-04
9.122683734237220802e-05
3.390899082993099434e-04
-3.096711241291578228e-04
-4.655452521965151250e-04
3.452280144253100087e-04
-2.236547288052016509e-04
3.441940325980646876e-04
2.184355157734033754e-04
-1.259667117951860044e-04
2.485308781880182435e-04
-2.957665364246805950e-04
-5.858567511145675120e-04
-2.085338534953160656e-04
-2.394329118720087634e-04
2.929877216730212338e-04
2.428160208637631715e-05
1.614563835448470941e-04
-1.407615897865245667e-04
5.563181328005370420e-05
5.015485079882117333e-05
-5.612942362891358236e-05
1.448875118710027344e-04
-4.798192630096634407e-05
1.624466508580308375e-04
-4.083528314266453822e-05
-2.260315170405976240e-05
2.734770025172672623e-04
-1.065338874430655716e-04
1.962198531642249497e-04
-1.500395630617846894e-06
-3.146722100381141107e-05
2.655397544760747147e-05
8.245685812783415652e-05
1.686470131414712418e-04
7.139175193153202408e-04
2.885200294180417015e-05
-5.467590049676829093e-04
4.906735589246224690e-04
-6.569551296560317480e-06
6.843227148698775527e-05
-2.415981018010995122e-05
3.847030277266531330e-04
-4.089306053056446406e-04
8.598550434185760801e-05
2.860289634665226749e-04
-2.732603143267324985e-04
3.453138015091673915e-04
-4.329867658354512121e-04
2.012150488135157334e-04
-3.585266914368149919e-05
-3.432678816636346966e-05
-4.512455260634443458e-04
-2.265732450349440096e-04
-2.104979857176721733e-04
5.689114149210847560e-04
3.527793022560088009e-04
9.483443641925794676e-04
-7.046419054129561348e-05
-8.642564595017061758e-05
6.536705742621330662e-05
-1.552153180693711585e-04
7.250874530852109430e-05
2.943502079887442549e-04
-5.921773505471864853e-04
-1.216443501962536175e-04
-2.897672517619980957e-04
1.257998009280865274e-04
-4.576374188853353227e-05
5.086644340499157409e-05
-1.416598316489299590e-04
-4.718279475317146239e-04
3.004747993912573278e-05
7.030612481161841159e-05
1.962212219936495885e-05
-1.113223993421700794e-04
1.698369132682599853e-04
1.148270497209889128e-04
-3.869470007828447705e-04
-2.139741712643127036e-04
-6.075899223077086807e-04
-6.944919087168685600e-04
8.705816223660763640e-04
1.308080807816746152e-04
-4.736168131419817538e-04
-2.731614701477928309e-04
-2.601219311573639819e-04
-2.423505964270319848e-04
2.677126047368769764e-04
2.629091751358655265e-04
-6.923125136965513826e-04
-9.829903433983519352e-07
4.495632592667124744e-04
3.579332112807009458e-04
-7.347020762601550381e-04
-8.596539573840582520e-05
2.092755871841275243e-04
7.223277500430862717e-04
-3.633013942670046880e-04
-1.318141532898904470e-04
7.749687737413060089e-05
4.219729634233683840e-06
-1.054556933056249862e-04
-2.466646950603571518e-04
-4.467278056827779471e-05
2.547717545498180171e-05
-1.408646773383150867e-04
-6.332137569313952587e-04
-4.198145282833833634e-04
2.072169849438677065e-04
-9.413560393508764164e-05
-1.349429707575151274e-04
8.691243058882442676e-05
5.776845600724019427e-04
1.905517242634839295e-05
3.190643204163690354e-04
1.964213404837328170e-05
-1.323716672572903522e-04
1.250110529804423392e-04
1.309059743110416846e-04
-2.292187602358861521e-04
6.564111552275697040e-04
5.643970228544194310e-04
-3.411998839691377265e-04
6.498079914347217219e-04
9.588693017214684452e-04
-7.182183922458618358e-04
-4.672663731084915394e-05
4.430596561319673221e-04
1.033222829366694552e-03
1.340131237077733578e-03
7.174778809962935517e-05
-1.216539987747654571e-04
-6.902374186474796508e-04
6.219269669751499032e-05
-1.722637032965742990e-04
-2.361813231638443928e-04
-1.822780002788958152e-05
2.357750179276126804e-04
-3.651978156747122286e-04
-4.338622795717670777e-04
-2.099506065553206533e-04
-3.843239504391355427e-04
-1.166098043496255685e-04
-5.806335918886913478e-05
-4.428248339812465031e-04
-1.456303888430374670e-04
1.204937126047563175e-04
-1.987450603314978631e-04
-3.455448526212879411e-05
8.806353905127632675e-05
-4.620691733190770371e-04
1.752223398684920640e-05
-4.317084952775787632e-04
7.556386884889117065e-04
1.146912026255959578e-03
-3.902916384195968314e-04
-4.401808781926775174e-04
-1.158312288531091264e-03
-6.848946927700593282e-04
5.621366697008753485e-04
2.027176952818587809e-03
-1.211370546177649790e-03
-8.027801745070001129e-04
3.346725019497517255e-04
1.056461836422877758e-04
-4.106612522819986675e-04
-5.505025450328142187e-05
2.524826796013851494e-04
4.310588503671480679e-04
-2.589616085508458809e-04
1.163786556558295097e-03
-5.561102671657764404e-04
-8.038127995492654401e-04
-4.225569003748134815e-04
-7.566902288770793652e-04
-4.174947169203042344e-04
-3.139678554297972669e-04
-1.635358738211178118e-04
-1.401208769751628247e-04
6.640111230906150077e-04
-2.481859531315559362e-04
1.504731911503140093e-04
-4.849187362598023467e-04
1.624611554620991258e-03
-1.075252464409911634e-03
1.480102940055339411e-03
1.413253052172260384e-03
1.043338395810796673e-03
-1.262711168986348840e-05
-3.758514438307691916e-04
-1.387836057963240366e-04
-4.481447318947854295e-04
-2.699468651501664798e-04
4.585759444717230722e-04
1.754886359468247801e-04
-1.143426781652822233e-03
-5.448932200477341189e-04
6.852845376982811708e-04
2.585766154019932526e-04
-1.641409837418514447e-04
5.027571239611507495e-04
3.196110665412459290e-05
3.556402954456410457e-04
-2.100429668494079819e-04
-7.613439218176900431e-04
-6.924541992708025577e-04
1.544828956349648361e-05
-1.069259734076857788e-04
1.929809393710702056e-03
-1.217701281726923978e-03
1.614326580925538705e-03
-1.046369206385617265e-03
6.924283491194523467e-04
-2.714961429066286937e-05
1.142720929077373096e-04
-2.616208537206614988e-04
-1.913070039393795061e-05
-1.972211405501642816e-04
1.855460403301355005e-04
1.676171388249312916e-04
8.742731909978939970e-05
-5.797639569719558605e-05
-1.198731007931294130e-04
2.481969795919226137e-04
1.718901139260896273e-04
-8.254107875196624647e-05
9.645704778209700627e-05
-1.714685500209409076e-04
1.898704977797640125e-05
-1.588877148248182326e-04
3.339478184446153771e-04
-9.339281841229761093e-05
1.123633891224210202e-04
-1.270759443371627330e-04
-3.087020055988765597e-04
-1.234775670187548491e-04
1.504399928806071185e-04
-2.142322135035707440e-04
-1.370503872414011333e-04
-5.879302145990394565e-04
6.482068778376801445e-05
-1.671449485331188956e-04
-2.941602904955617579e-04
-4.287568326096208695e-04
4.550050972764688607e-05
-7.143685320571467687e-04
6.917744737644411241e-04
-3.005878859951905714e-04
-2.858166550242543895e-04
-1.818796301773888938e-04
7.358226751182152009e-05
1.436804979272996591e-04
-3.504973213850218552e-04
-5.221048397342434181e-04
4.117145119035082795e-04
-6.191899990181751754e-04
-3.120778891922019256e-04
9.072425504215942066e-04
3.691920077001607250e-04
-4.277081799822323566e-04
-2.516948788880265446e-04
2.334921069294120411e-04
3.249027662649531961e-04
