1.064719401049736798e-05
-1.085427375031656257e-04
-1.168259850002580823e-04
4.160497720784370727e-05
-7.711833321197099133e-06
-1.061409057730930281e-04
-9.756529255648995738e-05
7.354500169738752548e-05
4.676401300124865233e-05
1.245864572137729788e-05
-1.243828107120590655e-04
-1.404319001858745698e-04
-2.752863915390896905e-04
-1.132422678327666505e-04
-1.077879466706939057e-04
1.290347746488602985e-03
2.386738658453298786e-04
1.842816383839722372e-04
-7.723411007108950919e-04
-5.376056213222215642e-04
3.041889877932622203e-04
-1.012993588251765234e-03
1.465782250559539372e-03
1.269365867272722985e-03
-3.477395780310062103e-04
4.647656095937771083e-04
-1.521389690101904385e-03
-1.020553694500242253e-03
1.068036870495324116e-03
1.944168080639601087e-04
-4.350097553593879757e-04
8.486903726326360453e-04
4.845971878414701570e-04
-4.535754065666510663e-04
-7.769824016855643228e-04
2.696730706133493197e-04
1.526812013815070077e-04
-7.079661867799799148e-04
1.094255237860793702e-03
4.733183671723450157e-04
-9.670466895589529578e-04
-8.646532907828695207e-04
1.104637593375994284e-03
-1.167249622131497501e-04
-1.268657601243771207e-03
1.147723746485671253e-03
9.853106106794636324e-05
6.265682249622672208e-04
1.720411279629080123e-03
-2.366316695150151833e-04
-2.878547002463976469e-03
4.418125959199399448e-05
-1.465403238714203674e-03
-2.153756587981978967e-04
1.547579861122878235e-04
-1.488891138643326636e-03
-5.376097426756995664e-04
-4.572793999045258594e-05
-2.405184826771430496e-04
-1.726282221872926814e-04
4.042891908220469163e-04
9.423983967065402835e-05
-1.669544035855600734e-04
-7.347233053446558700e-04
1.045184726257895620e-03
-3.805109962297555104e-04
-7.255703952733966221e-04
-5.206844791345433378e-04
6.479070737944149982e-04
-8.781634408145834588e-04
6.556770399074741528e-04
-3.964078530956375440e-03
-1.180442201234938948e-03
-2.370183862635377562e-04
3.463501248933580686e-04
2.549901692894559579e-04
1.583207756437033883e-04
3.985131633921082991e-04
-2.375946987481898317e-04
3.036124364984129687e-04
8.166871696296531744e-04
-2.722816252045640950e-04
4.777198724373620437e-05
1.558800526948660268e-04
1.821012488536989562e-04
-1.853194746582041859e-04
1.811287491941623200e-04
-8.582600862848783162e-05
-2.176292142751717971e-04
-2.783264449620895991e-04
-7.283861090009988485e-05
4.271186939958558583e-05
6.933209933386207861e-05
3.153520485140956530e-04
1.955420602558667490e-04
6.234504048285567472e-04
3.139201262465606533e-04
-3.456751220921517638e-05
-7.163061395018503340e-05
1.732169801255744408e-04
5.014019567896844335e-04
1.304779764748032049e-05
-2.998683249072629960e-04
-4.808362405592180012e-04
-7.166157668471427340e-04
-1.124047604712627825e-03
-3.115990568199484547e-04
3.785689872181734997e-04
2.463685353217940645e-04
-6.786925348584879028e-05
2.222213825424586059e-04
-4.453227632632237183e-05
-1.671802290384451467e-04
2.870740657853110191e-04
2.437323028916574648e-05
5.797808173021593090e-05
2.245403149026560226e-04
-1.783301082324592721e-04
2.475792240521078628e-04
7.922166518985474242e-05
-2.626385799791028112e-05
1.552041519157422336e-04
2.227785162510446536e-04
7.174992972994824730e-04
1.016823533372264411e-05
-1.009921242974234044e-03
-4.409871701346101199e-04
1.037698645804649867e-03
1.520100353432598974e-04
-4.136608713031803691e-04
-5.500076734502426555e-04
5.900023142020662274e-04
5.468431810263113275e-04
2.383416970069547711e-04
-2.174096658232333313e-04
-1.048133666572839760e-04
3.245752226829141159e-04
1.215226512278110363e-04
3.025958482138081228e-04
2.765844345021087379e-04
6.968630899869906093e-05
-1.432715648553861698e-04
4.848772882426767832e-04
-5.979783131621317378e-04
5.469509056577593308e-04
2.036539488593183027e-04
1.043575240887482198e-04
-1.117818298505219101e-04
2.043476793070307792e-04
-3.488930116912631056e-04
3.052873238901394871e-04
2.494433047745993942e-05
7.969549384419569562e-05
-2.347704334959536553e-04
-3.652650570802793936e-04
6.550557040876008128e-04
5.005136640064459207e-04
-1.264886397428109850e-04
2.337566016300831711e-05
1.970327474073989174e-04
3.391791300475810477e-04
-1.540388057298269927e-04
1.176201444988833063e-04
9.922318060601479847e-05
-2.817273626357627420e-05
2.426623931574327321e-04
6.396639763290216756e-05
2.113541101806799783e-04
3.894555265061190076e-04
2.854051296192769774e-04
-5.172159399284520336e-04
-2.051877775650919435e-04
-2.756804758623640971e-04
5.475575429378712593e-04
-2.526728650830437290e-04
-1.441716166562461311e-03
-3.511492664744719728e-04
-3.134069744396669917e-04
-7.208634454512874825e-04
-1.765602637444053881e-04
-4.840781386593094669e-05
2.167202287509103429e-05
2.505519239455074716e-05
-3.693104616156109429e-04
-4.293411833618975730e-05
1.053166017480215483e-04
-3.442432715154592626e-05
2.851621209266710661e-04
-1.130336371097565669e-04
-6.387889401856205974e-04
6.343145347446051217e-04
2.753026551915954776e-04
-1.400925646718718964e-04
2.941336168144669319e-04
-5.721074942634738749e-04
2.963475280607798636e-04
1.812229556430035673e-04
6.475963923787976134e-06
1.246457572774761074e-03
-1.543495482871208059e-03
1.484215068900087071e-04
-6.464592418508901704e-04
-4.708401037150344295e-04
3.846186991523328259e-05
-1.496925584122605669e-04
4.323459593368747999e-04
-2.192539387385951681e-05
5.334859670795753751e-04
-7.063626818221202584e-05
1.076277489798392134e-04
-3.903994236554588458e-04
-1.642731587363434505e-04
-1.756576451085842434e-04
2.879921437305256265e-04
4.067945027504809712e-05
-2.999921262630826277e-04
1.465809261374701768e-04
-2.216247082291126623e-04
-8.727366600416248043e-04
-1.116142579559121920e-03
8.954049190349499567e-04
9.406208303688279272e-04
-3.402087164969776266e-04
-2.773787220700460617e-04
-2.342978388398866680e-04
4.986469647448936416e-05
3.094965318331203822e-04
2.474366961903292023e-04
-3.176657154727244303e-04
-4.004424551830431054e-06
-3.198312900512665551e-04
2.245274744812648796e-04
-2.178154243155150166e-04
7.818490570657233099e-05
-4.880830248466537014e-04
1.204852370573875504e-04
-7.034916199460238418e-05
-1.517041472314896509e-04
-6.123126695694064554e-06
2.461500101130149106e-04
-4.706641795115931769e-04
5.614820152848530024e-04
-4.173254703445430100e-04
1.757572084463762262e-04
-2.224922736989179916e-04
1.270397369842120349e-04
-6.903253592397164942e-05
4.077286383078538082e-05
-2.537472419504330468e-06
1.895794401612016988e-04
-1.247508834546912895e-04
-1.312598535112029013e-04
1.680312013204968174e-05
-6.179388487766378734e-05
-8.475815634601643249e-05
1.528855321299922619e-04
1.862429521264972023e-04
7.206756325620794726e-06
8.410672497103268818e-04
-9.674361757973318091e-05
-6.995265863689545957e-04
2.909221592698154257e-04
2.580920757789287811e-04
-2.102542688190231089e-04
9.235414742185192431e-05
2.651003759924617132e-04
2.648916308886619590e-04
1.601916397631905425e-04
-1.445405278037407851e-04
-2.501989333275231016e-04
3.445641863540989711e-05
-3.581636638927052346e-05
2.662749130555575852e-04
-3.992948151305820807e-04
-5.135677851446960413e-04
2.700283050726075946e-04
1.845221637591685582e-04
6.540534819202557977e-04
-1.627103621574123142e-04
5.336179399419513906e-05
-2.424326384593031389e-04
1.123111903481316448e-05
-3.141532214496013989e-04
4.585605441825222191e-05
7.455918258178171351e-05
1.194432902369872772e-04
-4.196520133530038966e-05
-6.064847401879221471e-05
-2.614901351946601732e-04
-7.972671226910013425e-05
-2.560746900239884837e-04
-1.360545183912841992e-04
2.494824901439923769e-04
3.276587492851412427e-04
-7.291218494380154787e-04
2.043430267933310680e-04
4.457619879789780646e-04
-1.022668640181860229e-03
-1.052088479980311966e-04
-2.186443667072334699e-04
-4.037678796870717473e-04
1.091470861760722363e-04
2.015018074912897973e-04
-1.167260657168952545e-03
7.820983966808603112e-04
-1.141092829085475421e-04
1.594486493769994612e-04
-1.046957739376112227e-04
6.133884835758313179e-05
2.419733516783721151e-04
2.607092080165436879e-04
-4.179525811021057510e-04
3.596858846620445711e-04
-3.641423968435321678e-05
-1.242243904397344800e-04
-1.322039850525892830e-04
-1.291291325119952357e-04
-1.620548236627399725e-04
-3.838777757590295216e-04
2.948124877264592450e-04
-4.441521038291441881e-05
3.013750036848183403e-04
2.822431651191672011e-04
-7.293921230297890869e-04
-2.188769107357520140e-04
-1.116745950137776767e-03
-1.965965501004868633e-04
-5.681182121134839607e-05
8.238358547963714376e-05
1.559815179170257772e-04
9.059431920128358981e-05
9.410067410925567703e-04
3.091885777162129301e-04
-1.220666671446377988e-04
6.841604141833660530e-05
4.431867222681309189e-04
2.549781512454181507e-04
1.028102541476877716e-04
-1.779720700720687355e-05
-1.162872910192246858e-05
1.194528368669605436e-04
7.138039577267434757e-07
-8.492384058999889295e-05
-7.383787834097366154e-05
-9.420417891304020709e-05
7.243904477534496007e-05
-2.149627771231112973e-04
3.320997084242090854e-04
-2.883903715624672854e-04
-3.545034505993893887e-04
7.359656489909149283e-04
1.558767588042586270e-04
-2.829428844205123601e-04
-5.996801584975161147e-04
3.086855802749572655e-04
6.699637394766891742e-04
-3.521684283076767941e-04
-6.098703643551820798e-04
6.832220780633717512e-05
-6.549383783164556465e-05
4.710064644332157859e-04
-3.494391031150629831e-04
-9.421623505945083364e-05
-3.539613657497008925e-04
6.408192612110043696e-04
-5.760695818114851827e-04
-4.734376862018805829e-04
8.555714831268779861e-06
1.829985422707873814e-03
1.115786185398922464e-03
1.471476687959083355e-03
1.502980604610402006e-03
1.991544140568066775e-03
-8.132489939371427177e-05
4.709399199414226388e-05
-1.187372251466771927e-04
1.081250611755513172e-06
-6.773121375037977286e-06
1.091166494296165869e-04
2.887475760745881570e-04
-4.061396033938375217e-05
-5.827603712014941818e-05
-1.933777517171436395e-04
-4.408873302952217243e-04
-6.439814080918745964e-04
3.461365465836530747e-05
5.017946250381978080e-04
7.101431311190746845e-04
-1.292915237218339594e-04
-5.063622528950341661e-05
1.694756214430585925e-04
-1.467273097794475972e-04
-2.363856916416054053e-04
5.447630079159457598e-04
-2.901809803140784657e-04
-4.425169414484161358e-04
5.150760617088073886e-04
4.169615072360452479e-05
-4.357913304860729586e-04
1.117876909201405422e-03
-5.285021624945843328e-04
-1.537607324915870981e-04
-4.430175583223096400e-04
