-7.333248527490082486e-05
1.023575336296901145e-04
3.198768719855935250e-05
-1.039852055431565660e-04
2.080956333205828722e-04
1.219967639985345504e-04
1.333407180769300240e-04
9.327936340343754966e-05
2.341678953699592201e-06
1.103118326442780141e-05
5.072337274020639165e-05
1.023400969797878471e-04
5.876092507449600917e-05
2.836336438915454828e-04
-1.689412672193865727e-04
8.649406371804796261e-04
-5.981369901366227369e-04
-1.021182462999939639e-03
-3.594495110966533557e-04
-2.200565971214189017e-04
-9.948181936112958205e-05
-2.662589265779362964e-04
1.791288457548419709e-04
-4.812188158494902599e-05
3.951792492223414458e-04
2.406865760059241838e-04
1.927878607110522719e-04
7.281666649697728024e-05
-1.079295376611003315e-03
2.653793682399618943e-05
-5.656064649552217631e-05
3.416849477995731769e-04
-1.408869784667989098e-04
-3.405289165011778367e-04
-1.140933572790678828e-04
1.975785493097702620e-04
4.747942683547853957e-05
4.222238582400865691e-05
-6.451217220515041641e-05
-5.064555252880023877e-04
-6.885120770917593650e-04
6.335644033638302731e-04
3.529138722371049719e-04
-8.006124122088159340e-04
5.219617913914622763e-04
9.171965188480965449e-04
-6.666968621086482921e-04
-1.359293409488507417e-04
2.467607700044490392e-04
-3.449630204461837785e-05
-1.647563757693068444e-04
-6.218648473879656450e-05
-4.274725735329611164e-04
1.367340950229482593e-04
-1.326559289274401466e-04
-1.613039908697452601e-04
8.472148677047979025e-05
-3.207135445653089474e-04
9.074481993801627056e-05
-3.605176055043403296e-04
-2.879492518713593443e-04
6.122721198374323718e-04
6.055216326801654515e-04
-6.792096835368772274e-05
-1.347858554409323147e-04
-1.545907245460156280e-04
-5.704602260000278926e-04
2.352338499762871103e-04
-3.400412152337264232e-04
1.714193088756362155e-04
1.995023643909424435e-04
1.649091311555808377e-04
-3.947902962429660368e-04
1.100645253845169877e-04
-1.529398472573748955e-05
2.773612785083494017e-05
-5.627953839237499365e-04
-7.193585334322575870e-04
-2.972121614067297648e-04
4.806796814623789547e-04
-5.741138171360601070e-04
2.583269660197759108e-04
-5.006019459671454770e-04
7.461933082973948046e-04
1.472390536341394544e-03
6.966364412842574155e-05
-1.874784961889553250e-03
-1.615034937326220764e-04
-5.172970647469234438e-05
5.798781514336392084e-04
1.664441420682143103e-04
2.064304775217270355e-04
-5.289572627733507516e-04
-1.612837614654974482e-03
5.239265830081482394e-04
-2.539412738206155823e-04
-1.460422428483766980e-03
7.323018625623009981e-05
-1.219385775181411596e-03
-1.449313093640254005e-03
4.214578956919278808e-04
-1.234445619946272299e-03
-2.204700713444723414e-03
-2.566656879916514385e-04
4.252296682097354320e-04
-4.366187959595107040e-04
2.644243472928034305e-04
-1.911886827633098513e-04
1.471783516246034365e-04
-6.020806850271950795e-04
-2.126090032202947145e-04
2.173235087898571754e-04
2.841565804860155735e-04
1.083514139400809954e-03
1.241784052289504007e-03
1.647315983424947269e-03
1.735431507074673002e-04
1.365310103165755457e-03
6.338775023524501409e-04
3.590381045841425619e-04
6.969742491997724153e-04
-2.024710527416145289e-05
4.263294272420234746e-04
3.184893773520546391e-04
5.074940119721689600e-04
3.866675552293229434e-05
4.148478577557049318e-04
1.829543914719225159e-04
1.139466605941061869e-04
-1.133269903004436099e-04
-1.222772984880971219e-04
-1.410072757438290867e-06
-4.071311680151281932e-05
-4.280020711760116714e-04
8.530819069880879327e-04
-1.896024733981272088e-04
-6.365582942224197157e-04
9.056672122576114176e-04
-1.914243335517211170e-04
6.421660961611695532e-05
-2.123530751638690571e-04
8.765467952802424780e-05
-9.146956848296396484e-05
-1.063502112312381790e-05
-5.694460204152564358e-04
-4.164303236469288870e-04
4.590890710151259444e-04
4.693101955934732934e-04
1.586165588659342303e-04
3.205646804036280410e-04
-4.305195236732520356e-04
5.594588813086075630e-04
4.632195406767597229e-04
-1.455538591027347596e-04
1.573066234870402436e-05
-1.369582554525658241e-04
-1.486922388304478962e-04
-8.492794510714503310e-05
-5.752812675093715438e-05
-3.316450578338328429e-05
2.338209925696973327e-05
-7.273313150443204004e-06
1.551666029335652011e-04
-3.322594418485136196e-04
4.052973564897227707e-04
2.238644802870282710e-04
-5.468962677286616144e-06
9.165122849273997854e-04
-8.139581094313983118e-05
1.162084734024191359e-04
-1.642788367083666422e-04
-5.106102749474422977e-06
-1.931686410612505427e-04
-4.673664901433813643e-05
-1.049106187482210591e-04
2.521470865649986148e-05
4.222215468990908556e-05
4.074340992183227150e-04
-2.937696355057558607e-04
4.332663412138175311e-04
1.288845475655592818e-04
-2.219821969574018751e-04
-3.073618932079225021e-05
1.039687052542415943e-04
6.503580736080469271e-05
-7.709702160164554551e-05
-4.938079004665042011e-05
4.756126858385529139e-05
-3.478895458950856346e-04
-4.144202090636739584e-04
8.143544760405750042e-04
-4.478303188756297586e-04
1.142617142603798548e-05
-5.493514344341648227e-05
-2.765697297126145531e-04
-2.677868262825859190e-04
-1.157658521851068103e-04
2.157052494136256666e-05
7.901066511849149645e-05
1.674733834919302016e-04
-1.555550982884290015e-04
-4.282732462302020509e-05
2.005967208953049735e-04
-1.747557211829853902e-04
2.273604051682290913e-05
-2.172895542460875689e-04
6.066003926037312900e-05
-2.548615413757632884e-05
1.540915352673634180e-04
2.595222392767671145e-04
-2.642572872171090382e-04
2.906164593941647960e-04
4.432553693942667725e-05
-2.149515463245191347e-04
2.380673408602357170e-04
-3.243102080208085087e-05
-2.959606451398260609e-04
-1.662892574118332697e-04
-1.924507756601237117e-04
1.234358905783238685e-04
1.253419083607290878e-04
1.479818902875101716e-05
9.719624574566923883e-06
-2.771070463985462074e-04
2.320026656164051793e-04
9.960103860372638684e-04
7.515072824157576631e-04
2.598692818094523217e-04
2.269492172579629097e-03
8.443938704181316998e-04
9.844247345622567438e-04
1.857349279481391915e-03
-2.000219123260483817e-04
-5.096327548155977095e-04
-1.340837095282140790e-03
-3.617241517606736433e-04
-2.198713555684373658e-03
-9.906890960563866143e-05
-4.155788530203811623e-04
3.238811221203864873e-04
-3.270567152808393808e-04
5.957687797669433086e-05
1.131285016989821274e-04
-2.899113524906798836e-04
6.077196084604214246e-04
-2.885461537763123947e-05
1.454653941079845324e-04
5.401618161541121149e-04
1.994104722464314951e-03
-9.853873845600111172e-04
9.936688147528271228e-04
8.356577502214507843e-04
-7.248987032917548817e-04
5.067832895132069358e-04
4.907428926191939036e-04
-2.714415239520480676e-04
1.866658216821915986e-06
2.312893510916542040e-05
-4.082009330792356772e-04
-7.552965448259447761e-05
-6.491361776357612709e-04
5.040934374516045082e-04
2.306640254167138988e-04
-5.388501443830986904e-04
8.209839594234440759e-04
-1.033100146290268648e-03
-3.064430291817712504e-04
-7.745763694010640099e-04
-8.272408644224092775e-05
2.671014414476957297e-04
-5.216662484040773123e-04
1.549342613640683453e-04
2.721278333067422318e-04
-2.587668441829267508e-04
9.256687414190592185e-05
-4.341819578210969816e-05
1.485501451786196744e-04
-1.262037811680237107e-04
1.237595920252829152e-04
1.523427762958498403e-04
-1.645329176582289489e-04
-3.387730316701596084e-05
-2.734389044520491507e-04
-1.892556261440295998e-04
-3.502634047692228226e-04
2.784915619822228160e-04
-9.670940254381856231e-05
4.159530550772949317e-04
-3.802437313198270958e-05
1.266611279848290869e-04
-1.169777612636058791e-04
2.995915210574698340e-04
-2.280740647118610718e-04
3.058693503021561602e-04
-1.413894442610356581e-04
-3.353504168309128099e-05
1.434447087896762070e-04
-2.267755543239711070e-04
-1.876919270465006407e-03
-2.410556094084577265e-03
2.818480164984109434e-04
-1.208505392285474196e-03
-7.597608611805171464e-04
6.764247170328167077e-04
-3.050760087581609083e-04
-1.086486251349879446e-04
-6.960778680595844153e-04
6.068773268941180269e-04
2.955427175511312487e-05
1.204674155217540460e-04
5.718910455011575735e-04
3.908779698533519035e-04
-7.409945109373786696e-05
-1.593415585624177342e-03
-1.270516657555707113e-03
1.201568963945339429e-03
-1.854154996626002864e-03
6.238500723841394931e-04
-4.612831930690800458e-05
-9.526659299711385089e-04
1.981659816611933302e-05
1.565595043152937524e-04
3.110487255505105892e-04
3.356946861477966629e-04
7.002959518603211163e-04
-1.028196061850669110e-04
-7.289945866150177988e-04
-4.560800042360635236e-04
-6.198773060824117097e-04
2.520828487579836446e-04
6.621188518146044807e-04
-8.754691661546280367e-05
-4.440262854612912497e-05
-6.652419480864855766e-05
2.863925076643134887e-06
-1.334662332077840563e-04
2.990272701028997312e-04
2.258418958003814995e-04
3.518677483481805267e-04
-5.090552335025505309e-04
3.074732634791051264e-04
2.746407321446682286e-04
-1.776723767983004031e-03
2.944787267747602552e-04
-6.127246430111965179e-04
-6.251091910346028447e-04
4.658653133830966938e-04
1.921268592639622391e-04
4.395095736653015510e-04
6.976333691571936580e-04
-1.272591549510822208e-04
-5.433157306767944037e-04
-6.989081562621307685e-04
-1.473087232634109336e-04
1.729365081933933719e-04
5.869512005873260172e-05
-1.688495868297953918e-04
1.234781675468284883e-04
-3.065651725549706544e-04
2.611862597278636223e-04
-6.367313405083194298e-05
-2.558805038124329582e-04
-3.097459237853867784e-04
1.651930499063406724e-04
-2.404217570368562111e-04
1.773719439266703270e-05
-1.823240588330274370e-04
-1.544174520613205966e-04
-6.726201663352986105e-05
-2.765745910295029251e-04
-2.182044918409710541e-04
3.840435858340869729e-06
-2.526167120781645692e-05
-7.207231803190056218e-05
-2.267116332767400125e-04
1.349348213451652096e-05
9.392839967828815620e-04
4.004647671629383795e-04
1.869877008018582529e-04
2.485172431476570371e-05
8.271128477265821469e-05
2.029257840694913867e-05
-3.293860710213771816e-04
2.132484983706558080e-04
6.095321216407057049e-05
1.575125447717331281e-04
-3.510306533459664718e-04
-2.365546242475671974e-04
-2.084181057591805023e-04
3.850219740408272013e-04
2.546657008886172744e-04
9.099692712811141917e-05
-5.868555837394937589e-04
3.933276190008453289e-04
2.353438062196912945e-04
-1.319298191881848462e-04
-3.566059018881351564e-04
-8.400219655612395104e-04
-2.801729459700568175e-04
2.211348349502994184e-05
-1.528395075955965414e-04
-3.332528549220090813e-04
1.608374325493645363e-04
