1.733811622748498201e-04
1.070608593254529397e-04
-1.002742612161356181e-04
-1.243787322359171579e-04
-6.313239348025935277e-05
4.904399966941129421e-05
-7.054150775387083721e-05
-3.576454006624359632e-05
7.628470565187428476e-05
1.485149057766570560e-04
8.959625173571186645e-05
-2.448916172592849132e-06
-5.146992221962400175e-06
2.612959092974812621e-04
-4.697950413396181002e-04
-1.665683596154140427e-03
8.903253663607603842e-04
4.826263148396246912e-04
-2.275250085153794223e-05
-5.957214387428698453e-04
-1.211159263339321767e-03
-7.373050259770353582e-04
-5.460527896044168944e-04
1.603125477439083226e-03
-5.607273390313518343e-04
-7.400539577302825151e-04
1.852008981605453210e-03
1.026727914936129528e-03
-5.829924598712115909e-04
5.550438692855686222e-04
-7.259563044156960333e-04
4.623806835868148946e-04
2.761868762326231768e-04
7.628479429551861387e-04
1.474116958491312286e-03
-6.670300949608782334e-04
-6.659199689140472530e-04
1.076612261700095417e-03
-1.800813363773208129e-04
2.371621384136845569e-04
1.693467946428325616e-04
-1.691179849341000794e-05
5.377009653895508572e-04
7.508971607514754350e-04
-9.152838326990430989e-04
-2.491035530608962643e-04
5.348568219281683248e-04
-5.855923440669148381e-04
1.696946938245550221e-03
1.743164280255797907e-03
1.154274834396120178e-03
-2.454192555832979475e-03
-1.534823662709927346e-03
1.669887026410166262e-03
-7.545251978960195349e-05
6.784630222542996662e-04
-1.801342125196148851e-03
-1.499767323657601745e-04
2.565134793635169899e-03
-2.137132204844082155e-03
4.195142531787066325e-04
1.269016425501919704e-03
1.839364368121878049e-03
1.820777896340596621e-04
-4.288952441367348549e-04
8.452333618082311919e-04
2.808850362147624494e-04
-5.791918359001022336e-04
-5.576685397762715189e-04
-1.025335764584946091e-05
-5.490176884921082199e-04
4.378303534816548092e-04
7.926895344464747733e-04
3.356067791599849160e-04
-1.385574613192106235e-04
-4.580046801757613911e-05
-8.287803761542936838e-05
5.568315733934781336e-04
1.320921720185120598e-04
8.534762475467165630e-04
-4.232017419925827211e-04
2.748290026652558545e-04
2.890765698922123953e-04
7.075815131797474764e-06
-1.141299678531094563e-04
3.136461107545559021e-05
-9.245566278481288089e-05
2.829252306506320632e-04
2.414892363300827057e-04
-7.071235607351594081e-04
-1.642297640346478344e-04
-1.912813746259393606e-04
2.593481974903516659e-04
-1.781879341416260111e-06
-2.794499085676023661e-05
7.202723825243292606e-05
-1.649655935876681578e-04
-4.300438454890465208e-04
-1.166121401809940515e-04
4.519767895352599930e-06
-6.670932760084468695e-05
1.626242478064256346e-05
-2.400159204477792733e-04
1.080535537527242858e-03
6.987208278820381023e-04
-6.287111779199835472e-04
1.172636455528102122e-03
7.402573333725190677e-04
-6.263596172777475505e-05
1.196140067775904758e-04
3.561442334872697447e-04
-5.435165497644136451e-04
-3.790143185326122878e-04
7.266103212427153010e-04
1.390979837684819167e-03
5.765586908585446525e-04
-2.954060910691511186e-05
6.568189031408575495e-04
1.124459229200966951e-04
-3.528435465318237405e-04
-4.747035600860074513e-04
-3.539823948214312319e-05
-2.836929938592814876e-04
-1.293545169795906288e-04
2.000611733885831892e-04
-2.340840618541852026e-04
-1.740096308989425521e-04
-1.317285782212426249e-04
-2.998252307914547237e-04
4.519017391039788071e-04
-4.677785013487672627e-04
-3.139009299566461269e-04
-2.232158656810460224e-04
-1.137439040857201456e-04
1.272955648304971324e-04
-1.519610090536430526e-04
-2.486708406172932111e-04
-2.047161888280199754e-04
3.228336135967155556e-04
-2.551521458385376160e-04
1.349110301431926122e-04
2.469321233728880775e-04
3.588835857138229280e-04
-6.505817060105807377e-05
-1.501288150700800562e-04
3.494269274471474671e-05
-6.243703964332598770e-05
1.478275226962064734e-04
1.575019347458824515e-05
2.633983162793332097e-04
-5.304276945414599981e-05
6.702238475416544088e-05
1.630750173632337821e-04
3.912910537107508447e-04
-2.263263283692921264e-04
-3.420765840848599281e-04
3.833499089874675496e-04
-4.224395459259982946e-04
-1.611152338364746025e-04
3.912801044495388967e-04
-2.286653260768049551e-04
-4.428779856273317670e-05
6.262808623389072593e-05
2.505773379252946632e-04
-4.364830641090002689e-04
-2.532998180846858928e-04
4.138111452208283902e-05
6.443054133432110772e-04
1.862750167201238083e-04
3.256106188942271482e-04
1.988068446273067824e-04
-1.628453082617252316e-04
4.594107599174134811e-05
-1.805686954889750961e-04
2.815233875709337286e-04
1.875366423462796839e-04
-5.194403582470000046e-05
-6.652763858938504924e-06
-3.497792964325784483e-04
-2.441643999986765106e-05
-2.369366823053213015e-04
4.918679742755955285e-04
1.573064686854051711e-05
6.274401398095283714e-04
-1.049219963341559191e-04
3.433894652972595182e-05
5.104333241586271564e-04
-4.323556682165674635e-04
2.477075951064935488e-05
-1.418093917079791600e-04
-2.271805245736569770e-04
-1.892866667751473331e-05
1.755450409694115933e-06
5.224373349490992174e-04
-7.150711257414733976e-04
2.933123626557858268e-04
7.691047305490337571e-04
-3.768420166835465338e-04
5.815133070439464482e-04
-1.065385353304951124e-03
4.840232090308666012e-04
8.149730320470626810e-04
-4.259227033326422546e-04
-5.397183517572999491e-04
-8.617409444612575192e-04
-6.945919854252850367e-04
-4.506160039289878148e-04
2.831656947071230896e-04
-1.613946453359997764e-03
-5.389885973556275385e-04
-9.284594071957163498e-04
-1.672370108624599233e-04
-8.123042421498233529e-05
-2.611720893855909963e-04
1.313092294848281665e-04
-5.984305955786001652e-05
-1.316078322829437647e-04
1.736269361920164006e-04
-3.591381001464074321e-05
1.832281987024794257e-04
-5.890285068695488548e-05
-3.426562054530769200e-06
-2.411287337866152775e-04
-1.140000008077967984e-05
2.226029855475589756e-04
-2.039800824414704885e-04
3.183291667981984977e-05
1.360728323036405527e-04
-1.435905470568121756e-04
-2.221567160622766853e-04
1.771906013888079433e-05
1.070109653879167903e-04
-1.400073368871415180e-04
3.785948060850915126e-05
1.662178238713705374e-05
-4.393062563153738852e-05
5.196712146678067023e-05
1.235840534367156250e-04
-1.955550784674020440e-04
-4.803707437316442333e-04
-4.499502961202262808e-04
-2.521712289571960658e-04
6.031267825731791632e-04
2.775889996967197191e-04
-4.806353076900558530e-06
4.805684845070543878e-04
-3.126806031562776576e-04
-5.030180416943876758e-04
2.674976988427071227e-04
1.317385984049290206e-04
-5.879656534200826618e-04
2.241331800631770732e-04
-1.144145923225790796e-04
-9.445431012985529599e-05
-5.610805345339785509e-05
-3.129109834782916005e-04
1.397721999002559106e-04
1.993964405203567511e-04
7.662752860064427768e-05
-1.791418940822665947e-04
1.582797565807742338e-04
-1.017418261784783462e-04
-4.551342715192524313e-05
2.175781269116745385e-04
-1.907529929284630419e-05
3.209333538055251047e-04
-4.114981332099415951e-05
-2.574821916686637546e-04
-1.382692810147373322e-04
3.604663669575326529e-04
7.757073107913202425e-05
-1.806891466993528243e-05
7.725364416121585079e-05
-2.385574374416181930e-04
-9.601490784904700765e-04
1.388986129471477470e-04
-3.205578342746757243e-04
-8.629589594129974395e-04
1.487110220921857397e-04
-3.991564204318157841e-04
2.499321064653553764e-04
-6.001557803375962463e-05
6.133470603737997988e-04
3.947876595898292744e-04
6.789400590367655492e-04
-1.971861608536136241e-04
1.184467173299948639e-03
4.019055715197514955e-05
-3.613313598897243588e-04
3.533522723551250260e-04
7.902421289506963672e-05
7.628796930534345187e-05
4.696386778009065252e-04
-2.883145296506997276e-04
-2.579524474917432994e-04
5.400429464761994887e-05
-1.871644012587620289e-04
-1.996579546460839748e-04
2.898020644214408139e-06
-1.512666326595783425e-04
1.267457477170252792e-04
1.350428802370950043e-04
-2.510775864931501220e-05
1.226177771973688214e-04
2.362408451394575233e-04
4.930011000954296306e-04
-2.372278383809959038e-04
-6.869025571934012043e-05
-3.138471094893445848e-04
4.636178037837646883e-04
3.123909551282751996e-04
-3.077777052237494243e-04
1.765791380772638742e-04
4.707005040500905960e-05
2.980815455936873699e-04
-2.884174353845834885e-04
5.003313962963975171e-04
2.333336391498925003e-06
6.579541086639352779e-06
7.374526844351106511e-05
-1.818782382668537661e-04
-3.361989697474791994e-05
-2.507565250322116995e-04
-5.239810065606797574e-05
-7.059983238685740479e-05
-1.622393327679930413e-04
-1.350828616492254046e-04
-1.621960402702302828e-05
8.030939660303607704e-05
7.065866473465990012e-04
3.699279845660670592e-04
-5.710572736777217925e-04
-7.125441357472783949e-04
4.194930914037753940e-04
2.476601492501107212e-04
-3.805527122030699411e-04
-3.155501385096705293e-04
-2.695924171057934569e-04
-5.705170575560173383e-04
2.102243107665183251e-04
-2.381973501227502060e-04
5.862159141515958490e-04
-3.107295601774911846e-04
1.572560689880520739e-05
3.700665751118036701e-04
-8.101046812615379268e-05
2.020528772584479686e-04
-9.154664663449725733e-05
2.271148096267609865e-05
-9.130323965328409144e-06
3.710097557309278949e-05
-1.895915522568340349e-04
5.283800494662247560e-05
-1.677951217932023835e-04
1.186329687824105037e-03
-4.108962848219072203e-04
1.351231690455204559e-03
4.805257073146736938e-05
-4.114723005596919556e-04
-1.763246742977375801e-03
1.709974364835157917e-03
2.884465371181245364e-04
1.409258809360619145e-03
-1.296718718473130255e-04
-5.415268610952978954e-04
-6.705682202987352757e-04
4.361795326658378965e-04
-2.137325229474409992e-04
4.633932387487844549e-04
-4.524539514448506529e-04
-1.937421222982536599e-05
-3.584272541580634940e-04
-3.151238221737745081e-05
9.287218093161538892e-04
8.530153871943942133e-04
-4.320013719106125492e-04
8.464928219308893564e-04
1.866954380310775156e-04
-8.347102135049090741e-04
1.106964619440893702e-04
2.604679450597616338e-04
3.511908803872429018e-04
1.986637283780262066e-04
2.922827493390433890e-04
1.462964697317192841e-04
6.592993590700769903e-06
3.826995128322801848e-04
1.717403097143946800e-04
-3.832803328524518214e-04
-8.723161986716698691e-04
-3.524947520940048215e-04
-6.372304257849932237e-04
2.695350181363738592e-04
1.342757969386429776e-04
1.809523325076765963e-04
2.845737532517044876e-04
9.617520573073648981e-05
-2.185619925450923970e-05
-1.510910325440378930e-04
1.597085233529379144e-04
1.873340890100648004e-04
-1.542589234471489614e-04
7.653966735734568866e-05
