-5.704895682477244886e-05
6.147888648658511731e-05
1.691793635706718402e-05
-1.443850662954507854e-04
1.531579915226361150e-04
2.071501079518818836e-04
-3.488236604272869675e-06
-3.943015298084284704e-04
1.139372565244515731e-04
-3.006501546037459462e-04
7.492353629149055977e-05
-1.140463644737654982e-04
-1.479184601926217507e-04
2.361577350668904896e-04
3.358986666159335163e-04
3.740555226655785511e-04
-1.471838050821598772e-04
-2.935236486146397487e-05
-1.140808103792555949e-04
-2.976015513904020182e-04
2.841391924992443937e-04
-2.682827195244134161e-04
-2.262399645123536250e-04
1.032365000084865722e-04
2.173711637447877244e-04
1.571657755035911301e-04
2.936229353773787444e-04
6.769132912753792657e-05
-5.378979156701508310e-05
-1.599252460302533579e-05
-3.195760129515461036e-04
-3.675323788017971710e-04
-2.430374569173182826e-04
-2.160376132150330648e-04
-2.426414921002724879e-04
-2.978761633911485170e-04
-4.183545406529024522e-04
-3.013752842189322372e-04
4.536666788102016145e-05
2.695178114913043712e-04
1.149176608648241253e-04
-1.467089406769314555e-04
-2.191707912069843737e-04
7.024137158080809252e-04
-1.803047923054766592e-05
-1.087141929406501269e-04
-3.812877269259723348e-04
2.607707589569741025e-04
6.267398176266064658e-04
4.227558484529876908e-04
-3.477953629081625324e-04
-7.049574863557822059e-05
8.763210978887178574e-04
-7.864922260631300661e-05
-2.371928943662616346e-05
3.391035456956350506e-04
-4.799372969732702441e-04
-3.221512912026474034e-04
2.094995121405794918e-04
2.013768493437150062e-04
-5.473408083550943698e-05
-7.295906994729591129e-05
-1.503575688872055966e-04
1.045588077679178863e-04
-3.961738495724398943e-05
1.059866694901447304e-04
1.053272448050370407e-05
-1.078194311600401580e-04
6.341636775466862703e-04
3.923962268668922039e-05
2.423501887902456526e-04
-3.091855795831602348e-04
2.329355294565466983e-04
2.401486880614635776e-04
2.828357479613217290e-04
-7.761184387348878686e-05
-5.233100976620523028e-04
1.745082130546803199e-04
1.619320712964090645e-04
1.119749127982409327e-04
-2.186256424436933111e-04
-1.017950081384440307e-04
-1.250224892022961548e-04
5.169351222323379088e-04
-2.924342451866789559e-04
1.043636610744678485e-04
-4.647392805782317064e-05
3.674395055882670024e-04
-3.582948550581629955e-04
3.796210631981635159e-04
-1.040999417484508903e-03
-1.390402869730683795e-04
-6.634005433789275444e-04
2.808783490886048958e-04
1.336274840416195708e-04
-1.846296318906932908e-05
-1.776066991686384513e-04
7.075227940874550254e-06
-1.033646460261934051e-04
-5.524708984602823020e-04
5.868621750510846910e-04
-7.954633258010013544e-04
-5.307095074274867244e-04
2.196320063406615711e-05
9.113452365285190301e-04
-1.014681698603979215e-04
-7.434066853854872194e-05
1.843510403726483261e-03
-2.119009037949519923e-04
2.031921865011006165e-05
7.149128610317257923e-04
-5.497093961525360188e-04
1.537849115633032216e-03
-3.827160946130816511e-04
8.514659502470385338e-05
8.662692142786432737e-05
-1.462019546621173892e-04
6.956843841195468415e-04
-8.178367627121644842e-05
4.224613259238190269e-04
8.721998783547619866e-05
-1.920114217884651186e-04
1.826418956209337956e-04
-5.151653872990951842e-04
2.990805782315226298e-04
-2.181734131050866779e-04
-4.796674586465684241e-05
2.249588107044687090e-04
-1.562450378735529867e-04
-9.369615302371738733e-05
9.123461839929128880e-05
-4.514477026915495768e-05
-6.019719867440111530e-05
-1.283330606946195939e-05
5.594515957827436904e-05
-1.743949723900222327e-04
-5.315211812481465594e-04
-3.665723708814882945e-04
3.254766205608337838e-04
-8.479087248912537669e-04
3.618449948943510395e-04
-4.744992399419124471e-05
-8.449008362673117922e-04
4.716914924830548870e-05
1.104667542058499228e-04
-1.211855450215394415e-04
-6.116483425239332169e-05
8.216858125420801735e-05
-5.638738206737327471e-04
8.274003119105124461e-05
-7.791534461668003222e-04
8.895552523828320981e-06
-4.030982267702553604e-04
2.716323382523058347e-04
5.973991895595751533e-04
-3.911094090600434866e-04
1.312666709003495330e-03
7.348745606667242544e-04
5.480221462429357357e-04
-1.736133988746506004e-04
3.564367613039787479e-04
8.409435390490951033e-04
-1.706298852161534127e-04
-3.717586981980273075e-04
7.757737506297916145e-05
3.393649682508982808e-04
-3.882445750196328290e-06
-6.579823053484859876e-05
3.127673784123058127e-04
1.106945158992439596e-05
-1.732570063092362940e-04
-3.551529339476198338e-04
4.416897266476534447e-04
-1.759130269644019920e-04
-2.949021047251257507e-04
4.878496257220411273e-05
2.072720479955712390e-04
-6.432578293077139157e-04
2.012352299819653229e-04
-1.471574585660799387e-04
5.543811177646347174e-05
-8.372333146913191171e-05
2.195014077438345302e-04
3.230968547452482513e-04
2.127749231664329390e-04
9.580008001669089446e-04
7.535972851684658827e-05
2.628141343175656366e-04
-9.528169735147083740e-05
1.220331032193517148e-04
-6.467876784846399033e-05
1.767421809396660241e-04
-6.916031976857961168e-05
-1.523393614249051202e-04
3.612251499270696859e-04
5.902114737471731007e-04
1.058427303801112707e-04
4.270923648320118331e-04
-1.583411249561322544e-05
-3.591106305612506164e-04
4.628520315578016527e-04
7.658282341599457468e-04
-8.462917014168960198e-05
1.606813863099140456e-04
1.426674002963417768e-04
8.021198947092703308e-04
-1.706391831121882986e-04
-2.146061623907953889e-04
-2.315072632337018355e-04
-1.738645871135787021e-04
-1.585948764249560665e-04
-2.313000225078439074e-04
-1.317067447738833692e-04
1.515859855855750530e-05
1.587934181360643293e-04
-1.188464731435920617e-04
-4.598367713136596231e-05
-4.689207946131227168e-06
-4.660428985296851393e-05
-9.402352972954252969e-05
1.287703339712025830e-04
-1.008965559896446582e-05
-1.192735435850198188e-04
-6.950448776096468688e-04
-1.383911291156487793e-04
6.618221663466021358e-04
-2.219355821294052898e-04
-3.293948845319237236e-04
-3.629538059734947102e-05
-7.389211660371133611e-05
2.190385202998610694e-04
-1.025551278808879907e-04
-1.102085996352018972e-04
3.265189827185871496e-04
-4.486821112229610962e-05
7.152302146571640814e-04
-7.562034469298237671e-04
1.186844859825550436e-03
-8.845443036502874433e-04
2.641677062483807343e-04
5.310747757686456837e-05
-8.412551687515829740e-04
8.655094617221913882e-04
8.339524234220403775e-04
3.263554284807682971e-04
8.312765224359587937e-04
5.706965224628329650e-04
-5.059804372900857106e-04
-2.498807658333385444e-04
-3.239841478912461586e-04
3.094470424523410338e-04
2.161617900905780649e-04
-1.390167565408460544e-04
7.444200146569254718e-05
-2.721215997495546923e-05
2.303965746458124420e-04
5.017384755853650276e-06
5.302423815450485088e-06
2.888577440988934525e-04
2.627735848082350407e-04
2.750047990930251196e-04
-2.405354622789552686e-04
-3.287854099788928524e-04
1.061436000846165497e-04
1.415999449463166263e-04
-5.033068505422315028e-04
-3.001390901598939760e-04
-1.131524264216392272e-04
-3.026715650095756441e-03
-1.718732693382208363e-03
8.001701592798113501e-04
-1.175309167960751243e-03
-1.478635084370872330e-03
-5.270210416385017095e-05
-1.593469674581885496e-03
-1.598978889578537383e-03
1.709694837941594901e-03
-2.618739912225779426e-03
-1.873930071364439745e-03
1.029497438023369406e-03
-3.682134392827362103e-04
1.039975491835951581e-03
-1.037737912458899835e-03
4.331248538307358323e-04
-1.112249127703751920e-03
2.956449437039325890e-05
1.846357391455140243e-04
5.783656275831638863e-04
2.993839457449338267e-04
5.961257815485827708e-04
1.128873389519810847e-04
8.660053616965961225e-06
2.441030979454883801e-04
6.808583571262818946e-04
-6.286014746336378474e-04
4.605809153248667759e-04
-1.247204560124025741e-03
1.369067796751595760e-03
-1.192600994253547561e-04
9.263932526825389199e-05
1.505250878794500680e-04
1.345537214180037423e-04
4.115518622386068115e-04
2.928057967670378041e-04
1.893883326157592322e-04
1.127428257039917245e-04
-1.371683514477423668e-04
-9.681770693360570751e-05
-3.309381359697847699e-04
2.283994206350062166e-04
-2.782874535560712274e-04
7.855814102756293463e-05
4.664311655865170799e-05
5.652213662651726114e-05
1.226957441899126594e-04
-1.237299100441980064e-04
1.754721222150389820e-04
-7.881959235235942935e-05
1.760226616756182573e-05
-1.067650133701525313e-04
4.872049637080007496e-05
-7.717349132250278466e-05
9.323989555801598947e-05
-9.670632934072505293e-05
-4.942231612677197198e-05
2.105927525117201246e-04
-6.378644899847760099e-05
2.389105535691773421e-04
-1.732422134236803486e-03
-1.782343017062004405e-03
-1.887919579307934794e-03
-7.512079209549753049e-04
-9.889474853797244804e-04
-2.659067838277140504e-04
-1.452969716576798251e-03
3.829016934787480577e-04
9.334961328815098540e-04
8.193493025917105094e-04
-7.486032897195632561e-04
9.033002535328952002e-04
-2.156043161270562725e-04
1.217277393439759431e-04
1.935011231518469045e-04
-2.564674299026367330e-04
-2.320378661347050490e-05
-4.662051396092765855e-04
-2.911147111263587316e-04
1.056107060330645323e-04
9.477462789095800720e-04
-1.114628829976316727e-03
-9.978385140668852207e-04
-5.008122430032271345e-04
-6.269465084507411159e-04
1.708800577897720031e-03
7.686100593983356171e-04
1.598278021773766235e-03
2.730602698333498284e-04
-9.384382171621092478e-04
-1.867471818473009362e-04
9.208873340898420890e-05
-8.600151525989801083e-04
2.993061490243798558e-04
-6.021441308050725976e-04
8.374281094464470013e-05
-9.266715278480932563e-04
-5.084991507026766135e-04
2.113313370792913590e-04
-1.688484706830022108e-04
8.029414878744807731e-04
-4.115512948056710492e-05
7.960121886430663587e-04
-2.866997003547499569e-04
9.863719898988718496e-04
5.258527701286615187e-04
-2.098463403883139670e-04
4.036521314780352771e-04
-6.065376727667752153e-04
7.801552495932191807e-04
2.252407588188940843e-05
2.262114542369380546e-04
-2.389980018308268087e-04
-2.016902233452802604e-04
-3.287690851665027794e-04
8.571164505288428272e-05
-9.335556950754809796e-05
-2.823167107064790114e-05
-1.152889188527175709e-04
-1.948033785424541217e-04
6.417002067191700872e-05
2.956497011839202675e-04
2.886054343088559067e-04
2.589109609447161060e-04
1.769938764980425597e-05
3.331843090836135077e-04
2.536610840403813938e-04
-1.198866563921486801e-04
-5.241797408807010242e-04
-1.035337820927272908e-04
1.714566039421845450e-04
1.168475162366230171e-04
3.888378111413644212e-04
-2.333757816681743280e-04
-2.944424924206971651e-04
