-1.381302599905801518e-04
-9.199466723460249012e-05
9.892395051173564634e-05
4.197976837101439671e-05
1.012796200415756092e-04
-1.308778100311208204e-04
-1.023327024501796299e-04
-6.817136852109796413e-05
7.785497550013126516e-05
-1.956490287530561798e-05
8.973181657271107219e-05
-1.120851282156831420e-04
-6.393509977040252813e-05
2.637032572844162388e-03
-2.311864416045063698e-03
-1.354813496148624423e-03
-7.147052902592154755e-04
3.948795060303372600e-04
-7.411612225616568761e-04
4.229467711212460119e-04
-7.708588666006408005e-05
-1.629279792798338057e-05
-4.908357527932907154e-04
3.762512345423028154e-04
5.637202938700275725e-04
6.838633340591794563e-04
7.842772273468990099e-04
-9.890943847650729201e-07
-2.448178013612243241e-04
-1.626666353389510228e-04
-1.064888649628394426e-03
-3.756420318273258964e-05
3.487798882933923635e-04
1.930702719254532088e-03
-8.425777494593905508e-04
1.528111056280646342e-03
-1.363248265688098105e-03
5.096701550508291002e-04
7.434949137234170312e-05
6.002322455764510156e-04
5.639830251044712335e-04
-2.695141517779842729e-04
-1.432450997504509157e-04
1.306058075252117116e-04
-4.982594970390131659e-04
-9.794948568576393910e-05
-5.147000283357163570e-04
4.218251341479166460e-04
-1.375547781603884392e-05
5.851296661805752098e-04
-7.580353418918764656e-04
-5.068819098501058888e-04
-7.292122791603579401e-04
-3.815839137967889515e-04
-4.159490822975546334e-05
-1.595479880198087718e-04
4.595216340287012384e-04
-1.154668886998117883e-04
5.422858737760359983e-04
8.053346132761765846e-04
-2.061138741282327524e-04
1.709565732776568503e-03
1.029794656523498652e-03
-6.811103844216457367e-04
1.369071477895804009e-03
9.238774993761475615e-05
-1.010206226892742696e-03
8.377841823831544237e-04
-1.630091438915497821e-04
-1.251371399234573606e-03
-2.995301569034396227e-04
1.982226396362100061e-04
-4.160122139739705956e-04
-9.860661244406423217e-04
1.006999440620805425e-03
-2.004734064418153469e-04
-1.137727257297363806e-03
6.534508932490263678e-04
7.000550408938284626e-04
-5.598966852180620266e-04
-7.573842031462867368e-04
3.956030275106351139e-04
6.961910215029457755e-04
-4.160007834559337832e-04
-3.471174494938442491e-04
-2.893581941755859598e-04
-2.363171060202352283e-04
-4.008580153661972230e-04
-6.435392781878061710e-04
-1.103817917988898214e-03
8.530040480741065247e-04
-2.147165605603921536e-03
2.131599463628934370e-03
1.633445405599522960e-04
4.595653822537629262e-04
-7.573435447168758291e-04
-9.915761158964047587e-05
2.108812368764257576e-04
-6.613768008799811261e-04
-7.641956827967828021e-05
-2.530618670884601231e-04
-7.552675344786817762e-05
-4.908577293035545387e-04
2.938190390395878197e-04
8.695030280074368505e-04
-9.835271800086812372e-04
6.383395609339012448e-04
-3.102915044503007326e-04
6.805884280193846749e-04
5.062764905626299491e-05
8.489564671986847902e-04
1.007386539829622932e-03
3.517364270832351592e-05
1.337513140104477092e-03
4.711323191877877744e-04
5.555089480682153186e-04
-2.749799651183588642e-03
-1.499629381656459410e-03
1.049196162453938175e-03
-1.554929411443575424e-03
-1.370686907865476239e-03
7.874134311653306975e-04
4.680895776917926064e-04
-2.768603737024101920e-04
4.931044938868067370e-04
1.095687593717014491e-03
-2.099087095744054147e-04
-1.133680030194383643e-03
1.313693882403561461e-04
7.195991107187350898e-05
-9.028750879629069418e-06
-4.193291882724656749e-04
-7.651350561309134331e-05
9.374038566644559084e-05
-1.886348089279650281e-04
-2.233140787652420061e-04
6.772213643160050029e-06
2.017579979860671311e-04
-3.409919174448269115e-05
-1.178645012453562136e-03
4.220652774259082063e-05
-9.567679502534765694e-04
1.015819040659451987e-03
1.172782763115060896e-04
-1.913168411149422589e-04
6.588838850504424665e-05
1.256915862627920697e-04
3.167245625907837993e-04
-1.137302756483984315e-04
2.717809222616986544e-04
1.330236235115317021e-04
4.393439901477111072e-05
-1.108919687592198631e-04
3.130819500697837971e-04
-6.698566212465260326e-06
3.823348784747163261e-04
6.641826562555863092e-05
3.867947752165728706e-05
-1.499378494415304862e-04
-4.408401562852952394e-05
-1.224575204921529009e-04
-1.424508629236617729e-04
2.165835263627973253e-04
-2.735812244863432600e-04
4.724834905082133611e-04
-3.752969073966448080e-04
3.271854261235876611e-04
1.874922733874669750e-04
6.417941033803041019e-05
1.597860600522631614e-04
-3.786884920651405499e-04
-1.225956898014696618e-04
5.229118774788012034e-05
-4.038221759622743980e-04
-3.159712121299677401e-04
2.324939283063815376e-04
7.409026387378445328e-05
-3.010099414805328752e-05
-3.787288026440539736e-04
-3.147906400907276138e-04
-2.688607786268790612e-04
6.432342433409717097e-05
-1.812459932136909694e-04
-2.058820777361542430e-04
4.797026158114458725e-04
-8.290261144384967248e-04
-4.320009927880663668e-04
-2.875516167945431053e-04
-5.651194303380009871e-05
-5.062189635819650435e-05
-2.463101131349178818e-05
-8.676485147385901554e-05
-1.225751309790911641e-04
7.408579817579869571e-05
2.608977775666759835e-04
-1.286101719754189081e-04
9.383415041584866395e-05
-2.602399398135271311e-04
9.817556775119142551e-05
5.574726136757891316e-05
3.984563624142969723e-04
-1.549043545124888428e-04
2.947540028234122707e-05
-1.215809058187383609e-04
-1.336820846844011593e-04
1.137335813373476488e-04
3.470889308471563077e-04
2.714247521721034465e-04
-5.602406679182461453e-04
6.850786161229088659e-04
4.331833664942425226e-04
-1.607458370794038463e-04
5.190509229592826356e-04
-4.159291644206400483e-05
2.052929756433122732e-05
1.832765712150687468e-04
-2.955949398476186651e-04
2.165243695342318302e-04
-3.483074278899035334e-04
1.100094904968257153e-04
4.819751676481236744e-04
1.663085841667972045e-04
-2.184394479114810310e-04
3.441691675980262412e-04
6.474298804223350100e-04
3.547845074686444954e-04
6.122160475012555954e-04
1.569478822782582916e-04
-9.589945962529818708e-05
-2.199763137360575421e-04
-6.253929853709216090e-05
5.208535900833574840e-05
-1.279068658016637122e-04
-1.428527766719200356e-04
5.011850616645218705e-05
-9.371493889660868467e-05
-1.180440967224583813e-04
9.573831872313947136e-05
-3.765593536259936652e-04
3.830101368704606378e-04
3.323314114278115789e-04
-2.908569617761579368e-04
-2.174771958070567581e-04
1.553935990418152109e-04
-1.216361394527317640e-04
-1.956791894153537441e-04
5.029951700931850248e-05
2.540873786250578015e-04
4.775628227533772066e-04
-1.671456691414648663e-04
6.048879783065623040e-04
4.834316465114864769e-04
-1.895832557052003041e-05
1.935811539117617962e-04
1.172505771465444813e-04
7.814675307093012571e-05
5.230054962116587828e-04
2.619645139027492408e-04
-1.267297540688520235e-04
8.142041863620126945e-05
-1.087569690827448505e-04
1.336007277021216192e-04
-1.531064001907657195e-04
-4.113197054068018152e-05
5.523845410442507989e-04
9.794471395787383676e-04
6.999854272831127009e-05
3.416393906286283207e-04
-3.382409874086918797e-04
-8.376062319612274237e-05
-4.508936690130393109e-04
3.972883527965838661e-04
1.721730202599781770e-04
-5.930950303220180889e-04
-3.034357764310936377e-04
-2.321719478315387164e-04
-1.035401882858042995e-03
7.515043301778118016e-04
4.907423970923176443e-04
-3.352451967358326552e-05
7.942873466703029447e-05
-8.069941482438203282e-04
-2.648621390161714443e-04
-1.798934329433571865e-03
1.317082898856578434e-04
1.445930211866808604e-03
3.236363233502455891e-04
7.456115339218558112e-04
5.820052724667626074e-04
8.037456032044615556e-04
6.066109755395864570e-05
-4.000897786064528685e-04
5.230213332110188141e-04
-2.138614259723236352e-04
4.827695057952262575e-04
-2.367930993506196715e-04
-5.054470659008596534e-04
1.494878256513034712e-04
-4.466981051174382300e-05
1.007991220563221298e-04
8.814712059325281279e-05
-7.616291816523978173e-05
1.920246543681141684e-04
-1.107832223156783749e-05
-1.748421206505141061e-04
2.447089558414821927e-04
1.386837667291932787e-04
-3.130011355989682862e-04
-2.354343767190679915e-04
-2.849287467536622633e-04
2.280647533115227432e-04
5.386558999789464952e-05
-8.513979288889971810e-05
-3.287358015203158601e-04
2.923391043846284036e-04
-6.136065796956887970e-05
-4.003847447391906665e-04
-2.466839472011989141e-04
3.118226488975197664e-04
-2.888936437367129427e-04
1.598031560700910426e-04
-2.910889573652932177e-04
3.343536267997029767e-04
1.318578632039302452e-04
-2.578773331664403431e-04
9.520992576276006013e-05
5.520925610007876527e-05
1.546857936212222607e-04
3.590060926646655303e-04
-3.083862903035721950e-05
-2.525597970498021550e-04
-1.874510386695370191e-04
2.144769142887726320e-04
-4.088220516740684904e-04
-2.717486695866954170e-05
2.863255986757662222e-04
3.119616780375873970e-05
-1.464652314899698808e-04
1.949732634623784649e-04
3.480584855337995201e-04
-2.462505260077884825e-04
-7.631417898681687863e-05
-1.164352168507521096e-04
9.095114517655140767e-05
2.582290290347276493e-04
3.142398923353380649e-04
2.139600980679688436e-05
-1.079779148837508836e-04
9.357923284099451137e-05
3.126371775326723689e-04
8.445975204967490723e-05
1.831079321298848147e-04
-2.348014317676641469e-05
3.709756653313601060e-05
-2.776375513428701878e-04
-4.332603832211527503e-05
-1.517596961774244735e-04
5.607579278486232386e-06
3.429732624440225120e-04
1.121793103120298133e-04
-2.174134873314370186e-04
8.696105552555988142e-05
-1.551641013430491670e-04
5.477634986008185578e-04
6.261160125755295056e-04
-3.958565840241352451e-04
7.618648340865961054e-05
-5.269288276863469444e-04
1.421138175369782999e-04
-9.609009562559130417e-05
-1.194708658750209004e-04
-3.220337650576711301e-04
-5.307665812077133659e-04
-1.999390942104219051e-04
4.238898058669403920e-04
-2.397787553097068761e-04
-4.432544976151508217e-04
2.327981095687376985e-04
3.905278512642865966e-04
-1.047862129096460725e-04
1.172804582506739575e-05
-2.010292094036752564e-04
-2.299894684714526804e-04
-4.142246257010392225e-05
2.740422289309948781e-04
1.456099813191176213e-04
-1.212506873984250933e-05
1.236740711988234707e-04
1.948680219394360045e-04
6.152815937525276876e-04
9.167107192432449826e-04
1.101734590838345364e-04
2.338727633584795223e-04
1.767203246003099036e-04
7.365230031422166255e-04
5.456415680271018386e-04
-1.467987857181508469e-04
8.217511202093875965e-04
-2.765849580840940144e-04
1.589440205970894652e-04
1.172698786048875932e-04
-2.155185227597484587e-04
-7.310128794686831686e-04
