-8.218366585751725830e-05
-2.652604996174843925e-05
6.751529961804220235e-05
2.427395561409447059e-05
-3.702039246202076887e-05
9.758375842805129573e-05
9.627039501768469814e-05
8.924579668089950416e-05
7.216834642192122330e-05
-4.910446212575164291e-05
4.189746486380537677e-05
-6.455008953224782345e-05
2.473537856232405226e-05
4.328022743610456359e-04
3.037964272155214935e-05
2.586110930878157297e-04
-8.694068854202514169e-04
-6.842426281910477361e-04
8.020379234723859279e-05
-3.690142981747932612e-04
-4.389966417720834297e-05
1.739382245704492868e-04
2.989582539244791263e-05
3.245922417610956384e-04
1.135098241794493926e-04
8.657604219618862001e-05
-4.244670688778949649e-04
5.125132025838356834e-05
6.524522861755099998e-05
3.627314212033704477e-04
4.393102365111782435e-05
-1.831027457966826670e-04
-6.436870969787501090e-04
-8.276336293415480954e-05
5.432317159737653318e-04
1.568782376311149516e-04
2.753442774994122413e-04
-4.275806884532590778e-04
1.106882257906816039e-05
-2.927198094597885185e-04
-1.827344465233286634e-04
-1.659930468976515824e-04
-3.498501320511866286e-04
2.525204950524043450e-04
-1.002561533567378118e-03
1.955821665779459344e-04
-5.702022151770352746e-04
8.751828468152532924e-04
4.706871255588989999e-05
5.480988750593646613e-07
-1.681880164814630277e-04
-1.882147141252055547e-04
2.288433606643950144e-06
7.533347059247438252e-04
-3.021346246677320555e-04
-1.129340907503266597e-04
-6.207772728490794671e-04
4.133503601842426658e-04
1.277439906152745021e-04
2.230461107459310807e-04
-1.758659020497985019e-05
-3.323136020642571608e-04
1.160552987143064770e-04
5.560542994363669634e-05
-1.881181576874457870e-04
-1.125845640008749251e-04
1.134508911269095069e-04
-1.630400592639431022e-04
1.323235853040060110e-03
-8.597489281586415469e-04
4.339853203574682138e-04
-1.555559713048832414e-03
1.004795916441935527e-03
-4.083847180574180758e-04
1.103064207642127215e-04
5.114000628906384058e-04
4.653317538171104924e-04
1.053231509331956100e-04
3.057828374885283363e-04
6.099475093854766225e-04
2.043838641204788237e-04
5.539881079895256832e-04
2.521383843936414871e-04
-1.080647886050263009e-03
-2.847642324417196395e-04
3.153033260867466481e-04
-7.907409876616595511e-04
-2.384539134438042540e-04
5.011839307541741343e-04
5.363116772580529519e-04
-8.708277365463684000e-04
-2.276768062036662785e-04
-6.971206855401926132e-04
-9.106884276694316533e-04
-1.435369821274481777e-04
3.877133672555615530e-04
-1.387685808079207707e-04
1.485175449594648169e-04
-8.095670384558332133e-04
5.613310828897512521e-04
8.033161900582949971e-07
-9.175982944700572172e-04
-1.775046452900064416e-03
-1.695321973017230712e-04
-2.580645101452150401e-04
-4.440609278217426403e-04
-5.937833711447137747e-04
-3.413775109515434261e-05
-2.474898063951359839e-04
-4.709861266217326911e-04
2.307717376595164811e-04
-8.852547374786298457e-04
1.003613524389571467e-03
6.753713929403096531e-04
5.621263187821005751e-04
7.711009851344843369e-04
-9.401075182834462470e-04
-6.625917225379164598e-04
4.692093888576536506e-04
6.876544417503910409e-04
-4.361042670286424542e-04
8.040639131067818524e-05
2.283758777530195546e-04
-4.025111619888838637e-05
-2.051401940257608757e-03
-4.117607903040640545e-04
1.143406780233495674e-03
-3.028286723252894899e-03
9.040408737103607583e-05
-1.065770885413916592e-04
-2.094077246188829049e-04
-2.199876511285711383e-04
1.082022982762313256e-06
-1.454776402680961673e-04
-2.521396946371956571e-04
2.814216751065323784e-04
-2.634922118920108181e-04
-8.877565067697092474e-05
-9.150427771466946789e-05
2.698299025362214530e-04
-3.731262288417725630e-04
2.112994050959543914e-04
2.534387555205565800e-04
1.598881756172584043e-04
-1.361148812598704484e-04
-2.670892148397485070e-04
2.063601104911952366e-04
-1.203234333361165759e-04
-5.211452721475221678e-04
1.719714561129253853e-06
4.070401130034012388e-04
-4.238629024521973370e-04
6.025193597758145368e-05
2.224479295818129125e-04
-6.178456442779455872e-05
-6.872826390353626821e-05
1.226689964554998581e-04
-3.197707529651191386e-05
-2.304829691358427368e-04
2.767944324855873070e-05
-3.195237114443564132e-05
2.078145297420352445e-04
-1.965939979307941316e-04
-9.309772569027376229e-06
-2.227555437135938870e-04
-4.118434379135150819e-04
-1.047576991647799588e-04
1.077423440828519454e-04
8.297288012621473793e-05
-2.146687701990655751e-04
6.386840784680176053e-05
-1.506418976984362805e-04
-2.500982622262628696e-04
6.415797320052013314e-04
1.081625330173196657e-04
1.681438915142559982e-03
-1.989085913131479353e-05
-3.245864672065174234e-04
-2.613189004384658897e-04
1.892547672904642121e-04
-2.441101352283846346e-04
1.179643823906911034e-04
-2.699487559935470583e-04
-3.121688936391908416e-04
-3.403975387924872836e-04
1.984369049991832818e-04
-2.492727067392803064e-04
-2.805268433990456070e-04
1.394835280017048913e-04
1.716322570451076239e-04
-4.060355399058926829e-04
4.191131313531999475e-04
-7.464638926296676626e-05
-8.610777555494009529e-04
3.128421279451079292e-04
-5.200082223643786184e-04
-1.336188731256336802e-05
6.996120584516906001e-04
9.169552731462227407e-05
4.604919395644440348e-05
-5.668100282160995848e-05
-2.732987099583656949e-04
-2.223308417425642620e-04
1.483350537819086499e-04
-4.984071475381547081e-05
-4.707631850647532546e-04
1.060431229464780996e-04
-2.058853238547607694e-05
-6.403086396455637592e-06
6.587506628133607762e-04
4.692980094456016276e-04
-1.185084619056298179e-04
6.163021209532674712e-04
-3.049526787178332684e-05
2.041787352257359877e-04
-4.164181881526908389e-05
8.494706200507914627e-06
1.009499982911783993e-04
-1.436236494453316638e-04
8.648362374405526914e-04
2.736071191040905610e-04
1.135915904921911638e-03
1.444399019622890781e-05
1.126449908364724275e-04
-8.969203030542583898e-04
2.462903845462545145e-04
3.632024564589279706e-04
1.758884173807723802e-04
3.436782938586833568e-04
-1.182674868359655408e-04
-3.392968635018123159e-04
3.189368805532710564e-04
-2.007521338684796475e-04
1.388386491560889241e-04
-1.744910353331214725e-04
1.349229223310905107e-03
-6.770211801220196030e-04
8.369880457430153766e-04
2.524002737781593322e-04
1.457093693717295972e-04
-2.059263378835313074e-05
-3.497708510039623929e-06
3.522873947952386117e-04
2.122159770439746161e-04
-4.717404698925271845e-04
-6.307798939741017085e-04
-7.382918822254411889e-05
2.975363545697902413e-04
2.991244652759703711e-04
-6.841856319574058081e-04
-4.368259309377274112e-04
8.836085655818737890e-04
-1.645774084748055275e-04
-1.605901191590424751e-04
2.903755910184137312e-04
-1.465554986978803091e-04
-1.598412591987465351e-04
8.573630033354945297e-06
5.938304236746632216e-04
-3.817858075631352238e-04
-1.778941244165430525e-03
1.231417581601459109e-03
2.386827398545316055e-04
-1.297352660881217145e-04
-1.224681001984302892e-04
-1.457156842106727211e-04
-4.307155240602427099e-04
1.477636660470239859e-04
-8.118906171503115481e-04
3.741504449328026923e-04
2.934669367393242232e-04
1.442423020063517765e-04
-3.952079925790499436e-04
3.264690614526544014e-04
1.222521775530177471e-04
3.589189049013246432e-05
-3.687182593602360086e-04
-5.313693410565799785e-05
1.966066296460831236e-04
-4.545517952954558529e-05
5.361392654747358742e-04
3.558263681911357878e-04
4.348247622725920082e-05
-3.200273714427097241e-04
-3.669587076839371435e-07
-4.475066240099503413e-04
-8.460029695395618571e-05
-4.467244489240814625e-04
2.225786121071644298e-04
1.305971459081374975e-04
-1.299384758207393516e-04
-1.457515797881400320e-04
-2.669712817171197004e-04
1.420459903481620248e-04
-1.242217299805343416e-03
2.461566687401897224e-04
5.201922002806975672e-04
1.570598344250848403e-03
-4.793667686326084118e-04
-1.943802214331390697e-04
-5.501830801871430456e-04
3.171633089215596373e-04
-5.912711431478071770e-04
-6.996599510382851969e-05
-1.323081511364504763e-04
-9.655100685650381317e-05
4.082927949428135478e-05
2.256572452731520875e-04
2.651066050426493701e-04
-2.088333580349527980e-04
4.709862916685525979e-04
2.515755917222067448e-04
1.456596380853995636e-04
3.862852827796075020e-04
3.880996349540189274e-04
-4.206676821168176087e-05
-2.488075446075478387e-04
3.458100143444457135e-04
8.270712078754979531e-05
-3.671875281889724245e-04
3.887217577643963770e-05
3.079423255773226569e-04
2.735103106092048896e-04
3.100769860324352847e-04
2.448929387585338795e-04
-8.732254533500404935e-04
-9.233284359305944178e-04
1.045013603104104002e-03
5.091901245386878157e-04
4.539294366387273418e-04
3.409242407487067137e-04
4.693578212212064335e-04
3.276691598640205636e-04
-1.647619965049107170e-05
-1.672961199012028161e-06
1.177441164738193781e-03
-1.217407206912991292e-03
-5.033666759997488860e-05
-6.798203637580107258e-04
8.106962798492136453e-04
1.173681238668103930e-03
-2.951772405497298576e-04
5.894521228672524715e-04
-5.738978633630416196e-04
-3.971355699941729123e-04
-2.583811694992800816e-04
-9.345402056745288205e-05
4.222331672901014164e-04
1.028899990463344591e-03
-1.326673882845175872e-03
-5.071907896067663927e-04
2.861918735959869623e-03
2.045793138896078410e-03
6.395082256275537262e-05
-1.558761746839072823e-04
8.915506657100493013e-05
-1.897178162867466111e-04
1.932653909300403470e-04
6.650790743675614048e-05
2.029941062205647755e-04
1.275513405651147096e-04
9.347086400592622335e-05
6.679658040583605209e-05
8.192708097134680496e-05
-1.753191001072687403e-05
9.186554363401408236e-05
1.471921146852654444e-04
-9.044216254014615002e-05
-6.176787836187424054e-06
-8.503471691275522361e-04
-9.522047436916974506e-05
1.529282428957593973e-04
-2.062007336773489608e-04
-2.913221273582835332e-04
2.468137288581238897e-04
5.633201363070905812e-04
-6.467510372978492049e-05
4.646366552757030441e-04
3.749226280084708282e-05
2.283001141406473117e-05
-7.386221621544990061e-05
-2.799868524160814315e-04
8.085245219585648836e-05
2.132936214184603149e-04
9.640951249521529992e-04
2.011164169008533911e-03
-6.276186404109919848e-05
-2.468865625540106793e-04
-3.133151099861861653e-04
-1.422831714265713901e-04
3.870894721245907177e-05
-2.474621477690812561e-04
-2.724726676471249257e-04
-2.272250189253027276e-03
-1.128405624143309595e-03
-7.188188516714517614e-04
-1.128750393725615024e-03
-8.090067553957179004e-04
2.628480919680563138e-04
-1.282929448060990364e-04
-5.557559244367197811e-04
7.989650875137821961e-05
6.125954018486292002e-04
