5.579665658040213421e-05
1.084133527657231205e-04
-1.420028488486543578e-04
-9.468389042759915470e-05
1.177086693679064316e-04
-3.470939750066956252e-05
-4.742897785816530459e-05
-5.701566421064862211e-06
6.088991998574428907e-05
-8.713819416521335849e-05
8.769848378670034304e-05
1.631776658482776373e-04
-5.028449509269331154e-05
-6.812913032892204995e-05
1.284490654346394671e-04
3.123731480795651698e-04
-1.975176969379287273e-04
-2.069455903057594787e-04
1.439600622265915092e-03
1.459990822640405651e-03
1.502787937394639345e-03
-1.672510773608442542e-04
-1.659866473546412662e-04
-2.443396796511307779e-04
1.509053828949736816e-04
2.430997403647790710e-04
4.932415789399919237e-04
3.570491525659798856e-04
6.807743606212182013e-04
-8.526230991277599812e-04
-1.720307408731391418e-04
-1.819678530800574964e-04
-1.305046514313025464e-04
7.728620335872243927e-04
-9.472049603914143917e-04
-2.236576344004115335e-04
4.272370634422635572e-04
-2.003554191916337858e-04
2.440689063762624368e-04
-2.037617074092489051e-05
-1.073519279025465160e-04
-7.603706702115422828e-05
5.670209930722431608e-05
1.409607600375052954e-04
6.335825806191406771e-05
2.033616287668672058e-04
-4.102499285869183046e-04
3.779354899740373420e-04
-8.307390765715480822e-04
1.822582722037309933e-04
-5.395917977666389543e-04
3.665409674201568929e-04
5.429953141283618868e-04
-1.068918320850633714e-04
-2.890255900028817202e-04
-4.524977434756935544e-04
-1.682711835093916853e-04
-1.817714232406163330e-04
8.030373680727154705e-05
-4.071939518422751131e-04
-2.585064574265526715e-04
-1.787808540450316888e-05
2.085840342985562307e-04
6.434241969898588575e-04
-3.794017434259175283e-04
6.654515506901660573e-04
6.852471360983143070e-04
8.646355812280772421e-05
4.913048954249077480e-04
6.040611171661340291e-04
7.863803176492294459e-04
5.860840171797838082e-04
-7.575024211769339991e-04
2.933861364253727072e-04
1.232094181836664796e-04
7.225787410841994114e-04
-3.454388906509246976e-04
5.194765233217729043e-04
1.097490760080751143e-05
-1.513950353567039163e-04
-1.535269347138683109e-04
-9.420820693842596104e-08
4.158931602741462334e-05
1.529726197859970457e-04
6.982562723300589390e-05
-2.087037737493358403e-04
-8.682116699048774666e-06
1.380271598111381033e-04
-2.914045903471873577e-04
9.705257072660247134e-05
2.108913960519375266e-05
-3.201703137663781062e-04
-9.534734112537732542e-06
3.809143474026144125e-05
8.009599303279307813e-05
2.353780651813666401e-05
-2.639473311627031548e-05
-1.380794298303208761e-04
9.277701118318194015e-05
8.453258053846888327e-05
-2.394683043491890800e-06
-1.704739067790765551e-04
-4.300201094629736172e-05
-4.477653373060492550e-05
2.581580430143800122e-04
-2.887900634224136744e-05
-2.325290406500209021e-04
1.626402155175095746e-04
-1.502613745241985501e-04
-1.162835149009176365e-04
8.970602729332001360e-05
-5.523099453281668069e-05
3.682799926164589585e-06
7.369186115018883316e-05
1.128822687681130927e-04
-4.072399500241882597e-05
1.358038070617443801e-04
5.848117918298443370e-05
-2.334251389521497762e-04
-4.065069716944697334e-04
2.189033549506468653e-04
-5.594100176503967139e-05
2.900616750266503464e-05
1.370347860258952131e-04
3.298738422790794948e-04
-1.605523552560801995e-04
1.209911978475350478e-04
-3.814137361606785744e-04
4.276310590696273759e-04
-6.076867167927682296e-04
1.162524316070650269e-04
1.169996478705107208e-03
1.465030964450151447e-04
3.510609415743602994e-04
-7.225788115905394356e-04
8.743271270966603914e-04
4.988268104877533653e-04
-1.066094159961198653e-03
1.365721470478886831e-03
1.970864063187063343e-03
-1.477601074879663983e-04
-1.677346450168851113e-03
6.842740828988068662e-04
5.081477732977511628e-04
6.414837751582342425e-04
-4.315396242092324692e-04
-3.153340079272831924e-04
-2.236460969811558056e-04
-2.301125704416322529e-04
-5.538277988630544921e-04
5.683404756941968930e-04
9.735614404967664077e-05
-1.422415087740946948e-04
-1.116987147063186990e-03
-1.225304862411324622e-03
6.095785308061888765e-04
1.859883620128478625e-03
1.966019205948531506e-03
-6.963672075079556248e-05
-5.441927606050538579e-04
-9.531847921203255363e-04
3.094187009434607425e-05
-8.513843230948416312e-04
1.593447269471534502e-03
2.728258009701222363e-04
5.139998570568763249e-04
7.501293869199051733e-04
-5.341983915793193684e-04
-6.339256217845084564e-04
-2.021462382598667503e-04
-1.077249896685879193e-05
2.570062419205922707e-03
2.292848460605721207e-03
-1.004653581434476837e-03
3.029029382817844296e-04
-3.188626651575268527e-03
-5.497762326091140206e-04
1.043264592123217772e-03
2.638973288853114249e-04
-5.893570129998484735e-04
-5.973914687133047817e-05
2.275202342737116668e-04
-3.347295273726431410e-04
-5.682709973271302291e-04
2.254968449271433305e-04
3.455418531732130580e-04
2.627608014919041615e-04
-6.128662914000430895e-04
-2.899458270567637150e-05
-3.605376468742545410e-04
2.104789970911197458e-05
-1.696825553021003019e-04
-1.045157251890966509e-04
-1.314469929959595626e-04
2.166497662437011850e-04
-1.609254947077517009e-04
1.624096684867928810e-04
-1.340376015226177038e-04
-1.251461446080847273e-04
-3.819178075611372202e-04
-7.889753798514563608e-05
1.071807326354947115e-04
-2.020806319536948216e-04
5.670927702730371375e-05
2.431964656336551623e-04
2.165401111284665468e-04
-2.671510128902477655e-04
3.640935569737279473e-04
1.665119195556462740e-04
4.325038704214757704e-04
-4.263597039540071350e-04
3.250940395694434265e-04
-1.103084360531936768e-04
-4.326112719011363265e-04
3.601352825227159766e-04
7.310814746864743342e-04
-7.874573910825115146e-04
8.177988736199269483e-04
-7.494055091606920951e-04
3.288459676254972788e-04
-1.288475545771083138e-03
6.171851515793979259e-04
-3.924932745761665429e-04
-1.572544702112279279e-04
1.356681393178464737e-05
2.292739788317013465e-04
1.041781825690454247e-03
4.663954729848051673e-04
-1.062612674070466243e-04
-4.520855943029903300e-05
9.782064023713189408e-06
5.291403364483647119e-05
-1.364605648412461002e-04
-9.036091586501113194e-05
3.487053080426501879e-04
1.354559589455238281e-04
8.195355571191503526e-05
1.165975947922053924e-04
-2.865294318366399542e-04
4.630632559230494165e-05
-8.515805484994155123e-05
4.816972585494295393e-04
4.144275504447596323e-04
8.831580750340416056e-05
-7.175400969532623853e-05
-1.024507732422670468e-04
-1.706760221077670639e-04
1.169867565372202274e-05
-2.048840263970953780e-04
-4.202494283987556593e-05
3.831042270953660548e-04
1.148532077704717729e-04
-1.117068426900492013e-04
-1.066132996110866335e-03
-1.323266186644903714e-04
2.795231059564631674e-04
3.991648698418616545e-04
7.508476839139621543e-04
6.889117221157811839e-04
8.235818652991254169e-04
-4.974730726965695881e-04
2.107995554828610016e-04
1.675212669240283694e-05
-2.039899004634554154e-05
-1.131984645722231892e-04
-2.245280776944552420e-04
-2.998548487426557527e-04
-2.245628541463518554e-04
-1.585012958593372929e-04
7.663272815919150655e-05
-2.768292882569937702e-04
-3.790112296400311191e-04
-4.874543591836225272e-04
-5.365724800536691508e-04
2.628226927093419395e-04
-8.232607117971478365e-04
4.795303973996429083e-04
2.415113539884628088e-04
6.515002062713832814e-05
3.926272143452028894e-05
-1.403242277956392786e-04
3.196598568869600662e-04
-4.575765218759263826e-04
2.018954965925621331e-04
2.137147223275669757e-04
3.925549949608159080e-05
5.494492895851089617e-04
-1.664559719888007846e-04
7.164084995826269786e-04
1.256515962559874404e-03
-2.480373447937242763e-04
-9.392567768179295017e-04
-1.928030137720990113e-04
1.733758092864817342e-05
5.607076062427163166e-04
-1.183567374253401659e-03
8.459522616791318892e-04
-4.747000763770858000e-04
-4.476238417602924847e-05
3.906060833055213289e-05
8.659048213601800879e-05
-1.883106019295931828e-04
3.266592336802827157e-05
2.827288326540521943e-05
-6.643696881455239840e-05
-1.495070858520746290e-05
4.637916178479707750e-04
1.090782996469520281e-04
-1.626670258133146676e-04
2.751512948686806424e-04
1.719938408484934583e-04
-1.960483107796179053e-04
1.386473999845554215e-04
2.960049652059045617e-04
-1.098516554866547712e-04
2.009115729121264461e-04
1.124528963720680696e-04
-3.153614273490775984e-05
1.913599605982327346e-04
-2.147858726102586254e-04
2.441412112085035598e-04
-4.285304718869197764e-05
-1.571481222532266600e-04
-4.219959122225094860e-04
6.510261640737684307e-05
1.639315697320119474e-04
-5.633714591658093348e-04
3.050538935416181462e-04
-2.296011246981034457e-04
-2.027929118243772125e-04
-3.205509806161742662e-04
2.822694033354935616e-04
-1.791425993601650961e-04
5.199058658316652926e-05
-1.490150727474354175e-04
1.497144262993113455e-04
-3.027507826230913332e-05
-1.637432340808646304e-04
2.968172930838620851e-04
2.047425351437258271e-04
2.305592230004742057e-04
2.426394476193794207e-04
-1.033466310334859049e-04
3.554581238844696425e-04
1.938784805177848803e-04
1.459145662280340503e-04
-1.902669882286447197e-04
3.325801348551492954e-05
2.206503002433134436e-04
-2.233214145925535511e-04
-1.003241881318371279e-06
3.522617529105965335e-04
-9.565432049575469395e-05
1.482284169832110126e-04
2.701186692409022973e-04
-2.548539471475550280e-04
-3.244938057992667471e-04
3.151743480996185083e-04
7.166974454031577960e-04
6.520257963236455664e-05
-3.238947265420266544e-04
-6.419321787917931341e-06
2.887691182704418065e-04
3.958929774941451533e-04
8.970990308943417157e-04
-1.051613189673796054e-03
1.326599705278176276e-03
-3.623713954660402899e-04
5.493032541115377022e-04
6.339877938557023388e-04
-3.536326708730186418e-04
1.760039010532546758e-03
1.232075407414701161e-03
-1.808654355063461590e-05
1.621560029744838292e-04
-2.722534621559545195e-06
3.827543750144536423e-04
1.547606723280953937e-04
-4.593747462097603611e-05
2.591384237712590351e-04
7.617588895090822432e-04
-2.159502937332536939e-04
-4.361873112941735877e-04
3.937947114372510613e-04
2.712947003588864940e-04
-4.966639720657660406e-04
3.392203537480068475e-04
7.381350796987621362e-04
2.886639293218143105e-04
3.478240888275607251e-06
-3.741429636816407224e-04
-2.108753957957479721e-05
-9.194558012288740582e-05
6.879720282507717499e-04
-6.981815349979622479e-04
1.066018117458534148e-04
-3.012022026716382412e-04
6.020183300901188212e-04
-1.209326468022331761e-03
-3.259624670910346946e-04
5.147440060785021934e-05
-2.067666982940447474e-03
1.363929429255730623e-03
