-3.022992670932246739e-05
1.161632366023385978e-04
-1.247748700350247767e-05
1.197254812253509359e-05
-4.022011735583748188e-05
-4.819391730981033642e-05
-1.314517728624884973e-05
-1.473010558800283789e-04
1.752023003332428908e-06
9.290805430663465463e-05
-7.012013065047284824e-05
1.895783936283461520e-04
3.027660657780987283e-04
-3.584877324262016637e-04
7.346716818298588492e-04
-2.642504074288528075e-04
-4.899617964183951204e-04
-5.901158217742609414e-04
6.728654134138022450e-04
-7.936651638139303414e-04
2.681167924772821396e-04
-2.175861527531177178e-04
2.075403348534882620e-04
-4.078873034712824524e-04
-2.771151830505636719e-04
6.392280295002612149e-04
-6.554986931128898003e-04
6.385682870211961465e-04
-1.119187408590649599e-03
1.132702932569836429e-03
-1.200226241223457859e-03
8.796868828368578381e-04
3.983472038834793942e-04
-2.759715959779349760e-05
-7.451052152228783941e-04
-2.292340780289808539e-04
2.248206214711168159e-04
3.744425846699482021e-04
-6.467637042705409072e-05
-1.509002498908335120e-04
-2.242776563449050691e-04
3.245748162367325003e-04
-9.993993745878470593e-05
2.839840033208044980e-04
-2.194554958328273435e-04
1.675333941862281568e-04
3.186573838755165202e-04
1.096523342341363256e-04
2.310713225604871203e-04
2.449714904790552348e-04
-4.082832148608515167e-05
-2.483061792382694672e-04
-2.802876873858559125e-04
4.771214421305248468e-04
-6.020951641151825587e-05
-6.456929223595655803e-04
-1.833222057555158467e-04
-1.924268099572376360e-05
1.001388067885958195e-04
3.503979804906299844e-05
-3.159320223830251718e-04
3.824755734523120707e-05
-9.361876896418880301e-05
-1.507331875448773145e-04
-3.602907979931950500e-04
3.457416870624954882e-04
-1.776512972876930223e-04
1.497927153773268396e-04
6.284282171952118969e-04
-3.383003357170199219e-04
-5.852483706203207876e-05
-4.041259277360294624e-04
4.381198258503951203e-04
7.258080444841044296e-04
-6.063310528076341259e-04
1.030855198895136047e-03
1.946063712776336372e-04
-9.415334260418752130e-04
8.331251405173064391e-04
-1.595084375961594678e-04
-8.881809982439405494e-04
-1.552713940926905671e-03
8.286037123573187710e-04
1.594331085719806083e-03
-1.840635740285332354e-03
-8.898473923532728433e-04
-1.428652401437193690e-03
-1.490662675537546928e-03
8.069361325034719943e-05
5.364658780471108978e-04
5.349597338573264683e-04
2.889572247968535544e-04
3.118458093036101776e-04
4.422288916242876554e-06
-4.269956951436659916e-04
-2.222935341641444837e-04
1.325155655974537337e-04
1.574614646636725453e-04
-5.165933760970769627e-04
9.656491525380381464e-04
-2.791892373873330977e-04
-1.774590324153892573e-04
6.884026132664044184e-06
-3.578548386759613674e-04
6.191087183294100016e-04
-5.942133644607856726e-04
-1.146484768286539140e-05
-6.864223496813743328e-05
1.029416562673243947e-03
3.964212891608176231e-04
-9.225631017740899657e-04
7.770814467673704904e-04
-9.740661050180944754e-05
-9.067017322628028212e-05
6.868762974248067085e-05
4.357291909770431414e-04
-1.278884369161470804e-04
-1.881572718075416378e-04
1.156404011899571751e-04
-2.270124348017979064e-04
-1.071329458390466279e-04
1.238810862640364705e-04
7.988474918443804265e-04
1.497764439564332314e-04
-5.720706038777217430e-04
9.079400175990671258e-05
-9.115044305444095244e-04
-2.204034913075819495e-03
-2.080060021224147931e-04
-3.822563871212981057e-04
-7.417684239817430418e-05
-3.461633830378455000e-04
-5.094264628797942791e-04
-5.142846852671945898e-05
7.479962793890924944e-04
-3.637185164381460077e-04
-1.219856865697223174e-03
-1.123311900918923982e-03
2.567733491706582780e-04
4.158562016994828240e-05
-2.261883846907944613e-04
3.018972070785888411e-04
-2.507171029713455533e-04
2.836246192078800189e-04
-1.655347806037438935e-04
-9.781624650209514371e-05
2.654143970933927309e-04
-1.293461289741896093e-04
2.600940477741113207e-04
-5.353461083182069771e-05
4.323285329781662381e-05
2.825238112182864659e-04
-3.331894563242851189e-04
-1.094693307874949076e-04
-2.285103791120243858e-05
-1.964717256158351143e-04
-1.200282867559392488e-04
-4.125188334432476405e-04
-2.314418192796509658e-04
-1.448371040417670730e-04
5.000688039834985882e-04
1.354218817891248553e-05
4.583483199054929209e-05
-1.249038518434131024e-04
1.426818334573653503e-04
5.465147995488072542e-05
5.073849351529151396e-05
8.001943611552416748e-05
1.210090070526969474e-04
-3.768020640369963833e-05
-1.392696486769421418e-05
2.628062150821603923e-04
-4.342440850717341877e-04
-4.147976953065033519e-04
4.706635913907978946e-04
-9.861831017861889207e-04
1.283897103989627764e-05
-6.857223473419517962e-04
-1.801563072351876609e-03
2.632618853046977438e-03
-3.422801431920200724e-04
-1.185465626863618435e-03
1.691743608710990360e-03
-4.549654552713944689e-04
6.972486150543016816e-04
2.475447698230051337e-04
-4.502850429725429801e-04
3.939580414762313559e-05
-3.869790948511252411e-04
-1.560176468517471271e-04
-1.213340591746553838e-04
2.016033796343976088e-04
-3.140168704728283364e-04
-1.212906627872016536e-04
-7.143438083767918981e-05
-1.029358354941858965e-04
-5.543023154476100969e-04
4.116265148591636094e-04
-5.932993965554366400e-04
-1.240441423322571392e-04
2.665560548588253144e-04
6.352744861345625534e-05
-3.787760356926050606e-04
-5.078284995182053268e-04
4.318522598008615269e-04
9.454028944498357300e-04
-6.250587061415817901e-04
1.596572675141524650e-04
-6.111715827285073548e-05
6.124449677554303641e-05
2.952491064619816780e-04
-5.239610316292802700e-05
3.163967704107204459e-04
-1.260288447777819956e-04
1.937890662734607699e-04
9.448116047772981102e-05
1.040479142850586202e-04
1.739513376204474568e-04
1.032297187116448366e-03
-1.040757161031131365e-03
-6.155876025010231529e-04
-9.556321722246075012e-04
-1.205299374573355251e-04
1.335053043536795641e-04
1.349062181986885461e-03
-1.152918439807754840e-03
2.095808284656651931e-04
1.050689581690003940e-03
-6.260948059428166068e-04
-1.854889246308532029e-04
-1.970345050846603865e-04
-1.976517924945637560e-04
2.694236695586965983e-04
1.254312343660457243e-05
-2.606328176020675453e-04
-5.338317489406286089e-04
8.968435807774605530e-04
-1.636063332721494554e-03
4.828871579091014712e-04
-5.822842642577050979e-04
-1.196536164007127971e-03
1.753895175679560741e-04
-7.399099069771714195e-05
1.509283973157046635e-03
-3.229676757085606239e-04
2.229718408676500084e-03
-7.733426766294626336e-04
7.151432384419519539e-04
-3.016258375884832443e-04
-2.305829763507169451e-04
-7.792780738946846440e-04
-1.128199949769453356e-04
2.131585630194312894e-05
2.783214570818358076e-04
-6.630958637747220432e-04
-6.795921681792024653e-04
8.766472646756388659e-04
-8.883797834109486476e-04
-1.502797038712515776e-03
3.047445997393778000e-03
1.094649363753542019e-04
-7.782479733041877115e-04
2.520736312187757183e-04
-1.067378577914643154e-04
8.909932051604584177e-05
2.906003280342880630e-04
3.283146901443631136e-04
8.263865879605018718e-05
5.411418780083684585e-04
-3.860435740833049047e-04
-4.393313269375328177e-04
3.080900130500580092e-04
-4.432216968095767178e-04
-1.114573830710618643e-04
4.755866536812936203e-04
1.795570814667586342e-04
-5.137339765562440959e-05
-1.769292484655971497e-04
-3.596996728992991063e-04
5.244909237846714402e-04
-2.094831319659001758e-04
4.528537532813165780e-04
-3.784683842145181881e-04
-1.943019145647241052e-04
-9.344612472685121538e-05
-4.110088147198011371e-05
-2.673398546328025253e-04
-3.341503872790361693e-04
5.712114169916216691e-05
8.419579656176437357e-05
9.865046877312456497e-05
-1.133725976328495784e-04
1.583614567530484529e-04
-2.776638529967064050e-04
-2.434061110409061997e-04
-4.444766482476813553e-04
3.636136000843978523e-04
-8.319537803163859100e-04
-1.298537386175563097e-04
6.737914275641989172e-05
5.692399456546746864e-05
-4.664827589658635692e-05
-1.539452634949792849e-04
5.908970996406627226e-05
1.436833148214891089e-04
1.409877497937519620e-06
-1.515107568171579250e-04
1.500565430823109754e-04
-1.481368376172733856e-04
-2.465099187055378675e-04
3.428134994717069655e-06
-1.893813666270485123e-04
2.066003023309929032e-04
-1.145038904805047072e-04
-8.910683539997977376e-06
4.158453691395103005e-05
7.187743008204144901e-05
-9.862771396930688291e-05
1.059051240073758299e-04
-8.349422131108855225e-05
3.216047158148317042e-05
2.366774655535678467e-06
1.742953762289236366e-05
5.604850328796823732e-04
8.418384839408933260e-05
-7.940869709731383924e-06
-1.529293250641760964e-04
9.478776800111738537e-05
9.870656775411633074e-05
-1.754318036970856705e-04
-1.850174530974448928e-04
-6.398552638386851849e-05
5.410096394566490734e-05
2.133813424485684533e-04
-2.135386903212017733e-04
-2.403289309208891424e-04
-1.020626550254917757e-03
7.025113883600546557e-05
1.404016753951005946e-05
1.170528780693241497e-04
9.490796983626181393e-05
-1.068867108140683918e-04
-2.300788339454696348e-04
-1.119959803467190744e-04
2.669255598709842055e-04
-6.636728391486939433e-05
-2.865285933858787684e-04
-7.378030633643415347e-05
2.590481868222661572e-04
-4.718513018294515343e-04
4.544612559978409520e-04
-7.536722966098173722e-04
1.672109991571316449e-04
-4.959358067868230730e-05
-2.729233739516254186e-04
1.852467970922017538e-04
-3.579585048233256293e-04
3.861829401865823387e-04
-8.199700325120466552e-05
-7.172628392843826653e-05
1.801986726453601588e-04
4.169013577052949212e-05
-1.338868178136424071e-04
-1.231862874965864699e-04
-2.509987786333825943e-04
-1.609264781295944398e-04
2.113093728361319687e-04
7.794714566793374717e-05
2.364461680307369405e-04
9.164605565583849541e-05
-3.760567914399463407e-04
6.469381463116685152e-04
3.591451122259763464e-04
1.942628271646003281e-04
1.930177162386757892e-04
2.912522404802548323e-04
-2.271947862059877981e-04
-1.604460174816763594e-04
4.095549915240896829e-04
-3.929909663646218043e-04
2.476878756242343769e-04
1.533170675148263942e-04
-6.891240579443545528e-04
5.577225074401112766e-04
-1.182295725031143720e-03
-5.679116644244464962e-04
-5.294287350103358799e-04
1.073877462181754475e-04
1.301740342850953968e-04
2.323633566622644174e-05
-1.416640641738892701e-04
1.718127610920450470e-04
1.716372623482883674e-04
-2.439509850425243962e-05
9.187553943826473840e-05
1.753180737889277311e-04
1.616899900904774214e-04
2.980739880179433831e-04
-7.527485496367681975e-04
3.476808866004959327e-04
3.924598436068741400e-04
4.217146929878424653e-04
4.829700413569656958e-04
