-9.958171006861900949e-05
2.291610139711671156e-05
9.602339110303994351e-06
6.218652057588870165e-05
1.432196487649807146e-04
4.245729274656752372e-05
-2.202180659663289752e-05
5.180271109215523444e-05
-1.284397451398229127e-04
1.234993171498114631e-04
4.017763476335144635e-06
-8.516121287207407357e-05
-2.032352677572634656e-05
8.949531117329412398e-04
8.024443713153571814e-04
-5.963989221426615377e-04
5.092606937807889894e-04
1.600810203570810256e-04
-5.350653662001139380e-06
2.815137582333888562e-05
1.164826760649757717e-04
6.887551467317494871e-05
4.654319743357946456e-04
1.618540015307702877e-04
4.297365238388710504e-04
-1.812321316294787492e-04
2.125306680324532478e-04
-1.281082925312177998e-05
3.314995055084133052e-05
-6.170417098248387217e-05
-1.561017803053960237e-04
2.047254360212473218e-04
8.242510485668793252e-05
-5.658238109148166529e-04
2.908100082359086074e-04
-1.446448321997567416e-03
6.963114504597964661e-05
9.645985471043386087e-04
3.944951478711587007e-04
-3.790796493928466192e-04
-2.920585188594694898e-05
3.809286856074060759e-04
1.595952785953872171e-04
-3.195049927299833508e-05
3.728901485265348915e-04
2.362185011875162464e-04
1.088829172808443824e-05
-3.419165123131706705e-05
-6.473406790660868283e-04
1.806075711724099608e-04
7.570991262634260482e-04
3.263077469336774167e-04
-8.818662640635148995e-04
-1.266356490882303721e-04
4.364145729706092039e-05
-5.434122264037050224e-05
2.150820630682471427e-04
3.752789084074862137e-06
-2.318684536664110613e-04
6.566619916800718344e-04
-4.862064514934257080e-05
-3.394808394468988967e-04
-2.122266794649756410e-04
6.329235714985072345e-04
8.240645557916797181e-04
8.288211861162977055e-04
1.679196601973240177e-04
-4.953825069999679906e-04
2.413318174872516766e-04
-1.244711465279255570e-04
-6.974357481160894153e-05
1.520176522638519304e-05
-1.370298107506742161e-04
-7.976909943832573638e-04
-1.077282475748318931e-03
-4.132776404456470166e-04
5.901189721457667089e-04
1.656078988812588839e-04
6.656879866662791540e-04
-5.384108253287606463e-04
-3.031314058022248803e-04
-3.154499637196896437e-04
4.459473962989362987e-04
3.757618838713823643e-06
-2.005434353900357048e-04
-3.350541712802863892e-04
-6.197204420763937575e-04
-1.235352657303148433e-04
-9.672911155350365133e-04
-2.160624436405279793e-04
1.635358628395992093e-03
-1.925579296049857768e-03
1.554465277977058356e-03
-8.110818945596268495e-04
-2.387443281290413432e-04
1.186292815926529498e-03
1.316200332236590570e-04
2.714297689310847181e-04
-3.744389364270047542e-05
7.892804946185151506e-04
2.870288143756679589e-05
-2.586001507077404470e-04
1.446819841190533312e-04
-7.583136436340391206e-04
-1.737368672298814044e-03
2.056102974667262887e-03
-2.030208556933919915e-03
1.460643466787818489e-04
4.628321861230162942e-04
-1.746346690061976168e-04
2.960044115909572738e-04
3.211743673794547910e-04
-2.858936166529372721e-04
5.641774688429907598e-05
5.255038322474758772e-04
4.399182398655975164e-04
1.011198156641128715e-03
-1.365615086233072694e-03
-1.202037781854341562e-04
-8.145044588204623836e-04
7.316337129309756276e-04
-1.081571495925024275e-03
1.521010560671728223e-04
1.860374505888668853e-05
-2.708423009032580190e-04
-6.574344979185369484e-04
5.400092364975276563e-04
-1.492199614154253890e-05
3.683796912171124148e-04
-3.507280940437569605e-04
7.384627490531514332e-05
1.748387161571115546e-04
6.363067573113349219e-06
-9.002238925240209344e-05
-6.686444470852892855e-05
-2.544813940278348608e-04
-1.171019891982071407e-04
3.788830442210966171e-04
2.510328327383449056e-04
-6.443223339720920758e-04
7.370882787667035153e-04
7.610324757277013195e-05
-2.154450520027393625e-04
5.423164231594844930e-04
-1.022800482299205218e-04
2.078882009242373030e-04
1.304866540882320606e-04
1.212432263601274240e-06
3.986006811021016783e-04
1.788686597330545186e-05
-1.392704440972760294e-04
3.315338223645675957e-05
6.569172249236308804e-05
5.397270640602042351e-04
-2.573377755880314676e-04
-2.834914538146476176e-04
2.524608833631299099e-04
-1.285686319529262501e-03
1.895800684510727020e-04
-1.360104733081096587e-04
-8.851884127139265880e-05
-1.765690525412043344e-04
7.479288770137358839e-05
2.272542082067203139e-04
-3.999663642806522727e-04
5.215422483573700920e-06
1.845349095328755883e-04
-4.402612641133153162e-04
5.686955140808548463e-04
3.252507769972224402e-04
5.515762515447196436e-04
-7.188881131819791891e-04
4.369781713251679497e-04
2.158087251025317876e-04
5.808329719182689274e-05
3.578205519536742938e-04
-5.098922821962273400e-05
-7.051979482534398989e-05
-1.308595639885296676e-04
1.218304346885696081e-05
1.246830626984544727e-04
2.224315879082293813e-04
-5.779947493990885294e-05
-1.234853073109998636e-04
-7.850676191927999760e-04
6.430435993028491438e-04
6.476066443114777667e-04
4.948937750820876433e-04
1.259730270991771858e-04
-4.567416280975523588e-04
-2.543618348317533548e-04
4.934977988892341120e-06
1.360122633418963019e-04
4.141066815206298566e-05
-8.518569768908255133e-05
-1.138162558183726796e-04
-1.679929243387758903e-05
-2.902816658005670037e-04
5.604620087898234309e-04
-9.873143129879558520e-04
6.844996058659350924e-04
-1.058419400298522362e-04
-1.526179623484777816e-04
5.105010354823864214e-05
2.217234556238204966e-04
-7.157021205981016270e-05
2.378162544059705616e-04
2.923655044023023121e-04
-7.306818573404505381e-04
1.289328479525886026e-04
3.968407676113960250e-04
-1.384973327374506419e-04
-4.593276134939533266e-05
-7.965955668884113069e-04
2.925536476353389958e-04
-2.748355531473228343e-04
-2.560945208397526793e-04
9.540966083596377116e-05
1.367960305552087905e-04
-1.533094264697286099e-04
2.126424848822482865e-04
8.441760138730330693e-05
1.110669104085366818e-04
-3.571033396150428475e-04
-1.949971444993858760e-04
-5.618031794429132614e-04
1.546633679034022752e-04
4.276124432524520610e-04
1.242538276256763838e-04
1.144147701496144438e-04
-2.635898241872987042e-04
-1.177862611910290375e-04
1.498744659289854252e-04
-1.001379437418029879e-04
-4.923545121298096523e-05
-1.014252377361935637e-04
-9.405883474562518813e-05
1.926127031095154526e-04
2.026405797407736958e-04
-3.076592248154328747e-04
1.082372190878930999e-03
-4.311880139211569170e-04
2.985722719189056189e-04
-1.620688413536232667e-04
-1.139898744957347195e-04
-8.303073913344013166e-05
5.057716834112430489e-05
3.371573836586385747e-05
3.783413879503255933e-05
1.066147262513938683e-04
2.843721243275097884e-04
-2.254425405555254857e-04
1.513272437145217453e-04
3.104557512522460212e-04
-5.543376541742458218e-04
-1.129394168981199051e-04
3.476308796784948461e-04
-5.568821091382623233e-05
2.047510603390774897e-04
4.640476304588323815e-05
2.035577173199386259e-04
2.781163336717361475e-04
-4.839903015701671734e-05
-8.943678536596617011e-04
-4.135213650728742480e-04
-1.218832650356727878e-03
2.098263651969471254e-04
1.977011737052011798e-05
1.532716457150132955e-04
-1.947071171888952975e-04
3.293917113009436600e-04
-5.516147707284297210e-04
8.220542540668633732e-04
-1.826091649298723250e-03
-1.788306037906736701e-03
-6.540099224937759130e-04
2.549640642328754141e-03
2.080642943649315974e-03
8.644634141059242410e-04
1.275015375001489607e-04
1.834344370043340384e-04
4.752230695119379132e-04
-4.302180066323850775e-04
-1.071891785567703932e-03
-1.025189989491085340e-03
2.913503600984792001e-05
-7.985562100216182227e-04
1.097551151827817105e-04
2.067682158653512143e-03
1.282960238671249304e-03
1.490703912396448448e-03
-1.173008162551937962e-03
-7.544823608601493835e-04
-5.188610496159857090e-04
7.568102304261163519e-04
-1.016871981659072852e-04
-7.046337805985930080e-04
6.203587235327184379e-04
-3.096603939410635942e-04
-6.816959927421972971e-05
-1.540968781154912601e-04
-2.823851215659943460e-05
-1.504487166256475157e-04
2.686745948910564965e-04
9.905477062132269912e-05
7.191134268543687572e-04
4.751853283311091927e-04
-3.104562151925775943e-04
-2.379457010575484793e-04
2.159930507142556204e-04
-1.521112365972671223e-05
-3.115596264162053279e-05
-2.800907032657899465e-05
-2.192254528118571112e-05
1.270743347395300908e-04
1.991865332557866009e-04
2.875335078052526812e-04
4.534671635672245303e-04
6.520200467790537293e-04
8.093516713487027144e-05
-2.030015570253629179e-04
8.610881160210118147e-05
3.456158747070677537e-04
-1.427167235698665465e-04
-1.316792964996846109e-04
-1.403807285380645736e-04
-6.427600704633299532e-06
-3.010634384862025754e-05
6.438572114123545945e-04
6.780748319281285725e-04
2.623003866640930839e-04
-7.091323651585677574e-05
-2.826082230995012232e-04
-1.530885936512467474e-05
6.802375192907008392e-05
3.763230926673960633e-05
-1.922134938856709374e-04
-1.151297902583819417e-04
-9.173503894711947061e-05
-1.141682485231191257e-04
-2.907354197202498554e-05
2.623257889225572123e-04
-6.072964971393020632e-05
5.330419378543843032e-06
-4.740968679092307804e-04
1.522070641973101348e-04
4.017628415104609841e-04
9.488946269104824147e-05
1.346975027536387434e-04
-7.730064752695693512e-05
-7.287160539278864828e-05
-3.810242899578017905e-04
3.683156999084199307e-04
4.999768154042895114e-04
3.415664281581234463e-04
-3.589495812678277159e-04
-2.969678026727384746e-04
-8.341700973068509356e-05
5.065797169318286310e-04
1.624076221970720789e-03
2.371132918500136163e-04
-1.102624099993465079e-03
5.992674430247381043e-04
-1.684448407045408512e-03
-1.221716607925303871e-04
1.747290793920407799e-03
6.192623088981311216e-04
-9.327409914692927784e-04
-5.197633498874254738e-04
6.343648380870433407e-04
5.251218251576617382e-04
2.828867671690997194e-04
-5.691522218787422281e-04
2.006496686761809504e-04
2.666665935342212132e-04
1.434448823009644707e-04
3.493269567965382209e-04
-6.628095773562687131e-05
8.774840393804023034e-05
4.671756130137855244e-05
-3.529529466621580242e-04
3.266762718410177145e-04
-4.932291834954278132e-04
2.946714187521528921e-04
-1.237346080522027368e-04
5.755975129834605619e-06
6.933303186476363032e-05
2.895144641472497924e-06
5.420551009947958054e-04
-3.141190314403439457e-04
-5.646745281176278981e-04
5.514028755899449399e-04
1.009646457552800013e-03
-9.418260713716219081e-06
5.320425155175351672e-04
2.846218209919707345e-04
1.797474846542655713e-04
-6.001765575836453197e-05
-9.205607410416568931e-05
-2.650318919283547049e-05
4.557332223058214245e-04
-3.603925933820004515e-04
4.794548831610565280e-04
