1.178996755309978738e-05
-2.775378124176155039e-04
-3.519789841270224654e-05
-1.898381028920655893e-05
-1.104112132113921015e-04
3.101431936562334935e-04
-1.463102586019325113e-04
6.021993070388885618e-05
-1.020146465258985757e-04
1.013092943464139709e-04
-7.674624937246594144e-05
-1.711830227505561360e-05
-4.702844297001614109e-05
-1.424774084333205963e-04
-5.929885500253006094e-04
1.570129209007277112e-04
5.262609462753181058e-05
-2.131450373772462157e-04
-2.942601817015619842e-05
-9.433089022703799396e-06
-8.446631876318780254e-05
-3.234831114864850213e-05
-1.254206357310175268e-04
3.300972642874303270e-04
-1.902361132231524378e-04
1.094773873306235300e-04
6.154777096343618415e-05
-1.798291331662168796e-04
-2.165592231288224504e-04
2.968922957100214003e-04
2.244446941873845923e-05
1.492944350320914973e-04
4.872817175459780376e-04
5.773051883629052461e-05
5.998400941288582755e-04
1.210756502713214786e-04
5.047708988783408809e-04
5.433463641928173949e-04
-1.527613136659774248e-05
-2.003024081069836395e-05
1.858161850915396947e-04
3.902880351435721084e-04
2.475284996289447222e-04
-8.525667551073306898e-05
2.969346584972267986e-04
1.042984223638069978e-05
1.887536481803837429e-04
9.347525884557441862e-05
8.039054865891198491e-05
-3.265379905347690293e-05
-3.727779578588089515e-04
6.997593815038805629e-05
-3.881244013009982905e-04
5.478388601516267321e-05
5.720874528009661959e-04
3.585927445057754685e-04
-4.421299670076613318e-05
4.345087443966944127e-04
5.630969458663592124e-04
-1.254950101605036678e-04
-1.781165826811415909e-04
2.436712441937375560e-05
-4.095852791414134508e-04
1.447676686949418446e-05
5.995191986534809304e-05
6.945031265452990482e-05
-2.558793400353796761e-05
5.361151367595153191e-06
1.897073971263738844e-05
2.192241826180299784e-04
3.258490340624022215e-05
-5.948508065615180527e-05
-2.107528139167661016e-04
2.585891651099489746e-04
-3.464905029848983314e-04
7.938381786978592966e-05
4.470065532117654147e-04
-2.326760342610335918e-04
-1.147093942718456971e-04
-3.370657326516828515e-05
-7.893632127298432465e-04
2.823499706408088747e-04
4.033569210465695306e-04
1.416733136114997355e-04
-8.182171048001215868e-04
-7.537384185789485196e-04
-7.385707023343000095e-04
2.643865886550910067e-04
-1.632793558099386805e-03
2.516346773953250047e-03
2.244343563865326165e-04
8.488159820326238907e-04
-1.020348122741416555e-03
-1.989483640623825424e-04
4.594884746204089222e-04
4.585620748591654481e-04
1.909182243466312965e-04
-1.654839065339087727e-04
-4.885158259184198314e-04
-4.477012085068892192e-04
1.685472522587596548e-04
1.676013882866724783e-04
-4.028940827657659157e-04
1.758432747840429759e-04
8.215871668965519506e-04
2.234027036213018073e-04
-2.004251994845525266e-04
-7.258101945837847589e-04
-1.692738226347376010e-03
1.952129869409110227e-04
1.051729960991180240e-03
6.918236744384286549e-04
5.628733756251810003e-04
2.758436311413016645e-04
-1.699837301557318879e-03
-4.538914732143000427e-04
8.599625622370331117e-04
3.180700623044197570e-04
-2.106635933551411291e-04
-4.218086941718735179e-05
2.605880920775484593e-04
-1.838526169378450225e-04
1.376538058479762170e-04
2.441268312954914823e-04
1.785284042670043760e-04
-2.107168601484800635e-04
1.074236223827038778e-04
1.769007553353674038e-04
-1.228845221383028069e-04
-9.749035611400672194e-05
-1.559540398563240767e-05
-1.986491371713396776e-04
6.783492199409737653e-05
4.353723606356917249e-04
-2.684913856207635076e-06
-2.146829124504175796e-04
-2.718751763364327958e-04
3.961879660167510548e-05
3.067735378531183648e-04
5.219618985292279493e-04
-2.553058116659850702e-04
-1.957392044901956412e-04
-7.852126554069772555e-04
-1.755696844653365266e-05
-1.396878365120600798e-04
2.966732313424317669e-04
-9.206879906671795863e-05
1.008179999658277866e-04
-1.542014427344517709e-04
-2.103904788257943863e-05
6.264800599042137565e-05
2.139727348872829890e-04
1.965367600226015519e-04
-1.432707577093759576e-04
-3.403645084530546798e-04
2.382799606548095393e-04
2.341046234935331770e-04
2.327770975216742323e-04
5.644188921129348241e-05
3.246690301901251170e-04
-1.588772651006089491e-04
-3.367206857832419223e-04
-2.205928270683036869e-04
-1.210080604121096452e-04
1.572883817096065251e-04
-2.512724835757199700e-04
4.777797082024770299e-04
1.533970535307195928e-04
-2.491581037877247003e-05
-6.462918357581669195e-05
1.554921998946806909e-04
-3.871461447510582361e-05
-1.666975884235302990e-04
8.216364956737996588e-05
8.489336723284434186e-05
1.037001084884048779e-04
3.453775438914397225e-05
-1.196891826389757328e-04
-7.332304084733534200e-04
2.574314894820717003e-06
3.277687210055107037e-04
-4.570670540361370217e-04
-1.084862267195639307e-04
1.106999444814970018e-03
5.324184334126496660e-05
-3.497207158497714200e-04
-2.548458396103004103e-03
1.162019176968990923e-03
-6.782325018901485484e-05
-7.975402145902757900e-04
3.369886888179817722e-05
-2.278313175280724740e-04
5.160764323061517835e-04
-1.781981015171534520e-04
-4.363826030356918271e-04
-1.535013834771224316e-04
9.957964647932890801e-05
3.528721265361061971e-04
-8.826037447929541775e-05
6.560692046509424696e-04
-4.262094135775859540e-04
-6.449572529679298727e-05
-8.867846722398978069e-04
1.205389620729352374e-04
-1.534293514967406875e-04
-2.807399354528119359e-05
9.348183148184250387e-04
-1.530229826961372564e-03
2.314385118201694601e-04
-1.889397179442659695e-04
3.876443011959728705e-04
1.297280640266967097e-03
-7.781188614566108587e-04
1.417190100051862712e-04
1.766358261923632405e-04
3.979133475122072802e-04
-1.598229974480476891e-04
2.729398168755485239e-04
4.460703291891129159e-05
2.751575737205505003e-04
-1.524555061503291584e-04
-1.112021248490675096e-04
-1.001892112523659683e-04
-1.644579426837083436e-03
3.552170033299185460e-04
-4.353375658836480420e-04
-1.493953312140190118e-03
-1.622180270440019747e-03
2.188965172780936495e-04
-6.971710724519864779e-04
-1.384430418771948567e-04
-1.314994564088938964e-04
-1.254092282754476896e-04
-2.498332455390561333e-04
-7.292196421056658746e-06
2.843441543568571710e-04
5.091852834579825614e-04
2.033954939139176455e-04
3.571479621224017014e-04
1.259947643098651131e-04
5.490994523217174574e-04
2.551293657462708783e-04
-1.736704342292377269e-04
8.171027086835287419e-04
5.553951963137497387e-04
2.598084133316567058e-04
1.369321572367342924e-03
3.378096204846453847e-04
-1.361727005835819968e-03
6.453545291049921345e-04
-4.804102147905445251e-04
-1.058934279020478904e-03
-1.700787541650817343e-03
2.121523861482739985e-05
2.140334821214655552e-04
2.455208863348374410e-04
8.297304841737714281e-05
-1.247684882200842153e-04
-4.375168307846325931e-04
-3.226582375969722343e-04
-3.189314134658279541e-05
4.361334382255931900e-04
5.791451572001031804e-04
2.826683689028469887e-04
2.530023267929191222e-05
-1.704902015140523277e-03
-2.011274854328571878e-04
6.986377840910698491e-04
5.518938128605615042e-05
1.527044360639994781e-04
1.002317602250763981e-03
4.631954244291036377e-04
9.302764227445939511e-05
-1.688326243441517355e-04
-1.351012218887479282e-03
-9.787138357964131775e-04
1.186327810870271821e-04
1.792881121698034971e-04
-2.372707220445086172e-03
-1.025576653991026313e-03
-1.391489005528609131e-03
1.099129080859694062e-03
-2.175816678162311097e-04
-1.746536941867955946e-03
1.783625436909280727e-03
-1.912263463525781760e-03
3.122386616210380680e-04
1.714385313748852764e-03
-8.220203756169089620e-05
-3.083526836401493916e-04
8.348789357417524737e-04
-3.720042735393114795e-04
4.271245249415743387e-04
1.354690841700616677e-04
6.915798447682850554e-04
-1.233709909364420667e-04
9.094554518167727829e-04
8.510960824918513195e-04
-4.891316534846489516e-04
-7.375496356617170250e-05
-2.881941067232043018e-04
3.866745421491938023e-04
2.903571428474353627e-04
4.723968965131945547e-04
1.460465404821145665e-04
-1.613249754135450895e-04
-7.440564231317137959e-04
1.397409438715965706e-05
4.920287670456365741e-04
-2.769015141055497445e-06
5.257690512435679153e-04
-5.315901018196597704e-04
4.322350773506567477e-04
9.127832136158714298e-04
2.928836517331348749e-04
-5.039698620019679052e-04
-2.759363361092240122e-04
1.445450988924000394e-04
6.181837664171278281e-05
-3.440249781763100368e-04
-1.018084744110154277e-05
1.677480481800505598e-04
-2.946638186264589595e-04
6.484670942195944578e-05
-2.584374576975129525e-04
-2.130315067207591844e-04
-1.676368223159627516e-04
4.139229857868235345e-05
1.104247419712270513e-04
1.326901523077838219e-04
2.503608836874221012e-04
2.173062034700869258e-04
-2.634874423164377828e-04
-8.291325637417698482e-05
4.825118117542931536e-04
3.200628649711672008e-04
1.544119523394915238e-04
-1.266288199487574046e-04
-2.086128204911856011e-04
8.741090969681769530e-04
2.069979653444078418e-04
2.237988363750343485e-04
4.693410770348287295e-04
-1.211709302393359399e-04
2.781257263443772201e-04
6.673327280318615490e-05
4.716207339567658074e-05
-1.136024772058515092e-04
1.793215315293961805e-04
-5.151900413087671086e-05
1.206037857873175356e-04
3.190412308469002132e-05
2.235890111991446967e-04
-8.675373109345278387e-04
-6.628515283232327103e-04
-2.644646869352726155e-04
4.780537108033448791e-04
3.602623936797810225e-04
8.183429658802427635e-04
3.890633225613034985e-04
3.040770726636331223e-04
1.313520882534505532e-04
6.788916429633813643e-04
1.960354855051917706e-04
3.303495320921952466e-04
-1.152716906986919542e-05
3.421642844152877070e-04
-3.695804621030993249e-04
1.877054299023259024e-04
1.594545091595987144e-04
-2.226366964546594676e-05
4.105669012967880834e-05
1.644506067703372753e-04
1.760912421387081372e-04
1.681990746750746269e-03
1.044563135364006768e-03
1.311987764489523254e-03
5.352691403615280653e-04
-2.800033515044742048e-04
-3.099096518497128556e-04
2.502849714568956981e-04
5.707158648522781040e-05
2.024714671633158914e-04
3.619280328151731267e-04
2.928882827114418137e-04
-1.155383160264811520e-05
-3.362147238571691274e-04
-3.465979084512054581e-05
8.275026954825495142e-05
6.363364533061325945e-06
-1.181915023343928261e-04
-4.707099913577095961e-05
1.768812609242121031e-04
1.138217230076296301e-04
-3.927370361952396672e-04
6.595606307214716942e-04
2.135568441840710627e-04
2.574937880339003100e-04
1.860797223124919215e-05
8.056042545196379437e-05
-5.050792911236923124e-05
-1.730113999329693786e-04
-6.891322665632567529e-05
