5.957905016487674880e-05
1.396836399081327325e-04
-1.311201893628685371e-05
-4.940726183263648770e-05
1.158171565289703842e-05
-4.364895195370642093e-05
8.541481597844056994e-05
-8.494708846084238218e-05
1.616166163451026805e-05
-4.369055821912567843e-05
2.074397620085344075e-05
-1.035874996794372442e-05
-1.087507711232616131e-04
-2.544035343574211662e-03
-2.088044210989326542e-03
1.034214592815731497e-03
7.483788726865565465e-04
2.824547014200074743e-05
-2.327769634800160069e-05
1.504900106576450181e-04
4.267116617054079298e-05
-8.707642166357026220e-05
2.592804571072237336e-04
3.043162258356511829e-04
8.237695776151362972e-04
8.909713950228993241e-04
-3.295712566864207821e-04
-2.118951787312927087e-04
-1.042021507183928499e-03
1.802401010825094860e-03
4.157694044936169559e-04
8.782133829140163338e-04
1.542198733439053952e-04
1.952578773723116345e-04
4.264112774645005067e-04
-6.316771239067656835e-04
1.273260677390691082e-04
-6.335477797501102215e-05
-9.484974825914981988e-04
6.979006385996344318e-04
-4.828113414283166454e-04
1.267617382605673723e-04
-5.114784175308416045e-04
-3.523667874920281780e-05
9.416197324631757088e-05
-3.501757708972466870e-04
2.924347169761065766e-04
-6.140312305760530593e-04
-8.553103861336252590e-05
1.278007676311837320e-03
-9.326297949507266968e-04
-1.173633250070658289e-03
-1.132284147331477425e-03
7.869454224127081596e-04
-4.913520895684938107e-04
-3.773453393593034213e-04
3.895050992400794299e-04
-5.223475691964353648e-04
9.128865681114160520e-05
4.642170691184889313e-04
2.796451220734017039e-04
3.302326821245101071e-04
5.272983444074379449e-04
-2.896279944526731326e-04
-4.116161953422431516e-04
-3.223144752743232382e-04
4.487743166695374176e-04
-6.655707380174015714e-05
-5.431695253833563166e-04
4.584674617520899061e-04
3.468773395732445701e-04
1.121177533397702556e-04
3.808797186159465172e-04
8.982659952454894619e-05
9.939568236448102008e-05
-4.810009786336354285e-04
4.405368261788195831e-04
4.896259459894136907e-04
-2.169945050873591473e-04
-1.215645911027281832e-03
1.430390199508167282e-03
2.325739335889082451e-04
5.504440202189565855e-04
3.265735681021847392e-04
8.865159084124738702e-04
-2.039058329901327019e-03
1.111593989219062262e-03
-2.168992204707045814e-03
7.285275936284677520e-04
-8.612092967266764742e-04
-8.789885097602420823e-04
-5.353615199601676269e-04
8.176640360603021883e-05
-2.164775641254526768e-03
1.121023203176620131e-03
8.233965122505627161e-04
-1.383952897343100142e-03
3.548474648150991024e-04
-1.376178307860325594e-04
3.593941210221126008e-04
-5.368013309499947844e-04
6.284803830810417689e-04
-5.877171824383103059e-04
-4.302505983853978952e-04
-1.041690883258732277e-03
8.720721599816185507e-04
1.323140015133947040e-03
2.524755716140329818e-03
-9.846510046253615245e-04
-1.162149143784029512e-03
8.939240321799966655e-05
-1.466551239725704531e-03
-7.002322667414946557e-05
-2.676156284106424432e-04
-2.943246813482677869e-04
-3.130743920365280014e-05
3.270386432497641993e-04
7.275248064712852699e-04
4.865940977226327984e-04
-2.374675701312291146e-04
5.430588539457828099e-04
-5.901358781350945744e-04
6.678158770794641666e-04
-1.290465979551022515e-03
-9.300206409931285195e-04
-1.121348343687845854e-03
1.099810708296273956e-03
7.144343225881815470e-04
-8.716171722587787878e-05
9.857308254366543138e-05
-1.856779409095420975e-04
-1.913211342274155527e-04
-6.246352270492064882e-05
-2.972342649694448844e-04
6.513990804243331294e-06
-2.780031351577850031e-04
4.145407579050380169e-04
4.302206091582662937e-04
8.196864758595413857e-05
-6.910166932443887865e-05
2.258775292496654748e-05
-2.479610908937018464e-05
1.234822336137162704e-04
-2.196826303369992460e-04
2.440688762107766591e-04
-2.490885708660610311e-04
-1.797052698455437521e-04
3.517967805098989040e-05
1.580290510039819972e-05
-5.247590001793374424e-05
1.026172258670213043e-04
4.308404842911839122e-05
-1.249901511224023535e-05
-2.147746579302635883e-04
-2.512785425710868160e-04
3.378289094546064368e-04
-2.760269030687099979e-04
1.310831975706206286e-05
2.728939118139096591e-04
1.525520518624753322e-04
-2.929661084831937417e-05
9.707377863559502984e-05
1.197489977826704033e-04
1.775197360790398485e-04
-5.626716907768775022e-06
1.165091851772399482e-04
-3.010376114524178435e-05
1.352713904151184060e-04
-1.439174731681201616e-04
8.684555147331909041e-05
2.539000277010100497e-05
-1.724309329871782112e-04
5.506552259870245366e-05
5.955130171380847089e-05
-2.537908518594406745e-04
-1.959161602357756564e-04
9.628482419254308681e-05
-2.643499952217178480e-04
-2.180085539665897537e-04
1.977993701470455229e-04
1.113470557873208434e-03
1.771201311296712337e-04
1.001592510792145493e-03
3.126857686270763121e-04
-1.989587848681463340e-04
-1.809239006645837285e-04
1.272553839901158955e-05
-6.620058743852331789e-05
8.457581673254661343e-06
2.439064401658936753e-04
-6.671016749984900942e-05
-3.415367165047551896e-04
4.744349797119329229e-04
1.663548612717892798e-04
2.941408541196030872e-04
1.443663947815052224e-04
-2.240082389841375880e-04
-2.783604990964051664e-04
3.476166188268195131e-04
3.735263755661135830e-04
8.560565011167305810e-04
-5.151796350457293764e-04
1.267729565336893955e-05
-2.558554942419430898e-04
4.008182295994228991e-05
-2.450689703918968072e-04
-7.603874521210956172e-04
3.049066394186458230e-04
3.125662468016124742e-04
3.601371442654744694e-04
-2.081047575255650609e-04
1.056774163865721789e-04
-1.503069257658659380e-04
2.407921141937257453e-04
2.432114235480138133e-04
-3.362766426287737122e-05
1.539307897111918239e-04
1.661661849011078062e-04
1.459152571410221133e-04
-6.073267649080890088e-05
-4.567927598315118100e-04
5.389314820110601692e-04
4.404640214317331274e-04
9.078610365636424545e-04
-6.375849522572110857e-04
6.790663427486515972e-04
-1.144122403929985048e-04
-4.600160589358852467e-04
7.417130603933012184e-04
7.489587077766423967e-04
2.368036053750387292e-04
-1.403691231445304425e-03
2.425324490069581077e-04
8.680514795523857578e-05
1.538179619756722104e-04
1.870184005139849913e-04
4.026376600463227339e-04
2.761082648493847600e-05
-8.390977264295199100e-05
1.472860968059454094e-03
7.327926943192373177e-04
3.502541689414054456e-04
-2.244131474633555452e-03
4.385089609119481526e-04
5.778685127779464512e-04
-3.071943006210473156e-05
-2.413366515063193607e-04
2.772290485183592909e-04
-4.241129764577041710e-04
-1.277836211444229680e-05
-1.651960515274128656e-04
-3.158163447693917601e-04
6.357544777468060221e-05
3.749784048429842640e-04
-2.695054348781175820e-04
-5.636958232275115664e-04
-8.710499527485646544e-05
6.466478063923338524e-04
3.536716435043155441e-04
5.553751004848438491e-04
9.455091451987054658e-04
1.758924232467116609e-04
-5.301471465215457828e-04
4.900575182145061517e-04
4.879014602017259596e-04
-4.487601698256151790e-05
1.127864145428732955e-04
-1.115040307761308080e-05
2.524431618262067134e-04
1.563391073459339761e-04
-1.993277915974460510e-04
-8.116326267483936735e-05
2.706850744651283972e-06
-3.043261426237451705e-04
-6.859846188551420960e-04
1.938700343842614823e-04
-5.127255946369178386e-04
-3.169258886992020298e-04
-5.126837702933236983e-04
2.963403479600200827e-05
6.677760400680927760e-05
-5.460132281853996442e-04
-9.506164875565918269e-05
1.425086654695502993e-04
9.637005241968686436e-05
-8.503560938355867089e-05
-1.362508887454413951e-04
2.157074308419620553e-04
-1.379756739235087472e-04
-2.250312326496587279e-04
-1.095728956527923704e-04
-1.627754908832480709e-04
1.915127043853787317e-05
-3.369623921101744116e-04
4.408027281821691977e-04
-2.182878312910845043e-04
-5.526855338994348874e-05
-3.088152231761859636e-04
2.356148583877313489e-04
-2.729138265452050625e-04
-2.052308276167581780e-04
-9.239734071672909839e-05
-1.471541531169236346e-04
-2.539071826537523595e-04
-1.135898180499740140e-03
8.659690704373595744e-04
5.752005600690292351e-05
6.183673006184172956e-04
4.240619202870371594e-04
7.338647346691063453e-04
3.229598228228517873e-04
9.571262681245744201e-05
-2.640039868505648343e-05
1.108510669739369889e-04
-2.585866670913287849e-04
2.485286277593697448e-04
-7.113299566554402687e-05
-2.597747900939400851e-04
4.397114358762351758e-05
3.761009920250023942e-05
8.775726687853072918e-05
-4.677249438893575395e-05
1.587445870501951546e-04
1.967775277129346872e-04
-2.131000384636829793e-04
6.297644022777499533e-04
-9.404979683845608989e-04
-6.911331142882307869e-05
6.548626365690541750e-04
-5.116333554149177102e-04
2.249149368220968077e-04
-5.767408924390544705e-04
5.785292905941405916e-04
5.146437271341209528e-05
-1.847063798191279753e-04
-1.996655980131896947e-05
9.473122737598915592e-05
-3.803420636837492581e-05
-6.684893577451651728e-05
2.387429093624152425e-04
-8.055178761728073002e-05
2.719912938129602270e-05
-1.884164588089332217e-05
-1.925019192829497902e-04
-4.396974308105348851e-06
2.738947640330403161e-05
-6.981819422851668071e-05
-2.366477030243216388e-05
2.441227456562138759e-04
2.418928597440902183e-04
-1.541887889733446727e-04
3.592542339617174445e-04
-2.719196924554457629e-04
4.176999774079246156e-04
6.326468827834953421e-06
-5.080740139701368568e-04
8.323988756222471625e-04
-3.864777480048800745e-05
-4.209350802121547292e-04
3.068687710729827703e-04
3.023799988816806279e-06
-1.030599591430357369e-04
4.689256509917305474e-04
-2.892086982871621423e-04
2.939408777892880552e-04
1.443845281085687627e-04
4.039872534953000208e-04
-5.427298340835808900e-04
-9.805531012344163595e-04
4.773474159115062261e-04
-7.643405966384346929e-04
-5.700901582762047358e-05
-7.966724756330595002e-05
-7.478739400742334101e-05
-1.284442536541318162e-04
7.489678889839106689e-05
-2.161322921449151219e-04
2.931053454515755957e-04
-1.763343087322559970e-05
-2.718657434822061863e-05
-3.679016261793218953e-04
1.124226606825157987e-05
2.532291905192146056e-04
7.069692424733850934e-05
-6.095110153685334714e-05
-3.099224478761444476e-04
-3.388644197002282118e-04
-6.440160633584043198e-04
2.333776652405703041e-05
1.138371289742343292e-04
-1.707181624066071116e-04
6.272826832047271965e-05
2.161243467296229247e-05
-2.146549357196293184e-05
1.891360265745324913e-04
4.234312990544649130e-06
-5.607144134233680481e-04
-3.384798511756892674e-04
-1.805026875126706826e-04
-2.265498755672769272e-04
3.241529222341376585e-04
1.302430337668240195e-04
-2.513466497523743023e-04
