-1.220386103513657072e-04
-3.541567108708027357e-05
-2.504823866860480955e-04
9.813186524296436277e-06
-1.044136328228019945e-05
3.227028158286872274e-04
-7.886286084970313122e-05
-1.063920738585280790e-04
1.600319274888002935e-04
5.975384667924857113e-05
-2.331343433376528853e-05
1.260924108472340395e-04
-4.729621179895707971e-06
-1.286732835257536217e-04
-2.245720636766149561e-04
1.395124559957951346e-04
-1.441355625997545588e-04
1.327202676365531815e-04
-3.880473973440163931e-04
4.044853251727913092e-04
2.516767832582125146e-04
-3.398792607814328146e-04
-1.973279425395842667e-04
-4.392726044824535043e-04
6.873180351768693602e-04
-4.810399730218848529e-04
-4.838029173127275954e-04
-4.618187556561720373e-04
5.900146325323264631e-04
-1.761944741095868093e-04
-1.020868262874303350e-04
4.066334888857313173e-04
2.711865297519966390e-04
-1.654616503588619998e-04
-2.729729922252181816e-04
-1.158077191908983474e-04
1.980998128393605869e-05
2.877088532859394280e-04
-4.768854152336091871e-04
-1.602438199677678555e-04
7.194511511632975575e-04
6.631936671723561707e-04
4.913564208340667620e-05
-1.261018624727677285e-04
3.420351450614269283e-04
5.557459859714818134e-05
1.155096618490379179e-04
-2.265370861855922895e-04
8.754703048664182348e-05
-2.956226080531302089e-05
-1.882753816639169784e-04
2.986056455858140469e-05
-4.913368473953798451e-05
-2.533870880450983846e-04
-6.495168300300529021e-05
-1.361094077893605550e-04
1.380045821840358996e-04
-2.112459211813735730e-04
1.830304364014772797e-04
-3.055107507592566768e-04
9.768220843125113113e-05
1.298755144935736117e-04
2.956095501332406741e-04
7.822426503368254305e-05
4.472190683923249000e-04
4.888244714813735496e-05
3.869214616503620125e-04
-3.820621293936469630e-04
2.632831046732015908e-04
-9.888306831952219436e-05
9.865036906678922737e-05
-8.800600839126965073e-05
-6.942807748713294817e-05
1.885911963009943642e-04
3.340297196672320132e-04
-1.698183657573427269e-04
-2.947640895522058054e-04
3.646864783477636596e-04
-4.189583043764457965e-04
4.931097460999112075e-05
6.989278622323048806e-04
1.462302152223562003e-04
-1.144310449785606058e-04
-4.090780040005192650e-04
5.495122326269330905e-05
-3.108387731831052897e-05
5.511967459831661892e-04
-2.377947831908789787e-04
-1.800619740578298061e-04
2.793291687723646090e-04
-3.817304548796702596e-05
2.160557930873772557e-04
-2.472666083568221670e-04
1.892230848204308989e-04
4.515320503637224557e-04
-2.618263179525937207e-04
4.398075162551518132e-04
-2.330823056320468134e-04
1.316764858979804114e-04
-3.379310052983569687e-05
-1.401192372395423469e-04
1.696336360352620901e-04
3.646460094839823842e-04
-6.489807198403333202e-05
-2.102269246183206992e-04
1.023782232986480332e-05
9.642342282783483297e-05
2.451543533995058713e-04
-1.738169619245320569e-04
1.206313846083664130e-04
-1.384651755539000539e-04
1.067171425018920969e-04
2.098539712425008378e-04
-1.710160794707579269e-04
3.818871125386605309e-05
-8.444279657033064088e-05
3.680221071171300203e-04
2.639393745121977109e-04
3.789316402067300445e-05
-2.601224109403134626e-04
2.433490668823565500e-04
6.478702599151422677e-05
1.317493886112573791e-05
1.595174233668491441e-04
5.866632278429826980e-05
-1.549546460184565374e-04
-1.864035143768655615e-04
1.353135801987788699e-05
-2.106371353384666259e-03
-1.281721294215495272e-03
1.306906714571014812e-03
1.026705217082800239e-03
7.290966876302326346e-04
1.419161946715744591e-03
1.345219576328020718e-04
-7.055851422292589705e-04
1.066622607357739982e-03
1.469337296989640105e-04
-7.783671203571067374e-04
-2.305945347445710332e-04
-1.218348946769841085e-03
-2.301669322972611656e-04
-9.517928290684362150e-04
7.541746868672704511e-04
1.315589513653711833e-03
8.674337800920118484e-04
1.140772666219223852e-03
-1.390286674061806714e-03
-4.991020251529839366e-04
5.373958858690101740e-04
-3.622145672928870079e-04
-8.715256644204029748e-04
2.766276559501081879e-04
-3.063452941162448360e-04
-9.790124863561019822e-05
-4.355927422870673697e-04
-7.830732377726643933e-05
5.323802684589732542e-05
-9.825900390406906661e-05
-5.574304306435083015e-04
3.618201111838309156e-04
-2.205053372510584774e-04
1.624041416660164275e-04
-3.545400204333983853e-04
4.693133194682864713e-04
1.765051357104899428e-04
-2.098701461587024317e-04
-2.333952828175599908e-04
-1.466900263541823658e-04
8.628665710242462272e-04
-5.044900094915404911e-06
6.135100235434733226e-04
-9.082302087775367050e-04
-1.684433338076980085e-04
-1.403094574075318282e-04
3.805798385925010394e-05
3.634290768348215112e-04
1.616035448523431652e-04
5.973969320030947470e-04
2.199119354156011676e-04
8.441008523962439470e-04
-1.148167824987416773e-03
-2.446063352404347080e-03
-1.572110272950842324e-05
-8.593939099462588214e-04
-2.004954199379893436e-03
-8.237645593977383591e-05
-1.385883261433431407e-03
1.298582127946225177e-03
-1.956045986293969245e-03
-1.315585460441751975e-03
-1.125747726932087517e-03
3.086664205215887500e-03
1.589011661015405372e-03
-1.796959488341041099e-03
3.312122849970331340e-04
5.134777747544465006e-04
-3.344612811221538032e-04
-2.524641978270656967e-04
-4.893001531792983685e-04
1.442297882377250955e-04
7.932504444522159531e-05
6.891469773818381878e-04
4.436797558388682651e-04
-2.204680660391937573e-04
1.631446439922169432e-04
4.709466974762345644e-04
-2.334082555645572541e-04
-1.120625301294640589e-03
-2.020746354472562328e-04
-9.598321399495500852e-04
-1.468485779852005948e-03
9.416474594646429463e-05
-9.223334323051957714e-04
1.782547207151583750e-04
7.690776431974533697e-04
1.041312839158363857e-03
-3.008147262440029205e-04
2.845447258081273230e-04
1.059052267327346481e-04
2.697252850013571600e-04
1.427607806689191257e-04
7.551485423230617036e-05
-7.604078152288274231e-04
1.661984223931434624e-04
-3.811810231256599919e-04
9.640070519899096796e-04
-8.980263025110200425e-04
-2.929036386437125979e-05
-3.693323730807912975e-04
1.480366928325810424e-03
1.139032248175795127e-03
1.523973140442701170e-03
6.646249477956488205e-05
-2.793019243403637732e-04
1.757113341068308640e-05
7.716811190639466089e-04
-9.439612202354036958e-04
4.409791411151274304e-04
-1.737926120267195931e-04
1.587185119393006241e-04
1.765669610930552550e-04
1.498291993623892052e-04
3.237749650800827642e-05
2.306889513866903737e-04
-2.834624011861187269e-04
-3.365619410571618619e-04
2.258230003394219815e-04
-5.157416442927363577e-04
6.461842750748532545e-04
-4.923333835008786947e-04
1.302783209584692115e-03
-5.591512317323164144e-04
2.490947295220773475e-04
8.986384804097257784e-04
6.101417810118216472e-04
2.814875767638480228e-04
5.073395586900921166e-04
3.464222365711126441e-06
-3.431782286636713038e-04
4.444168534678843594e-04
3.565638180745904994e-04
2.345217223559987606e-04
1.146406283501381212e-03
4.366302739416110662e-04
-5.281841838518512881e-04
7.542248012020548497e-04
-1.265239523134377214e-03
-3.857959490367111172e-04
7.665880075370257044e-04
-5.092010145057450539e-04
-3.778243403255821344e-04
7.171897042824010554e-05
1.238310111723037072e-05
-2.732578981471310927e-05
-1.020615325320649107e-04
2.102837497625987867e-04
1.305193848999925766e-04
-3.996817612450897345e-04
3.864548754916761683e-04
3.333774644909846731e-04
-1.086671616883342251e-04
4.267585589400514786e-04
-1.152595003887593554e-03
8.516205358891788249e-04
2.953448823756700416e-06
-9.404014209463156708e-04
-4.597300885817885425e-04
-3.202358357152784328e-04
5.284579363139360782e-04
3.769138159756665256e-04
3.266005305010002491e-04
-1.824513761056012582e-04
3.785000237938805872e-04
4.550865098957598376e-04
-1.028278077631383563e-04
-2.171213934382056770e-04
-4.217123643656528064e-04
-6.784587588209674888e-05
-7.516291931267714071e-05
-2.665082556701660181e-04
1.015346073468850014e-03
-1.144271238123161904e-03
-3.376714942621628275e-04
9.193401424563820215e-04
2.848916930272285476e-04
2.553044983560248302e-04
6.296237762984474530e-04
-2.071432717605900704e-04
-5.412839999427477861e-04
-6.116455977135324936e-04
-6.565641802217448873e-05
1.174688304775615917e-04
-9.849808203342394399e-04
-3.364716941655894553e-04
8.860996743537900410e-05
-1.255627933439653525e-04
1.308370789851483152e-03
-3.385793007681384072e-04
6.540590936376269155e-05
-8.466452763892560280e-04
4.031482049434237597e-04
1.442446297331172926e-04
2.510977458195615846e-04
-3.774593388394199747e-04
5.015821879923763145e-04
-2.136910622840227313e-04
-2.199052207737850527e-04
2.067887246308493970e-05
-2.821536827757732506e-04
-2.180716883620184690e-07
-7.768293685979893286e-05
1.535858304808433565e-04
5.119773766362431430e-05
5.254075452723180672e-05
3.801864934099144565e-05
1.578721567019621521e-04
5.126397748473752092e-05
-2.069414369021328629e-04
-4.279681456824501319e-04
1.636271574272312552e-04
1.644531152953545954e-04
-3.459275609657641798e-04
1.696288683874310919e-04
4.767993274427525727e-04
-1.179035457459151062e-05
3.605795176837720890e-05
3.522532527366525326e-04
-3.007325863212873722e-04
-3.387630231389401544e-04
5.347971256142668004e-05
2.060485581292062799e-04
1.365122777328791313e-04
-7.889400070707634543e-05
1.194696902306237730e-04
-2.676309587781907558e-05
1.392451611353263811e-04
-4.093645435327471232e-05
3.694980104554899947e-05
-5.370461172465438345e-05
1.366102476432013097e-04
2.454098640414364161e-04
-3.653112863435441443e-04
-7.930480989829690385e-05
-7.832741118486524735e-05
-1.638537148289259150e-04
-9.280264908777691862e-05
-1.611247735688157859e-04
5.210322301634218178e-05
-8.352889619865454043e-06
4.603433179796932154e-05
4.813181956280856592e-05
-2.478493025569638219e-04
2.860839939427699046e-04
-8.445345779702640170e-05
2.524952796458228158e-04
7.478611926433126529e-05
4.191491171122441184e-04
-9.330211840105111167e-05
7.655893146939617036e-05
2.136846951745431840e-04
2.124644634234968603e-04
-2.422633168972580104e-06
1.869135185079380600e-04
4.046924162728790216e-05
2.042153186526201279e-04
9.026292047933740252e-05
-8.919163241582930661e-05
-3.235798491603429530e-04
-4.116486669118976953e-04
2.753074627731123369e-04
-4.973446618060270137e-04
-1.413008773296851569e-04
1.973205804206584909e-04
-1.250934054352569036e-04
2.051439604852481368e-04
7.614257573930846256e-06
5.269837306290364444e-05
-1.873345002953453727e-04
1.552748507067562914e-04
6.635602811320944611e-05
2.106488449479057437e-04
2.047612842420278912e-04
