5.186847451423906439e-05
2.332191467367116260e-04
3.284580636837820485e-04
2.339874860568827794e-05
-1.682595443700326155e-04
-8.341641889687835510e-05
-6.303874680983035479e-05
1.136768514400486748e-04
-1.008498132301000511e-04
7.230627638048038662e-05
-1.352105289667940335e-04
3.301207267290044793e-05
-9.343955473822034011e-06
7.098690301673837985e-04
-4.285720690674011063e-04
-8.402091134838556323e-04
-5.064640760418890209e-04
4.436355013133158414e-04
-8.228930714064102954e-04
4.371722869139451251e-04
1.880325791709219416e-03
6.859171235020098062e-04
-1.568183795987305269e-03
-2.988450127122260227e-04
1.008968423903054511e-04
-1.470956152140802007e-04
-3.334472604050896434e-04
-2.401252689994394995e-04
3.517020888309891155e-05
-2.872788018192298505e-04
5.124657261278612967e-05
2.900845998622600397e-04
4.858367793642416697e-05
-9.265637500463884814e-05
4.989495000377579953e-04
-1.613936082629798788e-04
-1.460723726866717186e-04
2.988200643051668113e-04
-2.440408316290323769e-04
-2.048011847815366495e-04
1.279267860166496842e-04
4.790695650809800589e-05
-2.213670995095293160e-04
6.493382503595232155e-04
1.658362056347180641e-04
7.642698287339751454e-04
3.668334312894271348e-04
3.650105584909302367e-04
-2.178387237695022410e-05
-2.797627645982944775e-04
1.230075622092625259e-04
-3.099369325205202297e-05
1.815637204892183451e-04
2.712819135250156772e-04
-2.595354917404367012e-04
5.200871475599880148e-04
3.337078985263283552e-04
6.690515275939591232e-04
6.221342170373530861e-05
-2.057894317420780198e-04
-9.522604915077774240e-04
1.650445051043446763e-03
1.055784991705203783e-03
3.087517659121390081e-04
3.220064019987141086e-04
-3.609540050931608381e-04
-2.334565253950695142e-04
-3.020117133395646422e-04
-1.791144378118876481e-04
1.841037206807704003e-04
1.538777583935719998e-04
4.416966565514663995e-04
-4.458082859495199877e-04
-1.361265792906091220e-03
-1.730913643116018712e-03
5.428884257453029955e-04
3.829872889666223701e-05
9.707426441070216494e-04
-7.017222715959024531e-04
-4.480883201646183650e-04
-4.874305503072210843e-04
3.285178985734626121e-04
-5.235467746931745780e-04
-4.828852152588147969e-04
-3.704853528382902973e-05
5.914881673747017033e-04
-1.119604399124938350e-04
-1.267405618527723383e-04
6.928330126811864083e-05
-1.253300782839150469e-05
5.148000866208120221e-04
-3.663481973185654141e-04
-3.770122424374652598e-04
-1.698902257448225083e-04
9.171613091033015445e-04
1.475704702466350054e-04
3.169021510146053711e-04
4.447914725579107617e-04
-5.574844087698893743e-04
-6.182468457471807606e-04
-3.288843844750181651e-04
-3.370234062151147565e-04
-1.945624461667680666e-04
9.493643240663292044e-05
-3.378215795679376720e-04
3.737435595662961336e-04
7.391347299530100256e-05
1.385679867471344444e-04
2.908991033383703123e-04
1.827364832994882052e-04
-4.759699414809097492e-04
2.146799177649343982e-04
-5.372762864905729612e-04
-1.199511088474290287e-03
8.872716345815378396e-04
1.032849114465951004e-03
1.328842139404482533e-03
-9.247574531649081688e-04
1.039718753299916879e-04
-2.411093537746535726e-04
2.121844511485804078e-04
-3.564294732746144979e-04
1.709646865416373813e-04
6.977947191949868838e-05
7.936825463380788438e-05
2.748508498716507352e-05
-2.323737698881385579e-04
2.061417611859166427e-04
-1.226492044823047000e-03
7.711057759339748525e-04
-7.499870620654716050e-04
1.737430051654866026e-04
-1.161234180150973920e-03
-1.770521776228197982e-04
4.722110142398982103e-04
1.535743209102336145e-03
-5.939170965610109359e-04
2.221987088805531913e-04
1.555206754188014290e-03
-1.347679024274496540e-03
-1.567880851472813926e-03
1.187644877901299035e-03
-1.098212190910465708e-03
1.440529890408113903e-04
1.177107542066893478e-03
3.639324753015702623e-04
-2.131125932706378050e-04
-9.998333270084839783e-04
1.393889187131390614e-03
1.313381581188866585e-04
2.151247431657008977e-03
1.060585124837776141e-03
7.475564809721470076e-04
6.604522745668372141e-04
-2.496061167056793902e-04
3.827467181328067991e-04
-1.000446218624976598e-04
5.223595785096073153e-04
-6.833343214056872891e-04
-1.390396383981655840e-04
-7.116259263442271466e-04
-4.235702232044405110e-04
-1.685675096970236505e-03
1.959031277045580454e-03
-3.084089723733392154e-03
9.217862100577097384e-05
-1.772959166562955435e-03
1.571395595752500237e-03
3.871070017007746992e-04
-6.000915568541659393e-04
5.710609736638335571e-04
-4.364539346208395464e-04
5.111901325502474604e-05
5.601318787875473508e-04
-1.917831744887202425e-04
-3.653670674024048519e-04
-9.914307178784408960e-04
5.984033284735187398e-04
4.460432771507880220e-04
3.606295318562339596e-05
2.253883079958723815e-04
-6.473378512917164263e-05
1.435465737224551072e-04
3.201377254947683883e-04
1.108639151356964148e-04
-1.502630158643440531e-04
1.777390919761885472e-04
1.570842127535389233e-04
9.942700569103754798e-05
-9.310568091680591473e-05
4.072639112013066353e-05
-2.860876132923342624e-04
-4.465812269011179970e-04
-3.163974659449532477e-04
-2.311469748667710071e-05
3.060230526000688798e-04
-2.496906909784715463e-04
-4.773411999298006838e-04
3.044038308221340509e-05
-6.680731862936524525e-06
-1.999779845038555275e-04
-2.445984041020027875e-04
-3.605541183217722653e-04
1.940918202478524913e-04
5.352801605176732208e-04
-2.322382026177203531e-04
-2.095633812262025285e-04
-4.686165318646502362e-05
-5.442142600974408766e-04
-8.116879966581017070e-04
6.633744274502541153e-04
1.109792621989404929e-03
-8.728830653481687955e-04
-2.980140799986658235e-04
1.080114518237478423e-04
-2.509961331467131174e-05
-1.577171977532774386e-04
4.468757736994247382e-04
-1.668227903614928154e-04
-9.327144112192431609e-05
1.254054736249715814e-04
-6.889556526252733416e-05
7.403656287530409790e-06
1.104381496170892549e-04
2.945409514683764536e-04
-9.583615378241104642e-04
5.303895217672154050e-04
6.178122914760592987e-05
-3.443993743855175221e-05
-1.871257310138662558e-04
-1.034524773546709262e-04
-7.320421178447520999e-05
2.656791237061189182e-04
-3.238747853254253864e-04
3.834354824345741729e-04
-3.961118256980124481e-04
-1.282186508518037512e-04
-2.856383896460027512e-04
2.252976233248453334e-04
-2.060447929713876171e-04
-4.252427213596978649e-05
-2.755703004801086692e-04
-1.949247871688356168e-06
1.368967681596108561e-04
6.811122505660442792e-05
5.836730065146852149e-04
-2.939494995455770509e-04
1.656328419917745909e-04
2.342820376426563726e-06
-5.962017068841981822e-04
1.591857936567996025e-03
1.955440226532539981e-04
8.575730964056209370e-04
5.502643921946676406e-05
-1.505817874429684158e-04
-1.018775152523124965e-04
1.341913703518950423e-04
-1.410859864854404223e-04
-8.686500791365867687e-05
6.649087464644726426e-05
1.594327301713681529e-04
-2.366442451393276666e-04
1.727242419509720020e-04
-2.554394094152520178e-04
3.275852692417340799e-04
-2.794932256234588898e-05
-1.268877488559927934e-04
1.954025173255238466e-04
1.813533528232583853e-04
2.536143257093529226e-04
7.124065300931316713e-04
-2.148559345756894225e-04
3.348226677493667332e-04
6.296171175089675489e-05
-3.367740531822176068e-04
1.958777307279028644e-04
-3.262643337914222287e-04
1.493725036329123033e-04
4.379666202931397972e-04
2.730600847711233260e-04
2.904770837187465525e-05
-1.945545768593173069e-04
-6.899748439138233625e-04
8.642586852115613104e-05
1.011142021065117508e-04
1.036275363907676692e-03
2.769764297888495418e-04
-1.193817807898106716e-03
8.323123721207198271e-05
-2.830473664692264137e-04
-3.436334194612615501e-04
-1.025900472094230895e-04
-2.966104742279213578e-04
-2.649434861250750503e-04
-1.145440499140110006e-04
2.782741980290915100e-04
1.944110703794770325e-04
-1.360156817378731762e-04
6.611850123527868498e-05
2.638227041506941697e-04
-2.106160553852168298e-05
-1.307651074464803145e-04
2.383859723340074469e-04
-6.673719197899033039e-05
-7.195587311194561527e-05
9.058755799899824966e-05
-1.384135882016282915e-04
1.425788914722206444e-04
-7.107904296499114498e-05
-3.102773682801545794e-05
-1.134674088039265452e-04
1.709984774577502756e-05
3.505830051775975416e-05
-1.623375759314535437e-05
4.346943315090458232e-05
-1.777891942029251728e-04
-8.197193289318160329e-04
-1.765408823264863611e-03
2.264430373679969077e-04
2.018292429906783312e-07
6.143478536128221422e-05
1.503826613467820913e-04
-5.225049468732857896e-05
1.157796887048149288e-04
-1.860991280247491355e-05
-6.012930407425746558e-05
9.465769415513544324e-05
-1.377963480172249083e-04
-1.698474935743120252e-04
3.598791639260577336e-05
-2.858027634795003635e-04
-4.144845131527170802e-05
1.563355683392089876e-04
2.036572622509054994e-04
1.068773383841613355e-04
-5.135833382946991847e-04
-1.896438288125614424e-04
1.952123682473420711e-04
-8.282145412336434833e-04
-1.631732693768157393e-04
1.507107709172878559e-03
-8.307994137304797926e-04
3.761340282389146524e-04
-2.937542120543460810e-05
3.055678789644683313e-05
-1.718196541783012672e-04
2.243767664089185688e-04
-9.086410176506286426e-05
4.933810344520304057e-04
-4.251337268009301599e-04
-1.500963320479215283e-05
-6.977722952196001088e-05
-1.790591404529250823e-04
-4.901526009005247248e-05
2.029232661113752943e-04
-3.178789831108476481e-05
1.580096437827695503e-04
-8.731951875588446260e-05
1.281010103466600103e-04
-4.320964388110990883e-04
-6.216314812943295708e-04
2.481497511657887217e-04
-2.203665145028122050e-04
6.202423355215324480e-06
-2.045878797621723442e-04
4.513063732710075195e-05
1.161745288752183891e-04
1.411697615785208854e-04
-1.396150567554143304e-04
1.864165536380550366e-04
1.568437175206588983e-04
9.423200844852159123e-06
1.104387599991678894e-04
4.770088095807730366e-04
1.129985378467226624e-04
1.311856470018457068e-04
-8.785338451250627317e-04
7.305271598984328400e-04
2.121461694620431238e-05
4.194651034237837750e-05
-3.677320708010533971e-04
1.602429890365050400e-04
2.881763206547947225e-04
-1.456079437238013796e-04
-2.468961513835935158e-04
1.735195642038582107e-04
8.145966656414999323e-05
2.513795792021873986e-05
6.493476590265693073e-04
-6.335568499432025060e-05
-3.616238066584875552e-04
1.270042636878692614e-04
-8.485552360294388013e-04
-7.897401500980507803e-04
4.303998518156494668e-04
8.686336697795984582e-05
1.409220880710001763e-04
1.190626065727583093e-04
-2.790132846136608117e-04
1.891121094583668373e-04
1.878816082840789015e-05
-1.153225400182067922e-04
7.295670060455143526e-05
