-1.218545553700273315e-01
-1.194442733290661529e-01
-1.169953865336692406e-01
-1.151330557414666361e-01
-1.131137674462448506e-01
-1.116008985959104638e-01
-1.105065555894931967e-01
-1.089653097270248533e-01
-1.087279280323120711e-01
-1.063088773313729390e-01
-1.036357487714757303e-01
-1.022819755327350061e-01
-1.006661379749627105e-01
-9.963241118717247602e-02
-9.909984315956171796e-02
-9.697754616239495640e-02
-9.657853591349015165e-02
-9.431210156025790492e-02
-9.324503622020417770e-02
-9.315283039730774817e-02
-9.193773081411796277e-02
-9.041477788804061499e-02
-9.012990243626617382e-02
-8.838694237123398412e-02
-8.782365726708096787e-02
-8.470511043793874095e-02
-8.358237929208253703e-02
-8.281119083553785398e-02
-8.195487268368362166e-02
-8.182988401016122459e-02
-8.062498479435162291e-02
-8.017528751029595613e-02
-7.772050215965556341e-02
-7.747631928887292740e-02
-7.670665123699971222e-02
-7.504412214139709325e-02
-7.432173321095161822e-02
-7.413094937952530161e-02
-7.243291085138582608e-02
-7.183535062821866379e-02
-7.102066845781539184e-02
-6.900015689397591412e-02
-6.724914555744479494e-02
-6.685016527723278146e-02
-6.550585422434625216e-02
-6.516874687569124136e-02
-6.419336040477209571e-02
-6.337865574506564015e-02
-6.316440294977945791e-02
-6.197733878849204237e-02
-6.073071671576043412e-02
-6.072873870318677703e-02
-5.980043634054171137e-02
-5.857508799969759344e-02
-5.808221560624989704e-02
-5.692780426249530179e-02
-5.597902452806273466e-02
-5.550816125516884469e-02
-5.498428732694009280e-02
-5.450299791780181813e-02
-5.317561509203936471e-02
-5.171471005679676575e-02
-5.082772784940745026e-02
-5.044771293932947404e-02
-5.021889177418630695e-02
-4.931049143740923180e-02
-4.902932085798637069e-02
-4.767858706470263358e-02
-4.683429846950259989e-02
-4.563903659980599048e-02
-4.491946250400921659e-02
-4.454954434545084496e-02
-4.368269554470788352e-02
-4.254146364236618960e-02
-4.157564017255495348e-02
-4.055826616652949412e-02
-4.049092720611272012e-02
-3.920244943264480225e-02
-3.856885445970636983e-02
-3.814295785713149589e-02
-3.717236775366526691e-02
-3.666683581171326090e-02
-3.641578685884405003e-02
-3.531388466509311624e-02
-3.461723337850353827e-02
-3.376969236414437137e-02
-3.315553969936796408e-02
-3.211826736138329724e-02
-3.170476353917429241e-02
-3.006502544876848634e-02
-2.962440356893667262e-02
-2.913675009875351177e-02
-2.813027331577032039e-02
-2.695726140290269704e-02
-2.574136076434521345e-02
-2.523107493456677036e-02
-2.392408718373168278e-02
-2.257623708023471371e-02
-2.246258224309855694e-02
-2.158280966444701618e-02
-2.097618810500581285e-02
-2.014255508265655817e-02
-1.983826309332668847e-02
-1.834096927930200724e-02
-1.767754574755240823e-02
-1.707408204945793165e-02
-1.636194060526370564e-02
-1.565619938010942222e-02
-1.509153627377087664e-02
-1.425167181127864890e-02
-1.414092099305494510e-02
-1.290863414007302132e-02
-1.238529195549036184e-02
-1.167176736717791610e-02
-1.131648005300328608e-02
-9.905941649127949014e-03
-9.503946588892732417e-03
-8.027249213535160230e-03
-7.253839335652487348e-03
-6.799603603894179872e-03
-5.531684017839435044e-03
-4.416373421471771893e-03
-3.999737753587801273e-03
-3.528029818781593108e-03
-3.106764684041238723e-03
-1.704011409488129887e-03
-1.213531400848578837e-03
-4.617896623094894714e-04
5.530967198631207100e-04
9.459555735344505690e-04
1.949827637725760551e-03
2.624058173050466611e-03
3.353395882490321171e-03
4.277950498678733705e-03
5.196896096428431540e-03
5.806827663604512135e-03
6.324873485537474763e-03
6.877689817375774901e-03
8.031531239726743404e-03
8.366569226033935408e-03
9.153594252525210084e-03
9.459177622618991990e-03
9.806240554202054829e-03
1.101348201084156701e-02
1.148231724652980061e-02
1.230685416657816694e-02
1.312938446279879497e-02
1.412461097409139013e-02
1.509150447234613654e-02
1.554605594110820832e-02
1.656979970916958381e-02
1.728276343774342444e-02
1.781870548229993675e-02
1.940802457382722127e-02
2.031768032791027995e-02
2.088953588251250826e-02
2.151295811373348660e-02
2.242019266628723223e-02
2.380845915744590063e-02
2.396145778347851321e-02
2.455155385554298741e-02
2.471459032977691567e-02
2.638693924817217193e-02
2.702409190668925501e-02
2.715391782126523254e-02
2.909577923822427581e-02
3.009777464742855596e-02
3.060885585768515285e-02
3.124007767064446162e-02
3.203444708472330538e-02
3.216773835209923299e-02
3.257668517018642157e-02
3.424213642446999328e-02
3.500604457396686020e-02
3.586237704844214697e-02
3.651914995865680053e-02
3.741810605631563230e-02
3.823717757140820267e-02
3.907282181291441003e-02
3.950726063853558789e-02
4.004540817684040799e-02
4.111491698994872157e-02
4.211678860193777962e-02
4.251259227672261887e-02
4.310524640343393887e-02
4.470652447545210573e-02
4.520223018656217839e-02
4.562785286089595521e-02
4.649966349027697537e-02
4.803629451084361068e-02
4.925771266397217102e-02
4.964761040242242351e-02
5.031350134719807243e-02
5.101705993088617025e-02
5.212181590228400635e-02
5.319936702214973778e-02
5.381522906610656382e-02
5.441531972482202550e-02
5.552215491057579944e-02
5.745787551338988469e-02
5.894714669050912098e-02
5.981702877287078945e-02
6.010071352192140892e-02
6.150605793278428324e-02
6.175772787600273400e-02
6.216226663254923596e-02
6.322261989647565139e-02
6.402479897822502264e-02
6.452477381777850518e-02
6.556477022596869653e-02
6.755455386176957566e-02
6.802703734482416775e-02
6.878314251966279047e-02
7.001336151657033824e-02
7.013772820232236360e-02
7.135191577814643804e-02
7.263134377588216506e-02
7.363035192270904472e-02
7.422966270961563195e-02
7.518294528148261602e-02
7.716348684080179265e-02
7.748390868704488343e-02
7.860289011542131998e-02
7.915415041644473237e-02
7.965509456824751422e-02
8.132642301856672640e-02
8.203172687588476675e-02
8.363799358986667709e-02
8.386658484392189861e-02
8.534059873458246792e-02
8.644134570007296070e-02
8.798703437106018821e-02
8.842319581481132562e-02
8.948546178163167830e-02
9.026851480329609045e-02
9.239357311311328924e-02
9.293929906549915076e-02
9.320424604734602048e-02
9.567235023689919793e-02
9.646202456287458760e-02
9.681515863100650932e-02
9.823677150306255046e-02
9.959703550884438372e-02
9.990467217910711795e-02
1.016231359777530485e-01
1.024760386350097585e-01
1.042677411605890669e-01
1.063929485063152824e-01
1.089821180117511029e-01
1.100045802611726853e-01
1.111644605394692259e-01
1.132206718985586946e-01
1.179592897621591085e-01
1.199927013892473637e-01
1.205572020057264493e-01
1.237989017590919449e-01
