-1.233070029851742744e-01
-1.184385568884158690e-01
-1.153029782768452000e-01
-1.144195293488326909e-01
-1.137253301846259806e-01
-1.114723333424307156e-01
-1.096567743074221835e-01
-1.078240635724889013e-01
-1.059291114993652499e-01
-1.046328845449808614e-01
-1.029191263550194302e-01
-1.027700769573423739e-01
-9.961082730030036692e-02
-9.945701249137514632e-02
-9.867818099115768793e-02
-9.736136771200193385e-02
-9.534461712304709291e-02
-9.468466017993075468e-02
-9.278354402355937225e-02
-9.166007416590699064e-02
-9.074953681499198233e-02
-9.048495589895579061e-02
-8.815585884349043388e-02
-8.719765556269576390e-02
-8.682796635594776380e-02
-8.630087455881335634e-02
-8.452027877147573476e-02
-8.421085244825506078e-02
-8.269630006700534608e-02
-8.160656082213216256e-02
-8.010177632024929884e-02
-7.937632919237486151e-02
-7.866097229841176319e-02
-7.678887167094519683e-02
-7.655506835882561201e-02
-7.525652220349399180e-02
-7.453031853190347777e-02
-7.331381707498958733e-02
-7.232595253538991187e-02
-7.154416823275557002e-02
-7.060189010468383153e-02
-7.024337057034892029e-02
-6.986574166331931124e-02
-6.895554319024709000e-02
-6.788915647058856029e-02
-6.702620443599646705e-02
-6.645248948290828628e-02
-6.528109770213276486e-02
-6.443627435256481240e-02
-6.321065406587447755e-02
-6.252699724117222191e-02
-6.190784477811751146e-02
-6.020264419183127269e-02
-5.969191675929712976e-02
-5.932581331571434163e-02
-5.865235700748579195e-02
-5.805084845983753128e-02
-5.678345548568224099e-02
-5.607525324034322994e-02
-5.543701093751476905e-02
-5.519728503498291111e-02
-5.417519474332249674e-02
-5.224026484846636120e-02
-5.104579603959511630e-02
-5.077988924654570219e-02
-4.956011580965502539e-02
-4.905562805415714100e-02
-4.736266323671849132e-02
-4.633918371733440622e-02
-4.578966771409895276e-02
-4.529216930330266788e-02
-4.392973843872081952e-02
-4.329126390657558193e-02
-4.260233406868414729e-02
-4.162084584394083742e-02
-4.151306548121311973e-02
-4.058378047041084902e-02
-3.992692433318405926e-02
-3.845579153838166175e-02
-3.818752831795300950e-02
-3.758803099053294877e-02
-3.619923511471649646e-02
-3.542174828040185741e-02
-3.475131302681495893e-02
-3.404634367985023835e-02
-3.325989880291897738e-02
-3.266617020143581379e-02
-3.154821387004665828e-02
-3.060645546420973084e-02
-3.002228383825278693e-02
-2.932231562401360972e-02
-2.785336548904243995e-02
-2.720790518639286046e-02
-2.710425205790564784e-02
-2.613920467678487042e-02
-2.558280195860433703e-02
-2.461550551280646329e-02
-2.366701145694547967e-02
-2.279229696689692025e-02
-2.206049475885391020e-02
-2.180278226192315649e-02
-2.067544524119206348e-02
-2.008191011839277618e-02
-1.915132090516884558e-02
-1.860716574547600227e-02
-1.712789670125676803e-02
-1.625128794973830157e-02
-1.527224436015897288e-02
-1.419586262368370023e-02
-1.399715197205834288e-02
-1.270761065065393464e-02
-1.211998178868816702e-02
-1.130053190811958728e-02
-1.064906131667370942e-02
-1.043601068293153328e-02
-1.003050401732249325e-02
-9.706940375947378102e-03
-9.310269835809355243e-03
-8.315569064799892968e-03
-7.157012300095763266e-03
-6.692960456350660788e-03
-5.010095547701136180e-03
-3.910073606588116563e-03
-3.843213310149020887e-03
-1.836391551591320948e-03
-1.101959402604265909e-03
-5.081533381062286817e-04
4.040541909327838971e-04
4.607766410556506553e-04
2.065435578758990833e-03
2.219541320719820715e-03
3.628545602531119563e-03
3.998983583929251531e-03
4.584649772202799636e-03
6.012192243272638549e-03
6.274250762360167495e-03
7.459211325377755435e-03
7.874786302819567971e-03
8.217097465840660780e-03
8.415330757054296368e-03
9.193018144587134649e-03
9.676754770588184493e-03
9.992605596385300409e-03
1.125720789382572001e-02
1.231523197634448209e-02
1.272097562279173553e-02
1.405010644527786463e-02
1.458075421702799759e-02
1.549723987345060991e-02
1.583407065951799447e-02
1.676944003190733445e-02
1.771913775644179054e-02
1.931497018935693366e-02
1.983231778653777103e-02
2.005750493473894627e-02
2.068646102628122346e-02
2.180439467534022943e-02
2.258653755537971472e-02
2.405984279013563543e-02
2.451385937585615765e-02
2.534437622056043282e-02
2.574511446423671107e-02
2.716765759708455324e-02
2.743754027422532285e-02
2.806473722815948021e-02
2.877957629381816193e-02
2.951821105005641988e-02
3.106725812159914432e-02
3.189238351359910406e-02
3.252839560053079337e-02
3.319276730534391484e-02
3.412679735944849219e-02
3.480256625939166792e-02
3.537936847397639417e-02
3.555286448325326726e-02
3.713494555436318983e-02
3.737960670934801360e-02
3.910063784322680841e-02
4.032385478971640264e-02
4.047466514245919023e-02
4.080916093858361765e-02
4.182054080840818394e-02
4.223940026011707011e-02
4.325684148654742461e-02
4.428394352366918363e-02
4.461541810686618648e-02
4.538492153338663515e-02
4.566509489362045870e-02
4.699203641868777981e-02
4.779049652850659441e-02
4.931807898274443575e-02
4.953411613243232509e-02
5.068976962022099519e-02
5.098749763363456811e-02
5.269748574823868853e-02
5.333877309315767506e-02
5.422093420245019391e-02
5.447168740198907178e-02
5.639978145140087107e-02
5.687760644315983938e-02
5.775286408601258692e-02
5.811657053273417556e-02
5.946579650884268459e-02
6.049192724765552892e-02
6.081746402755824898e-02
6.233893649597409270e-02
6.275697667531587864e-02
6.405623038331170749e-02
6.452491833139795130e-02
6.496370008989282852e-02
6.745851883863640541e-02
6.827053383742495707e-02
6.890224318451197705e-02
6.918394981350062256e-02
7.052032593056092868e-02
7.112096271543617843e-02
7.303532040818520865e-02
7.401912557458159569e-02
7.476667100981829184e-02
7.492231785455945314e-02
7.567564584045882725e-02
7.638036239486560575e-02
7.748246736885273933e-02
7.881820163431739468e-02
8.005681594349473018e-02
8.123610966009039980e-02
8.231540345686624849e-02
8.330982801764265366e-02
8.353419340724353714e-02
8.513460066769687473e-02
8.530249415873880636e-02
8.753145978683461725e-02
8.853769610524206413e-02
9.001148375137256463e-02
9.087974020576485013e-02
9.159115570040840537e-02
9.302689019163806750e-02
9.408921504262825197e-02
9.482910963963095408e-02
9.678702282945046698e-02
9.706906603498237363e-02
9.794748621952099887e-02
9.917929734156478994e-02
1.007116490941622755e-01
1.040430699014270322e-01
1.053761355512774084e-01
1.058598044036595243e-01
1.071135068575057164e-01
1.080719462839286604e-01
1.098391541583475378e-01
1.109172499452697330e-01
1.128977670684608026e-01
1.148938163222109898e-01
1.154942322507482577e-01
1.185787044476493829e-01
1.225103048161254315e-01
