-1.231838704226897868e-01
-1.224288680338036783e-01
-1.180460931908400429e-01
-1.152122058449424336e-01
-1.145536576652544103e-01
-1.109428730270579366e-01
-1.091580740219367240e-01
-1.085427606952082957e-01
-1.073799658411266761e-01
-1.049666472834099584e-01
-1.037246869222216566e-01
-1.021912686586370633e-01
-1.006018096715884241e-01
-9.899691508416358365e-02
-9.827148965747214970e-02
-9.749759510793400141e-02
-9.627525791970993618e-02
-9.497527262045224461e-02
-9.345538293495093962e-02
-9.254515428941645361e-02
-9.107108022991627916e-02
-9.061407318838510250e-02
-8.991152064934229693e-02
-8.858925367629337522e-02
-8.691932318197102825e-02
-8.626440204543497914e-02
-8.439116294090039105e-02
-8.405814237174000225e-02
-8.233270548793997223e-02
-8.108999467509690751e-02
-8.099583350730828191e-02
-8.030964473026656891e-02
-8.008039484350829018e-02
-7.793503508922527967e-02
-7.725091955301501001e-02
-7.628415105799528362e-02
-7.510254737431396044e-02
-7.466939379077212890e-02
-7.355091452603181035e-02
-7.187772642290447822e-02
-6.985097328648666448e-02
-6.961834634037858405e-02
-6.863201871073809635e-02
-6.829485000676292772e-02
-6.716890876298933777e-02
-6.566397713883709297e-02
-6.524408623961810982e-02
-6.422503892645006762e-02
-6.406366583954602179e-02
-6.254952376594037633e-02
-6.198433088428709214e-02
-6.095506120691056989e-02
-6.010070347215241970e-02
-6.003625394459893849e-02
-5.849820500129216533e-02
-5.718016541852273538e-02
-5.692426463794923730e-02
-5.561904599315034559e-02
-5.505590640354880716e-02
-5.471735999666698519e-02
-5.309189042856647667e-02
-5.254000187221514323e-02
-5.093996316649101325e-02
-5.011034319138496507e-02
-4.953822145105462454e-02
-4.842924711965851392e-02
-4.677843594222810819e-02
-4.575049758807554073e-02
-4.496620501454431929e-02
-4.458799986718207931e-02
-4.416010375347727973e-02
-4.300806078649891534e-02
-4.176318336788910346e-02
-4.100979360729292006e-02
-4.059494203856750527e-02
-3.984998791517717354e-02
-3.956241990754708754e-02
-3.906884557171432654e-02
-3.807060690942607600e-02
-3.710754938684065335e-02
-3.571360960312534166e-02
-3.531721612817478873e-02
-3.423772270643352100e-02
-3.359464060389863449e-02
-3.327834884735757226e-02
-3.202212942996488648e-02
-3.159889389338966376e-02
-3.127934326434533147e-02
-3.045329522549383369e-02
-2.878556530733900748e-02
-2.825230965524585386e-02
-2.776988597158366184e-02
-2.708782985563835261e-02
-2.658152277519021389e-02
-2.531706128562508790e-02
-2.436964328389313802e-02
-2.406781812064887061e-02
-2.321992080073194756e-02
-2.254665087399026352e-02
-2.193412852458519538e-02
-2.110431850504695950e-02
-2.101612425493242994e-02
-1.979081341991914197e-02
-1.929704064520445031e-02
-1.823582469620672886e-02
-1.724309122034309305e-02
-1.610757528152783127e-02
-1.516572311093942506e-02
-1.428849270106088455e-02
-1.335447763679174435e-02
-1.239260761321117794e-02
-1.162247639409858847e-02
-1.094393177885360710e-02
-1.064580372706960126e-02
-1.018318837007555627e-02
-9.116083419667846133e-03
-8.210533224708381136e-03
-8.098140824548544225e-03
-7.005937803353318172e-03
-5.989098560483336817e-03
-5.644154060492147067e-03
-5.405459995706355519e-03
-4.686830009918815237e-03
-3.820900309579804404e-03
-2.703361666077564243e-03
-2.560720290388961411e-03
-1.948830527995499239e-03
-1.383503691381240573e-03
-2.251404759040581888e-04
4.262110982346513865e-04
1.687947211260811551e-03
2.595776273720061100e-03
3.091032850648953254e-03
3.430106848433967653e-03
3.810090165528708279e-03
4.607683720099760641e-03
4.810429999790690955e-03
5.576173969593208046e-03
6.805419698995421492e-03
7.226035811220142720e-03
8.297145944646392920e-03
8.539139883074479270e-03
9.718856992073034509e-03
1.067621655272798890e-02
1.121694414641459699e-02
1.175840022075994203e-02
1.219050241517164075e-02
1.333247114903888218e-02
1.400016868573852533e-02
1.507256640875447723e-02
1.527270983952272801e-02
1.698232677446673278e-02
1.714899253674515706e-02
1.767194561382558551e-02
1.867398792813014866e-02
2.016947455000451389e-02
2.082533756561721558e-02
2.174004026914930221e-02
2.254079468512874135e-02
2.360592825378716314e-02
2.422790138051322123e-02
2.596706369494442002e-02
2.665749872866183742e-02
2.713568672635647758e-02
2.796336161225722663e-02
2.873043701274778650e-02
2.938442053610839516e-02
2.984565831661063762e-02
3.055838337204897989e-02
3.166014918470184264e-02
3.250228462682573649e-02
3.265771942264775185e-02
3.356834955649706798e-02
3.420618168085424321e-02
3.545749209478978037e-02
3.642911087862095443e-02
3.701503494826716839e-02
3.765837305713042732e-02
3.843670909889771586e-02
3.962178122637458055e-02
4.119260054278144068e-02
4.171763490347537434e-02
4.239125597954349761e-02
4.292405504495004631e-02
4.461131636380075843e-02
4.522480305416984314e-02
4.611025971294235859e-02
4.738217629723723984e-02
4.780518296960763885e-02
4.880391151703528801e-02
4.969614797435923520e-02
5.101441306787156404e-02
5.151657085822649446e-02
5.226194606749545030e-02
5.270476226255243341e-02
5.382436368343261612e-02
5.456867662282096493e-02
5.476358524911192904e-02
5.547298869153789030e-02
5.787342585433960518e-02
5.874741887491510828e-02
5.916763109693246037e-02
5.975402842769077238e-02
6.056387261054654164e-02
6.154855246693272108e-02
6.271467227791735488e-02
6.334895457921821404e-02
6.429824065013446666e-02
6.538311512175340456e-02
6.632745998173589230e-02
6.647235915053838207e-02
6.797571115695325017e-02
6.902866754888968559e-02
6.935104141629334917e-02
7.117834594526366299e-02
7.125144804296738854e-02
7.209707011749183492e-02
7.367597982700101189e-02
7.433634414447228000e-02
7.553705407216480816e-02
7.698259208810682985e-02
7.820944765427295664e-02
7.833609439414240816e-02
7.920259406435685434e-02
8.035935106538928674e-02
8.131803995336228663e-02
8.194158992733027724e-02
8.372169296438514152e-02
8.409620047467064596e-02
8.473798486253569795e-02
8.609348098890416690e-02
8.724030865746500163e-02
8.775055388029080750e-02
8.879488218902413521e-02
8.972425289703352125e-02
9.099677063953628964e-02
9.172214267090364470e-02
9.290246936455281990e-02
9.387521114955946211e-02
9.692573846332276644e-02
9.745607498300531968e-02
9.782846940882848619e-02
9.918059330071657409e-02
1.007922555013679722e-01
1.017271658800436157e-01
1.049052226183619374e-01
1.057642754668121077e-01
1.063039349634167380e-01
1.079824889096815121e-01
1.099093186112659881e-01
1.122507616409693237e-01
1.137137317380115531e-01
1.165206002677565134e-01
1.175428499673658450e-01
1.209428523396180455e-01
1.236222800783479542e-01
