-1.227498048129968961e-01
-1.193221516241036867e-01
-1.173487626881165174e-01
-1.139181661918984012e-01
-1.132807235581690108e-01
-1.123757982676535372e-01
-1.106241974134807432e-01
-1.073088347522135749e-01
-1.068157104140975838e-01
-1.064078020234687783e-01
-1.036804375382844867e-01
-1.029422828116996064e-01
-1.018600674472096707e-01
-1.005278015681582149e-01
-9.899434180715790954e-02
-9.828448111248536123e-02
-9.740926399980548434e-02
-9.620022052901679166e-02
-9.504260635363212528e-02
-9.216850777450330545e-02
-9.131759779379691744e-02
-8.970899357178951927e-02
-8.905871718648264435e-02
-8.785141215478320387e-02
-8.694321856289861927e-02
-8.596506464501577072e-02
-8.489372073873860391e-02
-8.372232685916100592e-02
-8.225103962337881880e-02
-8.154276735466532700e-02
-8.101920350003960491e-02
-7.984654263780686934e-02
-7.894710489055102587e-02
-7.771792374659700076e-02
-7.620559217306080435e-02
-7.588767621143374664e-02
-7.507625069910869864e-02
-7.426058181498264299e-02
-7.341591873640594679e-02
-7.297557275932037291e-02
-7.158334499547798491e-02
-7.093502088653443061e-02
-6.950970799855687998e-02
-6.892369064810884016e-02
-6.890415364535326659e-02
-6.792738742401097096e-02
-6.694888012656281806e-02
-6.646220846113272407e-02
-6.400735342311067444e-02
-6.317963070355286925e-02
-6.277184407910604835e-02
-6.176480024746369007e-02
-6.120420382579550012e-02
-5.909553320355277056e-02
-5.855225397848515950e-02
-5.724990915851565360e-02
-5.605946650658782948e-02
-5.547507131236368433e-02
-5.494095994151360074e-02
-5.416547689464946275e-02
-5.352533083066775277e-02
-5.208439449034536761e-02
-5.079793122535859046e-02
-5.032355678329193671e-02
-4.949578960401237321e-02
-4.834481927113312011e-02
-4.757374502323617055e-02
-4.678249440593647279e-02
-4.614531423599039367e-02
-4.547049333710283942e-02
-4.414358021720056480e-02
-4.284941739817827583e-02
-4.200160247509840405e-02
-4.159677056096364178e-02
-4.091644063153925676e-02
-4.045098971770849650e-02
-3.960250428247567150e-02
-3.935654166481335203e-02
-3.805061461262680689e-02
-3.716818834674098793e-02
-3.516861437139661567e-02
-3.503750563567648024e-02
-3.408768241365363327e-02
-3.357390071665461440e-02
-3.326049757974249704e-02
-3.204245852611934536e-02
-3.136067675811653188e-02
-3.095452961744011092e-02
-2.958806581689720980e-02
-2.908657919898374397e-02
-2.861712465313001261e-02
-2.750532895926966620e-02
-2.707232485117586421e-02
-2.591635407654909254e-02
-2.506816745186748324e-02
-2.457257694324994912e-02
-2.416071084980095374e-02
-2.319473246007524789e-02
-2.237588798034001458e-02
-2.154257286903803192e-02
-2.071534748858313776e-02
-2.048183298100893571e-02
-1.862950428292813390e-02
-1.813432180141098110e-02
-1.717889799165563461e-02
-1.698179920938731879e-02
-1.623579717561174363e-02
-1.570833991027294901e-02
-1.443155035213563447e-02
-1.287968988582373006e-02
-1.261194430266964622e-02
-1.212410169939214834e-02
-1.173263313102786490e-02
-1.040019004939567865e-02
-1.025383087690883918e-02
-9.992127076446085526e-03
-9.369074690087984825e-03
-7.647452751919794553e-03
-7.063740724886889005e-03
-6.306432072581837946e-03
-5.541682046698361355e-03
-4.996596202250845262e-03
-4.807508758541937863e-03
-4.284656179516327552e-03
-2.985423216539229759e-03
-2.250094041123320687e-03
-1.495313315444294234e-03
-8.365991611814278415e-04
4.753823551503253233e-04
1.001378179805711153e-03
1.769457630081967391e-03
1.910678258922063983e-03
3.048596077491661730e-03
3.334433589230336326e-03
4.180890865553885116e-03
5.105672873695443585e-03
6.141873736888543191e-03
6.726144817895652120e-03
8.395823683914090466e-03
8.908855899232412737e-03
9.748645370636693439e-03
9.995893935358319063e-03
1.042906977124044392e-02
1.129857064535924084e-02
1.261956644210361460e-02
1.367130691995318420e-02
1.415149607207441367e-02
1.460155927000543821e-02
1.496482507410139100e-02
1.579452617701513836e-02
1.699384928343088477e-02
1.764458505266110894e-02
1.959886097101961808e-02
1.988657840405511079e-02
2.052768087345155021e-02
2.141021008496894404e-02
2.164784839160617189e-02
2.249020449985787706e-02
2.286024509579425920e-02
2.346528963598643047e-02
2.403206168527568035e-02
2.560602927620038091e-02
2.641022371564463386e-02
2.667177322616109611e-02
2.772393760825950931e-02
2.870290551468833440e-02
2.916401427714557237e-02
2.961997056591960525e-02
3.036528044874946958e-02
3.155949846728881014e-02
3.225997024433864546e-02
3.337549749487365297e-02
3.378913546480353386e-02
3.471818515292243029e-02
3.496396151925080381e-02
3.576190127314744782e-02
3.714151905223524175e-02
3.805751146165285703e-02
3.892024622429130637e-02
3.969276415901928923e-02
4.051389517648258665e-02
4.106261806452410346e-02
4.201882182038413349e-02
4.282933400563642551e-02
4.344810471549215292e-02
4.512592848110061339e-02
4.560775496519729744e-02
4.678769534324306312e-02
4.822054177285811649e-02
4.844044114812089824e-02
4.919236489688594977e-02
5.017006722479108033e-02
5.130849102912424242e-02
5.146155322456093251e-02
5.193563119271688011e-02
5.345383836140296663e-02
5.456687833429973988e-02
5.547715661996051317e-02
5.651044332456064967e-02
5.715972101272116107e-02
5.885992025838057001e-02
5.912211715744176282e-02
6.007937709575758567e-02
6.084761180158295563e-02
6.150800554604284737e-02
6.262464883894632017e-02
6.362577324505788723e-02
6.427375198896946584e-02
6.511507170694380564e-02
6.619298007768369130e-02
6.635553404188937465e-02
6.761304341588882105e-02
6.835532353098031089e-02
6.953059376780507117e-02
6.989296982280890358e-02
7.053784717107715319e-02
7.276616331501395418e-02
7.365238694205619718e-02
7.398471154982362574e-02
7.465376115558353121e-02
7.627887467098957985e-02
7.724365340545025216e-02
7.806900634330149469e-02
7.916608158175231225e-02
8.062816767301335397e-02
8.117866195097860060e-02
8.194415576745193996e-02
8.308282887680068507e-02
8.461942567021914219e-02
8.535618944494283156e-02
8.649733099847194129e-02
8.666164354402815240e-02
8.842650017744306534e-02
8.940096727900609386e-02
8.999687661591393439e-02
9.213982295419033408e-02
9.283266885581177574e-02
9.313996113133583832e-02
9.475931411276868055e-02
9.521579867384416529e-02
9.659878947189437515e-02
9.757453407523490607e-02
9.907745336365283984e-02
1.000768587586990943e-01
1.020347660653890959e-01
1.038771914458118673e-01
1.065721874554700493e-01
1.068918470036758495e-01
1.076561940676142998e-01
1.087855359059882732e-01
1.113998024727805847e-01
1.120319256635619182e-01
1.143645312021977639e-01
1.158909318185241677e-01
1.203262026317183514e-01
1.244574369834964694e-01
