-1.209976652011363479e-01
-1.206062157070785928e-01
-1.181880029713828634e-01
-1.144084638812773308e-01
-1.137578631383446004e-01
-1.132019437462530864e-01
-1.123675081716475899e-01
-1.090162423474923536e-01
-1.072415428312505220e-01
-1.046504087570921393e-01
-1.035988711873161300e-01
-1.019064222284964405e-01
-1.012681557652187481e-01
-9.893686109406030216e-02
-9.736285976116385021e-02
-9.718253522828194935e-02
-9.572822944905753917e-02
-9.395107124241908192e-02
-9.304683690626276704e-02
-9.245626885923706462e-02
-9.066105132122034838e-02
-8.945021165954059050e-02
-8.797814542875183330e-02
-8.771880530563753997e-02
-8.669084005485322431e-02
-8.639940002399700003e-02
-8.418884649982606716e-02
-8.362514992586181362e-02
-8.254098249902322437e-02
-8.147544262719119690e-02
-8.015232152084132700e-02
-7.949970144818077622e-02
-7.792414123946930782e-02
-7.669397702259540817e-02
-7.649653282226878681e-02
-7.558108629628002006e-02
-7.460793277379985933e-02
-7.309001404051677919e-02
-7.278549243247969813e-02
-7.173669739483777563e-02
-7.084958756061240925e-02
-7.003893111466912014e-02
-6.875480492305852120e-02
-6.858934556460194454e-02
-6.782387509611910448e-02
-6.700036709488435549e-02
-6.601791008004882777e-02
-6.506367146112178312e-02
-6.411770564294271002e-02
-6.262216212784224578e-02
-6.195522482617224491e-02
-6.134607028068656681e-02
-6.064045155682812327e-02
-5.937814826154063502e-02
-5.828136140150019795e-02
-5.820830381469622311e-02
-5.735852082205603747e-02
-5.665277226505616159e-02
-5.630865817436463833e-02
-5.447590603569438250e-02
-5.420646126166678291e-02
-5.318112908436761765e-02
-5.215337603596931215e-02
-5.184446863519586585e-02
-5.066515868714904086e-02
-4.925524122085311873e-02
-4.827394632751948189e-02
-4.796339224998478340e-02
-4.711618003566286905e-02
-4.577975530089955364e-02
-4.574476032792362812e-02
-4.518046134837973987e-02
-4.352317937681726701e-02
-4.231368437566909724e-02
-4.172325482283258807e-02
-4.123769539733919409e-02
-3.978902561412010069e-02
-3.913355191287685303e-02
-3.857442375447749094e-02
-3.780956499619372857e-02
-3.725179917367413274e-02
-3.661874489965671192e-02
-3.578987371608118723e-02
-3.506174568634758820e-02
-3.403025838158445920e-02
-3.377319868615633047e-02
-3.299651184393549708e-02
-3.188640527153793064e-02
-3.141442351761610657e-02
-3.076447997572680573e-02
-2.985969587687217763e-02
-2.923002320839057644e-02
-2.845921413030200187e-02
-2.746390429406629294e-02
-2.574785700452397047e-02
-2.506187018471650249e-02
-2.425143612402315754e-02
-2.372454849066624877e-02
-2.213557153825714344e-02
-2.189868950166591610e-02
-2.116335920543525179e-02
-1.997731233115482286e-02
-1.830206644198819829e-02
-1.791093883318296484e-02
-1.705788569767031221e-02
-1.670030746769646940e-02
-1.604970611357901117e-02
-1.489595168680867693e-02
-1.480429734905935185e-02
-1.355602507988002033e-02
-1.234462141758177131e-02
-1.132765245522008267e-02
-1.104370307126557350e-02
-9.966126402457258990e-03
-9.870871766032523684e-03
-8.464359565329773738e-03
-7.925184944106520440e-03
-7.119765407730074651e-03
-6.543069461598007529e-03
-6.200942793576611628e-03
-5.287656159694506704e-03
-3.813212535275398076e-03
-3.115752080240214491e-03
-2.660481482819839795e-03
-2.284354737305256070e-03
-1.891009090469369545e-03
-1.002312652874797838e-03
-2.903469883799174897e-04
2.700093186764040412e-04
6.252743694014401997e-04
1.852998824611928018e-03
2.887829123170464456e-03
3.167370936556856455e-03
4.234530055479842313e-03
5.252224546710285331e-03
5.835557029496092965e-03
6.226336276124360206e-03
6.383245211109179681e-03
7.104170563932143100e-03
8.091348986034377355e-03
8.669676986298450322e-03
1.022024432442391120e-02
1.055176563448083187e-02
1.170771339393296938e-02
1.205610377360378030e-02
1.315461918702958734e-02
1.344279825917454700e-02
1.545385710644942533e-02
1.627149737003159499e-02
1.682924629586636522e-02
1.759028393703616563e-02
1.850312318719934263e-02
1.938726629658888562e-02
2.014599880460764617e-02
2.031717794950929287e-02
2.101788117606959855e-02
2.145400161115626481e-02
2.184413340449180632e-02
2.299866698191034911e-02
2.326711996548611050e-02
2.486772276943163482e-02
2.637621220031666908e-02
2.676359241876548334e-02
2.794963216151064370e-02
2.840515233811439361e-02
2.912589701228137165e-02
2.922698245054751107e-02
2.938928462660193516e-02
3.048697651776593326e-02
3.187157557577095790e-02
3.239101242444610007e-02
3.383994888245377142e-02
3.426243228160404802e-02
3.523687819383876374e-02
3.559554712632625323e-02
3.758341968089370239e-02
3.825185439186473690e-02
3.957068873635477546e-02
3.987729802479540731e-02
4.100719177950797739e-02
4.115838366854159686e-02
4.220710056872134519e-02
4.243793565697000225e-02
4.418896810642801432e-02
4.441396684060108790e-02
4.500999980345292417e-02
4.570905691931190923e-02
4.611260676434454642e-02
4.685343912649733017e-02
4.774054375350193086e-02
4.887960271019044234e-02
4.979331497780158794e-02
5.091006559297390349e-02
5.141975905378207146e-02
5.205972212386111159e-02
5.248609597908027169e-02
5.283790518212859444e-02
5.452583666624853664e-02
5.462967944191188252e-02
5.576225989896050478e-02
5.721367159446374973e-02
5.789101102381578184e-02
5.925120974634836418e-02
6.030410197791866850e-02
6.132846268164394987e-02
6.270655110257525311e-02
6.285647225225915458e-02
6.371049850642471202e-02
6.398536827117259906e-02
6.550197032504689876e-02
6.632788108964944584e-02
6.677421249865626851e-02
6.813768493880065225e-02
6.915171322922467056e-02
7.035851424958142197e-02
7.080379645081666395e-02
7.173014909154690200e-02
7.270141833971512091e-02
7.356762347613192421e-02
7.516681966532097470e-02
7.580338151964034765e-02
7.796937688635537100e-02
7.881154648943664021e-02
7.929886953706154207e-02
8.059445433636437672e-02
8.088353562566595600e-02
8.268387357739144516e-02
8.319269539570992023e-02
8.477044424218031782e-02
8.577613327070975069e-02
8.623686244960832026e-02
8.726187394729079116e-02
8.861092558490726856e-02
8.971540195421610908e-02
9.047018243027178663e-02
9.127365921086379175e-02
9.265121447014421086e-02
9.317908735566671208e-02
9.500296555209049310e-02
9.579548647004988704e-02
9.695695567567223783e-02
9.786571655817551119e-02
9.802392942075439930e-02
9.980636133669393284e-02
1.021069040210757506e-01
1.042048890655359883e-01
1.054196267847156004e-01
1.063612827561380841e-01
1.084864545514235973e-01
1.091880274363525999e-01
1.105057685996850142e-01
1.126161824446874626e-01
1.169478149134349776e-01
1.181453295579669993e-01
1.196825191819385070e-01
1.253142779701084952e-01
