-1.198934179728529253e-01
-1.192854028209747452e-01
-1.182741080896422131e-01
-1.155634702428655625e-01
-1.125534065854025545e-01
-1.120123762044334392e-01
-1.104826139370473914e-01
-1.082899385003337211e-01
-1.065727198503270690e-01
-1.049146729062433725e-01
-1.041574165945191449e-01
-1.016066614197841805e-01
-1.008616530118596755e-01
-1.008527431131108348e-01
-9.849718095094252279e-02
-9.739756327662917046e-02
-9.655608873576555784e-02
-9.427667170751208303e-02
-9.374109316863801777e-02
-9.222627592685851694e-02
-9.079364365127287617e-02
-8.919704622567535546e-02
-8.832461173105929375e-02
-8.700448472996312466e-02
-8.619747873352970324e-02
-8.527371681657028302e-02
-8.460374033979162212e-02
-8.364204807482338022e-02
-8.235960399862932158e-02
-8.181417525778192368e-02
-8.105927330191310676e-02
-8.004943839069765532e-02
-7.865384330869246154e-02
-7.834121013313931348e-02
-7.667488239494377189e-02
-7.546222229185654828e-02
-7.456294753990602708e-02
-7.385194640375630781e-02
-7.323398600247382761e-02
-7.224499555429692021e-02
-7.161031097710807147e-02
-7.079989834684943806e-02
-6.892474244540051920e-02
-6.870851645304659749e-02
-6.695196416440098164e-02
-6.658794780019451631e-02
-6.589785999058922483e-02
-6.411385446945121191e-02
-6.363472733509256685e-02
-6.274211589729832006e-02
-6.248614719402769552e-02
-6.209436491648683693e-02
-6.120273673435037975e-02
-5.983923673167337864e-02
-5.826840473172203300e-02
-5.793970816265339024e-02
-5.700373653256200768e-02
-5.553650601138072213e-02
-5.530938396254082151e-02
-5.321287052820455887e-02
-5.302198744303764782e-02
-5.213337521300968197e-02
-5.110895975738324187e-02
-5.095977124258199015e-02
-4.944351806320039511e-02
-4.867103152748696732e-02
-4.772087910534195815e-02
-4.747941464534492090e-02
-4.698096618667803315e-02
-4.686125643894626519e-02
-4.610561623254690738e-02
-4.469448621674249056e-02
-4.452110265056152816e-02
-4.364871118466344402e-02
-4.162986682696094565e-02
-4.080116000980432700e-02
-4.028992048646732466e-02
-3.946636562057270758e-02
-3.890849397069856552e-02
-3.835085737033740172e-02
-3.747822164968867692e-02
-3.593074137024970804e-02
-3.550883306503645198e-02
-3.448805238550940733e-02
-3.301387048957357684e-02
-3.176173981603009483e-02
-3.160188145003937216e-02
-3.092676410265635459e-02
-3.043833565823463386e-02
-2.998938705419508174e-02
-2.957569203284099793e-02
-2.869877062928512246e-02
-2.717294311756346392e-02
-2.647228539768298541e-02
-2.598512902252693435e-02
-2.537012189986949037e-02
-2.359280742660147326e-02
-2.306094045450422098e-02
-2.284588082941653442e-02
-2.218400885718656637e-02
-2.149670556802839652e-02
-2.041588225845715823e-02
-2.020838334591110522e-02
-1.942397314710755593e-02
-1.854401010280151696e-02
-1.783843230731724933e-02
-1.694525196516148344e-02
-1.567640298561836024e-02
-1.495296815757845600e-02
-1.467619157609701026e-02
-1.404958483599103372e-02
-1.326489535590037044e-02
-1.288153834551368677e-02
-1.175048282295848394e-02
-1.130377721897478892e-02
-1.012503242478314872e-02
-8.974544575744059297e-03
-7.552225080918792584e-03
-6.659165016250042854e-03
-5.864600968217810809e-03
-5.268917738017065561e-03
-4.733605805692637711e-03
-4.300404829161203098e-03
-3.681211698211401227e-03
-2.833648305784565447e-03
-2.069204492855213507e-03
-8.316635055585585136e-04
-6.017473457094500234e-04
-2.755190492366277983e-04
6.345516705452227714e-04
1.495262774837655215e-03
2.033576160081712256e-03
3.782909121076974499e-03
4.108715203245814906e-03
4.502208349622949246e-03
5.433955358464189617e-03
6.350535432987687405e-03
6.821916374659178599e-03
8.049193876934862893e-03
8.872840200912595482e-03
9.551418284975118911e-03
1.016376560509910792e-02
1.028627397975050498e-02
1.143824232991574527e-02
1.285971457555816835e-02
1.337319340683409963e-02
1.395363599310050010e-02
1.435195309584499403e-02
1.533823946722000751e-02
1.655925088862598982e-02
1.739413756919929929e-02
1.845690809954235456e-02
1.865261702520670806e-02
1.912511916837255146e-02
1.989692208811322943e-02
2.029110145622792932e-02
2.084792183412257846e-02
2.159919642507054233e-02
2.313277073928337799e-02
2.418055663686197176e-02
2.488569965423493777e-02
2.547328800632418788e-02
2.577491776428959130e-02
2.709988373788607338e-02
2.803285829595946951e-02
2.851775403015606447e-02
2.961862364100405556e-02
2.990294627866716889e-02
3.089314426135737757e-02
3.165149446950867723e-02
3.248404763374084653e-02
3.411283685634846491e-02
3.553319835532717935e-02
3.615787171035467207e-02
3.658976112681074089e-02
3.792667202988694863e-02
3.833937909618739814e-02
3.872791017118902557e-02
4.059681035258989185e-02
4.098269478871247734e-02
4.204741889304675073e-02
4.311451554688483512e-02
4.359891374316413049e-02
4.396432970575347987e-02
4.485766912394530820e-02
4.614835270066834638e-02
4.654171994507933646e-02
4.751853780914817860e-02
4.789691200986243014e-02
4.843514498094624032e-02
4.862144664488474155e-02
5.015594873676075538e-02
5.158722723732312582e-02
5.204987075401204533e-02
5.244222178302454518e-02
5.398674496215059154e-02
5.409653279474994914e-02
5.477605577056494229e-02
5.562811119642115110e-02
5.629573936157575981e-02
5.700907464792685786e-02
5.796954084556404235e-02
5.978649794182562538e-02
6.059008345116078526e-02
6.124518236709168562e-02
6.194324304183779911e-02
6.217694201358337641e-02
6.360648421473508174e-02
6.523756679766277988e-02
6.596903149380765885e-02
6.662210908965419953e-02
6.779680878358454454e-02
6.889107945464330307e-02
6.911231262394168517e-02
7.042134780415040818e-02
7.130587630444318314e-02
7.237998165419717855e-02
7.365286031471968142e-02
7.456356348975994031e-02
7.626748042278846951e-02
7.691356643832152062e-02
7.741441586608092951e-02
7.860237344396654724e-02
8.088979455798547824e-02
8.138781189309454711e-02
8.206288551887921945e-02
8.258650182996268851e-02
8.297940852997871819e-02
8.428336845817371858e-02
8.483894100868571986e-02
8.630412418120633755e-02
8.824406836432992229e-02
8.836016336085399103e-02
8.920440843543042675e-02
9.021739035440512477e-02
9.102015374186099572e-02
9.201235124573929614e-02
9.318530843722815094e-02
9.361743072182111824e-02
9.501824724072790995e-02
9.545575320657906371e-02
9.655544303689696239e-02
9.804942643905190103e-02
1.003613373413591858e-01
1.010089761676275233e-01
1.023830102662943720e-01
1.025430283182481861e-01
1.068430925335018683e-01
1.078914513947707293e-01
1.104516884243150338e-01
1.116074200564240726e-01
1.127008785375685218e-01
1.133314646023729222e-01
1.178624075278820599e-01
1.217821624557137022e-01
1.251987911649512508e-01
