-1.225549679275132475e-01
-1.187577327840396851e-01
-1.148293911663101075e-01
-1.130071344973271885e-01
-1.122128146170172924e-01
-1.105703967090319456e-01
-1.094558811307775464e-01
-1.075372845259867371e-01
-1.061887568404180499e-01
-1.042191352702366708e-01
-1.028035769966790941e-01
-1.012870623346120991e-01
-1.003152896729307686e-01
-9.932390235460028527e-02
-9.824910331946970499e-02
-9.823506503272333434e-02
-9.668967470786075935e-02
-9.532641534975638820e-02
-9.394402309154828434e-02
-9.273819178083896053e-02
-9.188335562311564231e-02
-9.095232524841172228e-02
-8.940934925609558825e-02
-8.870113803949171427e-02
-8.759844876035850769e-02
-8.670003647261988189e-02
-8.498664844036434018e-02
-8.405059706376201423e-02
-8.324529056333962451e-02
-8.293534339569377800e-02
-8.183823146456774278e-02
-8.115847684626729952e-02
-8.069344319021530543e-02
-7.952968495669121562e-02
-7.844190420927711627e-02
-7.617602248124941133e-02
-7.609959321519693676e-02
-7.385321312807653638e-02
-7.303069210087284602e-02
-7.206018921763221452e-02
-7.076244524462978192e-02
-7.049554420457979087e-02
-6.865019420194286293e-02
-6.797390688769384959e-02
-6.696891379015154633e-02
-6.648169497260977834e-02
-6.612745047469546777e-02
-6.512449079247392691e-02
-6.388233418281581699e-02
-6.301294576654460633e-02
-6.255474540961114549e-02
-6.102959881880661713e-02
-6.047710678054820516e-02
-5.905835122579226187e-02
-5.781141398036693940e-02
-5.731476651965700109e-02
-5.673482624623858023e-02
-5.583130375048006577e-02
-5.519589092458526691e-02
-5.464995647978809074e-02
-5.421766661815757143e-02
-5.266568188097062869e-02
-5.217713695955872311e-02
-5.168946142912290292e-02
-5.100666078185870506e-02
-5.022066173408840095e-02
-4.909891506146637358e-02
-4.842515520302245052e-02
-4.719431823179855157e-02
-4.652738814874327750e-02
-4.470502210776010343e-02
-4.398696500130614556e-02
-4.363853234537450054e-02
-4.254370134465027681e-02
-4.151058247694207337e-02
-4.081613085615482667e-02
-4.034764040787230943e-02
-3.990431429140246095e-02
-3.869409530573865441e-02
-3.769539293645642053e-02
-3.720467419979121143e-02
-3.622287446550623985e-02
-3.550514891691688296e-02
-3.492332809684289829e-02
-3.399754408559056695e-02
-3.342817286048866549e-02
-3.270965147875539575e-02
-3.152534526438220686e-02
-3.031789054059840990e-02
-2.920277775568575623e-02
-2.790922943724785665e-02
-2.716036856320808851e-02
-2.678464058317802168e-02
-2.561169814026239416e-02
-2.531141673242217477e-02
-2.422978839249094116e-02
-2.308351746033364058e-02
-2.259757182415414109e-02
-2.217699606213969707e-02
-2.111630456575199974e-02
-2.076735306833134287e-02
-2.049693300811365748e-02
-1.987596462593812369e-02
-1.933950577500240242e-02
-1.817982239845151310e-02
-1.752047425150039806e-02
-1.693783235939596427e-02
-1.516073078501219834e-02
-1.473113254769604051e-02
-1.420963751726845269e-02
-1.344687684697151893e-02
-1.257489694447584162e-02
-1.206864992814416296e-02
-1.157788682206799084e-02
-1.063638470208640163e-02
-9.706371114809868306e-03
-9.414851851384154272e-03
-8.490660124001266421e-03
-7.495963957373938391e-03
-7.341544294586786583e-03
-6.407497600668342168e-03
-4.774631777854507902e-03
-4.371465247192568224e-03
-2.744951522710671870e-03
-2.504647516622811407e-03
-1.654519223696580051e-03
-1.206340759304365667e-03
-4.928855488248634663e-04
7.747371272422099928e-04
1.615568389276039957e-03
2.369701328618736922e-03
3.035427249713644991e-03
3.692442554084744873e-03
4.024743895671346015e-03
4.371548982614307036e-03
5.448644820053475529e-03
6.845836093343978489e-03
7.287521829936106747e-03
7.736480923575520322e-03
8.498855584537303581e-03
9.248848602984948916e-03
1.000616566330876644e-02
1.041415807803104145e-02
1.096344633175608610e-02
1.234647728469856313e-02
1.322155131975903675e-02
1.451513373018055268e-02
1.471045839100764904e-02
1.667421318587292839e-02
1.715340683461082788e-02
1.731241133638450336e-02
1.789565614307963431e-02
1.893973285670786169e-02
1.953900114432332788e-02
2.012458892462682530e-02
2.164081225241178824e-02
2.212121776150787616e-02
2.308549413158242358e-02
2.423328605564607427e-02
2.453351731196326893e-02
2.542771587453074300e-02
2.663834073869679117e-02
2.715309815666926835e-02
2.730347416526076806e-02
2.820254046241809157e-02
2.964487420242835694e-02
3.053258173685680435e-02
3.155767189063651834e-02
3.163922373386725967e-02
3.262557861772864831e-02
3.315852079188696261e-02
3.348700168170379993e-02
3.444816825668233634e-02
3.606669541653304695e-02
3.623816969454750347e-02
3.747694944182331650e-02
3.791559276441154591e-02
3.866160295534613184e-02
3.933798991499308506e-02
3.959146369302726787e-02
4.127797652766550252e-02
4.196937984777363712e-02
4.271990442094442120e-02
4.321353655862215926e-02
4.470867303468362836e-02
4.499385841384400536e-02
4.596167774269663969e-02
4.656651408138617887e-02
4.779588717752049354e-02
4.845891663654623704e-02
4.873775087116844623e-02
5.031798519704438338e-02
5.097760154576187752e-02
5.225110354800482915e-02
5.328947216364814804e-02
5.361404503215910083e-02
5.420910044876425804e-02
5.542744262038025449e-02
5.590369012905547358e-02
5.658795826743923119e-02
5.779481789856905083e-02
5.793826078250106926e-02
5.977991714314850186e-02
6.011296778382097666e-02
6.193865529489055166e-02
6.231975503569622821e-02
6.278620916984917200e-02
6.393049464226197021e-02
6.442380973344616346e-02
6.651431034514899976e-02
6.690941468559577499e-02
6.752009744231617094e-02
6.915922140810662477e-02
7.029894259283490932e-02
7.125885971806000807e-02
7.147672840060637078e-02
7.218453437627010694e-02
7.328305405480116386e-02
7.351991553224405951e-02
7.455746586328708403e-02
7.601296982971107730e-02
7.667781146983609908e-02
7.678404835751256874e-02
7.747276018018871280e-02
7.906497402262806229e-02
8.018178034726503034e-02
8.151351160927172712e-02
8.269571445850196212e-02
8.328612730460152602e-02
8.440910777953873623e-02
8.604379145354762448e-02
8.651214087105332795e-02
8.813906135790355867e-02
8.871989721858772326e-02
8.928686441461775036e-02
9.057302782016368736e-02
9.294499422113150500e-02
9.385120787745952764e-02
9.484184469238059190e-02
9.658736657950861559e-02
9.736300402824484002e-02
9.809937959961420595e-02
1.000318054255629613e-01
1.018720505431985057e-01
1.024591398322659414e-01
1.034479133773580778e-01
1.056449565990764672e-01
1.063665534335413720e-01
1.068113061467335367e-01
1.095629662268701177e-01
1.110840653764715164e-01
1.132769931121534041e-01
1.158715188235285437e-01
1.176138192617924988e-01
1.193156286333995897e-01
1.213440903417226380e-01
