-1.248291808430654903e-01
-1.181525598312575809e-01
-1.174937281935911765e-01
-1.168884307360887470e-01
-1.149777585934274038e-01
-1.109496069084590503e-01
-1.096948112059765723e-01
-1.094198346041559411e-01
-1.086385506613168350e-01
-1.058453738809506661e-01
-1.048359128193971090e-01
-1.039284830138924864e-01
-1.002984446011399994e-01
-9.897444169593477836e-02
-9.878742264419081154e-02
-9.657232286520914255e-02
-9.402990954124378076e-02
-9.358728209154593136e-02
-9.278643146583806511e-02
-9.143673783412595291e-02
-9.068574644348990910e-02
-8.898066584641135812e-02
-8.842239644852890879e-02
-8.800541473145094551e-02
-8.692393479377265308e-02
-8.600716808184132034e-02
-8.402967489639759369e-02
-8.340027729940455159e-02
-8.201319047740181223e-02
-8.150627803608707922e-02
-8.022474530448733820e-02
-7.878267679798500733e-02
-7.825646081590846570e-02
-7.691786510379347575e-02
-7.572379004876843289e-02
-7.503221835841944465e-02
-7.499827175118194134e-02
-7.396622683502390716e-02
-7.336143259438147879e-02
-7.277765926163755339e-02
-7.140649659736218735e-02
-6.985603931352163398e-02
-6.926922031776661104e-02
-6.859901555499720027e-02
-6.795983425022839031e-02
-6.643467202570733920e-02
-6.617827497617263799e-02
-6.494442525395512089e-02
-6.409755218379337149e-02
-6.354561459515764565e-02
-6.207285020164743372e-02
-6.156075234173503247e-02
-6.095309102792074302e-02
-6.005000213281704025e-02
-5.880830933139545580e-02
-5.781320059829742064e-02
-5.728481636025298251e-02
-5.602478886569847716e-02
-5.508238294945418806e-02
-5.465298529598864447e-02
-5.436518806665231046e-02
-5.348415741912851407e-02
-5.195292548745406719e-02
-5.086282165208948214e-02
-5.052756215054672595e-02
-5.021106474797114999e-02
-4.887485411013724190e-02
-4.789631710025465949e-02
-4.678732360148443042e-02
-4.619488969020381364e-02
-4.537360674144283457e-02
-4.500250781576901199e-02
-4.468708409011657584e-02
-4.295371700648505098e-02
-4.236777000075273025e-02
-4.154339530468517672e-02
-4.102399020803861041e-02
-3.978655041004163645e-02
-3.944028813688322394e-02
-3.812516989577267867e-02
-3.768647367704477946e-02
-3.572282772436923687e-02
-3.512741439054409970e-02
-3.488891475978899565e-02
-3.429599670200444983e-02
-3.331552498146086311e-02
-3.231944377321387118e-02
-3.221940326280295364e-02
-3.138876259691256859e-02
-3.041747929472505760e-02
-2.992410240711942948e-02
-2.908429590598084549e-02
-2.877385577909133754e-02
-2.769356414110996090e-02
-2.567647182003335998e-02
-2.463181804376447445e-02
-2.383028981482084377e-02
-2.344228630538663927e-02
-2.222952253336384076e-02
-2.142458429782189561e-02
-2.124701490412703522e-02
-2.020098225893134092e-02
-1.971852147831006097e-02
-1.841731847739053532e-02
-1.826183468769715032e-02
-1.675197239009569919e-02
-1.576022635872307773e-02
-1.544660777949295564e-02
-1.444360938076036729e-02
-1.434280866645275612e-02
-1.372105808585565891e-02
-1.269274801766344905e-02
-1.125916717533317034e-02
-1.090187622043021706e-02
-9.739733804785920615e-03
-9.006048816014911029e-03
-8.329766463069293581e-03
-7.370378368393694368e-03
-6.894357496662394634e-03
-6.584374675015614194e-03
-6.501148051007119531e-03
-4.806192641010956050e-03
-3.919056538442640923e-03
-2.891202861807869260e-03
-1.990107200026755650e-03
-1.646147663465707869e-03
-5.850369387187365731e-04
3.689725937832875847e-04
5.980641927903534907e-04
1.547873937174663568e-03
2.215721221992122091e-03
2.753429342537624946e-03
3.272074568632188461e-03
4.204919190002121346e-03
4.964893082392738202e-03
5.477158652741372438e-03
6.490501236316874138e-03
7.993746511763282284e-03
8.269260680004055300e-03
8.770568514960089615e-03
9.429999934618018068e-03
9.774598667155525930e-03
1.010135702405853819e-02
1.157305544183611160e-02
1.178986332190245893e-02
1.318310328775963366e-02
1.423187335075701276e-02
1.471031931093710540e-02
1.564116026767520262e-02
1.693965887658498842e-02
1.787976744582462155e-02
1.831312758024571108e-02
1.902943254840829684e-02
2.014173818343367381e-02
2.045839287116582236e-02
2.174504294501127324e-02
2.219544357389681075e-02
2.324922699008003316e-02
2.347179321088717352e-02
2.466097626834969428e-02
2.612125259992309489e-02
2.641287651200761519e-02
2.770710779645469551e-02
2.790577097143775304e-02
2.871176317997140709e-02
2.895887045567507867e-02
2.968223808725094573e-02
3.061055899945811301e-02
3.112413537536683900e-02
3.285346531928965558e-02
3.326068131660044752e-02
3.391768087293405010e-02
3.499836142961029739e-02
3.602777241975160111e-02
3.658841756564364806e-02
3.723900429120737682e-02
3.844576590068079364e-02
3.921456595140608570e-02
4.022317409132647459e-02
4.088658258472650103e-02
4.150211834876869899e-02
4.208711701773435593e-02
4.246984065038265921e-02
4.386909426784763033e-02
4.418809886068585796e-02
4.509542583290664097e-02
4.600317805936541410e-02
4.687571864343063888e-02
4.777232449404125031e-02
4.829524761190083504e-02
5.076879783739399188e-02
5.113881400068701066e-02
5.195827185587931912e-02
5.247701149142997012e-02
5.338778065328225741e-02
5.381611398720202721e-02
5.508555421326266632e-02
5.564698030710062832e-02
5.634822313166494567e-02
5.712866538090834861e-02
5.864668331534227813e-02
5.878672282377025299e-02
5.994361002625305662e-02
6.067308334118187707e-02
6.117198599454531233e-02
6.169693416983899198e-02
6.257191504576076202e-02
6.389277345212118764e-02
6.473918576267212455e-02
6.572828889746687442e-02
6.690287485912375931e-02
6.786402815373576702e-02
6.836478965084560877e-02
6.900051573278030703e-02
6.970853851804537094e-02
6.979386807596134334e-02
7.223764164795765108e-02
7.355894070685646546e-02
7.479668469914137197e-02
7.520564639575272325e-02
7.641033983945612340e-02
7.691018255254795932e-02
7.757189618114848639e-02
7.809161165135858340e-02
7.944098795649789935e-02
7.993227518524068098e-02
8.196448824317743853e-02
8.412865624684050248e-02
8.550857585086749091e-02
8.579969609950663378e-02
8.680735070761919081e-02
8.865102214253972601e-02
8.892034423263579790e-02
8.924204757577379465e-02
9.067890906269832074e-02
9.226770473566289765e-02
9.260055724869942217e-02
9.341533267607986246e-02
9.480689369137547395e-02
9.619994290270642012e-02
9.759332958869709751e-02
9.834040723190590194e-02
9.875368032496299742e-02
9.994721447451336560e-02
1.008053901187737356e-01
1.026903883593253547e-01
1.033284724326360843e-01
1.048328653954149481e-01
1.061144241139474614e-01
1.075423390959914099e-01
1.102894931766941339e-01
1.114007786552961426e-01
1.134620575280033961e-01
1.156331694815075362e-01
1.183674377004495515e-01
1.217346444560249846e-01
