-1.278987135882928006e-01
-1.224935293551277504e-01
-1.185675249256172431e-01
-1.158771122481203203e-01
-1.139335176884656159e-01
-1.125756923092551265e-01
-1.100981413955363641e-01
-1.093060228566314213e-01
-1.068364515496905837e-01
-1.056826769201635180e-01
-1.049667234234500646e-01
-1.033914506873444827e-01
-1.012571756374565646e-01
-1.004150604276834446e-01
-9.954645261903113940e-02
-9.845399856102715619e-02
-9.829788469522958427e-02
-9.676510598904330962e-02
-9.438278745542880155e-02
-9.271442939906185399e-02
-9.076236559645585456e-02
-8.916680621958625319e-02
-8.866696349778808994e-02
-8.779218786349650416e-02
-8.754071709033449389e-02
-8.562150130370059509e-02
-8.462723179871160795e-02
-8.358651804974534527e-02
-8.344098545861000638e-02
-8.248433927470015525e-02
-8.134735956861989525e-02
-8.053167667433802634e-02
-8.011386728833362614e-02
-7.853680769714525833e-02
-7.767486759340629099e-02
-7.634338665957382530e-02
-7.514446830174992265e-02
-7.471643986852663510e-02
-7.392548181593472378e-02
-7.328977899167291032e-02
-7.304571543408538981e-02
-7.004477487902070754e-02
-6.804083913066205636e-02
-6.717970307201028002e-02
-6.659447538067611583e-02
-6.584442440574504729e-02
-6.531406431116587585e-02
-6.515787512472380472e-02
-6.281589166672835178e-02
-6.216683542775720134e-02
-6.145698525583449812e-02
-6.113275627527594430e-02
-6.038297353503548764e-02
-5.939289357568750677e-02
-5.805325338834572968e-02
-5.756572690882214016e-02
-5.689147138630742256e-02
-5.560662051850966819e-02
-5.468401214112080660e-02
-5.408137402623103968e-02
-5.350318399038900274e-02
-5.235650201190905628e-02
-5.154335927890937863e-02
-5.025242754863572248e-02
-4.986656080087616127e-02
-4.897539942986064293e-02
-4.771406920929811141e-02
-4.721055556995551461e-02
-4.699937558143163496e-02
-4.624795667531458876e-02
-4.504369601376677357e-02
-4.406990497818246560e-02
-4.297348091716564344e-02
-4.205581684525089986e-02
-4.189069759206886373e-02
-4.104614253216496561e-02
-3.954512235662645259e-02
-3.952671279118665643e-02
-3.859561210792734204e-02
-3.825731641837355756e-02
-3.798571272893488948e-02
-3.650447838917272175e-02
-3.505615793113160683e-02
-3.463910198330618501e-02
-3.276286485775069951e-02
-3.256032165057541616e-02
-3.226820233993663023e-02
-3.060533160903218530e-02
-3.034971475691841322e-02
-2.966063591571958119e-02
-2.880680417569591797e-02
-2.841910138869844366e-02
-2.705403757967879755e-02
-2.648033871375979342e-02
-2.556493397145815499e-02
-2.516362955867450929e-02
-2.359855993015159276e-02
-2.296916699240777668e-02
-2.199794922319493404e-02
-2.150362375745722837e-02
-2.028073719827257204e-02
-1.956195568144552741e-02
-1.843639592497924376e-02
-1.761620119638991622e-02
-1.716513117398014640e-02
-1.610305882640068048e-02
-1.546340874222905566e-02
-1.496441796644979935e-02
-1.428157774270621787e-02
-1.372634646948731919e-02
-1.277379862388856174e-02
-1.252564419285191917e-02
-1.126550582718707609e-02
-1.101327295702919824e-02
-9.914343011315768575e-03
-9.441995676817105734e-03
-7.870618057062328185e-03
-6.817149634486301818e-03
-6.397731162859003444e-03
-5.616336040381130282e-03
-5.458478527199196739e-03
-5.095516633304457074e-03
-3.846116588789865506e-03
-3.626963880580271870e-03
-2.409766770003157841e-03
-1.721326914864912579e-03
-4.803464180204270687e-04
6.282084046379780721e-04
8.385544645626819785e-04
2.371200788643529345e-03
3.757018699899039322e-03
4.059653723981628860e-03
5.095477158675499121e-03
5.818122505371791514e-03
6.403371247391878400e-03
6.506046519160358504e-03
7.053374281659782578e-03
8.180464207542492011e-03
8.615305835158355852e-03
8.888592643531381676e-03
9.912630222660274298e-03
1.052187736812135524e-02
1.118293284128722698e-02
1.238419847053761139e-02
1.301682210457105054e-02
1.435318863387518261e-02
1.518620720701666267e-02
1.541728833302616342e-02
1.576898126745292922e-02
1.658978360283061212e-02
1.747563938954309684e-02
1.883999130295684055e-02
1.976604892899057678e-02
1.992860559191015832e-02
2.076900932115324089e-02
2.155949918891102157e-02
2.302798321189576322e-02
2.366391200596315234e-02
2.414984435365907095e-02
2.416857422424296617e-02
2.463761637332926094e-02
2.570443875555030247e-02
2.645457628639949488e-02
2.710762797560872447e-02
2.829858550366183209e-02
2.907496142924541685e-02
2.995564861783570065e-02
3.045970791810605552e-02
3.140273271770677860e-02
3.266253193286737522e-02
3.351524807286729302e-02
3.431232238022774439e-02
3.516025071796751583e-02
3.550047967439735885e-02
3.611015330066419393e-02
3.718453896394648128e-02
3.811943491991973826e-02
3.835711781260033731e-02
3.932606411366642435e-02
3.959517801617470911e-02
4.075789223792234545e-02
4.131979144978362162e-02
4.280216648007904162e-02
4.377626185368332229e-02
4.472543292236504098e-02
4.501235095703488842e-02
4.614698104774048876e-02
4.724260972321787933e-02
4.737108120407789585e-02
4.840820907580927618e-02
4.896488598663765318e-02
5.017755077744697617e-02
5.109716383714126009e-02
5.160224537512163312e-02
5.211642307707661098e-02
5.286420283264490344e-02
5.416980530875725036e-02
5.545022650852088342e-02
5.563970722449158857e-02
5.643506705168476606e-02
5.769346569879000436e-02
5.911060212978238443e-02
6.032149631152235181e-02
6.074597157994646168e-02
6.224336715949459892e-02
6.267751572842399088e-02
6.397976124587084756e-02
6.429245631664473604e-02
6.527248370053514992e-02
6.601090817544877365e-02
6.745373974999907540e-02
6.772953848026064261e-02
6.820107462475215321e-02
6.933511134833617029e-02
6.999188563878351588e-02
7.033596456284996190e-02
7.154491284273958862e-02
7.227001352079930052e-02
7.325720929368698120e-02
7.484148751174884984e-02
7.513719346146734146e-02
7.730356142816456611e-02
7.817819019563222727e-02
7.863831495879007594e-02
7.993811996698893529e-02
8.110860605189633421e-02
8.117673453909877990e-02
8.386236972332181128e-02
8.395704888302120417e-02
8.473453611663984975e-02
8.611151879978266865e-02
8.633497610003137979e-02
8.709277254931727108e-02
8.863768881147870982e-02
8.899725785376277898e-02
9.188304460609142410e-02
9.306768072768371869e-02
9.354210816494877567e-02
9.512504283871170419e-02
9.594549731641333068e-02
9.628180869964565736e-02
9.725299373117678170e-02
9.940365662818076431e-02
1.004441730400960076e-01
1.008400496320292078e-01
1.023546836097814772e-01
1.024747033757888587e-01
1.053642820246562944e-01
1.064166301016512689e-01
1.083545797019118129e-01
1.089598494954803348e-01
1.106369120355153585e-01
1.123958576180549562e-01
1.155263202140913298e-01
1.193121351539203345e-01
1.207080278893212510e-01
