-1.216599566216399614e-01
-1.201935047086363229e-01
-1.172664651299689526e-01
-1.157695419161680339e-01
-1.117956875759087837e-01
-1.102863275216537514e-01
-1.100486921013094921e-01
-1.078124992899644474e-01
-1.063626104385993337e-01
-1.044924265623213139e-01
-1.032679623576948369e-01
-1.022677375012160661e-01
-1.005432353967168901e-01
-9.945290688915857380e-02
-9.893107133458631242e-02
-9.738785562938058471e-02
-9.679831343372317931e-02
-9.543905573180380686e-02
-9.470085029425488743e-02
-9.358830231541463707e-02
-9.255940330242344583e-02
-9.106212893035016409e-02
-8.990854072916808215e-02
-8.890894818970379587e-02
-8.759195750049823814e-02
-8.736477721800618712e-02
-8.550632379300107666e-02
-8.451521760656545423e-02
-8.327204018834094557e-02
-8.250307713222919392e-02
-8.114155604365055896e-02
-7.979793315391180142e-02
-7.916323977072763085e-02
-7.766615944143638595e-02
-7.682756220680944659e-02
-7.669515871542501029e-02
-7.525657014762870967e-02
-7.366787337392026458e-02
-7.326429003685842878e-02
-7.245088957380986516e-02
-7.161070471240360558e-02
-7.000438478335907488e-02
-6.946275681425599646e-02
-6.860752622464867667e-02
-6.732735035928835710e-02
-6.675401645418636842e-02
-6.519472276954323131e-02
-6.504872481627063663e-02
-6.427732472679359432e-02
-6.255730436316597753e-02
-6.150910340219113703e-02
-6.039841710739894676e-02
-5.976437333296662213e-02
-5.897510549795539903e-02
-5.808502244371308021e-02
-5.796072922009720685e-02
-5.675383815993070152e-02
-5.582897511326984086e-02
-5.523642805506901593e-02
-5.415490482201226752e-02
-5.317573108028612883e-02
-5.281093467355827548e-02
-5.202828886808728154e-02
-5.033080382541358505e-02
-5.029576632736451614e-02
-4.877145399006667381e-02
-4.853909259129896014e-02
-4.746079194552550035e-02
-4.710913707556824148e-02
-4.631519779212465993e-02
-4.488368366888906280e-02
-4.449380169327869783e-02
-4.277719710188088859e-02
-4.248270727928966928e-02
-4.149888130552189386e-02
-4.136843651211716960e-02
-4.056137399599991922e-02
-3.997711864052946179e-02
-3.860380288587855757e-02
-3.801628987776019958e-02
-3.752928663429709599e-02
-3.638895036500275348e-02
-3.548480005676969001e-02
-3.457565836657390534e-02
-3.380108275525698508e-02
-3.324418758901596938e-02
-3.251714560203623067e-02
-3.155815495733369641e-02
-3.012505715963657502e-02
-2.937279227765009909e-02
-2.862289950488111981e-02
-2.806147095985000312e-02
-2.672310892545071495e-02
-2.618407000609230054e-02
-2.496022999714318097e-02
-2.463050438404490797e-02
-2.457217034156032945e-02
-2.373405363063487566e-02
-2.307299409557904413e-02
-2.187923989478359615e-02
-2.147482755166869525e-02
-2.007965876459430823e-02
-1.847759600365738580e-02
-1.832507094814571705e-02
-1.718567247852598526e-02
-1.681997453463831768e-02
-1.629510880755615648e-02
-1.558595831963192034e-02
-1.435407137102176316e-02
-1.425986861756347278e-02
-1.325490087539819666e-02
-1.284762547267963989e-02
-1.223509663843138674e-02
-1.039427755468211138e-02
-9.689153604043161672e-03
-9.138980099943119426e-03
-8.850889845030239164e-03
-7.864213321351593011e-03
-7.213661753841396976e-03
-6.480600964043889411e-03
-5.191655080577878452e-03
-4.443073955236209217e-03
-4.014504188960227142e-03
-2.891572024220127445e-03
-1.998702085398316661e-03
-1.463273391349841166e-03
-1.061241601736664713e-03
-6.052076165206644572e-04
8.735836756216740998e-04
1.777863695748259105e-03
2.171919339689272824e-03
2.861032229483241769e-03
3.904626619127819775e-03
4.347881393850363402e-03
5.086652742833057753e-03
5.580256713653864754e-03
7.608083704572265842e-03
7.728884164765179032e-03
8.260525689576154323e-03
8.629828119439577130e-03
9.501987427049359350e-03
1.019004702942876740e-02
1.145293203081647337e-02
1.194316731316268435e-02
1.205870573843188798e-02
1.314312717213132406e-02
1.396630461774030912e-02
1.496340561605032440e-02
1.538174214241353789e-02
1.680711063002280833e-02
1.804365230108777654e-02
1.888448090313165489e-02
1.923168136521556659e-02
1.999181096032862787e-02
2.058387904973400448e-02
2.182049685043098430e-02
2.194226499943844472e-02
2.269033885050406041e-02
2.349159472439347682e-02
2.453485650471537438e-02
2.522291695426112645e-02
2.600775342225983625e-02
2.657594674452605499e-02
2.690444343942056254e-02
2.775922146421713754e-02
2.860963311382493449e-02
2.956095268065057902e-02
3.103328528931164482e-02
3.124654928008318081e-02
3.214643086668330513e-02
3.278939537275627619e-02
3.337200781346941203e-02
3.447226630562692101e-02
3.519993122138856401e-02
3.692849494773723512e-02
3.724773212868964789e-02
3.792294135344349143e-02
3.822435127074784444e-02
4.003950329429429439e-02
4.077699293380940976e-02
4.178014894307954114e-02
4.236442355288675549e-02
4.298645315199736694e-02
4.410819016522955771e-02
4.511448190607234010e-02
4.541530702284290316e-02
4.590065361045423536e-02
4.670989550086009773e-02
4.776399857208613042e-02
4.826654320422259919e-02
4.960574996871493225e-02
4.982545895655421386e-02
5.005918141362315776e-02
5.118792465697557387e-02
5.222242973014369627e-02
5.345070653584707565e-02
5.437958866025783405e-02
5.531786033698525562e-02
5.543805129713402780e-02
5.619832120041420159e-02
5.689526983935714460e-02
5.825314662725574605e-02
5.876693115735606016e-02
5.944300202229841484e-02
6.119267851468141589e-02
6.229959616553693708e-02
6.244005353844225142e-02
6.311592453049162665e-02
6.509816850026246826e-02
6.559551112047554144e-02
6.580792778104223306e-02
6.693345619979589045e-02
6.916025277083721889e-02
6.960736930206198880e-02
6.986755833839596030e-02
7.073410693163431628e-02
7.237001303958848220e-02
7.366367510814408881e-02
7.449257674518132422e-02
7.552705960752768843e-02
7.673470451071419396e-02
7.683131340730341152e-02
7.784467934451640148e-02
7.879794549884318322e-02
7.942992070886820133e-02
8.068417356388891959e-02
8.165452591950540795e-02
8.236752902448271629e-02
8.379911117951005517e-02
8.474135884954615838e-02
8.494025619501123503e-02
8.572171209840356854e-02
8.710946240772027283e-02
8.868231891501442143e-02
8.995728404652300614e-02
9.092536219276425857e-02
9.169364922269443441e-02
9.367171909282820397e-02
9.413314988128297645e-02
9.546808192094470569e-02
9.699655944059221158e-02
9.810235764987411400e-02
9.921078078378280096e-02
1.015259002987165954e-01
1.030410470597347000e-01
1.031476348225425499e-01
1.041246563368316141e-01
1.065975325204132768e-01
1.083456989605786902e-01
1.095313981347023763e-01
1.113704282896492148e-01
1.132590091453408304e-01
1.167850432694406970e-01
1.180551913083849047e-01
1.194576052343409300e-01
1.221409274137556650e-01
