-1.209036089614905773e-01
-1.187562968880427478e-01
-1.164097064123639225e-01
-1.154893966238993014e-01
-1.123770005146438739e-01
-1.116711311889957703e-01
-1.093964384175166032e-01
-1.085442952604895733e-01
-1.073680911281828104e-01
-1.048961564468840202e-01
-1.042419540733979799e-01
-1.032639326802393953e-01
-1.005066778988954329e-01
-1.003208190290335450e-01
-9.847756451818331924e-02
-9.698783500084827425e-02
-9.630214753840536657e-02
-9.538734955660256587e-02
-9.444883340245231740e-02
-9.315913633835819219e-02
-9.213620033008165788e-02
-9.119560430763096193e-02
-9.045820615293520550e-02
-8.986416602341665283e-02
-8.735087676398302359e-02
-8.693612087922424070e-02
-8.563212308859570465e-02
-8.353633086224490634e-02
-8.277274977289753033e-02
-8.253875273876294660e-02
-8.125831277384240603e-02
-7.939521454419573576e-02
-7.921537129381873987e-02
-7.785778667077222770e-02
-7.752181973128301207e-02
-7.588999452085661013e-02
-7.490721220154469839e-02
-7.393659910109830202e-02
-7.311333019032707770e-02
-7.187854624516021307e-02
-7.154491319846638386e-02
-6.981159242411273669e-02
-6.919038949451508658e-02
-6.877741843228865615e-02
-6.732208754338797618e-02
-6.654842229181162638e-02
-6.435721452885358185e-02
-6.425277836250782582e-02
-6.344880586126522282e-02
-6.257014298388824391e-02
-6.151846543813159485e-02
-6.010049626374061593e-02
-5.953532469513356240e-02
-5.892990996893343603e-02
-5.782284477233898268e-02
-5.749351868380095376e-02
-5.684709304380668182e-02
-5.587272225188956443e-02
-5.537396185766729068e-02
-5.444332457944861536e-02
-5.288459196598526563e-02
-5.249515824703229055e-02
-5.115445873195108295e-02
-5.081055462144596496e-02
-5.073861476177841945e-02
-4.936238056070801211e-02
-4.905415597923079574e-02
-4.883471212134411071e-02
-4.732843201355350221e-02
-4.693268212070624695e-02
-4.515657704743358813e-02
-4.433221074525530575e-02
-4.327486697866073095e-02
-4.230673611068584694e-02
-4.198272928637659940e-02
-4.052861536399995218e-02
-3.969530095413236620e-02
-3.887702328722030670e-02
-3.859902229277336477e-02
-3.703142748562877201e-02
-3.622480899632476298e-02
-3.554714128243795235e-02
-3.525017487850173187e-02
-3.431178308745280736e-02
-3.309785779840034720e-02
-3.246922486329118646e-02
-3.162680457718209520e-02
-3.087428494129498130e-02
-3.035483221691978595e-02
-2.981968818174522695e-02
-2.867133853682937369e-02
-2.752842593930101070e-02
-2.715012467752050615e-02
-2.593400474264562564e-02
-2.552415695529267059e-02
-2.419529312075405572e-02
-2.352153036260630492e-02
-2.305154291015961907e-02
-2.246009266591023068e-02
-2.092600451727191085e-02
-2.025093082402215638e-02
-1.986403015855360554e-02
-1.962948843003180580e-02
-1.926147065100267119e-02
-1.835090700966747132e-02
-1.743406242216330795e-02
-1.719564297454988233e-02
-1.653042313196131582e-02
-1.493625165514328619e-02
-1.429856406065414635e-02
-1.348126591956524262e-02
-1.227072819095339704e-02
-1.199990171541544075e-02
-1.077250640257319467e-02
-1.020563597726219067e-02
-9.348261841994914834e-03
-9.208586799559416447e-03
-8.826908781268098456e-03
-7.381847100559443993e-03
-6.945216490276088540e-03
-6.154643248122522101e-03
-4.412101169759842338e-03
-3.788112256073307253e-03
-3.504237240760745865e-03
-1.933878810862168845e-03
-1.729380866882156099e-03
-6.666833768981923975e-04
-2.411139067375435224e-04
6.795098432716739677e-04
8.905202822487156156e-04
1.747577083288816540e-03
2.601748234647094805e-03
2.812382366550889457e-03
4.153697523558249304e-03
4.506038987695015589e-03
4.964981651792599315e-03
6.170224191281856001e-03
7.339291392587907019e-03
7.839526398327939516e-03
8.768869085966418328e-03
9.256610743977298356e-03
9.435035150950829563e-03
1.089392439902142976e-02
1.176328707671727217e-02
1.256886218130347753e-02
1.352309607140217244e-02
1.372797188903342874e-02
1.501854846145930095e-02
1.638849254287759807e-02
1.727042104636452788e-02
1.772102803452531641e-02
1.837577839750513878e-02
1.893170397164737478e-02
1.957147887040618095e-02
2.063137620537135869e-02
2.113232578133762696e-02
2.142121708502810196e-02
2.203048336652243394e-02
2.340894733045355627e-02
2.401816157719787945e-02
2.428721019121349300e-02
2.539907275126330674e-02
2.645707439681811712e-02
2.745989600253482404e-02
2.794332619621150982e-02
2.898062412786321304e-02
2.987595733662702993e-02
3.016082895569568989e-02
3.133920376980744299e-02
3.180625624206732255e-02
3.199111978450391858e-02
3.368887303309316128e-02
3.445820560746156586e-02
3.529179394828728389e-02
3.549399089663608092e-02
3.673015745507897389e-02
3.753223102310585674e-02
3.878500410506850044e-02
3.974478303688658287e-02
4.128707212923578979e-02
4.142475747137942116e-02
4.212118062907751342e-02
4.246461267543980705e-02
4.411549711043771110e-02
4.461852973667154720e-02
4.571502406664821466e-02
4.626160038055111140e-02
4.716798597488816580e-02
4.725165445396240643e-02
4.835848111226272172e-02
4.982166829458019308e-02
5.016652134794687828e-02
5.086919272169374701e-02
5.138681611238646307e-02
5.238710034689469941e-02
5.272407615078977122e-02
5.426236134647325488e-02
5.534546102222871744e-02
5.685898690027377245e-02
5.790454588459516966e-02
5.884946924932250162e-02
5.927134092216954087e-02
6.015061339735008200e-02
6.121801109071144803e-02
6.173606020335780514e-02
6.273542688449647298e-02
6.356059181718017037e-02
6.377330495599319027e-02
6.469110788456089445e-02
6.613040171053501115e-02
6.653199677857106475e-02
6.803010278017757040e-02
6.897982256195245299e-02
7.016330249200503077e-02
7.113427368196653666e-02
7.141185312459157053e-02
7.228705229666816667e-02
7.296043138514177184e-02
7.328316340891354030e-02
7.407453022460862291e-02
7.522078814733847152e-02
7.575956187263845065e-02
7.640278906918894497e-02
7.849247575058299065e-02
7.905886941958241432e-02
7.972206765828984687e-02
8.074626131452714017e-02
8.240432911639573865e-02
8.365681772633200286e-02
8.422849539173501987e-02
8.542171551896479698e-02
8.604784034416368410e-02
8.772706405765172410e-02
8.872979731431705763e-02
8.910068075022072043e-02
8.994082439686719443e-02
9.120376230643217896e-02
9.224663545052989855e-02
9.399658733044002901e-02
9.667678151928592312e-02
9.794151520468179217e-02
9.840300878289610920e-02
9.879473070945886393e-02
9.996302000882394123e-02
1.012018246911284836e-01
1.023195892699458182e-01
1.043001871615754778e-01
1.062855415893860234e-01
1.074353900692203434e-01
1.092775652308631690e-01
1.108295865948172171e-01
1.121346377114896958e-01
1.159895551488464988e-01
1.196455778645204582e-01
1.234362010921742775e-01
1.273904797000567912e-01
