-1.202204332903940853e-01
-1.194661701017453725e-01
-1.174660203742597386e-01
-1.156997149927949109e-01
-1.139162579372865053e-01
-1.111457685080638191e-01
-1.103501998953319990e-01
-1.087236667266837514e-01
-1.066222362856616562e-01
-1.047494876769744232e-01
-1.044605715175145888e-01
-1.034650033687385812e-01
-1.001401316375540029e-01
-9.832765978744291424e-02
-9.721760713479640770e-02
-9.652539795218688379e-02
-9.541324585150887105e-02
-9.426169111060524186e-02
-9.356366218336660545e-02
-9.267328242012873307e-02
-9.122885321944726456e-02
-8.944270702681693386e-02
-8.886146788514891204e-02
-8.790499881996077791e-02
-8.627673834521397411e-02
-8.595678458790126375e-02
-8.528671170498035303e-02
-8.369656964421540168e-02
-8.330631581702389876e-02
-8.267311561944999665e-02
-8.091461836160895871e-02
-7.995927762848829834e-02
-7.924122619668678980e-02
-7.778991510173986768e-02
-7.723264278415310768e-02
-7.543683988208721436e-02
-7.495361507944828250e-02
-7.353279197963190350e-02
-7.225020369006496246e-02
-7.177307366719894166e-02
-7.144835773957691760e-02
-7.044485169516703782e-02
-7.027537191617902468e-02
-6.831191251858476088e-02
-6.734347355160985593e-02
-6.585764827685296197e-02
-6.510832817300092612e-02
-6.439341205174177463e-02
-6.310932747903399975e-02
-6.220689855799316215e-02
-6.166920228169871926e-02
-6.117660795134723106e-02
-6.017694301640126586e-02
-5.990236039241450539e-02
-5.907699004459336656e-02
-5.787269102866611503e-02
-5.735059661729444841e-02
-5.641859889711031001e-02
-5.570536367152437857e-02
-5.520251383350523178e-02
-5.477164293808193390e-02
-5.420098728097112739e-02
-5.158971093157298238e-02
-5.118840793540022083e-02
-4.980399856006366421e-02
-4.893426863971848950e-02
-4.783245084827836974e-02
-4.663765418585603950e-02
-4.631890130850000592e-02
-4.545637790067180023e-02
-4.464560881555938721e-02
-4.411278758475811052e-02
-4.375446297587945454e-02
-4.312981316835473589e-02
-4.130082774473362028e-02
-4.082285632626614369e-02
-4.046824129598770858e-02
-3.861257020030110093e-02
-3.845774169562637956e-02
-3.716623261812630058e-02
-3.602780284180636533e-02
-3.542707331589159403e-02
-3.510131956516342883e-02
-3.464044948145909159e-02
-3.277344376764959599e-02
-3.241197042354437841e-02
-3.208128035043864013e-02
-3.103398081001903022e-02
-3.029413752027525913e-02
-2.969221926311119836e-02
-2.869162510533957919e-02
-2.828212121275057792e-02
-2.772633164611479351e-02
-2.672881022413083410e-02
-2.632408894653938056e-02
-2.448849611051119590e-02
-2.368959651459200122e-02
-2.317387871146945819e-02
-2.205748836039634828e-02
-2.181264815720159247e-02
-2.093284044224517568e-02
-1.994396837761139990e-02
-1.926009478586643286e-02
-1.739911763156002517e-02
-1.701602281586409721e-02
-1.692205274442937918e-02
-1.571201363682726143e-02
-1.543488437117111062e-02
-1.519817523773266295e-02
-1.398546292275801989e-02
-1.249419026518962944e-02
-1.202012921656203312e-02
-1.169199171889828866e-02
-1.020048091808156004e-02
-9.991086192104580224e-03
-9.560099927715755633e-03
-8.570440537736019257e-03
-8.410239382285902496e-03
-7.303384131824811921e-03
-6.324548054870605604e-03
-5.866933208286295720e-03
-5.707540371156182707e-03
-4.933270138708652219e-03
-3.662382479940716560e-03
-3.258630670250852856e-03
-3.058306076786485375e-03
-2.273428410830136918e-03
-7.381549761124007406e-04
1.835201813329567658e-04
7.831265525012402707e-04
1.666457916088910120e-03
2.150189912045921692e-03
2.780564291140149875e-03
3.216459429131911501e-03
4.731782628049533736e-03
5.160731850613011450e-03
5.675358508256674733e-03
6.241254707708218316e-03
6.388456190466330897e-03
8.068396978294064062e-03
8.570052325715416322e-03
9.087199487751065896e-03
1.004023416587167782e-02
1.047436879994695022e-02
1.166165028208869005e-02
1.244198299345490068e-02
1.323583917822356883e-02
1.387725514698036865e-02
1.469326173574828781e-02
1.595830571624325470e-02
1.667504218281152042e-02
1.762359184324633829e-02
1.857503340387700597e-02
1.886443670666026681e-02
1.950148014660408810e-02
1.989403203535399997e-02
2.093650363752953131e-02
2.160569062728442957e-02
2.367740097894166854e-02
2.434773384551168832e-02
2.493608232219952925e-02
2.585650249763993269e-02
2.635485436080466440e-02
2.682922134351242369e-02
2.825118504972431305e-02
2.845590834361317115e-02
2.971671444541836710e-02
2.990390201497939576e-02
3.120892700289224983e-02
3.162815730514501045e-02
3.333569287448193141e-02
3.355441116451714917e-02
3.450714052106470392e-02
3.557347672396367344e-02
3.584850361499408028e-02
3.641659709576777759e-02
3.746790861023200497e-02
3.827570464891270202e-02
3.891306400957335321e-02
3.950887137735131782e-02
4.050747436431217929e-02
4.162011315543066164e-02
4.274652202544450275e-02
4.348606631468076439e-02
4.397837638607283994e-02
4.410682666237798061e-02
4.510766417792239080e-02
4.603937098851237225e-02
4.697194315288188288e-02
4.790654097437489767e-02
4.926632819868129176e-02
4.957640238421689299e-02
5.061602883357248228e-02
5.164221998272953973e-02
5.291788720897111498e-02
5.356391256879407953e-02
5.420873152894001984e-02
5.548132605503822146e-02
5.576042397933509559e-02
5.736785407966810829e-02
5.788867184997169985e-02
5.828406623480038296e-02
6.028311358178630591e-02
6.074923663698181958e-02
6.095089632846231037e-02
6.305445440436092952e-02
6.363913622601180542e-02
6.434082862763512711e-02
6.499104515408976601e-02
6.513833080215165883e-02
6.575244946902167320e-02
6.726233477849009879e-02
6.856647073475488630e-02
6.985732599861407821e-02
7.034970092092768246e-02
7.196405200371748523e-02
7.253590867931902775e-02
7.348390725146115854e-02
7.469167582884693457e-02
7.551876807053911622e-02
7.644210687649746760e-02
7.721253997066275521e-02
7.782916772766494684e-02
7.974057738673104301e-02
8.083313867553401644e-02
8.174966438934944124e-02
8.323316608101835601e-02
8.361089408003882784e-02
8.429815409823138150e-02
8.592089522846631244e-02
8.740992612631738601e-02
8.773014035305090608e-02
8.883466694712444101e-02
8.919361246459697745e-02
9.233032892271061942e-02
9.287874425329835371e-02
9.322635429004033636e-02
9.448102578559665343e-02
9.504741130346665290e-02
9.672273371172067369e-02
9.841425525992289480e-02
9.925041825005696816e-02
1.008848297237937841e-01
1.017583554746427088e-01
1.026495411977512151e-01
1.044184514894854754e-01
1.061471062060918152e-01
1.069489071125568347e-01
1.078096451582502002e-01
1.094240128088549840e-01
1.102852761327370729e-01
1.115253820986612521e-01
1.138882101040185613e-01
1.150531604998186741e-01
1.185539356774684416e-01
1.214709582327305332e-01
