-1.236137220578226448e-01
-1.208568340716144052e-01
-1.201349293228367449e-01
-1.168472105155745344e-01
-1.119969820878582434e-01
-1.110149546687545230e-01
-1.089813618754324753e-01
-1.076956367081916555e-01
-1.060564789549964942e-01
-1.059569137873723060e-01
-1.037605190447554032e-01
-1.024509867433153754e-01
-1.010944634541680737e-01
-9.969244630878709712e-02
-9.828286915380185507e-02
-9.781702832340068154e-02
-9.747179970170717633e-02
-9.521231395221441129e-02
-9.328266360978389182e-02
-9.255888866053840758e-02
-9.169490123642996815e-02
-8.987305354045503625e-02
-8.974965937671773586e-02
-8.761648414972031396e-02
-8.700648608919875349e-02
-8.561626562225631287e-02
-8.436593917284811173e-02
-8.397600571825274141e-02
-8.270854830852314432e-02
-8.182724410993329200e-02
-8.013753356394016925e-02
-7.944065434711843066e-02
-7.729700946246306770e-02
-7.707672131466451748e-02
-7.604694460863288541e-02
-7.561210411510953244e-02
-7.443904584463423291e-02
-7.410096742263765079e-02
-7.322598404847975584e-02
-7.266804143908336955e-02
-7.219396126787884505e-02
-7.166302844381815251e-02
-7.031553986407862444e-02
-6.890257871744637219e-02
-6.748148431900713451e-02
-6.525534869508048397e-02
-6.418962967412110421e-02
-6.384894979964907125e-02
-6.344506916817468922e-02
-6.283132447521047603e-02
-6.154572727882898220e-02
-6.095296437612500451e-02
-6.012842605040043947e-02
-5.930911810414194602e-02
-5.819319089242407095e-02
-5.717108520697346263e-02
-5.700820535008800649e-02
-5.522845788480445356e-02
-5.498594655538541209e-02
-5.404514589780051032e-02
-5.329583408375202641e-02
-5.234642811875828833e-02
-5.190464976002915481e-02
-5.125980552110005750e-02
-5.049404657919996653e-02
-4.973856400097293601e-02
-4.805240913785412127e-02
-4.673948513084084239e-02
-4.618231641354613587e-02
-4.559687516913093347e-02
-4.510532324466427073e-02
-4.427594793450437272e-02
-4.346539717242095535e-02
-4.319850643892315240e-02
-4.237735866173803628e-02
-4.137676813935257242e-02
-4.077210630736981256e-02
-3.999421511384435718e-02
-3.933257340316697465e-02
-3.757769797576648863e-02
-3.723149916799603498e-02
-3.630462229803523705e-02
-3.528839234089922033e-02
-3.473732878486307518e-02
-3.381737183985730061e-02
-3.316733909833016747e-02
-3.293376895761186002e-02
-3.191530079987016377e-02
-3.095957550818663820e-02
-3.068087516190631803e-02
-2.987211552742495210e-02
-2.834688735903933762e-02
-2.762968868670487646e-02
-2.626175473151894438e-02
-2.516703503059151276e-02
-2.432666981633484216e-02
-2.368125335732778822e-02
-2.310436992713608625e-02
-2.257095841801380967e-02
-2.187168509126932378e-02
-2.040164034382972724e-02
-2.004638557065110613e-02
-1.934184553856115041e-02
-1.866251768160894983e-02
-1.803895273155914358e-02
-1.745152138622149685e-02
-1.644627047733763711e-02
-1.586953302503590207e-02
-1.563041130088066791e-02
-1.466982538420456492e-02
-1.400759302864025904e-02
-1.384794267556448827e-02
-1.172542352698852271e-02
-1.140793625051463034e-02
-1.030575215384522264e-02
-9.691885197559748852e-03
-8.812608572033848661e-03
-7.476008501758885441e-03
-6.998838220736124972e-03
-5.797262793005518965e-03
-5.094358711351846571e-03
-4.635377873819655943e-03
-3.764725053528050498e-03
-3.298427442732824403e-03
-2.202885065544731881e-03
-2.145455923250233314e-03
-8.104027392231569682e-04
1.599779280475958335e-04
5.934003455609963796e-04
1.086689313312905626e-03
1.709200775535298436e-03
2.223254836908244558e-03
3.164607996516750898e-03
4.014777197150457173e-03
5.153868010800062918e-03
6.778014634062870525e-03
7.045428260198594722e-03
7.766291082647132880e-03
8.442319639862099281e-03
9.308258933782195474e-03
9.675744244806888314e-03
1.042826854284068655e-02
1.119335205926456737e-02
1.175812267982562047e-02
1.271690634288675896e-02
1.389276819229668704e-02
1.453316076555139121e-02
1.542723350490463746e-02
1.619107516553319401e-02
1.715603490805428857e-02
1.773622535632541491e-02
1.820226036392731325e-02
1.911273567368736853e-02
1.985648427465999330e-02
2.012640174914965413e-02
2.099020740245277974e-02
2.164966991263538726e-02
2.287763415093787417e-02
2.303425363230620151e-02
2.381717330255338563e-02
2.474044045208948633e-02
2.603244727474557027e-02
2.700575832898513551e-02
2.708709917284530394e-02
2.748874760468549006e-02
2.859074681121977213e-02
2.892139972232734418e-02
3.046331989729265943e-02
3.186575625878913104e-02
3.248484111783666445e-02
3.312069290262657090e-02
3.404073158023895179e-02
3.466696388504152126e-02
3.535968183191827430e-02
3.633422574081126427e-02
3.717436753233573088e-02
3.805623439657253304e-02
3.866844389636098223e-02
3.919415613383982200e-02
3.983516715525152463e-02
4.051184757126769648e-02
4.197819223165025898e-02
4.242468231064819989e-02
4.346264167947505586e-02
4.384919978156635173e-02
4.564795187378461322e-02
4.634351548439349933e-02
4.674311687838067497e-02
4.745382780756208368e-02
4.853775251814365643e-02
4.927758938045537912e-02
4.984751790406570515e-02
5.119484102186864366e-02
5.209044459529474369e-02
5.333457168872460935e-02
5.402169755659352868e-02
5.413240241979565964e-02
5.482887544795076590e-02
5.587472736820131569e-02
5.684575564669431397e-02
5.821159362737199361e-02
5.850063565027389945e-02
5.930544703518288857e-02
5.984061930525641504e-02
6.138782964149482047e-02
6.196579831836154795e-02
6.283709556885061498e-02
6.376389351054864707e-02
6.434279363695741272e-02
6.461212836088195410e-02
6.529959357591476332e-02
6.618971049605126833e-02
6.808860347044891348e-02
6.849936650029121721e-02
6.981886937603425103e-02
7.074447743656382681e-02
7.194242527303325307e-02
7.353558974996660114e-02
7.422640649444513239e-02
7.561393654122214314e-02
7.683714871859848028e-02
7.780036151637471920e-02
7.831267281880030517e-02
7.918237926638398150e-02
8.034462766845741621e-02
8.135213556733385254e-02
8.264320855292983659e-02
8.311449672208846839e-02
8.390630993448609798e-02
8.493345559093802566e-02
8.574683532224559868e-02
8.763422051084922282e-02
8.846971382745813517e-02
9.001724240828437584e-02
9.076860628818210486e-02
9.243438981611423744e-02
9.286676975696769865e-02
9.329464497388346989e-02
9.361691923950615779e-02
9.549086763660079302e-02
9.687616466788445679e-02
9.842757105677371610e-02
9.945489620254426011e-02
1.005760502198693312e-01
1.017441362464650140e-01
1.029799445632423871e-01
1.043662652393614332e-01
1.056808789586601016e-01
1.082604540720816383e-01
1.087609645719148782e-01
1.105921580757434769e-01
1.127435631467112176e-01
1.146711499999680250e-01
1.171334085375803635e-01
1.196902850231713472e-01
1.226844815663810234e-01
