-1.242357553996281672e-01
-1.209280281614073388e-01
-1.188634651949767723e-01
-1.169466040190251938e-01
-1.145532544972449329e-01
-1.101988993636417308e-01
-1.085153847513727760e-01
-1.080938058429643384e-01
-1.057040396796594256e-01
-1.055196809321791440e-01
-1.037978608364859695e-01
-1.022853378368079602e-01
-1.017387405753970159e-01
-1.006711031471928530e-01
-9.948154574997838950e-02
-9.720896011301716211e-02
-9.661229612946672929e-02
-9.514583040416485504e-02
-9.443385180990655769e-02
-9.358133812234320503e-02
-9.282859514108936227e-02
-9.211077111607626766e-02
-9.128622770385944052e-02
-8.976766598003241282e-02
-8.850536618713815418e-02
-8.522227492438926022e-02
-8.421315034699999869e-02
-8.337208068748241940e-02
-8.274078734200775165e-02
-8.164712453016267912e-02
-8.050062490055873154e-02
-7.921399570992855577e-02
-7.811823109283354272e-02
-7.695227565581316820e-02
-7.587021096536859799e-02
-7.579282318537815255e-02
-7.405839785757901972e-02
-7.312730665472344516e-02
-7.115686473936466694e-02
-7.108330820916884674e-02
-7.050384811949106378e-02
-7.013121203364076905e-02
-6.902227804760588392e-02
-6.831917629488230836e-02
-6.775806719025626035e-02
-6.699457301433393852e-02
-6.601399504355823233e-02
-6.455175624368589271e-02
-6.398641875294913683e-02
-6.339395620765821138e-02
-6.185649700350297903e-02
-6.138257283633014733e-02
-6.051031845956057753e-02
-6.041023112824678298e-02
-5.962607938314155170e-02
-5.790541620650506427e-02
-5.762092815163009224e-02
-5.639652771401199721e-02
-5.523763386605953091e-02
-5.476089894974935784e-02
-5.314273255402714169e-02
-5.263238991148521534e-02
-5.152247203505262718e-02
-5.136962439173758249e-02
-4.964697870525210804e-02
-4.919936154271682682e-02
-4.816481392122388266e-02
-4.741830602047204801e-02
-4.605153058368299801e-02
-4.566842895139274633e-02
-4.462202616571318836e-02
-4.376248243213095440e-02
-4.297350219603012639e-02
-4.123281872984865815e-02
-4.108779106976930690e-02
-4.060613585005792836e-02
-3.919385608004180566e-02
-3.878335719524478309e-02
-3.828504983477337698e-02
-3.724184495089081365e-02
-3.700453145504748603e-02
-3.561961156883267782e-02
-3.478193794241803832e-02
-3.421136582417196037e-02
-3.351943024958350253e-02
-3.273685494836262033e-02
-3.196693822899900062e-02
-3.131300161226520384e-02
-3.060338499969993131e-02
-2.956307965114258335e-02
-2.854994765811170662e-02
-2.814052472636698748e-02
-2.716719755707785663e-02
-2.522141774114767393e-02
-2.486602676499649611e-02
-2.442875887344842650e-02
-2.432009833169646723e-02
-2.304335535280000596e-02
-2.231983834492401453e-02
-2.161993284376060101e-02
-2.109592023384986026e-02
-2.040968734587848832e-02
-1.977142161176269688e-02
-1.946228679177742366e-02
-1.879643563821348576e-02
-1.818184176135386604e-02
-1.648244648669617771e-02
-1.603212776605941053e-02
-1.598087569771086680e-02
-1.461898025587976720e-02
-1.341651959678161199e-02
-1.244312413431898981e-02
-1.143906608169139617e-02
-1.087716732931574490e-02
-1.002386946222608329e-02
-8.951070394400644295e-03
-8.375174601037246869e-03
-6.908215412825381187e-03
-6.777927816579330626e-03
-6.169683960360446140e-03
-5.675695007681098511e-03
-4.946204797256451881e-03
-3.778385847044467543e-03
-3.163863897336408569e-03
-1.974313429096158021e-03
-1.765333773879471579e-03
-9.989759055168982629e-04
-9.070067731353510104e-05
4.770266675099367254e-04
9.043420306918651015e-04
1.635742618582372750e-03
2.658052976860568288e-03
3.466539159847197363e-03
4.034041136817267080e-03
5.079323099744602506e-03
5.633524990436375272e-03
5.907316912760428133e-03
6.847787810814492948e-03
7.262879864574952292e-03
8.249655677611439017e-03
9.701491937120372208e-03
1.040201912276709703e-02
1.129098925772652716e-02
1.187320121325285277e-02
1.238269258431895330e-02
1.315566779478952002e-02
1.487076862644320582e-02
1.560155649286451562e-02
1.590114450689363371e-02
1.648745095612288297e-02
1.694221528203113114e-02
1.742094765564210918e-02
1.934430519615822422e-02
1.968829967023043651e-02
2.010350817617712060e-02
2.129007206352430751e-02
2.285963639606265405e-02
2.347989347072107838e-02
2.451211463188406048e-02
2.544727443795975763e-02
2.559646167182036761e-02
2.604556320680292969e-02
2.687927800404424014e-02
2.807275443825331396e-02
2.854327919956251708e-02
2.954217241806560493e-02
3.060756276819557448e-02
3.088585968001997598e-02
3.124655581515216329e-02
3.253470252059464246e-02
3.295579209781104163e-02
3.367251677982187330e-02
3.509323932152002418e-02
3.612497298774404453e-02
3.675747115753302818e-02
3.718951751400968037e-02
3.740964819358520016e-02
3.860954140041979871e-02
3.887720134105956266e-02
4.005478192391322828e-02
4.126160449777600131e-02
4.250019359613285003e-02
4.313465432429507834e-02
4.356761636009809369e-02
4.393823743374265789e-02
4.551651453648033335e-02
4.615020355399900714e-02
4.694096390141318936e-02
4.780053056775555170e-02
4.941730841370078203e-02
4.976412398575772583e-02
5.014953958779956589e-02
5.049279984496127943e-02
5.111948716934520270e-02
5.240834427728430223e-02
5.307739560211487129e-02
5.329115275719165795e-02
5.411564555912901087e-02
5.522520912223015388e-02
5.650706743622103956e-02
5.701314433660237269e-02
5.787582319124299352e-02
5.813901952808300105e-02
5.960909725909994961e-02
6.024101610364106935e-02
6.202430602561761347e-02
6.337346449552595795e-02
6.358812057793686301e-02
6.470555892238299966e-02
6.580590142670884879e-02
6.652221466078969692e-02
6.752189348678727665e-02
6.821424306556340966e-02
6.901711978593880192e-02
7.093672952243557095e-02
7.128792580773020415e-02
7.163521812510302567e-02
7.323220776690041178e-02
7.446770415853984360e-02
7.487938327723275833e-02
7.560413720321111641e-02
7.788806541299436725e-02
7.827851135800420468e-02
7.885282384601788319e-02
7.993904095528298059e-02
8.049439316511017295e-02
8.106866513050972611e-02
8.178429991813175592e-02
8.322784401618596450e-02
8.564142522859516382e-02
8.659045115484949318e-02
8.744879294551366478e-02
8.819625172917620881e-02
8.861689772894015826e-02
8.977479675376294488e-02
9.202335520779172939e-02
9.281112716646253147e-02
9.406991271126635690e-02
9.590239418078580491e-02
9.624760205808025049e-02
9.683783305055070068e-02
9.846054102438513145e-02
9.960683381822832416e-02
1.008964457262082476e-01
1.022765034257154260e-01
1.034583944391334193e-01
1.054834020104046810e-01
1.069740471539326887e-01
1.071804654672522533e-01
1.094910179685102680e-01
1.105171225717169609e-01
1.126203572695672755e-01
1.133688125376351441e-01
1.154920989333894921e-01
1.169557090124543619e-01
1.225168924639373769e-01
