-1.247529932359950494e-01
-1.221259943041141244e-01
-1.184225269021789706e-01
-1.159760097702310783e-01
-1.130467034683796529e-01
-1.121422882539879901e-01
-1.103512930814720544e-01
-1.100160172635741146e-01
-1.055070186141606331e-01
-1.043622808676896302e-01
-1.036358243440123200e-01
-1.011235087440444103e-01
-1.004788485155604233e-01
-9.839070378001046890e-02
-9.771534960002223325e-02
-9.651448814540145027e-02
-9.552771569873176605e-02
-9.516796794784275482e-02
-9.450808335005336791e-02
-9.103601757849470733e-02
-9.070580746499556923e-02
-8.978846920352875904e-02
-8.850308296909044359e-02
-8.783438645851422699e-02
-8.739463553402597451e-02
-8.605875396664285082e-02
-8.488935654393583996e-02
-8.379076375118957309e-02
-8.310398548986386302e-02
-8.176363939506028911e-02
-8.073322506438275481e-02
-7.980802346144662274e-02
-7.835242287541487050e-02
-7.791287256234054326e-02
-7.691531422103373150e-02
-7.639319221601593990e-02
-7.468185180734994433e-02
-7.408923261361644030e-02
-7.315855695373678358e-02
-7.247157743223724136e-02
-7.154104371374825355e-02
-7.030000571936929898e-02
-7.001046791037980610e-02
-6.841552348062975020e-02
-6.699290510568221835e-02
-6.628142244292420382e-02
-6.488310045048982511e-02
-6.471984623263961345e-02
-6.339993466762877672e-02
-6.251681324907433501e-02
-6.182899368384364019e-02
-6.039432138839456732e-02
-5.964540311232976316e-02
-5.885598425583668525e-02
-5.815107709248826251e-02
-5.758223781164578670e-02
-5.672055542347869544e-02
-5.592904582859980350e-02
-5.467975258811601236e-02
-5.425814941852188239e-02
-5.316168982374027546e-02
-5.270304004607146570e-02
-5.104046232485012075e-02
-5.060117078313351724e-02
-5.040717460681572865e-02
-4.949582457304428640e-02
-4.770502243455242847e-02
-4.702410211058242334e-02
-4.613567749735991708e-02
-4.544704170821151773e-02
-4.505653513946678013e-02
-4.401097359188634039e-02
-4.399124168893975284e-02
-4.218880313161044865e-02
-4.162654410025769941e-02
-4.040880006619175513e-02
-3.984209945548898568e-02
-3.933622291883958483e-02
-3.808666944086520206e-02
-3.657020696856696368e-02
-3.605185964274404409e-02
-3.523269256917512665e-02
-3.502343317362530822e-02
-3.458984818497370245e-02
-3.362714950738953518e-02
-3.253256622075978433e-02
-3.179782488614690816e-02
-3.149652559610354591e-02
-3.098994549566109688e-02
-3.067065568013471397e-02
-2.975689744890766888e-02
-2.855041305955675901e-02
-2.764950142600548777e-02
-2.690544268505035141e-02
-2.621229500891320355e-02
-2.545572686443143065e-02
-2.449551983528356139e-02
-2.359618022797310699e-02
-2.297668490017729451e-02
-2.263020017798622260e-02
-2.225309763388977000e-02
-2.054047745037887798e-02
-1.946327697441790905e-02
-1.880335159359790287e-02
-1.843744291650175476e-02
-1.765887801745657029e-02
-1.699102729906148621e-02
-1.581019856287667336e-02
-1.504972655095663213e-02
-1.481384950620674365e-02
-1.391794356445769099e-02
-1.358028204781973509e-02
-1.331453697673894328e-02
-1.118902960913361992e-02
-1.061541339515066802e-02
-9.661038609122535661e-03
-9.155770289690586330e-03
-8.461881410226431907e-03
-7.224925883364306280e-03
-6.654418310012313181e-03
-6.232135200135104428e-03
-4.467746412160099323e-03
-3.421200027295369199e-03
-3.357866384623042332e-03
-2.338834626333482179e-03
-1.702492076509345411e-03
-1.286154948971191415e-03
-3.774912788164366622e-04
4.771516067353426174e-04
1.115817878347188019e-03
1.585538234025266014e-03
2.479963729287807620e-03
3.383924530876013682e-03
3.708954485707719687e-03
5.813517206867997375e-03
6.039880450984749620e-03
6.336947499306803261e-03
8.315650057394810210e-03
8.741565215230685457e-03
9.232455839168297873e-03
9.619314668337007601e-03
1.082546495511545886e-02
1.107120494531044219e-02
1.210241487906091144e-02
1.266597472585834910e-02
1.404806602984077189e-02
1.470859446348588180e-02
1.496901963068534083e-02
1.558853486468322544e-02
1.667763299517211611e-02
1.733980243668081095e-02
1.842668360420797805e-02
1.857917461396198233e-02
1.995813815493008639e-02
2.018995713613113904e-02
2.201641999761492358e-02
2.242290156506899015e-02
2.265200254677373140e-02
2.340214260140006941e-02
2.357769077476368907e-02
2.478631183599040028e-02
2.508988301878220528e-02
2.557197511693830305e-02
2.651507253580326698e-02
2.747335547375477985e-02
2.910941672204298697e-02
2.995090974280404869e-02
3.035027382556911707e-02
3.074650642583162674e-02
3.132466938696554931e-02
3.260635723343104780e-02
3.352911387016559164e-02
3.393673408226716842e-02
3.419754652761805569e-02
3.558464626850528501e-02
3.716205900336010115e-02
3.809427226953180506e-02
3.884674016547200182e-02
3.900777420937773937e-02
4.013182446271128939e-02
4.084182270780817997e-02
4.146530995962173505e-02
4.206160374198633645e-02
4.342297019090504001e-02
4.431169747340098913e-02
4.478182101717863295e-02
4.613472083406011670e-02
4.699481323564210639e-02
4.792226133460117388e-02
4.829861293797545890e-02
4.993921815622766325e-02
5.080235702098247902e-02
5.160911419280574813e-02
5.185083511940328377e-02
5.239323395970355013e-02
5.339924234313492279e-02
5.432832247745598975e-02
5.561856800297357295e-02
5.662085459847772395e-02
5.712458991125270863e-02
5.731010932026325139e-02
5.858012803507690186e-02
5.880375459268155636e-02
5.917915606887965557e-02
6.009362525648703768e-02
6.222674968217291325e-02
6.296484748861656822e-02
6.360557889123481801e-02
6.387045785159028988e-02
6.466950701188449446e-02
6.579476310064599764e-02
6.704124232862664068e-02
6.783195116752752107e-02
6.803372815316793831e-02
6.956655859446320145e-02
7.154821787292052482e-02
7.236577215343578673e-02
7.292821128784006401e-02
7.444936669604096391e-02
7.539582374112392682e-02
7.686755024374650191e-02
7.710716834644784634e-02
7.758969332236412275e-02
7.877142804615913652e-02
7.972779405171127876e-02
8.054770902450449077e-02
8.186973051287597947e-02
8.227479550030737665e-02
8.344202409075644755e-02
8.407279146783457058e-02
8.616901490495591787e-02
8.713836887172549117e-02
8.745268326146896087e-02
9.010370882005952486e-02
9.156870129243917245e-02
9.230012878468596416e-02
9.335546219660820211e-02
9.400417294210473840e-02
9.563977605007162319e-02
9.634115545320702523e-02
9.814160383348234651e-02
9.969080503990658537e-02
1.012548956904121139e-01
1.025721212961071271e-01
1.026914911863398561e-01
1.029954161851726196e-01
1.058262903629486884e-01
1.068438843429146690e-01
1.082511644288989133e-01
1.107899869013481003e-01
1.117701196609802716e-01
1.129109649731183940e-01
1.152174881158904013e-01
1.157481372954792948e-01
1.186214096511903349e-01
1.201794204251403209e-01
