-1.248446253243281484e-01
-1.181748030596123933e-01
-1.149847934020729046e-01
-1.139208398983020537e-01
-1.130681514153944051e-01
-1.120034548139542535e-01
-1.095018167147149418e-01
-1.075970252503583441e-01
-1.069059707859592728e-01
-1.044646724268586402e-01
-1.034522716806080683e-01
-1.021295851271459276e-01
-9.998128129707124778e-02
-9.956683825733479709e-02
-9.821901483065867411e-02
-9.649425550994400469e-02
-9.599054108487066472e-02
-9.542694593769922295e-02
-9.282564621704045282e-02
-9.247212550434961986e-02
-9.168843092566618391e-02
-9.002388925483836846e-02
-8.904102692993293156e-02
-8.800912576427759315e-02
-8.720839427742572980e-02
-8.602912782024657590e-02
-8.487251154901541417e-02
-8.373106135151875407e-02
-8.248979588661121964e-02
-8.172185362651669671e-02
-8.151390309778976107e-02
-7.976665892568431115e-02
-7.958116213259523730e-02
-7.761209213152275854e-02
-7.722205510196061828e-02
-7.677550103448715912e-02
-7.528853549720901372e-02
-7.426828862104147000e-02
-7.398929764690567734e-02
-7.227448226485555516e-02
-7.104412450661513889e-02
-7.048727705665140675e-02
-6.940767944695390435e-02
-6.805840960310653720e-02
-6.741016974480262824e-02
-6.698693446518895478e-02
-6.540231335453010331e-02
-6.479553603521100158e-02
-6.412406606337738013e-02
-6.260906034271532250e-02
-6.190977983848712507e-02
-6.138321461501220627e-02
-6.067718554976830186e-02
-5.930534017981872741e-02
-5.881940628701525647e-02
-5.746970463601101808e-02
-5.698883486287118633e-02
-5.494073942185335319e-02
-5.447970517221022851e-02
-5.341715541231802089e-02
-5.306607518543889762e-02
-5.203724666241826835e-02
-5.083358919856115904e-02
-5.029069457567252044e-02
-4.973759917915655110e-02
-4.936495324357329656e-02
-4.774234305634316583e-02
-4.746556074294948357e-02
-4.714834854922765606e-02
-4.565223571041624601e-02
-4.530218369210637502e-02
-4.462903344123322208e-02
-4.358004660764391164e-02
-4.278001072693969620e-02
-4.156643357604067335e-02
-4.153444383347570240e-02
-4.079167877917173196e-02
-3.921226610208085328e-02
-3.898968527699062103e-02
-3.832321663031050540e-02
-3.679215007018626221e-02
-3.661099020626201739e-02
-3.608812348257792180e-02
-3.488346905119984326e-02
-3.477172819038711754e-02
-3.376888323258403490e-02
-3.364251091629150842e-02
-3.130997816875628892e-02
-3.076300989827434121e-02
-3.005703689818120874e-02
-2.941841717755031352e-02
-2.844701789793263949e-02
-2.746729276925752652e-02
-2.666796852595214318e-02
-2.612139498546383123e-02
-2.598893813033305994e-02
-2.492846532450176608e-02
-2.387976725867900843e-02
-2.264490415546971738e-02
-2.205837217278550089e-02
-2.192477584515029401e-02
-2.085393459493310730e-02
-2.005814832395646022e-02
-1.990147887232295021e-02
-1.837980882913605243e-02
-1.795513990863902704e-02
-1.750500815367466920e-02
-1.638720950565064269e-02
-1.590736654614427828e-02
-1.543670421604747059e-02
-1.507998884006329227e-02
-1.325396466672145064e-02
-1.121929790312140539e-02
-1.081831132414608210e-02
-1.050790207971424514e-02
-1.023267463382006477e-02
-9.963555195944179960e-03
-8.689931920009974151e-03
-7.651528368944077001e-03
-6.958677613529184840e-03
-5.971897955529025144e-03
-4.181385077874569776e-03
-3.508653629951384058e-03
-2.743877239349842064e-03
-1.862147678340980586e-03
-1.285715965887699024e-03
-7.064879836803869290e-04
-1.117960982135921238e-04
1.535980130139494716e-04
9.470746479656289669e-04
1.790308416089541081e-03
2.695556986438824715e-03
4.145376212345323712e-03
4.711318896127308573e-03
4.901286286693948453e-03
5.959132505417762127e-03
6.594232571752591671e-03
8.148496974858471589e-03
8.708786111997978210e-03
9.224609298572012533e-03
9.732169017879493608e-03
1.124702703153268764e-02
1.174469027060514800e-02
1.218347702532312365e-02
1.307453319505318644e-02
1.349126553630129732e-02
1.425593903609289129e-02
1.547918236365520769e-02
1.592186453236085070e-02
1.635289684934669585e-02
1.719572046600590168e-02
1.783898437966533607e-02
1.931991926457499523e-02
1.978846553576869144e-02
2.010340329904884010e-02
2.075252027256836718e-02
2.103029827258585602e-02
2.256434230167897459e-02
2.367252488666720875e-02
2.409549308143305035e-02
2.482986328932303838e-02
2.616542774432752128e-02
2.680585052499839110e-02
2.797749654625584365e-02
2.819321771348692190e-02
2.835859812021683524e-02
2.972610625498360581e-02
3.028828903200059264e-02
3.133876085252584875e-02
3.203692411763399417e-02
3.263421567171293641e-02
3.435877476467030789e-02
3.521971217141776217e-02
3.534191039723716399e-02
3.661215517573713357e-02
3.706735581366827487e-02
3.806412131770241930e-02
3.859824017953394221e-02
3.934021464267468265e-02
3.997744138499951388e-02
4.011120670602918992e-02
4.196625067515519919e-02
4.232289617059915854e-02
4.289900230943299170e-02
4.428387805834999025e-02
4.588075841917854669e-02
4.618023530057703552e-02
4.747410646704421783e-02
4.840927979063650022e-02
4.933477021009870234e-02
4.971073997444058756e-02
5.055261844005243949e-02
5.097095652850341940e-02
5.210889057152601200e-02
5.322015059832676392e-02
5.369955687836106689e-02
5.469321824320900333e-02
5.551683264694529801e-02
5.665507575642496352e-02
5.690544477989794431e-02
5.818526577962238738e-02
5.879331598824880795e-02
5.965633618927534271e-02
6.102261596708968838e-02
6.227242597899738941e-02
6.237052771174479010e-02
6.315712965559186487e-02
6.353834404994709861e-02
6.461375437404219546e-02
6.516748906223794602e-02
6.594076867396488073e-02
6.636150797928651313e-02
6.813704594112021673e-02
6.896659329996940313e-02
6.966134495893401557e-02
7.090874569366303892e-02
7.207084089707463392e-02
7.324559247673471940e-02
7.456497813489486315e-02
7.540566948523372282e-02
7.678633819600545751e-02
7.837002307001414425e-02
7.840407631180494608e-02
8.057821753564925471e-02
8.072462601422844553e-02
8.181162682288378729e-02
8.341331905725672680e-02
8.414500829898809153e-02
8.460633859058676320e-02
8.516097545137980840e-02
8.564242581905034957e-02
8.692230027775606216e-02
8.807563148647049034e-02
8.884653457127048015e-02
8.968036367957006594e-02
9.074231045473860058e-02
9.111258168197564067e-02
9.359593089416992640e-02
9.423053972286631053e-02
9.559608337746051954e-02
9.641626097209793356e-02
9.739719247479707021e-02
9.987911311035943540e-02
1.016029767655744348e-01
1.016854829156601941e-01
1.034065077087590184e-01
1.052354075834806280e-01
1.059770953960500056e-01
1.078239203078684566e-01
1.081878642954117176e-01
1.093583056187510394e-01
1.131019545689729983e-01
1.147367126082917826e-01
1.168861605509173285e-01
1.197536181069132621e-01
1.226747668507479627e-01
