-1.247152142493970217e-01
-1.229795031519651527e-01
-1.195134527899974347e-01
-1.185349827825872143e-01
-1.154822637092967619e-01
-1.131150010284633217e-01
-1.113525095315635732e-01
-1.095370646790986419e-01
-1.088327084714279247e-01
-1.080825649772521602e-01
-1.051982095609586276e-01
-1.036605735686274427e-01
-1.026332396102577760e-01
-1.008416959220311410e-01
-9.839502067911676253e-02
-9.753460859787980997e-02
-9.646154348962912572e-02
-9.554327112829515134e-02
-9.324665669753301467e-02
-9.233775351999365388e-02
-9.154704357612053478e-02
-9.062473628555677008e-02
-8.908809276121995580e-02
-8.837928875722655953e-02
-8.701245980193826612e-02
-8.557182158883758216e-02
-8.488341154713660575e-02
-8.403825904823736259e-02
-8.273723649201850106e-02
-8.124851296662895239e-02
-8.049072279322595780e-02
-8.009346312951376445e-02
-7.907899797850719004e-02
-7.838897636340416697e-02
-7.748241308057088328e-02
-7.502185789307153074e-02
-7.442025840034513506e-02
-7.391531581574842247e-02
-7.320309655763211631e-02
-7.158382550500431984e-02
-7.110463445098673396e-02
-7.079589322441323662e-02
-7.000389223423791885e-02
-6.887747640187989739e-02
-6.718685225231148250e-02
-6.517583699976441103e-02
-6.452261251391055996e-02
-6.371211630419527927e-02
-6.293067397772686422e-02
-6.278062727884411998e-02
-6.113827862269050062e-02
-6.094411503272705727e-02
-6.066568724206966579e-02
-5.831193916268567062e-02
-5.741886416214374983e-02
-5.686996221008985830e-02
-5.617111163048637418e-02
-5.544579629036902602e-02
-5.448519927023044024e-02
-5.390014936521537320e-02
-5.337691423665119617e-02
-5.242161552798789426e-02
-5.113623239577856638e-02
-5.065617812612031867e-02
-4.947049121683413236e-02
-4.794347150180666012e-02
-4.759275050725458867e-02
-4.679552105115525329e-02
-4.618794274946071837e-02
-4.581031388171801638e-02
-4.513157230637856315e-02
-4.412817728341182633e-02
-4.374212089139117854e-02
-4.214204429689540760e-02
-4.114561417743278077e-02
-4.048054787474685695e-02
-3.979114525548949066e-02
-3.827476129591160514e-02
-3.716230067322746911e-02
-3.616728857086187049e-02
-3.588621728259378668e-02
-3.523682470274873413e-02
-3.480077649864830869e-02
-3.360638206658370791e-02
-3.237950000432966019e-02
-3.152915859357614814e-02
-3.081358932523790839e-02
-3.010910970796202429e-02
-2.921897846419975811e-02
-2.857609693743854221e-02
-2.806355271090718584e-02
-2.747132935772317666e-02
-2.596731483164826243e-02
-2.474168035172808616e-02
-2.406972107716572398e-02
-2.301304915334237769e-02
-2.266839488480907813e-02
-2.229412041044354781e-02
-2.151237620108494356e-02
-2.094948131592740820e-02
-2.004385259666891655e-02
-1.936251520518617389e-02
-1.880122771459837375e-02
-1.848547382275623346e-02
-1.755709815119170514e-02
-1.720773085344429881e-02
-1.643327826592978422e-02
-1.539432086971873406e-02
-1.505039146822906120e-02
-1.447745758550023076e-02
-1.353538709136097896e-02
-1.316580780415013870e-02
-1.206822451338679207e-02
-1.107739791455047799e-02
-9.880524022994142952e-03
-9.807743428120704529e-03
-9.225556486428872216e-03
-7.234259611504273262e-03
-6.917575696685424221e-03
-5.898989387039731309e-03
-5.744307421776282882e-03
-5.586704148860084478e-03
-4.091665476849136972e-03
-3.023385665204965725e-03
-2.941443711731848553e-03
-1.794276038720957461e-03
-8.258163401586800277e-04
-2.638656393581644563e-04
6.951429210640282632e-04
1.777594675050499619e-03
2.892362754009968930e-03
3.245213197623830759e-03
3.301430003547555642e-03
3.830808421720875018e-03
5.187379370878489153e-03
6.184531065648066032e-03
7.003834708757682333e-03
7.522594954301907964e-03
8.222501138014247715e-03
9.408981001658033375e-03
1.032916548462144493e-02
1.111465798133819995e-02
1.156531343593098643e-02
1.219942761302107888e-02
1.296353482200867345e-02
1.333142003851580347e-02
1.406673205113340500e-02
1.494792874109450789e-02
1.530242783511252640e-02
1.598236980541427668e-02
1.687395134498391805e-02
1.706431717938724363e-02
1.822500081341821981e-02
1.902998813009082468e-02
2.009211541993067424e-02
2.024603499883986107e-02
2.182676648854079554e-02
2.246070341745587048e-02
2.349298503475377026e-02
2.356959746843503498e-02
2.553670417870923179e-02
2.610162578570461231e-02
2.637433758130980008e-02
2.742751916945037824e-02
2.768125670229370019e-02
2.873472802514436333e-02
2.990694903500636451e-02
3.051444348371903578e-02
3.180313782823250557e-02
3.207914878618852578e-02
3.306074234312759985e-02
3.338783907741457724e-02
3.383166910698848229e-02
3.502027590804827201e-02
3.527458613219026928e-02
3.647882963071596291e-02
3.773367937836549085e-02
3.828612222276416704e-02
3.862976819911824455e-02
3.873625766460175174e-02
3.981419339798022289e-02
4.060019794511408181e-02
4.126206039605315873e-02
4.367110899149946601e-02
4.392657359003461492e-02
4.421730848220170595e-02
4.470848242594149813e-02
4.673077074921006685e-02
4.718295434374859126e-02
4.834142924092677679e-02
4.853554948217165405e-02
4.925823336399987734e-02
5.018489105895177632e-02
5.117648673984759311e-02
5.168907821337760666e-02
5.308528275182695239e-02
5.430268380730340905e-02
5.514801775675588769e-02
5.597735471595067375e-02
5.744627516076444146e-02
5.788299511851987406e-02
5.899159911636561032e-02
5.946346423208952875e-02
5.989666919453714294e-02
6.045080897504524764e-02
6.136796343534160758e-02
6.284217717911194656e-02
6.495273224337751172e-02
6.555395778312871069e-02
6.587336552651223975e-02
6.640600059941051403e-02
6.711147181462495670e-02
6.779821816605534346e-02
6.948210695083090194e-02
7.004092624070071271e-02
7.103665277069715067e-02
7.293925388575392410e-02
7.389645065714717242e-02
7.420439207489515354e-02
7.527857566379601850e-02
7.607236139358221350e-02
7.698198757683864801e-02
7.813676194285622267e-02
7.953709927135785285e-02
8.065645125960785311e-02
8.128520887070146694e-02
8.198037278584056897e-02
8.283731516702630415e-02
8.351501128634490623e-02
8.399077417539528578e-02
8.464664839283203568e-02
8.508465031086173691e-02
8.764492087274543264e-02
8.838351511219062762e-02
8.990674020552956447e-02
9.132853519614071713e-02
9.247429504195808780e-02
9.377912928242074231e-02
9.479823958514850546e-02
9.586212595475848697e-02
9.775931176039394377e-02
9.815255800319475088e-02
9.847553468014302869e-02
1.011323172128818781e-01
1.016724517949535306e-01
1.019431252562715690e-01
1.057008252904599321e-01
1.069838110018022925e-01
1.074130786298099494e-01
1.081450438716126672e-01
1.097359745315171498e-01
1.133376584516957025e-01
1.152640404695773751e-01
1.178229108413073323e-01
1.206068455512538523e-01
1.212775039170030933e-01
