-1.243820470201628808e-01
-1.195871811907515542e-01
-1.166176386555630717e-01
-1.139457508504280042e-01
-1.131727530903015450e-01
-1.110631322601120935e-01
-1.086931489659403588e-01
-1.085381581178122001e-01
-1.067090677258883125e-01
-1.050927623989995202e-01
-1.043580329372636173e-01
-1.018065982837959293e-01
-1.011362385233406658e-01
-1.000698566241816634e-01
-9.884866297316027839e-02
-9.736590775639296369e-02
-9.631284058028373452e-02
-9.515415030387575079e-02
-9.397229162236409028e-02
-9.313779062032483125e-02
-9.174751803637265501e-02
-9.035154399642365830e-02
-8.966330963336138771e-02
-8.875359097826275578e-02
-8.687237376414500001e-02
-8.551785482604341848e-02
-8.531659791508090784e-02
-8.303227401522771112e-02
-8.259435689610490627e-02
-8.150123351289828566e-02
-8.047245562257575313e-02
-8.015895407989044597e-02
-7.952906067202454576e-02
-7.788311916035302318e-02
-7.785624892561053556e-02
-7.747220938241299037e-02
-7.566880083444892102e-02
-7.493591658547692214e-02
-7.419351838875704042e-02
-7.386607058220116817e-02
-7.193116247526429308e-02
-7.077457960157111649e-02
-6.913275595801796070e-02
-6.877134037041786330e-02
-6.849363629751070714e-02
-6.645130658493904330e-02
-6.588007043948472530e-02
-6.468721130427311505e-02
-6.371840815974921801e-02
-6.295777685445742844e-02
-6.217071726953529720e-02
-6.132929876393081181e-02
-6.007618456811134044e-02
-5.922725735763568339e-02
-5.783070530966208378e-02
-5.738711931287317908e-02
-5.654538374196780431e-02
-5.513285910837307374e-02
-5.506625273896956219e-02
-5.418834341087272466e-02
-5.218581973540045715e-02
-5.183411938450892958e-02
-5.101702025711220972e-02
-5.007242125075769129e-02
-4.928565274005512753e-02
-4.854091007879267339e-02
-4.789123348454545070e-02
-4.638265449734653434e-02
-4.557561554961216815e-02
-4.467410226458765066e-02
-4.427147885233875119e-02
-4.347883418929528870e-02
-4.299606209094483655e-02
-4.187463580198491631e-02
-4.123793520498356124e-02
-4.040988146892891125e-02
-3.960961679607952896e-02
-3.893923283123613965e-02
-3.792679875076861856e-02
-3.692510251488916734e-02
-3.617731161219256419e-02
-3.573564775577005304e-02
-3.463144752147427619e-02
-3.390677585968328994e-02
-3.319678791151480651e-02
-3.232637970819317308e-02
-3.167912327694932806e-02
-3.070905042351482553e-02
-3.030852820129828831e-02
-2.842398940681051603e-02
-2.784134064660773525e-02
-2.777227681363898804e-02
-2.728914574906636872e-02
-2.591656481837908976e-02
-2.551297370517088825e-02
-2.477763662704966785e-02
-2.410643411950308401e-02
-2.367349586222624105e-02
-2.262208080681762240e-02
-2.172722088820098346e-02
-2.070483899547304746e-02
-1.997945188049157772e-02
-1.975907881283160694e-02
-1.875561980421541070e-02
-1.839285721046492184e-02
-1.692103905926543167e-02
-1.614783444033199289e-02
-1.580841177530596664e-02
-1.419221309303363328e-02
-1.347660044866778178e-02
-1.341302075756316443e-02
-1.302154326550589158e-02
-1.186834077474817686e-02
-1.134532315111975130e-02
-1.024336977140705672e-02
-9.755552594617035098e-03
-8.829429438626006793e-03
-7.924109030716932831e-03
-7.413823839018793618e-03
-6.899492843269128262e-03
-6.485706113756893598e-03
-6.234667221881289544e-03
-4.271356670225836226e-03
-3.664923943633252752e-03
-2.658185776893894677e-03
-2.530466640347778587e-03
-1.753475388538902006e-03
-6.291899077491216888e-04
-3.356984557954777735e-05
2.691201898787844334e-04
1.466774804249192533e-03
2.099408125637566846e-03
3.221983796895347332e-03
3.847372968149766030e-03
4.247094760133234004e-03
5.426938882608637292e-03
5.701980129038716934e-03
7.587167401947480204e-03
8.331578321212613006e-03
9.096041064700605139e-03
9.614252044943556036e-03
9.810321339127375806e-03
1.157426191249076933e-02
1.198734875408512084e-02
1.246588530308015072e-02
1.305546447836879696e-02
1.444279086876662684e-02
1.530908626117686612e-02
1.549394486947180787e-02
1.601163393727357553e-02
1.725201693730322658e-02
1.780841034938707504e-02
1.854061527786021041e-02
1.959741374939792322e-02
2.046126680309912418e-02
2.111371303623263418e-02
2.177508248370104219e-02
2.341013933482315526e-02
2.371084804698243495e-02
2.438665906592815333e-02
2.550378310955083924e-02
2.678085763108867257e-02
2.706355372809983104e-02
2.752052081292088309e-02
2.800787904528920930e-02
2.830298638713029183e-02
2.874282773215838457e-02
2.996588327833956886e-02
3.114288563622400960e-02
3.213306469359113876e-02
3.296088106194122042e-02
3.341130332472236342e-02
3.416492498743931711e-02
3.515273287982356720e-02
3.581727770576807746e-02
3.655431397839822849e-02
3.752382771599475225e-02
3.816298714250552365e-02
3.915064725672626200e-02
3.992164714556567517e-02
4.074563021708445948e-02
4.119308910854126843e-02
4.160674033653463666e-02
4.232610663984037042e-02
4.381170614466484148e-02
4.450435284102358807e-02
4.497504261429801503e-02
4.570440946287219336e-02
4.652786978168007431e-02
4.751612862531987697e-02
4.881198175097701403e-02
4.966259926821439685e-02
5.125215685992234871e-02
5.133176083179107757e-02
5.208463547550229444e-02
5.284210019741938935e-02
5.374027042591333903e-02
5.508319315982530828e-02
5.559338171653163685e-02
5.654182380993863499e-02
5.739427800915905542e-02
5.882299377392685713e-02
5.938648988413919305e-02
5.983940136004063659e-02
6.104890980023042202e-02
6.174270484679778709e-02
6.294585004265998429e-02
6.459186409780116878e-02
6.524898721030004956e-02
6.534220742783779234e-02
6.688380715182529190e-02
6.831628865419409058e-02
6.878493021039863708e-02
6.960492896998418666e-02
7.062161789195156580e-02
7.124328853732332656e-02
7.249178211531470684e-02
7.353609342741834753e-02
7.368239438855617163e-02
7.432819773678690789e-02
7.526739773334235883e-02
7.606265668151797332e-02
7.745874338398081593e-02
7.856146780586821532e-02
7.972079747176541442e-02
8.007031477232505468e-02
8.136838537005219862e-02
8.175658852697456624e-02
8.341600184184976008e-02
8.498684588602463397e-02
8.505393888696065330e-02
8.584887351547271228e-02
8.705188184863912881e-02
8.803138908171456722e-02
8.958025858778988215e-02
9.003039106931577662e-02
9.216013239906044319e-02
9.240046852691612134e-02
9.415843725622037585e-02
9.613394921739150389e-02
9.675966414248179936e-02
9.780891059325112769e-02
1.002843416060541643e-01
1.009281294233492915e-01
1.043732619296826036e-01
1.054170093563457089e-01
1.070743829228742172e-01
1.084452570772108104e-01
1.096799282261762404e-01
1.115809283454056444e-01
1.119427197589707851e-01
1.140894882062240406e-01
1.168885269578473218e-01
1.182315194499199001e-01
1.190063971358101824e-01
1.252374395391860074e-01
