-1.248037414746272639e-01
-1.194893285617529971e-01
-1.162426087086627507e-01
-1.151767034953296576e-01
-1.123135258585290092e-01
-1.120049661590222650e-01
-1.106106068970669765e-01
-1.085612514484765173e-01
-1.062080078484937684e-01
-1.047399268428751001e-01
-1.039313308609346592e-01
-1.022627647081689878e-01
-1.004290516554199181e-01
-9.948039754320876782e-02
-9.862986939635431938e-02
-9.673015765571688074e-02
-9.527385899917721612e-02
-9.447721443520426532e-02
-9.232726353824784182e-02
-9.149564706174685702e-02
-9.085642173654917553e-02
-9.033311640635653672e-02
-8.889337046699920253e-02
-8.811962069053887181e-02
-8.673670736043190277e-02
-8.628176668153027251e-02
-8.543829519041282183e-02
-8.468127307688853855e-02
-8.350375724229273933e-02
-8.310111174369123888e-02
-8.131776221290086537e-02
-8.057209741116441726e-02
-7.872810998667904847e-02
-7.740586382642783425e-02
-7.571833166425215311e-02
-7.529636974659800752e-02
-7.474966212951432432e-02
-7.348647014921813603e-02
-7.258985245336919967e-02
-7.179492421000450986e-02
-7.077583624545340235e-02
-6.978817403111775564e-02
-6.892050090831026987e-02
-6.785611077057331075e-02
-6.677572306808383928e-02
-6.652237183623345429e-02
-6.589835022788041730e-02
-6.419825051509385483e-02
-6.262873382050848647e-02
-6.227353542993602220e-02
-6.162284211798786659e-02
-6.123804567023902190e-02
-6.054532391143329501e-02
-5.937978046640721153e-02
-5.892302441453999007e-02
-5.749066665553129868e-02
-5.664844357249228246e-02
-5.519924197241467961e-02
-5.447194414069572721e-02
-5.399898275752647997e-02
-5.347079226256308548e-02
-5.280490017174443995e-02
-5.143353194099176129e-02
-5.076451862143617488e-02
-5.048410679727138861e-02
-4.926020435295017791e-02
-4.807206557740512087e-02
-4.727736370613455641e-02
-4.648907420866019158e-02
-4.618640967703405847e-02
-4.504709808220422329e-02
-4.480312559068300865e-02
-4.404137805707922931e-02
-4.282440491499821256e-02
-4.236807080984116708e-02
-4.082795890676349515e-02
-4.031314524519558767e-02
-3.980682832949133249e-02
-3.906043144239718101e-02
-3.860063315215519347e-02
-3.703248856265305838e-02
-3.683248730996126208e-02
-3.609015699128993726e-02
-3.449236482344673199e-02
-3.362316685135981198e-02
-3.337831486600228992e-02
-3.217496285643609705e-02
-3.113757864958088123e-02
-3.056438797880147926e-02
-2.968619867886368446e-02
-2.855697472825747749e-02
-2.846825881758111021e-02
-2.832404309570210263e-02
-2.643574775699347734e-02
-2.578463923791597320e-02
-2.554636296808565285e-02
-2.504535465830924970e-02
-2.384491823265476665e-02
-2.379079250101820420e-02
-2.299737308262067223e-02
-2.262541274340962652e-02
-2.119335969639906184e-02
-2.090096788553216095e-02
-1.985328253667057591e-02
-1.869239734653638241e-02
-1.833126347924941488e-02
-1.776176639622166140e-02
-1.702507952254913789e-02
-1.607742511902477897e-02
-1.507867775164165383e-02
-1.442708941880642241e-02
-1.264501805494139784e-02
-1.244461107558720268e-02
-1.138776171281842726e-02
-1.096108633811509678e-02
-1.037023939605380245e-02
-9.716695528022517223e-03
-8.280986292220921668e-03
-7.759490804548963006e-03
-6.195754845244606443e-03
-6.057602657554731623e-03
-5.229734175898364222e-03
-4.553316300125685549e-03
-3.525486935297189942e-03
-3.275952565795446463e-03
-2.166866479263840350e-03
-1.708614115994668958e-03
-7.135034564230836700e-04
-5.587464966339779267e-05
6.995619484830094921e-04
1.178908377741489343e-03
1.743564916047143486e-03
3.825330797968048025e-03
4.246557145207298205e-03
4.712162274073207480e-03
5.764693181421531865e-03
6.587314845694269318e-03
7.214482832967663954e-03
8.227894182325390382e-03
9.550901708830826162e-03
1.025353180939073822e-02
1.132647220308122087e-02
1.176560950521849877e-02
1.274641745854909226e-02
1.370908037685849949e-02
1.397537016428526506e-02
1.465143214126566826e-02
1.536371643469312820e-02
1.582858727928219966e-02
1.669818272586035338e-02
1.770769254105532958e-02
1.876873181113822633e-02
1.935399236762036512e-02
2.132096580133164068e-02
2.197621446744333490e-02
2.245651805418815566e-02
2.298276215805690817e-02
2.385565824416758726e-02
2.429635576521288476e-02
2.488372780553787383e-02
2.597969557749978120e-02
2.683041518412846924e-02
2.702965889307847036e-02
2.766355215425979341e-02
2.818537110721481762e-02
2.882649824077621742e-02
2.954946317821589841e-02
3.159778657013759956e-02
3.212715820760998764e-02
3.283462990241974022e-02
3.376121986568292321e-02
3.510612785223534565e-02
3.578312293315961956e-02
3.622630541914329677e-02
3.696394301569191215e-02
3.807124282238882884e-02
3.824720172148250025e-02
3.894263658355403418e-02
3.947686976199941272e-02
4.017943519947719810e-02
4.068911838551773907e-02
4.196803918237464182e-02
4.232490190630092131e-02
4.363480582387586904e-02
4.522024425906926576e-02
4.555834526284341379e-02
4.603955323665644833e-02
4.757107683587779440e-02
4.789207027498709746e-02
4.858845594762603581e-02
4.950012821086133968e-02
5.033985494283679807e-02
5.088624309148474106e-02
5.171490662411672851e-02
5.247336015515408764e-02
5.255363076286114626e-02
5.377306703946221206e-02
5.503881603047180993e-02
5.512881165781193665e-02
5.672752723939579467e-02
5.778679473883550216e-02
5.857941331614337221e-02
5.893696046086870088e-02
5.924645805870729087e-02
6.039905596397968091e-02
6.082745282766906236e-02
6.180543547420892098e-02
6.292125648865591614e-02
6.377808799371630089e-02
6.493982133901042564e-02
6.615976958204594638e-02
6.676248396524582518e-02
6.870090163805618599e-02
6.925538383943558030e-02
7.008877452013345666e-02
7.047279384232234267e-02
7.233098240832966375e-02
7.364268413521217471e-02
7.404575852523599677e-02
7.477947875628275509e-02
7.596297777628994996e-02
7.642708847211769629e-02
7.741355575893071883e-02
7.828399241322370194e-02
7.933737156004438962e-02
8.035568800547467083e-02
8.224328082882795266e-02
8.265455653722010576e-02
8.451754475364711694e-02
8.534090156362128532e-02
8.655772460752987618e-02
8.769767655629735759e-02
8.863194527744297502e-02
8.925977065819513945e-02
9.059960843120622165e-02
9.087003058882435480e-02
9.203433025505615428e-02
9.389032189754339952e-02
9.488421986116978013e-02
9.736972072538045697e-02
9.785725374382597819e-02
9.904162263235460895e-02
9.992003070510978302e-02
1.005839279432878264e-01
1.022514536229444659e-01
1.032728679422711265e-01
1.046259139994622361e-01
1.059250167518727415e-01
1.075925505755378903e-01
1.085457456172118085e-01
1.103492959611340751e-01
1.134290848521687378e-01
1.153138718031418292e-01
1.157081145446580556e-01
1.208079958219018812e-01
1.230124385376770574e-01
