-1.235496754281986270e-01
-1.204879157306292803e-01
-1.177196088529276902e-01
-1.153201420100965213e-01
-1.124297032486110126e-01
-1.115368654976303525e-01
-1.104205881020195873e-01
-1.087684506787978400e-01
-1.076362320356431534e-01
-1.054140418513538208e-01
-1.045802578938891808e-01
-1.026158471906614272e-01
-1.009642569002117685e-01
-9.978862452321105025e-02
-9.857992537181758941e-02
-9.688922402530208977e-02
-9.674352436721721238e-02
-9.476442822969323443e-02
-9.436154748704991824e-02
-9.359716139941114121e-02
-9.136517493202996054e-02
-8.954314156258813551e-02
-8.898010789846150237e-02
-8.811447649859081854e-02
-8.658193285554185992e-02
-8.515497829115077633e-02
-8.402193589906271909e-02
-8.339428401379744837e-02
-8.257480693425599261e-02
-8.107317614182840693e-02
-8.043045533726403407e-02
-7.947762021171013436e-02
-7.850160034138513321e-02
-7.787830999959131917e-02
-7.674856329321171067e-02
-7.602489345408108834e-02
-7.484173254686057875e-02
-7.346179472927870380e-02
-7.286840976535173542e-02
-7.204731269120918935e-02
-7.158370850508777306e-02
-7.013196093519351304e-02
-6.950064506915236417e-02
-6.932936738964208534e-02
-6.682071439163811410e-02
-6.620732234910324532e-02
-6.435378573352407150e-02
-6.413904618059142193e-02
-6.390631142409394783e-02
-6.280293308768762628e-02
-6.222975447419600709e-02
-6.118190278135063331e-02
-6.023294614314104317e-02
-5.978152613626642325e-02
-5.859218960896158540e-02
-5.725519337873431064e-02
-5.659661532057948252e-02
-5.534124983394320130e-02
-5.507300121824912353e-02
-5.383122305788151651e-02
-5.289824202723634322e-02
-5.256976839003363322e-02
-5.164971003225168195e-02
-5.052866268221036655e-02
-4.989736569176915493e-02
-4.916202412927338922e-02
-4.906536907248103957e-02
-4.798480938699678511e-02
-4.795413447338858770e-02
-4.755546523390776631e-02
-4.621667303781455682e-02
-4.540327167253586232e-02
-4.466437021012532871e-02
-4.389960274717819022e-02
-4.261711849774002525e-02
-4.126161621764228016e-02
-4.030382693525432630e-02
-3.958154372981181890e-02
-3.888406082278563630e-02
-3.771807033576915491e-02
-3.740041436036180278e-02
-3.693755017894886222e-02
-3.608238247363807633e-02
-3.551004454595889370e-02
-3.433334555802294158e-02
-3.392991042291598758e-02
-3.275832405629582056e-02
-3.124690531183253045e-02
-3.014245269367427787e-02
-2.915055580611126962e-02
-2.885030664860268115e-02
-2.826720879702248126e-02
-2.803559280699997533e-02
-2.717176307194842794e-02
-2.648107804146345931e-02
-2.559556801013773350e-02
-2.446743010415748654e-02
-2.384540663759196141e-02
-2.272177339798072543e-02
-2.252860224915112161e-02
-2.140775839730435504e-02
-2.025869348953373769e-02
-1.979936792876033080e-02
-1.908546768325215803e-02
-1.806795930701610153e-02
-1.782051671466448189e-02
-1.570032159804335414e-02
-1.477797667423084646e-02
-1.425010296657309300e-02
-1.392180962514759195e-02
-1.314652213821330962e-02
-1.275560918415858530e-02
-1.191314610006795685e-02
-1.103996372576364869e-02
-1.046315168947698458e-02
-8.856038352068022410e-03
-7.841065559560846804e-03
-6.845422405018735008e-03
-6.668292310143450995e-03
-6.167555485657524525e-03
-5.480715366856596035e-03
-4.756634829773970057e-03
-3.999989310882674440e-03
-3.012701650332718674e-03
-2.067868234434276729e-03
-1.601985794104385545e-03
-9.636091009233732109e-04
3.708423524700354967e-04
1.305182577795793632e-03
1.487937848029704342e-03
2.015861483519455679e-03
2.522622989497321291e-03
4.280998057604142211e-03
4.646584348954135163e-03
5.520723306510772442e-03
5.744097184035356490e-03
6.762436848372363821e-03
7.541335247440845296e-03
8.914624034812839576e-03
9.585262820428734273e-03
1.003094505275976475e-02
1.073861184253475758e-02
1.165059692471592453e-02
1.226864931201185858e-02
1.257873848505521898e-02
1.350928423486119460e-02
1.415662045772204773e-02
1.450959289843728808e-02
1.639050053179847560e-02
1.711039069958034814e-02
1.779662297016633074e-02
1.821495386501545063e-02
1.894004188119384480e-02
1.937257513974997153e-02
2.051395409535460013e-02
2.063524617755394669e-02
2.236954099947475322e-02
2.268925884370752433e-02
2.387220518156621396e-02
2.493820145507633784e-02
2.503163166430191766e-02
2.580640318947409473e-02
2.751271407087814772e-02
2.796154695447911065e-02
2.878432056768867944e-02
2.919242739032937295e-02
2.976624092101669283e-02
2.986241233947600771e-02
3.068062981543256615e-02
3.151703211158619899e-02
3.234023337883535493e-02
3.370214715517347998e-02
3.421849379056109142e-02
3.489303422428564200e-02
3.594627760966735003e-02
3.653409042974770093e-02
3.769191960091429483e-02
3.889528180053913181e-02
3.909276117646609539e-02
4.044569465502030614e-02
4.164325475003719662e-02
4.271639054822204407e-02
4.292196994332033583e-02
4.388676502063827006e-02
4.498383104757452261e-02
4.512967024101215141e-02
4.619228929787454196e-02
4.712166425811741693e-02
4.877216945164809803e-02
4.897814589959897241e-02
5.034168950849489399e-02
5.084074040508356623e-02
5.116387966519009289e-02
5.227582920174165398e-02
5.326090602061835794e-02
5.420906244203520935e-02
5.439175764373452987e-02
5.528203974957755090e-02
5.552655571873450768e-02
5.688564060201296846e-02
5.718741996727141896e-02
5.816329421971624947e-02
5.939672235142252898e-02
6.061821429616685158e-02
6.205666527401808297e-02
6.252359971676002548e-02
6.299258837872048766e-02
6.430749194749187103e-02
6.476543175886718962e-02
6.583594453811342229e-02
6.678461609799941912e-02
6.746746874916220715e-02
6.862501462145462194e-02
6.967548491359228102e-02
6.984419058127903923e-02
7.119139337397877021e-02
7.161462710886024041e-02
7.341444283171232044e-02
7.467382628925596511e-02
7.489489111015201761e-02
7.597238777841983093e-02
7.666503121505910401e-02
7.823945731920960156e-02
7.914509860121561602e-02
7.971500351437867116e-02
8.067563444637997072e-02
8.154572651888684909e-02
8.226683231473037872e-02
8.342510175059750233e-02
8.406637287603922759e-02
8.612844428984585410e-02
8.684511462025802653e-02
8.808847442960381080e-02
8.964559997860704899e-02
9.082759130215740939e-02
9.225205974241265650e-02
9.362953579105434687e-02
9.411296033168184416e-02
9.505118067258111481e-02
9.596447080616141156e-02
9.657129033684969110e-02
9.760241142435875650e-02
9.918230517982858097e-02
9.988714852488594920e-02
1.010492096962498226e-01
1.032619934952561519e-01
1.044286897922509921e-01
1.049899417356847248e-01
1.059644334929123605e-01
1.085182413275501967e-01
1.096456842657954345e-01
1.121175877360113537e-01
1.144157600352427029e-01
1.186395968084705266e-01
1.195747409155103608e-01
1.205576657605479524e-01
