-1.208596550884461079e-01
-1.194879892592800863e-01
-1.164066124388398737e-01
-1.146052927300275498e-01
-1.122621510595685074e-01
-1.108351353560715347e-01
-1.103773707574996765e-01
-1.084426194709450370e-01
-1.064512392366578214e-01
-1.056847298527454626e-01
-1.036951504287526166e-01
-1.025436505034220680e-01
-1.018471418004379681e-01
-1.002509344650834716e-01
-9.938654126863370741e-02
-9.751548592493686218e-02
-9.648205942695074755e-02
-9.619318117748042185e-02
-9.444416766169853872e-02
-9.372269704633005849e-02
-9.191061929392810304e-02
-9.068029469426919231e-02
-9.015548061387967937e-02
-8.906738070716517519e-02
-8.686136630867209718e-02
-8.599057180803303113e-02
-8.528973282442829651e-02
-8.376245767595608127e-02
-8.213125079927618977e-02
-8.166653969044278261e-02
-8.072178969386092917e-02
-8.014083253565919274e-02
-7.885129140286895044e-02
-7.813056058916997837e-02
-7.713721163726855456e-02
-7.656530126011457105e-02
-7.501374244352232434e-02
-7.397625000145648111e-02
-7.323182109982297183e-02
-7.209192836246113012e-02
-7.080290653504200948e-02
-6.974740605525017734e-02
-6.927895363101284343e-02
-6.825068128297404058e-02
-6.661011748234801910e-02
-6.639123342600175559e-02
-6.505667044621592232e-02
-6.380395604268142284e-02
-6.330965199768837093e-02
-6.255386392020853559e-02
-6.180817106529930965e-02
-6.101738783100822683e-02
-5.991274971744257882e-02
-5.976596726559587486e-02
-5.804194724941420802e-02
-5.694116525826774938e-02
-5.590511647024239139e-02
-5.519345730489060714e-02
-5.428697465293900321e-02
-5.335603891424735290e-02
-5.277348165392061613e-02
-5.166963580849328469e-02
-5.101389888842775000e-02
-5.041374591013576129e-02
-4.961025285341669200e-02
-4.885949613463158592e-02
-4.794913468323925426e-02
-4.711485494149675324e-02
-4.607590960465596241e-02
-4.517478464341536520e-02
-4.370201313189510384e-02
-4.296621616149712275e-02
-4.245702547790008302e-02
-4.206695153874001614e-02
-4.160151053130550086e-02
-4.089904624253633963e-02
-4.016202015598340641e-02
-3.972092197650897716e-02
-3.820835202220224103e-02
-3.770573534718661690e-02
-3.676791331878440788e-02
-3.616276032440646909e-02
-3.583279644309098066e-02
-3.429459040898964056e-02
-3.375163966854934777e-02
-3.276010234911094082e-02
-3.246557912297337589e-02
-3.167863686046738098e-02
-3.022820512604938031e-02
-2.931543639744690205e-02
-2.893903382027718935e-02
-2.850689168889353892e-02
-2.688661570958687796e-02
-2.667995945362411706e-02
-2.594500146037525407e-02
-2.516505462339443597e-02
-2.445016361428339544e-02
-2.365784432795468503e-02
-2.289982199517720529e-02
-2.231917621127847695e-02
-2.136862239297516661e-02
-2.104310256410323737e-02
-2.062460752737388381e-02
-1.937020253558885061e-02
-1.876854022634327074e-02
-1.747592861399997408e-02
-1.671808334235373034e-02
-1.632631644750280261e-02
-1.519643529829345537e-02
-1.449109565900456691e-02
-1.372873350878558649e-02
-1.314234045347714187e-02
-1.187295251179788791e-02
-1.165594741207724369e-02
-1.095218009993024176e-02
-1.020647754780461963e-02
-9.410385986136511269e-03
-9.067257776452588430e-03
-8.658511508331490428e-03
-7.371208313806690456e-03
-6.606705014344537753e-03
-5.596225674215423752e-03
-3.825633020115983256e-03
-3.564699940869117591e-03
-3.082722605230022329e-03
-2.133175918795567581e-03
-9.112316891555909690e-04
-6.090767792370742340e-04
-2.220645621808707375e-04
1.806950135744623534e-03
2.549902310245919391e-03
3.161861114191022708e-03
3.874404547016352916e-03
4.913295086981867704e-03
5.679381092559240493e-03
5.984376433309695868e-03
6.912740050441718194e-03
8.156368918629974818e-03
8.979897587438683340e-03
9.407818474374296872e-03
1.037774647605649997e-02
1.075433364351392231e-02
1.120577450717294594e-02
1.224343023503706232e-02
1.309023286686065990e-02
1.368209119109909527e-02
1.409011849026954415e-02
1.548929578484320967e-02
1.616624031401300496e-02
1.677281336848463270e-02
1.738194846340499269e-02
1.883454527918935681e-02
1.902681936953896230e-02
1.968790657866215099e-02
1.977239433731921639e-02
2.090878033863582952e-02
2.194112949585342795e-02
2.259775155467044078e-02
2.317252052155539463e-02
2.352402537118648135e-02
2.466053976369340928e-02
2.518348276623108215e-02
2.625282694752397242e-02
2.704382252871866121e-02
2.820807102683861589e-02
2.899579478163957780e-02
2.931543201513071850e-02
3.116552642408374277e-02
3.211827259688468383e-02
3.274710962362568228e-02
3.353054549289065378e-02
3.383715001068601791e-02
3.426060555079911418e-02
3.485262136570890096e-02
3.558357046495264076e-02
3.614535430809902306e-02
3.737618299025614182e-02
3.851552769367876106e-02
3.903831823160366921e-02
3.977702584112215861e-02
3.982830432880957866e-02
4.134007104477593203e-02
4.207346313932135845e-02
4.287267707282452212e-02
4.340808551706392543e-02
4.387764868996081591e-02
4.490285990312740255e-02
4.533216708034473741e-02
4.696284031356691424e-02
4.765296942759535137e-02
4.916513969171697890e-02
4.943134754918699497e-02
5.029622499088218929e-02
5.053580399400010165e-02
5.278307989211211693e-02
5.291335104786829002e-02
5.378608954536756581e-02
5.489547722921186979e-02
5.548790561424403467e-02
5.610181708980774284e-02
5.788294080825249349e-02
5.883814687421256434e-02
5.980968481987292834e-02
6.068680207000504145e-02
6.128043186126787278e-02
6.190021859255335351e-02
6.287960401330423832e-02
6.357557112245920683e-02
6.454749316649642521e-02
6.483228180202851854e-02
6.630057619668701385e-02
6.768157080584802365e-02
6.805667959625859298e-02
6.923200593784790968e-02
6.943194258034152133e-02
7.088338215317015190e-02
7.108630287275514992e-02
7.335466707351923077e-02
7.369215588702376918e-02
7.448830480678193811e-02
7.502996664448877140e-02
7.683695169634498223e-02
7.810404871696836893e-02
7.822436306431844455e-02
7.995009499067236292e-02
8.054460644151510695e-02
8.236464554865058352e-02
8.354666684446324099e-02
8.388310942126649128e-02
8.497594051135230753e-02
8.526740273320171370e-02
8.640346537705093088e-02
8.754798994295673320e-02
8.981634257217521733e-02
9.057731705677501965e-02
9.230014216697936258e-02
9.346051024337938273e-02
9.401078118240739634e-02
9.520841824697395817e-02
9.579591327078877672e-02
9.831172947269631313e-02
9.937441683359984901e-02
9.993385863257178703e-02
1.007892466648269425e-01
1.030346707009742180e-01
1.044536048583894761e-01
1.062507276721815497e-01
1.079077573241521287e-01
1.096355742322777937e-01
1.099248290478997137e-01
1.111214311613912403e-01
1.133343268733657122e-01
1.156692788336598499e-01
1.164906094669752729e-01
1.191600601082089400e-01
1.256737613865770709e-01
