-1.210418873984447502e-01
-1.203986978742538072e-01
-1.165285629136649792e-01
-1.143712350618573126e-01
-1.130318304236397481e-01
-1.110944500021632669e-01
-1.096484004489701042e-01
-1.073909154767905827e-01
-1.056656810730955687e-01
-1.044470654658525982e-01
-1.029647599255767848e-01
-1.005720941948971270e-01
-9.962876097179033941e-02
-9.909762581196168707e-02
-9.861684051423327824e-02
-9.643487519086635373e-02
-9.476569078559518577e-02
-9.454888484044791930e-02
-9.235994744168249393e-02
-9.212588779455983812e-02
-9.060545319442465939e-02
-9.020935548877943855e-02
-8.910517587752533886e-02
-8.790999589705006390e-02
-8.709645364591121763e-02
-8.659075197051960271e-02
-8.501241556226675489e-02
-8.414732729213721119e-02
-8.301812067439207077e-02
-8.114810574809651345e-02
-8.071210955122846975e-02
-7.979180377417990910e-02
-7.826391764537332651e-02
-7.736694064551191685e-02
-7.673794859385565936e-02
-7.633565345859294471e-02
-7.507048215645696632e-02
-7.439158284126445864e-02
-7.291838499212176250e-02
-7.210782599187263997e-02
-7.190436323132284868e-02
-7.067220436584127630e-02
-7.001003307200356907e-02
-6.909085737213535583e-02
-6.847993576697977702e-02
-6.773213233420866120e-02
-6.638465323333651857e-02
-6.591878369796703996e-02
-6.444350230881276675e-02
-6.388882119563148165e-02
-6.270325014470273794e-02
-6.139985609521438764e-02
-6.005319294769705107e-02
-5.956396858424522350e-02
-5.885096782378125557e-02
-5.848088684470559295e-02
-5.739769672585123134e-02
-5.604188391793488849e-02
-5.559080255725366848e-02
-5.501281560467383147e-02
-5.419354411417573458e-02
-5.288154725134337764e-02
-5.179348058543623706e-02
-5.081148661191425137e-02
-4.988068067725297261e-02
-4.919647767268207905e-02
-4.902569381047133107e-02
-4.851300177824401094e-02
-4.789767665003058505e-02
-4.557555552517169456e-02
-4.473692217408348215e-02
-4.388457987764016882e-02
-4.286379950322765503e-02
-4.228278663599842335e-02
-4.138777571484747453e-02
-4.042330059983907653e-02
-3.940977994397599354e-02
-3.877139016969605168e-02
-3.856454455031398110e-02
-3.837906849180455771e-02
-3.697474587902480070e-02
-3.630701662503467431e-02
-3.573113537355408764e-02
-3.426766430316387918e-02
-3.365935123310823118e-02
-3.183273299331847855e-02
-3.118678308121101278e-02
-3.082177424739996827e-02
-2.898932986126829744e-02
-2.851100985993185524e-02
-2.787427495976277717e-02
-2.768082014255180898e-02
-2.745318131167368350e-02
-2.566549641089118858e-02
-2.542052329899597077e-02
-2.447766487315806982e-02
-2.390390796064750453e-02
-2.342925566835425341e-02
-2.231071258966049742e-02
-2.162382513042236318e-02
-2.069290487448968707e-02
-2.027815281909041423e-02
-1.969028555861575616e-02
-1.860989511395824691e-02
-1.757346244158240756e-02
-1.699892779443366517e-02
-1.639004396241659778e-02
-1.555333805277361696e-02
-1.473209904480922254e-02
-1.451318949928526343e-02
-1.357603858352051177e-02
-1.270680062821102387e-02
-1.222652943958730393e-02
-1.141641706368966280e-02
-1.046853058223791433e-02
-9.858557234319291832e-03
-9.115920891723651096e-03
-8.645987349383798745e-03
-7.643922874997026266e-03
-7.210168453248407862e-03
-6.337050531601742982e-03
-5.243686852322112200e-03
-4.807262560136044832e-03
-4.132311881664612468e-03
-3.289615509413437722e-03
-3.005724281790160199e-03
-1.735057212167480985e-03
-1.496629431500655708e-03
-1.278463898135317718e-03
2.149466207630738228e-04
1.693316086149486898e-03
1.937801018687157354e-03
3.213825167872660232e-03
3.261261948772871573e-03
3.935700271822219556e-03
5.540200677340820050e-03
6.021211739351518648e-03
6.203895187177696155e-03
7.637175752629020258e-03
7.961448774897126809e-03
8.951612036341790105e-03
9.541849689331589890e-03
1.111031754000070190e-02
1.165738222635928807e-02
1.194967050025181297e-02
1.351023846938536992e-02
1.403143360340301446e-02
1.481836902978278525e-02
1.661812543685267304e-02
1.688110151648176613e-02
1.793327160502272699e-02
1.842753620819433807e-02
1.898316146011180122e-02
1.958008779288786944e-02
2.025472067091222544e-02
2.094944683847001915e-02
2.156272666730517373e-02
2.226244528031157827e-02
2.302409118524225209e-02
2.403178427790195887e-02
2.548862511369406891e-02
2.615745649310932675e-02
2.666525365772595690e-02
2.791478197159135213e-02
2.814365122650483442e-02
2.848713939864437952e-02
2.945392367844444290e-02
3.042589059233469923e-02
3.125925994746481945e-02
3.239342190132401406e-02
3.301596039838008978e-02
3.424552129901657638e-02
3.468051149301502878e-02
3.573207242676803425e-02
3.581743840363539599e-02
3.681176742033092503e-02
3.700733051025094367e-02
3.757319262235806617e-02
3.926166665440285197e-02
3.944755394127607423e-02
4.055423979020456732e-02
4.122443547804840319e-02
4.161255840192153166e-02
4.301222299987769726e-02
4.362281209992142916e-02
4.422887338007489011e-02
4.518018522322260477e-02
4.585293491017651546e-02
4.621086066023755157e-02
4.802038213027147451e-02
4.973932533219317664e-02
5.070826952871212989e-02
5.086893179845018709e-02
5.219320407700557551e-02
5.292164713121851743e-02
5.377928837179259125e-02
5.476190058873901811e-02
5.524098364518448268e-02
5.609119457175144874e-02
5.741156208719529891e-02
5.798826162860518801e-02
5.875269520083187258e-02
5.935910517659756525e-02
6.105641992150900865e-02
6.147859041915228195e-02
6.258765617660497216e-02
6.307967432805669517e-02
6.429188328837405486e-02
6.475635416357863883e-02
6.584924326241428649e-02
6.620575722956845155e-02
6.753739703123740057e-02
6.891987061804807913e-02
7.025780713309227876e-02
7.055458998548719274e-02
7.205807922388542119e-02
7.229533540087615395e-02
7.347882993035464994e-02
7.440282441851280015e-02
7.594643297279513039e-02
7.628937445674698059e-02
7.668657204885326317e-02
7.740670796632954931e-02
7.777167555185229841e-02
7.893130395180543435e-02
7.958838133385451319e-02
8.059256939441315770e-02
8.209237173501525431e-02
8.229078022846683660e-02
8.449996154116357072e-02
8.542278191687355249e-02
8.661057936173442717e-02
8.817382762345565839e-02
8.912495575676136761e-02
9.063096162336368999e-02
9.147438754192838140e-02
9.148794475216288913e-02
9.229637170175107597e-02
9.399416073544061834e-02
9.579532247299617220e-02
9.623823686643576125e-02
9.764061151326493271e-02
9.987868126289500825e-02
1.019157628865107190e-01
1.022584698530886321e-01
1.044309181472340697e-01
1.059387573210369415e-01
1.078751827676911468e-01
1.100448994690198939e-01
1.106172696164502700e-01
1.136816274677276417e-01
1.148270765011471378e-01
1.161361710688242482e-01
1.182846359125687696e-01
1.223151304972644599e-01
1.236961620063950773e-01
