-1.256312899833829932e-01
-1.215375266421329925e-01
-1.206699239806189317e-01
-1.167957166861430945e-01
-1.159985917499320451e-01
-1.126527014156725043e-01
-1.113284827590902276e-01
-1.098519787549640109e-01
-1.064673314415417876e-01
-1.055830930790839506e-01
-1.051667802073524005e-01
-1.043124289212347816e-01
-1.024400402828314766e-01
-1.008668106047564683e-01
-9.946098347166466846e-02
-9.785733059745541085e-02
-9.718121113314223680e-02
-9.659922611697442651e-02
-9.393899001959069017e-02
-9.178622666155968057e-02
-9.083272076411000318e-02
-9.027017218632625573e-02
-8.839879670492817310e-02
-8.730064387409393334e-02
-8.590045343912104669e-02
-8.471612854489900257e-02
-8.431729160224364639e-02
-8.261583610573881853e-02
-8.168695530484121337e-02
-8.132252408981455183e-02
-8.001397254750945709e-02
-7.921760034215505342e-02
-7.746880952008762533e-02
-7.624455003896141170e-02
-7.503637306300398047e-02
-7.407342284998499893e-02
-7.342629110216346289e-02
-7.317783929968732504e-02
-7.210366935322358450e-02
-7.020005862213961334e-02
-6.970063932247574923e-02
-6.851345957531404518e-02
-6.799771128268422560e-02
-6.748101505257178556e-02
-6.731695310698256052e-02
-6.593617897433481922e-02
-6.515796314839621128e-02
-6.427267585046296527e-02
-6.373981104487135008e-02
-6.329780314581573419e-02
-6.182615107076206568e-02
-6.057128498138215911e-02
-6.013039555773094791e-02
-5.933831701441925205e-02
-5.829211036558955283e-02
-5.736855817747436859e-02
-5.705720023642094074e-02
-5.630581795727170741e-02
-5.554911608105106424e-02
-5.498531113122478303e-02
-5.441636814620329221e-02
-5.292005905657973935e-02
-5.192171011108281942e-02
-5.137594811539904216e-02
-5.007645458624833401e-02
-4.994066833750109013e-02
-4.907542000660952697e-02
-4.843589864092479741e-02
-4.616280872271411734e-02
-4.564952657941154929e-02
-4.466685721931618058e-02
-4.426086306428243800e-02
-4.346525450525921819e-02
-4.298675451224792665e-02
-4.219231542712115202e-02
-4.131580050225169137e-02
-4.041138994391955952e-02
-3.873434374768433552e-02
-3.768777633913446279e-02
-3.762335590809270935e-02
-3.668719118360944803e-02
-3.505062619638999594e-02
-3.486002398781617995e-02
-3.472080872793191497e-02
-3.337347583161571346e-02
-3.294445471341300030e-02
-3.143375396639579156e-02
-3.122610751578746430e-02
-3.007027455333618343e-02
-2.926255071544444850e-02
-2.840947011529982788e-02
-2.819517171786927942e-02
-2.728223111280522750e-02
-2.601822996685514838e-02
-2.556882875699712995e-02
-2.531121914201432330e-02
-2.403565106180654762e-02
-2.307734106844817543e-02
-2.206575299802231507e-02
-2.081621693666250647e-02
-2.036223156907840393e-02
-1.971906832203277130e-02
-1.878365375864149769e-02
-1.795348871365643265e-02
-1.666807183079186891e-02
-1.649205936352387755e-02
-1.612041829259240958e-02
-1.399681541761195296e-02
-1.384861315619081990e-02
-1.332933529333320787e-02
-1.282999039148810527e-02
-1.187798394712711626e-02
-1.143207816375153146e-02
-1.079215941617781352e-02
-1.028383194783724815e-02
-8.904636954987263375e-03
-8.489070441590427021e-03
-7.908502198785303736e-03
-7.369443961185568465e-03
-5.941343238556930258e-03
-5.136963721536070941e-03
-4.906584946102444944e-03
-3.470279437655190459e-03
-2.453360361308641342e-03
-2.375398566894495675e-03
-1.107000333684229898e-03
-6.727961302637577076e-04
4.328802037817274027e-04
1.070467127543348355e-03
1.259209579618457246e-03
1.922702647572640134e-03
2.690746036209382651e-03
3.629486525070563761e-03
3.828315838043259457e-03
4.269918245915934468e-03
5.301026421627622054e-03
5.775946460618652280e-03
6.229070865042833118e-03
7.943015845977268591e-03
8.300966848795157324e-03
8.679080960163329528e-03
9.441764395581329905e-03
9.927611786104790018e-03
1.147513249213289420e-02
1.269115777734322950e-02
1.351013014419123574e-02
1.413775511486134971e-02
1.439643313290011641e-02
1.487550743728804047e-02
1.670652713637936840e-02
1.753314555212808629e-02
1.834722127418756538e-02
1.927335191733326944e-02
1.979439211356999115e-02
2.055180469092180232e-02
2.104217254086391750e-02
2.197071202313670424e-02
2.259944708891641063e-02
2.335526869330887753e-02
2.356821265651561081e-02
2.497220324115075052e-02
2.544687139418175259e-02
2.615005938950502179e-02
2.690898306303030757e-02
2.731797577001462279e-02
2.855990329615661072e-02
3.051452192971253197e-02
3.073408078119583067e-02
3.177335909406384107e-02
3.225910486879457473e-02
3.253372253023891630e-02
3.347954350386934952e-02
3.402560165047475993e-02
3.477417020646460938e-02
3.623310907496675448e-02
3.693162959616652641e-02
3.723127648226583208e-02
3.773662989276729829e-02
3.851563598550453160e-02
3.958287219782100075e-02
3.991889154121209399e-02
4.127982767025176192e-02
4.253905227186004917e-02
4.299634207362482141e-02
4.407088886310257803e-02
4.479491130836998208e-02
4.543008494560397265e-02
4.728022818450916542e-02
4.784487271570017630e-02
4.837422209773458576e-02
4.875954895968045294e-02
4.920550805722704452e-02
5.017394237162847714e-02
5.091462733186520595e-02
5.190132664305599497e-02
5.372888340686367281e-02
5.420879887947028380e-02
5.476908716630975865e-02
5.534544209401230652e-02
5.655816042131599913e-02
5.683771796102519286e-02
5.745753011991772130e-02
5.875024998262905890e-02
6.034801088253185369e-02
6.084549296458106882e-02
6.216102026998349128e-02
6.299226384353528996e-02
6.399530370654389622e-02
6.520492995749924137e-02
6.572485745188554052e-02
6.660598183823338014e-02
6.703440206970817661e-02
6.803813781204677558e-02
6.895656548447087753e-02
6.973745261305473730e-02
7.158564749404920657e-02
7.232674774568040310e-02
7.333653980761170588e-02
7.398693992886373749e-02
7.429515538128826646e-02
7.475350502213252979e-02
7.667409405417090207e-02
7.833631119061233716e-02
7.888751575217523015e-02
8.091714914285336180e-02
8.120765771755372731e-02
8.157054310734065949e-02
8.197880503871511626e-02
8.321683252725944890e-02
8.580198959906309986e-02
8.611334531811008774e-02
8.642941971863528361e-02
8.704222916511049346e-02
8.878655160911036459e-02
8.990625897301822433e-02
9.152892007273705222e-02
9.162189005897945770e-02
9.264088268181175367e-02
9.434165468730981718e-02
9.567440386118904183e-02
9.836133048997849904e-02
9.903043795617688660e-02
1.001277098208662175e-01
1.006040394315924763e-01
1.026876303332081852e-01
1.033560893417418136e-01
1.053211588661996101e-01
1.062491941389775707e-01
1.083826504995889783e-01
1.093315267266730118e-01
1.111382268992588823e-01
1.135959286456142137e-01
1.160365189523066970e-01
1.173847800024245408e-01
1.186450472800960887e-01
1.260337220351650800e-01
