6.105820806208007556e-04
-3.294035538374606026e-03
2.295781018638746139e-03
3.349211075460859291e-03
-2.931360408277977874e-03
-1.561256547341974927e-03
-4.307872561853201901e-03
4.346930183460959033e-04
-1.328830844943309792e-03
-5.101906354455950504e-03
7.430009684921860119e-03
-9.136151927319197249e-04
1.057250674825279887e-03
-1.939667626327575261e-03
-5.030775858355499876e-03
3.228551538384019301e-03
4.151337596021544354e-03
2.937533260497541057e-03
1.847538543265021208e-03
6.336723458808012251e-03
-3.439207307360230264e-03
-5.851421167408802845e-04
7.575280709534447030e-03
-4.316689040189416321e-03
6.013445811622116811e-03
-8.451116861980169804e-04
-4.940415649720208274e-03
6.767914322291260177e-04
4.274074909045261043e-03
-6.624680267401443848e-03
4.403879670971207715e-03
9.058231122456752559e-04
6.507912809284381291e-04
-4.135365340774574579e-03
-4.889306911890303232e-03
2.252578274873551743e-03
-1.743481657214564738e-03
-4.850644818798801640e-03
-1.124551196526984249e-03
1.184194579729187357e-03
-1.380149679970830295e-03
2.401160323019119972e-03
4.754908415467929556e-03
4.343414561035251545e-03
7.160513473130991277e-03
-4.031746347723552974e-04
2.027528015810193228e-03
-3.438254084603670820e-03
5.687725783315293084e-03
-8.281276314901678259e-03
1.314730106293346239e-02
6.900330599799832723e-03
-3.451740545353754793e-03
-6.849297794745683177e-03
2.055786492291598964e-03
-3.317165946924305418e-03
-1.937198991283660627e-03
-1.535968523569112296e-03
-8.295435652288298337e-03
4.982154519705948338e-04
3.940252647179700446e-03
8.871438645228765102e-03
-4.947500890564557503e-03
8.800116000036144887e-03
-1.036380589034260197e-02
3.194415968000498696e-03
6.187620066778263053e-03
-1.327384833477236042e-03
7.834778364386141628e-03
1.021247775562650752e-04
6.352559626852288853e-04
-5.811752033127048737e-03
-7.533042337801843132e-03
-1.850616252457008880e-03
-2.244180457181919192e-03
-9.434204071253803059e-03
-2.176313777907993262e-03
-9.502730382248811627e-03
6.564222903606300660e-03
8.343090944826114970e-04
1.978955008700330510e-03
5.803982715084194180e-03
2.368762861962518240e-03
3.082934842660299459e-03
-7.043385682630243227e-03
-7.057607660643733759e-03
3.296407916040301235e-03
-4.192703944217051650e-03
-9.239704535909745026e-03
-8.156768560141150481e-03
7.988276284975304523e-03
1.493275070550625742e-03
-7.888656526988887391e-03
5.353354317005830712e-03
6.685827168365941937e-03
-1.981826923262035734e-03
1.368577666416737710e-03
7.591246098620133172e-03
2.419187274743553589e-03
5.344568447078105501e-03
1.557012102461015129e-03
3.023799881366143021e-03
-8.540094344245269253e-03
2.225884610813113652e-03
-7.592729070068305643e-03
4.582263205233366591e-04
1.065627142292119994e-02
2.535090535923266962e-03
1.405939641372773441e-02
1.475169244295132694e-02
1.143160021813958028e-03
7.781158202418967697e-03
-2.024519080741237279e-03
3.879050830148938946e-03
3.292192725654114263e-03
4.483911884969746069e-03
7.064730316894875760e-03
2.080308332619123114e-03
6.950659044491633992e-03
3.558624214370715005e-03
-7.835135192885469549e-04
2.785683927746815738e-03
-4.643096430716463566e-03
1.725999538664904544e-03
6.198638115318747845e-03
2.196162415623714899e-03
-7.571642936228952826e-03
-5.219977046408397735e-04
-3.358844991118839930e-03
4.038047288741126832e-03
-2.614664114283598260e-03
-2.597146814426814013e-03
-3.853196980937660665e-03
4.828807792224769357e-03
-9.945733244506257259e-03
9.890038712926836357e-04
-2.405928441816094121e-04
2.721037394412735913e-03
-5.000097989788237704e-03
-9.824463943659180604e-04
-6.417951951706543298e-03
1.336183422586288130e-03
-6.439210452424137983e-03
1.429486066710238890e-03
1.926949357088477126e-03
-5.580354681430461580e-03
1.002268089779529900e-03
2.611414648941978115e-03
