7.580460574650829328e-03
-1.803224194899238865e-03
3.495469195799418526e-03
-3.650342390714247844e-03
4.655185932585908723e-03
1.827802069646507752e-04
5.190436797233649417e-03
1.698379409051787746e-03
5.043916222538958466e-04
-1.695793953957187893e-03
2.422744894108187341e-03
2.628742504453961560e-03
-2.880633169789262034e-04
5.737759134899527574e-03
-1.083207872221754464e-02
6.190978865964535081e-03
-1.088154452568535196e-03
-4.364561397181286433e-03
3.547344443232573817e-04
-3.016161343310120192e-03
7.116247560730255871e-04
5.100872400936229747e-03
-3.516907291661567399e-03
-9.374452200174535066e-03
-5.212271633688660664e-03
6.105536328063422731e-04
-1.004017883884744666e-02
-6.691405174212000824e-03
-5.916057767841811574e-03
9.187515981198662298e-04
-6.199614070380260640e-03
3.619761410766024045e-03
1.027321139655674922e-03
-6.250752883104638939e-03
2.730152924118154842e-03
-2.501069979045810431e-03
2.332262320368378404e-03
-6.958192388483573632e-03
-7.345284919184865043e-03
-9.203490039551644880e-03
-2.915443076951805589e-04
6.320711797058071145e-03
-1.791364864531481711e-03
-2.526643806505581361e-03
-5.510254735222546276e-04
-4.787023501692680080e-03
-9.979365480079155706e-04
-3.090417255899718767e-03
2.489712238824287431e-03
2.585468201814059008e-03
1.184558383916423227e-03
2.306476553064474005e-03
3.367635721152073720e-03
-5.921439440583288298e-03
6.043476869049861470e-03
7.172759019756005765e-03
2.246969600149170676e-04
2.190622771496556886e-03
-4.203581811152497238e-03
-4.846814914824032136e-03
-2.103670767184880486e-03
3.504057868417909290e-03
-4.574376097890537696e-04
2.541548614645992767e-03
-4.037531801038549313e-03
-3.633439316843120777e-03
-1.658164032398744010e-03
3.031381039896319848e-03
-6.040608547749510074e-03
5.199262182546097663e-03
1.576273039533086437e-03
3.424074571954375829e-03
-2.412634453496498906e-03
1.667351551173897669e-04
-5.546150652625759982e-04
-2.070668114623380133e-03
-1.471567526278908921e-03
-6.005597807368302093e-03
8.443800661747326644e-03
-3.565207029521134160e-03
6.549439796265886342e-03
1.043987364896688079e-02
3.492923651071499873e-03
1.650700420602270631e-03
3.114685129939218956e-03
3.993494571727486744e-03
-4.930645193730279208e-03
-2.263271856115007304e-03
-6.128977844896453878e-03
-3.384728791719731483e-03
3.922874454859680000e-04
-1.259816528998007439e-02
-2.662899664284449752e-03
-4.018991257694593498e-03
6.753794855460184057e-03
5.638477028068310075e-03
1.324287313228537412e-02
-6.708556682341096887e-03
-6.129672511630015336e-03
3.729623712203004957e-03
-2.262799643827681506e-03
-6.964625754018925752e-03
-3.588359948481414236e-04
-3.005782344305611611e-03
2.914878733619866223e-04
-2.533697421998385574e-03
-5.616696293697747127e-04
6.290396083348179235e-03
-6.272404700050677670e-03
-3.963495696452871107e-03
-1.371592908997670140e-03
5.075016198551334130e-04
3.453861812043212964e-03
6.073600896655236350e-03
-6.094280626542416244e-05
8.552096448457819841e-03
8.402583606410570990e-03
4.615384552900307288e-03
-1.358950577593828063e-03
-3.094284766749125660e-03
1.092864570104967563e-02
7.892890969135297032e-04
2.290658712665394683e-03
5.531732675180747391e-03
-6.190355822421098921e-03
5.927785671880367833e-03
-9.761151619700420348e-03
8.576744649993306435e-03
-7.707458530061775219e-03
4.345195134277310238e-03
2.351917083090295738e-03
-1.185043324024646384e-02
1.144754297642517314e-02
-1.170562258673519661e-03
-7.841277249611436568e-04
-2.393346424615011743e-03
-2.253575378889077514e-03
-8.445068505471866856e-04
-2.132514829984811199e-03
7.562763654904790895e-04
-3.417307140842928970e-03
6.445189781605865573e-03
9.074147162086158153e-03
-6.533099299602492666e-03
8.566626604092617003e-03
1.049267839337825713e-02
3.944719594463750212e-04
-3.770589161023386870e-03
