-1.682730794183956132e-03
5.335255734168947543e-03
3.369367454961272931e-03
-1.009384857522810028e-03
3.457133485166195234e-03
1.571558328583552103e-03
4.723099364713293120e-03
-2.557798823940047282e-03
-8.913537005875393077e-03
-1.317102639759545153e-03
6.609321956571732014e-03
-8.435051323249972630e-03
2.497705350460342841e-03
-1.004637017940474908e-03
1.247117350110949190e-03
3.268480629958056029e-03
-6.757741629493320586e-03
1.097874486181938183e-02
-3.182084201861315811e-03
-3.836027244320487227e-04
9.361307939127356528e-04
-7.516575646638343731e-03
-1.380143846971199030e-03
-5.374716756434303952e-03
-2.134760536044601805e-03
1.604962638508344646e-03
5.371090177634253032e-03
-8.728081390907983447e-03
-2.206858054642249403e-03
1.775754008981582669e-03
-3.826854009844762785e-03
-5.282163810301059199e-03
1.142409360773001146e-03
2.809512015220259635e-03
-3.668345913066800926e-03
2.968566935656175541e-03
-3.149901619194302258e-03
-1.947234194459635838e-03
-3.795617036186933919e-03
-2.894186077782507412e-03
-2.931930720494589030e-03
-4.124417866824513224e-03
-3.547712528801510567e-03
2.328781625998050959e-03
-9.550241806035036571e-03
-3.407974814825284586e-05
1.342070873676405943e-02
-1.139485749237461806e-02
1.329617793915126994e-02
8.422002630086317804e-03
4.006110305489864534e-03
-9.154569671328422961e-03
-4.925421169161422422e-04
9.189676450062928686e-03
-9.422487668629496828e-04
7.591056547253356886e-03
-1.440582745922812380e-03
-4.832515695378243603e-03
-7.624093587409168371e-03
6.922270663471449120e-03
-2.586840163174948786e-03
-1.187162161284878968e-02
4.227944596842710644e-03
-3.685861410276628555e-03
2.930382932180009871e-03
1.263271383313871801e-02
-1.609456773187961784e-03
9.411223214875573742e-03
-6.196556845318207558e-03
-1.651776288022349442e-03
2.095117941622092438e-03
-6.543057419010708635e-03
3.120560855304398140e-03
-6.370508180484672767e-03
1.005372962302225094e-02
1.353036721642301857e-03
5.831226776484500947e-03
6.226928458437246995e-03
-6.318403784564633960e-03
4.594468504813824412e-04
-1.869316119832042065e-03
-9.520242650046247673e-03
3.194917212560678178e-04
4.210903951656526909e-04
-1.377533124205710183e-03
-5.975957355168954634e-03
5.772437285687400874e-03
2.573678015001825987e-03
-3.161815787476265297e-03
-3.654840048546011740e-03
6.661933028109592002e-03
-6.237260389700336784e-03
3.015371256680738493e-03
3.945105213990734820e-03
-1.406827851946448969e-03
-2.228369557737673763e-03
-4.218047458344763995e-03
-5.620901576684447787e-03
-5.833534752323190319e-03
-5.591151687519751133e-03
3.366358143011782822e-03
2.583414619585270265e-04
2.008274116191215933e-04
-2.002166396457334078e-03
-4.108853046946097168e-03
-3.571075721128335809e-03
4.770485638332192316e-03
-1.711134006853122242e-03
-2.548145415799408717e-03
5.007363265858297101e-03
-9.157364236968268661e-04
5.290908140981302570e-03
1.390849984891488669e-03
-5.361872119034061419e-03
4.030380166977616703e-03
-2.186062477266404683e-03
-7.182775512317592613e-03
-3.400028552555737094e-03
-5.551995838433083702e-04
-7.879589884257190468e-04
-3.764099350271680935e-03
1.537421116127696405e-03
3.744784781926402666e-03
6.102382305608495053e-03
-1.747696789197243986e-03
2.030303385471546838e-03
2.152340311696037452e-03
-7.282261513530071707e-03
2.086834182068356570e-03
-6.885895920630342310e-03
2.394204163178869325e-03
-5.264820607630877822e-03
-1.786290769959152265e-03
3.798845088892264556e-03
7.813811254042088081e-03
1.049447289608827077e-02
-3.003027737430072428e-03
5.335659471711354414e-03
9.462128375212749964e-03
1.241414878113795799e-03
-2.139159750335543713e-04
-9.514621083721760660e-04
-3.563676989450727944e-03
-2.599647066124726423e-03
7.796937864599424485e-04
8.882417674804500779e-04
4.421606820592520817e-03
3.275227926412308216e-04
