-4.617215935668023997e-03
-4.992719012604721583e-03
-2.941337245548048505e-03
1.759054185704159862e-03
-1.900407592464121173e-03
3.149664157145907768e-03
1.261989390749083517e-03
-5.558529419712297456e-03
-3.686056009381996103e-03
-3.870025660074938745e-03
-1.181313434372108185e-03
-2.146417312043544506e-03
3.986211002948752600e-04
1.328730610135817058e-03
-3.340271006321775260e-03
-1.458126621517939888e-03
-3.916400702264848273e-03
-1.019749052995868514e-04
2.548897797845513236e-03
-4.164947546041561366e-03
3.841505820604270999e-03
2.559120558615512369e-04
3.278956038974665047e-03
-3.774712674689991755e-03
-2.379780884799792638e-03
-1.159471630393259971e-03
-5.106720560343340660e-03
2.084285309867160534e-03
-8.639146074922355754e-04
9.547990084996286174e-04
-4.867978050248025594e-03
5.012483993444078606e-03
1.508583934500949903e-03
-5.793294908838586901e-03
-3.420944256227272020e-03
-3.489859055170881422e-03
1.266386819351944569e-03
3.284993027404864343e-04
-1.866496715920880128e-03
4.573799368080562477e-03
9.053490087692850352e-03
6.244222153089729055e-03
-5.985880005324215741e-03
8.588065575712945177e-04
-3.072204315454597160e-04
8.229711928461789019e-03
-1.707141406670468695e-03
8.100770502769766767e-04
4.941232322564997545e-03
-7.925070907765886102e-03
-3.327554061177120590e-03
8.322179347807746874e-03
-1.649102361502973986e-03
7.489755752717900013e-03
1.518033186641013638e-03
6.112100160470904445e-03
2.402539003052691973e-04
-2.597931429793916541e-03
7.613058241327884564e-03
6.252707790096299727e-03
3.776299595934150440e-03
9.586790310355922801e-03
-6.625351708420621454e-03
1.296713940561555409e-03
1.095442208490901397e-02
-2.216708479481900758e-03
-8.608700933633760960e-03
2.692482220884874142e-03
-7.940376280187738320e-03
3.519200116004281374e-03
1.384955318206653602e-02
-6.194748921995181512e-03
-6.983238179286441714e-03
-1.726366760975570113e-03
8.099994916303579137e-03
3.926726786517705306e-03
-5.476909508060452507e-03
5.326023666196153840e-03
-4.348908951151079626e-05
-3.797448462461186676e-03
-4.492672749185092074e-03
-1.667822262306071406e-03
5.299074402437451391e-03
-1.209490190390262497e-03
1.188173149701088815e-03
2.208092502821480674e-03
3.424938151617775393e-03
8.451781169140916775e-03
1.743448854799226067e-03
3.833322458302215741e-03
-6.431499451362950731e-03
-1.877303402732299854e-03
1.207769481420294447e-04
-9.220490544062443991e-03
-2.726737363632582723e-03
3.748694020493227239e-03
-3.104093014901861472e-03
8.442386744846104574e-03
3.060282417465794651e-05
4.362997273268132484e-03
5.312263230934948476e-03
7.399330517090793114e-04
-2.155219164463603211e-03
-1.333019837862655949e-03
4.364231614306703262e-03
-8.769336164136016382e-03
-6.709453808157176367e-03
7.191599208438021092e-03
1.505903656090909308e-03
4.342179081956642692e-03
-5.684363087773964748e-03
-2.450981282308230258e-03
7.245905533500873220e-03
4.314093990473455605e-03
9.641698350766662873e-03
-3.912542800218901315e-03
4.825336505302345487e-03
-1.046304022391764121e-02
-5.371801887442765808e-03
-5.521468107719929193e-03
-4.146479586859986612e-03
5.749689689267154305e-03
4.006409065392033640e-03
-5.456692080936972368e-03
2.531255105126251938e-03
1.516988264466104979e-03
-2.769460679768293802e-03
-2.014284455917249132e-03
2.183579558611595077e-03
5.103000045258019451e-03
2.400736974171992580e-04
5.821536858109542176e-03
6.418258733950413936e-03
-4.010254607641559020e-03
-9.225150818960570469e-04
-7.558446785335677480e-03
-1.389008292601790623e-03
-9.029267880839469181e-04
-1.313653449041646271e-02
-1.155551501311206236e-02
-7.458822630590142104e-03
-6.905848936815146312e-03
-5.360924807252924213e-04
-4.226889556973068528e-03
9.679902709137856720e-03
1.134142671964595041e-02
1.078616003435313789e-03
3.390146733049878743e-03
