-1.684431261551674322e-03
4.807391135402598256e-03
-5.177236317449335906e-03
-1.758738194335153146e-03
-1.979785230122796218e-03
2.870901706959332576e-03
-2.691864564104471877e-03
-5.329944118244480701e-03
-9.685052744915890674e-03
9.471716539303429855e-03
-4.792384329608372073e-03
6.565100277910132336e-03
7.814094666186394839e-03
-4.672446239193953077e-03
9.088079315545902551e-03
-4.030618558572580251e-03
-5.679238788209743649e-03
-8.400825913826662564e-03
5.079817296421562135e-03
3.046905341184624749e-03
-3.147264481108358325e-03
-1.346963272399929502e-03
7.302985091768542103e-03
-7.496613125285664717e-03
-1.948297544810010133e-03
5.589308407247592717e-03
-7.581492433588524465e-04
4.328619983985998280e-03
2.979776419680704638e-03
-4.498353448948497375e-03
9.375998855818595866e-04
6.061483777349321520e-03
7.287799655682636844e-03
5.362781833334653511e-03
1.152312896972519434e-03
3.187995705222932460e-03
-4.743884530150521001e-03
-1.275827956971760727e-02
7.108756356724075555e-03
7.909865775534001900e-03
-5.050923451675632357e-03
5.402876856065368799e-03
6.001479082569150837e-03
-6.663134489486750855e-03
4.566282413877027877e-04
8.038106406589012182e-04
-7.273334018904516196e-03
3.024597931719065578e-03
1.143696641311981203e-03
3.701266484649341857e-03
-1.983975116786627045e-03
-7.363336948264368777e-03
1.969413668595900151e-03
-5.898310489651651181e-03
8.964784856416625064e-03
-4.407673572479173414e-03
-2.883062282745686711e-03
-1.108975572954496412e-02
2.920608457675425654e-03
-3.502204678763636957e-03
-1.833756185094253914e-03
3.326669543980126983e-03
8.182417230382705089e-03
-2.709828505310281528e-03
-5.692599311335387602e-03
7.680757495494495123e-03
4.106577212040028908e-03
3.005752042964777125e-03
-1.100265554585744786e-02
-1.134313044123634595e-02
-3.375941816307937403e-03
-1.115211755261185907e-03
-4.975370639845247541e-04
1.308325344834130807e-03
-3.295858222335323797e-03
-2.204140432073253310e-03
-6.988912914694411262e-03
-2.606965004454392301e-03
-3.669507777395798580e-03
-8.307011666554528148e-03
8.406295150934769500e-04
-6.386093752712845850e-03
8.998455154227966157e-03
3.953680768047279637e-03
9.940095364427321573e-04
1.901007899221803269e-03
6.360455862396377502e-03
2.092277425978488186e-03
-3.849856954496699152e-03
-1.083296942759667120e-02
5.109389475923131405e-03
3.007088941912065046e-03
4.827711367578096588e-03
-3.923319216491420042e-03
1.488823566550363710e-03
3.290314434195422150e-03
-3.804871658799281221e-03
-1.410403635854887150e-03
3.692753340671371437e-04
2.443303544788170273e-03
5.211112815839877808e-03
-3.789065879802076342e-04
-2.165322557679249041e-03
-2.658854833617119227e-04
-5.535019069316096663e-03
-1.898870787067018099e-03
-4.245936786192884408e-04
-4.949130193122310180e-03
4.981152443705606954e-03
1.415016576966129230e-04
1.610641053005586361e-03
-1.438586296691596799e-03
1.582794402791112527e-03
4.703142020970419519e-04
-4.382997000414733807e-03
1.217430227848069219e-03
-4.230785644213422986e-03
1.091681900197287534e-03
2.159627426427752385e-03
1.297807336862545234e-03
1.973119971290617121e-03
5.757694469103383575e-03
1.457620606662004452e-03
7.249163845159918920e-03
7.060574254854402355e-03
4.627268356615936787e-03
-5.639017335023588373e-03
-7.350843524735723540e-04
-9.015395712000741807e-06
2.768945424972821343e-03
5.124449604244806639e-03
1.116883383704357809e-02
-1.404308611371513256e-03
8.305431132525541160e-03
-6.190665289570539999e-03
-3.198417451695155728e-04
2.645054685994506949e-05
2.894956779853461934e-03
-5.218733748489737777e-03
2.152503239850170162e-03
-2.867515669814242867e-03
7.172569313500315284e-03
-6.411985848676210291e-03
-8.449629168098462401e-03
-7.856881636482362929e-03
5.405919239064726697e-03
-2.782574940692753625e-03
-6.353237826937365232e-03
