8.794211140282111577e-04
7.743857618820612848e-04
5.234692143245748587e-03
5.254002944411914849e-05
3.588267535508761919e-03
1.707954337978494826e-03
2.871713223637070364e-03
2.418453525124921507e-03
-5.244700830306452642e-03
-3.586001631090564475e-03
-4.433568045743295147e-03
5.761811937945926151e-03
2.353670884553445662e-03
9.785259319955972885e-04
-1.208855424443589302e-02
-1.871475981971676113e-03
-1.671085284423858702e-03
6.737327927862656919e-03
1.011100520397900139e-03
-4.672854441218562277e-03
-4.193896815306636348e-03
-8.078853541709087949e-04
-6.396725557233438886e-03
-4.221643020567214348e-03
5.443329502355098715e-03
3.365187742315256091e-03
-4.324167753069280834e-03
3.910941864701275236e-03
-4.341196958996826685e-04
1.400899750665382179e-02
-2.059938485842666481e-04
-4.429163479931847586e-03
-5.844667131330887576e-03
-1.205691456694010615e-02
-1.668636497570423645e-05
-2.748748957231448697e-03
-3.356854456846288925e-03
8.136212214424622623e-05
6.391223045833968261e-03
-2.661331577135746598e-03
-7.901155434552758778e-04
4.351591908575603782e-03
-2.422870729011390896e-03
-4.783979034176412404e-03
6.676822829775848518e-03
8.245411140748372392e-03
-6.321596602786002175e-04
-8.600349729547578786e-03
2.822732001707443320e-03
9.570665392416927847e-03
1.639099524231853004e-03
4.414988715310260792e-04
-8.436943757063881770e-04
2.160213443850351079e-04
3.335422384354277785e-03
-4.562194535258292001e-03
2.912228275439110534e-03
-6.830924399294958796e-04
-4.628671543449886655e-03
6.154895523917380470e-03
-6.355327824913956612e-03
3.875509583423189606e-03
4.582228844492701610e-04
-6.499845067928028408e-03
4.622808868782679430e-03
4.041887610719557475e-03
5.964502452237254587e-03
-2.032675805902317383e-03
2.373803565550847757e-03
8.010549921723996228e-03
-1.982528943617833071e-03
2.463322542946071668e-04
-1.651285439860923025e-03
-4.725207349329252522e-03
8.689967014736356063e-04
-4.562782436143652913e-03
1.295283525459278023e-03
-1.914014654155413338e-03
-2.743956376203840735e-03
-6.323747664740287776e-04
4.467341652002918342e-03
-5.380013164059961259e-03
2.272213594708672423e-03
-8.624848323952967813e-03
3.551883476420230126e-03
-1.010825432709238150e-02
-2.183675421307178753e-03
-1.484261258223833549e-03
9.270842602444187368e-05
-8.445724528996015334e-03
5.746034213883788842e-03
3.430619564888305172e-03
1.205033617636397207e-02
-9.145405143918157453e-03
-7.458853821730528771e-03
2.310880197036377631e-03
-3.596914657001287242e-03
-6.424151013894120570e-03
-1.805413217410472724e-03
5.763493248402774653e-03
2.700711021044619776e-03
4.287076157674801075e-03
-1.134505458925502263e-03
2.207882075057089871e-04
6.807890382698299735e-03
-1.632783450026106288e-03
-1.412339465952076921e-03
9.622744780308854773e-03
9.472265292323757760e-03
-8.803068045502859124e-03
-5.685395604573028130e-03
1.236097739621837754e-03
1.859291168974826214e-03
-3.712192307121776045e-04
7.955839072231706000e-03
2.797947472087968391e-03
-3.308518635295868739e-03
8.311139037908959332e-03
1.476533480403889663e-04
2.812990363362942621e-03
4.579499309894447998e-04
6.228803141846521712e-04
4.871338488829363503e-03
-1.503692702809421387e-03
6.431600439377389063e-04
8.163365122796021733e-04
-1.595896930445663085e-04
-8.086557433121477345e-03
2.085035416413527631e-03
-2.012379531657892094e-03
5.859484466415173717e-03
9.621090020531782114e-04
-3.226624790552851032e-03
-1.037587876455901316e-03
6.451909153177380965e-03
1.142901039575332581e-02
3.014810350940773983e-03
1.135116245355857062e-02
-3.604422298897593663e-03
2.125592845261588086e-03
-4.996465437968417890e-03
-1.838194035598746199e-03
-9.706848503829138691e-03
-3.034316281668955097e-04
-9.182384650016951755e-03
3.795620222061135522e-03
2.281109193887694876e-03
-1.347352786353783229e-02
