3.026715015608970848e-03
3.172729319546455703e-03
1.835483038221480889e-04
4.389690433698947326e-03
5.359452951048570608e-05
-1.267176974824640997e-03
-3.127184214876179650e-03
-2.885742062855974933e-03
7.890314122996252774e-03
-5.544475397793549067e-03
-5.509945369375169807e-03
1.111334532576136423e-02
2.863659150719217658e-03
9.216004045883836523e-03
-5.993296722031604381e-04
2.776312089591903738e-03
4.803021914844706267e-03
2.503011355946761080e-03
2.937917582815934361e-03
1.840703691149769101e-03
6.521264767432210369e-03
-5.684681028767991050e-03
-5.329123965701306094e-03
-6.706809744403148706e-03
2.112236720090478539e-03
-4.366847518115319834e-03
-2.358768859022846148e-03
-3.650609254665752867e-03
2.587963525444941446e-03
4.564010105038749689e-03
-2.377164022383267735e-03
1.726270295198678237e-03
5.309785402912014542e-03
-2.191398904758876109e-03
6.590448701161300514e-03
9.954768824731669366e-03
8.862258748857439195e-03
-8.903182811728754462e-03
7.962548997508033053e-04
-2.218315757312720564e-03
-4.757655315801570181e-03
-6.500503962040589910e-03
-2.608800117262456350e-03
3.658859256088898768e-03
2.296232101886799826e-03
4.832103517705167717e-03
1.426998344474028147e-03
1.025538805065759861e-02
1.328531034577684795e-02
1.483697494889646938e-02
-5.134072684944307810e-03
-3.562272363155485292e-03
-9.799039808173422988e-03
1.128729276013550531e-03
3.294629713767660735e-03
-1.566601510177100583e-03
1.951814425715446034e-03
8.184321436784887382e-03
4.086948336948250521e-03
-2.286231210640758422e-03
9.445600529586260438e-03
1.420302097197155078e-03
9.033763177988872548e-04
1.075686238528182799e-02
-6.559872162992530509e-03
6.962074764316717075e-03
-1.171085285799285287e-02
8.506342823327699490e-03
2.985252807234321359e-03
5.174332117404220263e-03
-4.622152502529597827e-03
1.005941950133115194e-03
-2.563135924043282669e-03
-4.337803201086863625e-03
6.301707095471151092e-03
1.090738082640732402e-02
2.700666818955086042e-04
1.732296822042269898e-03
8.922554317187508105e-04
-4.817797930358348919e-03
2.068680737924493036e-03
-3.128437313926830249e-03
1.382502874304143757e-04
-6.198854638361982368e-03
1.817305757414070444e-03
4.437023059249663344e-03
-5.143422561641250576e-04
2.951922559651205206e-03
-5.391912537056393721e-03
5.050848183908203913e-03
3.833050124191243833e-03
-4.050387628633800308e-03
1.021657767384160503e-02
-1.084599008751592876e-03
-4.672980620872926611e-04
-3.121874667864353082e-04
-2.550860394869466832e-03
-2.344261291016173660e-03
4.601939636092960625e-03
1.921104016126397936e-06
7.609350625251251783e-03
5.556923453584185907e-03
1.787825930244010125e-03
1.181538443838841754e-04
-8.698978538221491252e-03
-1.529184967004518399e-03
1.341349562548404921e-03
-3.961596406652159383e-03
6.663926583752160246e-04
1.033199771878508949e-02
-7.165623187618593709e-03
-7.752535829346378533e-03
-9.215041146361627883e-03
-1.158805418646008433e-03
6.414545108076077397e-03
-9.856100038114906647e-04
-2.563582957272333030e-03
3.425628457593374657e-03
-4.124856226935359922e-03
-3.707756374135906703e-03
-6.276186708754137957e-05
-2.930711574334817892e-03
5.211446967058970016e-03
-8.049567608670808293e-04
4.083547383562140254e-03
-6.650464211048149471e-03
-5.424848554669691597e-03
-5.304508789227337442e-03
-4.993308917679758693e-03
-3.931460224719881061e-03
-3.993069027044496115e-03
2.036486948224169435e-03
3.275189676740700336e-03
-2.581825292639496668e-03
5.260353246948179084e-04
-1.170249856640630986e-03
3.025178473309300502e-03
-1.920818417954077298e-03
-7.455865021147653612e-04
-3.242680032123654386e-04
5.307064145354411892e-03
-1.581751492892498464e-03
5.928589932502983419e-03
3.198107288460624691e-03
-1.735070560980576894e-03
-3.748889003519597415e-03
-4.043752017141676383e-03
-2.194945533344296474e-03
