-1.140403011226410112e-03
3.358735761532278489e-03
-4.052398130845318545e-03
-3.041459102627586814e-03
-2.416955297994251382e-03
-3.744580461626819193e-03
2.953995506382284903e-04
-1.693436443648504205e-03
4.850189116463523263e-03
1.313859772566747458e-03
-1.109349008575126645e-02
1.055564170247176537e-03
4.826493302753510906e-03
-7.133974620171954113e-03
-7.670603357867725701e-03
-5.722973053296508822e-03
-5.757759086442296344e-03
-4.352485487275257157e-04
3.966717303769618647e-03
-4.800133642671079379e-03
6.719539175077131679e-03
4.319781754720622771e-03
-6.569068900023284155e-04
3.631179635732006104e-03
-8.080526370988043439e-03
-3.987381673041665714e-03
-7.353931182051806105e-03
-2.713209171491182321e-04
2.575025811591890798e-03
-2.391820021902339981e-03
3.249785797322905442e-03
-2.157565913435592099e-03
-7.847928203626682898e-04
1.023604905648002432e-02
-6.334071268196332476e-03
4.479751542711767585e-03
-6.778050305148443713e-03
2.372078595987647375e-03
3.132110499039607830e-03
1.807738416398577651e-03
-2.768621495070111614e-04
2.709765144071928263e-03
-5.243144928503811093e-03
-1.564136190259486983e-02
-5.316208472594128980e-03
-2.166230637274671727e-03
1.176308712274019320e-02
9.642419044790056376e-03
-7.398677404282054219e-03
1.063767736810104260e-02
-1.182007054418760298e-04
6.192077175600064695e-03
-9.443191369876438807e-04
7.873505773275949610e-03
-2.637693103962467523e-05
-3.246795260197975815e-03
3.095621624339622759e-03
-2.012331186745063439e-03
-4.152070984004822829e-03
-4.389539075611154084e-03
-1.637938619990682949e-03
-6.935708049790777902e-03
-3.787974184782331739e-03
-6.983057808299835897e-03
4.435232728905777640e-03
7.589942439280543060e-03
7.963056132440946705e-03
-1.655344465503018076e-03
-5.400855571446904965e-03
1.874581824950701664e-03
-9.887103141220371719e-03
-8.309766598496649490e-03
-4.729464718335658381e-03
-6.916704152548968330e-03
-6.785646809238370970e-03
4.892284512072288434e-03
2.239737109966657633e-03
1.143307273573235597e-02
7.245770662900541219e-03
-7.258822483125465692e-03
6.855581236194499203e-03
-4.403082987972084354e-03
-5.995588742226498624e-03
2.444220874459513033e-05
5.751317438090307668e-03
3.641839564165861610e-03
-8.599888765840694657e-03
4.755482391143934194e-03
-3.461132791012930081e-03
-2.484369913859578016e-03
1.660513568546149793e-03
7.134458132268962048e-03
-4.440685752335414224e-03
-9.556369190281044715e-03
-7.632084231766624906e-03
1.094661589977377093e-02
-5.794051334942523952e-04
1.541889650308040120e-03
-4.487452044808969316e-03
5.623876937384151946e-03
4.604708824763836111e-03
5.338392671683379019e-03
-8.634776722579650884e-04
1.128692454495947321e-03
-1.269578191705474134e-03
3.695742301466339863e-03
3.456322890905280491e-03
2.085488305834175618e-03
1.791475090537912726e-03
-2.486055690906990075e-03
3.361022224457356207e-04
8.476306482447130497e-04
7.319798536262198466e-04
-3.374395785136925612e-03
-6.511927798929235088e-03
-7.661534668279057318e-03
1.275913737270617217e-03
-5.000004157199262889e-03
3.475340012279067459e-03
1.720198604014857267e-03
-2.572756418184234464e-03
3.421985926588793324e-03
-1.186096587183780530e-03
1.734065062178954172e-03
-3.671036093571181970e-03
-4.249862391903603404e-03
-2.713904144729952471e-03
-2.368009696957260046e-03
-1.241821329485200132e-03
-2.745063683092512953e-03
-1.019977729432998848e-03
-1.899159954329340523e-04
2.174262254435825863e-03
5.419792360824631124e-03
1.179003043233765825e-03
5.628168418934023989e-03
-2.576218824284761885e-03
-5.375846723843790559e-03
-4.608393677042630851e-03
-4.333038217432060198e-03
2.345673747173426804e-03
3.622546166393936316e-03
-3.836700347389429468e-03
5.673743289911555021e-03
7.360632509494755178e-03
1.540786863607563435e-03
3.681752427993466997e-03
-3.320724539054483501e-03
