3.750920884626631965e-03
-4.717528745604059525e-04
3.984519748462603261e-03
-3.539189638366532688e-03
5.146921862628972208e-04
-5.162203555459130922e-04
-1.001008942015003419e-04
9.204065607053107641e-04
-1.955507339073615965e-03
1.782062902833666824e-03
-5.550158463261739214e-04
1.404931203728996885e-03
6.307058184706015175e-03
6.107038973755270607e-04
-3.772446407865373899e-03
6.423473179049513137e-04
-3.482662559235905498e-03
-3.169562810985720753e-03
2.751104367233591936e-03
6.792181231469887961e-03
-4.390527409629742424e-03
5.280654586541179418e-03
-1.272772767363035450e-03
-4.248816042889338659e-03
1.969442029685385728e-04
-6.819557387929125851e-03
-5.190383944188521441e-03
-9.453653922477904190e-03
-4.300685236372940915e-04
2.776072199960123200e-03
-8.776430194357757314e-03
-3.131726542600572153e-03
6.928998831457755525e-03
5.112207781844312939e-03
5.649485094755064135e-03
-4.171591142343628739e-03
-5.046271849224920163e-03
6.045755603051899095e-03
5.592892490190991446e-03
-1.510383023978209560e-02
-2.750559258532490631e-03
6.475047099320555520e-04
-1.510256151754600130e-02
-1.459869608381337636e-03
-3.032480414353565506e-03
-3.332634374785499193e-03
3.216241251981865820e-03
-3.407975480912985261e-04
2.416745739692562501e-03
-7.904096970944717200e-04
-2.247272678506024343e-04
6.177032546140717555e-03
-4.616669792256722360e-03
-7.554645472175520494e-03
2.842242687161362132e-03
5.508768458807375597e-03
-6.858545190305581803e-03
-2.966029998549266078e-03
4.651547384161070810e-03
-1.431805665558105994e-03
8.588561743834690005e-04
-6.485348146408126228e-03
-6.373420441933064229e-03
-1.346934068466360446e-04
-8.826858130808283836e-04
-3.054010605697243894e-03
5.073605401881584563e-03
2.926868918703075966e-04
7.152438825277550837e-03
5.227489643723887656e-03
1.951823447997151845e-03
-9.144366473814594456e-03
1.429598632398594669e-03
5.179660141276170443e-03
-4.433399798945382268e-03
2.785123977262440268e-03
-5.630054865714689827e-03
2.625302646505253343e-03
4.753007754731011260e-03
-1.940349554589838096e-03
-6.944855097323011841e-04
-1.514151057627647484e-03
4.768076475071646842e-04
5.108547869312007536e-03
6.010658503081569778e-03
-6.280004287198897098e-03
-1.913441575799086896e-03
2.651652995758406085e-05
6.207810056982223865e-03
7.274431798235604825e-04
7.044264599076389575e-04
5.974243150855454605e-03
3.607055683447559034e-03
-4.881664036177781225e-03
5.401072440081125872e-03
-3.796052730241074487e-03
-8.193298828387875557e-03
2.063122832353599372e-03
-3.594894088041243087e-03
-2.228357082326852187e-03
4.462464923511605917e-03
-6.448346692865231967e-03
-7.854644526691845555e-03
7.518166773869639982e-03
-1.589936671317087767e-03
1.758486969885544242e-04
3.196039461577765937e-04
2.422532556917335843e-03
3.911928665503355829e-03
-1.187115907054566447e-04
-6.990295472721765047e-03
6.086912112263482243e-03
5.930534266622378148e-03
6.130710160604875038e-03
5.654635004335030468e-03
-9.945028428227756928e-03
8.792055588407227465e-03
7.462795683558694389e-03
5.921573374076268513e-03
-9.714071931778781857e-04
-6.660667022451722229e-03
8.944733890897548943e-04
-7.163084642287478529e-03
3.022125232418292149e-03
-5.447711684471492552e-03
-4.347785265822263351e-03
4.757231940640380477e-03
1.004726417106370712e-06
1.329288488226489269e-03
-5.092882742632729581e-03
9.299892447017761923e-03
9.966577988681950880e-04
-1.196486547129276164e-02
4.392612190207076384e-03
8.257474102301152682e-03
-1.821800334585069008e-03
-5.730207364614513244e-04
-2.090027073965943557e-03
-6.340389099112764965e-03
4.424818408125770659e-03
-9.018261312247489656e-03
5.061362409318123472e-03
7.576591986158231606e-04
3.169299277637477232e-03
2.326010185907903104e-03
6.433367172073854029e-03
-1.483199521853297009e-02
-6.800168391089404449e-03
