1.627246031158181014e-03
1.548524620718187477e-03
-1.262323673789932956e-04
7.820526854568374351e-04
-2.512481257471974299e-03
-5.443715101894980313e-03
2.670301324654993785e-03
-3.231113093390848741e-03
3.755664737737345201e-04
-6.793397777900881361e-03
-5.804006957829093392e-03
-2.518791462829854128e-03
2.402302573557342936e-03
9.986875441968573811e-03
-3.869919552357210303e-04
-4.425205046974272326e-03
4.605554085275038317e-03
2.367793773080759112e-03
-3.620693808750051219e-03
3.839489857027138676e-03
2.813189102097840826e-03
-6.683076914500665766e-03
7.150822548479997785e-03
3.145083900814924730e-03
1.674872291506655829e-03
-7.888515876840054364e-04
-9.065678765753277819e-04
-3.533193837143029387e-03
2.662759020324942903e-03
3.709085795700883207e-03
-1.841573687061765548e-03
6.779327067229480586e-03
6.276227724320658898e-04
3.051781016871517142e-03
5.970004801595907816e-03
-3.823653417510358091e-03
2.328701844453680888e-03
3.536575318191658053e-03
-7.772835693984613339e-03
-3.728026331193522863e-03
-2.462289339001742794e-03
-1.822583030011051385e-04
-5.577160785350109874e-03
-4.088537579560757619e-03
1.955422571562335024e-02
2.360978027940520679e-03
4.062797130865663077e-04
7.887226795399540288e-03
5.772039636615898528e-03
1.067425454550401109e-02
1.217711332062782663e-03
8.585662358849781685e-04
-2.879856599928834558e-03
-1.991095837571475301e-03
5.864124750122801620e-03
6.728829327252191898e-03
6.632546224972982532e-03
-8.692165327579521412e-04
-4.215283516131269025e-03
-1.375969397047956989e-02
-8.221363065623869815e-03
-4.498961868463653528e-03
-4.076369890506011638e-03
-5.067642674250601338e-03
7.116119946801896176e-03
4.838066901120144023e-03
4.582339871775680451e-04
-5.105902576006224325e-03
2.282460889716646756e-03
1.849376807744566344e-03
7.895807519556496262e-03
-6.499015465091054558e-03
-1.843528812101420276e-03
-5.005643021012248957e-03
1.007912704774847554e-02
4.737057604739311825e-03
1.139055048121570893e-02
1.638872734879025456e-03
8.875338854547240239e-03
1.688387972207306808e-03
-1.805181317873862698e-04
3.153261604428327786e-03
1.346891387909158154e-03
9.143545447747784913e-04
5.511885045106141266e-03
-7.143247328172428606e-03
3.157879684038292743e-03
9.746541572701151318e-03
-9.065015323853247223e-03
-9.858764127952716894e-03
2.291816910464791138e-03
-8.578453888509745152e-04
4.978489545036179171e-04
1.991633224275616339e-03
1.195642291455731527e-03
-9.168114838170045950e-04
1.036798880515750476e-02
-8.537584667703183514e-03
-2.265646698812158813e-03
-6.980337663275078611e-03
-6.806570188444527846e-03
-4.147204294819569620e-03
-3.807210923112921714e-03
-2.005531216734453693e-04
9.727899955765045154e-03
-3.429754276985850191e-03
-6.637133249583071146e-03
-4.814731595119672337e-03
8.091509323846871396e-03
-1.416419560101497008e-03
2.789932018354927129e-04
-1.715367460654749782e-03
-5.487095878883966465e-03
-1.004502799626620559e-03
3.786557241886616496e-03
-1.978326004655825941e-03
-5.038887321898939502e-03
2.701529161508696431e-03
1.116280885185986886e-03
1.127852818788134016e-03
-5.778501536638032746e-03
-2.561713485245956448e-03
-2.784264650605716707e-03
7.157063715687820172e-04
2.102429675999666243e-03
-2.609153174071484563e-03
1.027088588175192364e-03
-3.406204446302012624e-03
-2.155270970306270590e-03
1.872300520852182267e-03
1.670970281740817012e-03
8.130531911190740134e-04
-3.344165766088944523e-03
5.599804034715077927e-03
8.249118375544718315e-03
-2.366410887244623038e-03
7.407934274120011979e-04
-6.537077030937665269e-03
1.104611226450254342e-02
9.279652532282856676e-04
3.288047813101689816e-03
2.222680982556998752e-03
-6.666936374705840183e-03
-6.003906446302884233e-03
-1.942220975963926356e-03
3.592904133670231197e-03
-2.933377051048354379e-03
1.016711378723567268e-03
