2.021975266147365939e-03
-4.678745095674728335e-03
2.440439667101077480e-03
-5.956139111840503056e-03
1.665090736752147284e-03
-5.596591375010143751e-04
4.615311232177303838e-03
-2.504091882446790509e-03
-6.294950693407344242e-03
-6.350287282735287038e-03
4.377484239260989556e-03
1.172725169292719756e-02
4.099062902871512468e-03
1.187752084472782320e-03
5.690643778977314297e-04
6.940447823817768973e-03
4.440517202091894162e-03
4.772897205027790656e-03
1.881546814653625821e-05
-5.400256339162313665e-03
3.431239828222680099e-03
3.132795016475503971e-03
-1.548657354306368257e-03
-3.281582870724652004e-03
3.949829241954293593e-03
-3.123487945079650267e-03
-3.502380141029548966e-03
-1.882915836684550832e-03
-4.816695444979262816e-03
-5.336748583070822192e-03
2.955591209072322314e-04
3.352557747673451296e-03
8.401779608647023685e-04
3.683287331202289051e-03
-6.220528646600725561e-03
1.328813255296742600e-03
2.100738789782937831e-03
5.966992089965005019e-03
-2.490378863474597068e-03
-1.001170997643440266e-02
-1.499113393964089484e-03
1.815343127713827439e-03
4.016044753238945039e-03
-2.829533502430661707e-03
-2.608220252313773677e-03
1.058964617551301501e-02
1.208895817172668009e-02
-1.030408390000880914e-02
1.108894353452702895e-03
-2.963083198397079183e-03
-5.897674114627940271e-03
7.565602745280894555e-03
1.176728927674442100e-02
1.744831334907087379e-03
1.153212104256398120e-02
2.273916291116449481e-03
1.076339775543445898e-02
9.003403066600457888e-03
-4.750987774064538947e-03
4.326778818626040961e-03
-8.358665598567807230e-04
3.054116831547792378e-03
5.537110052230935324e-03
4.359601356123107840e-03
-5.938135408745214526e-03
-3.109833193589925122e-03
-1.468890379742671375e-03
1.711071956520708332e-03
1.203244040230435317e-03
1.327829795300162867e-02
-1.061116034972733706e-02
-1.013206929743529737e-02
-9.909219333475679722e-03
-6.854088885079948935e-03
-4.384143805267399704e-03
-3.823174518229189960e-03
-3.581337370679795861e-03
-1.584338614847195315e-03
-9.354941827108763722e-03
3.579249151379748639e-04
-1.980917269821518001e-03
-2.815508031238147905e-03
-7.553171026630754042e-03
5.342894061929379969e-03
4.413195232068407858e-03
-2.117751024779457910e-04
-4.725748232632905228e-03
4.593679204741178690e-03
3.670640940161138798e-03
7.988472787955931556e-04
3.123831608587540696e-03
3.293451361797182248e-03
4.289678722515791881e-03
-3.415255898877114955e-03
-8.621239243549528794e-03
4.708252310221862531e-03
-1.070294100630929737e-02
-6.484133855278761439e-03
-3.470155386951581395e-03
5.437490268263591147e-04
-9.334563069316473500e-04
-9.033537220894278250e-04
-6.380585825236090650e-03
2.496476708163603356e-04
2.148174978761016336e-03
1.311672946901701418e-03
-1.572844407569387853e-03
9.779680012554300712e-04
-3.865782213454205165e-03
-1.006021932776366085e-03
-4.116362029888335605e-05
8.968851758221152437e-03
-1.359060094045154519e-04
5.768897993171743024e-03
-6.294668698584497332e-03
-8.192049174593468014e-03
-5.866420064181619015e-03
1.723633085737093663e-04
-3.723609629547309802e-03
3.182550269029850291e-04
2.767419142815991800e-03
-1.716393586942880018e-03
-4.114294161702860414e-03
-7.105922804521156919e-03
1.012297200234171584e-03
1.646582286893106661e-03
-4.463226757206958419e-03
-4.812400444634610044e-03
-2.215444674337284803e-03
-4.518225785999086842e-03
6.803797579930575233e-03
-9.270461288888115492e-03
3.435316945439019064e-03
2.433188596993837369e-03
-4.930101751001126839e-04
-1.743092845960486246e-03
-2.659701911402986060e-03
-1.840565070111919044e-03
2.384037601785948205e-03
2.624096979037778606e-03
-1.753666617497990970e-03
4.605811142091815330e-03
-8.678944021038581536e-03
-1.861690474282431951e-03
3.823425024345086798e-03
3.450120040380214460e-03
1.581560930112054083e-03
1.122872177858292783e-03
