-2.579212708781611525e-03
3.899051579405235328e-03
2.174233680656550028e-03
-5.162373376200413318e-03
-2.656790221764901601e-03
1.954494552944948272e-03
-1.116593044128167409e-03
-5.423737174821924821e-03
4.924758196573687449e-03
3.397325895579816554e-03
-4.892605099885286198e-03
-1.217039569572514121e-02
-1.538046992713276110e-03
-1.121709096729632364e-04
5.657104972267834857e-04
8.392204656360547840e-03
6.409921685351492419e-03
5.445657624841448996e-03
-4.475435963802105663e-03
1.057245240869055143e-02
-4.976783161317023356e-03
4.614278421216179427e-03
5.314714997557606728e-03
9.031019460293243997e-03
-9.821162141421639624e-03
-2.407140612407929810e-03
9.354298282486255998e-04
-1.481376586904099716e-03
-1.905640844955657854e-03
1.121292568401084828e-02
-2.778875738930345826e-03
-1.052385310980223469e-02
-8.983408429827260608e-03
9.490151541362486579e-03
-1.611302290311863311e-03
-2.190635248620374960e-03
-1.056376795320151246e-03
-2.322295951697591276e-04
9.286149337822312277e-03
-7.920804731009319088e-03
4.783145396679432289e-03
-7.463900420266163759e-03
-9.906461156443687952e-03
-3.849384273678280958e-03
-5.629953951535094682e-03
3.418283695829106832e-03
-1.768919730166729470e-03
4.524557669095782592e-04
-2.625489783356236596e-03
-8.735824059559771934e-04
-2.795352813946941611e-03
3.187515401136706891e-03
1.839254489678987861e-04
4.718121924956662078e-03
-7.464864331848096619e-03
3.247609664113542197e-03
-2.097833133209779048e-03
-8.581002688033731018e-04
4.988111279105213701e-03
-5.682336811946232108e-03
-6.747694549207019533e-03
4.968036237904747661e-05
-5.233654659156593801e-03
-9.508785174905790005e-03
2.534471729835101588e-03
1.808531736734089257e-03
-1.948421012769266858e-03
-5.058336734035412396e-03
-8.447669799882337330e-04
-1.102213347249155449e-02
-7.822320334148150783e-03
-2.087748414310792652e-03
-1.883827653826172701e-03
1.127283028578871015e-03
-2.652073421496032105e-03
-3.605489498761961335e-03
-2.366740376678260187e-03
3.202935622131022116e-03
-4.680668141296408409e-03
4.955406513365357042e-03
4.661597178784310236e-03
-6.408052131884064452e-03
1.853685286329547030e-04
4.257046416400993988e-03
3.780422033236515832e-03
7.108787658001809381e-04
-5.418481025721812866e-03
-2.668766426835032530e-03
2.242937767826933514e-03
3.595481192377814397e-03
1.730476801423890492e-05
-3.399051720785875152e-03
9.268838958608875168e-04
3.317542303124819663e-03
-1.082546894044430011e-02
-3.780122437411442913e-03
1.588019194119673653e-03
1.011326761790585799e-03
-2.558682891140203787e-03
1.151974263971685493e-03
5.977334476430681528e-04
-5.798740988654293993e-03
2.417188436830203322e-03
-4.899342423300630765e-03
-2.952521836179896209e-03
6.030245807748218188e-03
2.696844483690921408e-03
1.198767098807960833e-03
2.292106429358205157e-03
3.544412383933672438e-03
-5.971645095249356397e-03
7.180370017036219812e-04
-5.043528093708840197e-04
4.494271933421292177e-04
-4.090247919467360872e-05
-6.815861590554423387e-03
-6.952299219284528362e-03
-4.173312428565382711e-04
-4.574389344807260754e-03
-5.323499917773811575e-03
3.428931378042288525e-03
7.649960383706600267e-03
6.558588830752364214e-03
5.389247902375583765e-03
5.807740976476004693e-03
-3.201311585006616153e-03
-8.263160941035121651e-03
4.695392797565601725e-03
4.000647082772136771e-03
-2.884542760928403976e-03
-2.484786748410717627e-03
6.602221796150539723e-03
-1.372801914560450420e-04
5.650977095672781933e-03
7.627124884666802154e-04
-1.488204118901889118e-03
7.150771349871887748e-03
-6.848863390312288739e-03
-1.155933393040617027e-02
-2.367687318136333079e-03
7.776499220460881840e-04
1.022951886749895976e-02
3.221246365583570019e-03
-1.037221524357791191e-02
8.528951438371743313e-03
6.841927260631374373e-03
1.393543162521072463e-04
-4.201472653185832394e-04
