-6.688956362289124073e-04
-1.626684591636595387e-03
6.620311847207154942e-04
8.867033585776326176e-04
-2.487883839824360749e-04
-1.760139522969720888e-03
-3.901239976049283419e-03
5.047839180741055297e-04
-6.320562461366612504e-03
3.516874320051801596e-03
9.332483325157671112e-04
5.619988645157261188e-03
-2.588374363251868746e-03
-5.146725320480042241e-03
-2.747707697641197256e-03
-1.623825843787747537e-03
3.269005547529210947e-03
-8.031038138831179951e-03
1.865990111956356608e-03
-8.378051216581174077e-03
-1.935188790279495285e-03
-6.435553680237395165e-03
4.961257521987276053e-04
-1.027363602445425551e-02
-2.674409381765199736e-03
4.450749210938908206e-03
-6.474637484179287042e-03
3.755431782265227034e-03
-8.865137190209352105e-03
-7.100793618896861920e-03
-5.561566511553461475e-03
3.034893332839687114e-03
2.052030959796006387e-03
-9.186597834353653347e-03
1.208605865776590620e-02
1.107848431456906263e-03
1.019872915614685642e-03
7.660168800849498014e-04
5.664785010916166715e-03
-4.012199576408598950e-03
6.271305339731281757e-03
1.461047746893698838e-03
-2.144375143072862165e-03
-1.485599100432208764e-03
-1.075899632920778067e-02
-5.225926828851703079e-03
5.164863185512083565e-03
-1.631149663636780435e-03
-3.209750729239461281e-03
-5.119351680718069002e-03
4.793804458909231396e-03
-3.803575245562313117e-03
3.443930950891802793e-03
5.276973885155160013e-03
-2.443947162874935027e-03
-5.206337107182728088e-03
-2.058663859323685633e-03
9.570294876227044504e-04
-1.835899196861680814e-03
3.295713536014244303e-03
2.251791978373661116e-03
2.617607157192422367e-03
-4.929829101112689557e-03
-5.597663204444271526e-03
-4.621015450688515172e-03
2.458964629152294613e-03
1.787505550500315251e-04
4.038154476564534759e-03
-1.959814680159303922e-04
-3.463646081988810618e-04
3.709709159087189873e-03
4.327912533332044925e-03
1.436219539718179301e-03
-4.067040276689406694e-03
-4.419680906709161361e-03
4.412828271571642494e-03
-7.474479574981983919e-03
7.776036978758948080e-03
-4.857891612692798004e-03
-7.245960183237321224e-03
2.596187567032083414e-03
-4.718749854344094115e-03
-2.489942601258125516e-03
-6.619482938301715505e-04
-2.809726499719141304e-03
5.883988194667527476e-03
-5.926386035965564361e-03
6.192108826450886012e-03
1.010265870898205409e-02
-3.120622059410143451e-03
-3.776201065697018435e-03
-3.710422717825376509e-03
-1.197843517301716565e-02
-1.745491744383155432e-04
1.533611468871048803e-03
6.885524497858065175e-03
-2.917674290389505286e-03
1.167743450710689640e-03
7.810914097892284955e-03
-2.128363492931047547e-05
6.951699476868142616e-03
-5.380524206457027066e-03
5.772211814469236160e-03
-2.040577000720758538e-03
3.946559933515326329e-03
-4.072154302719736135e-03
1.005319461426612201e-02
3.339195174358793559e-03
8.492556674821823484e-03
5.538711623412542057e-03
-3.980427597786008118e-03
7.955273723479452030e-04
1.798843219258477533e-03
8.866443542014650070e-03
-3.502891638595577190e-03
2.649638816781256945e-03
5.822796557087776825e-03
5.450146325231052056e-04
-6.336199898539476480e-05
-5.599196206648606074e-03
-3.882104170671134714e-03
4.980873009486116998e-03
-9.828787663173724556e-03
-1.438272028580420950e-04
-4.351791089249270120e-03
-7.412441577692355406e-03
4.318963123570469277e-03
-9.128859857883199827e-03
3.550006799898080146e-03
3.666621293008573684e-03
-4.671448659266922874e-04
4.132321690080422057e-03
-8.230860116560713771e-03
1.007529110164206163e-03
1.091967019634917761e-02
-9.457250743014036093e-03
6.898819555556512731e-03
3.757953583152135596e-03
-7.278900681850710916e-03
1.004283130196470183e-02
-2.083379392633164483e-03
-4.309558480639500214e-03
-3.274272731256048716e-03
4.491020421420468048e-03
-5.971279051736290075e-03
-3.028309565391106625e-03
9.834688773799212490e-04
9.362731276018762538e-03
