1.825550625822290910e-03
-1.925735104508745224e-03
3.663755188934453462e-03
3.425067533787276922e-03
-3.591027457211733425e-03
-2.408807780311923805e-03
-3.385975201916894065e-03
2.901633983556439669e-03
5.040764049725129058e-03
-7.900830971528244318e-03
-7.875174289720527493e-03
-1.198311505772069923e-03
-4.651293960306578969e-03
1.403924703860160014e-03
5.476547830483044325e-03
4.413727777493512382e-03
-9.372691774718455021e-03
3.342833752068370603e-03
1.226766586424092587e-02
-8.043150896764739502e-03
-6.721356719807108394e-03
3.459710773649236643e-03
1.523256874996826646e-02
5.844505935504349173e-03
-7.100916742452442060e-03
-7.201318264471770828e-03
8.470529574791241592e-03
-8.495010800147599107e-04
6.147002890482881378e-03
8.934751597595418787e-03
-3.014356989229751219e-03
8.816268242588918072e-03
-3.263020194829502948e-03
-2.256518474708163946e-04
1.017586545615014118e-02
8.677844431693183466e-03
5.781725578091764274e-03
8.017220362318090709e-03
-4.165359587607587143e-03
-5.917128886111637856e-03
-3.030779499734989873e-03
1.084438815387823128e-02
4.284656390446324979e-03
-4.824088925094818271e-03
3.068568301146002916e-03
1.674740559461123778e-03
-3.951823316082194414e-03
-1.059941697714378685e-03
-6.119470562333854079e-03
-5.693054634121964483e-03
3.412176641509799546e-03
6.845540857453463919e-03
2.407811165533186269e-03
1.128644542838057535e-03
-8.637889587110035225e-03
-4.929311975819433526e-03
2.469067788355919311e-03
5.369331021989197952e-05
3.810898853794497405e-03
3.856626236384367960e-03
5.222518893878091983e-03
-3.902245753773406472e-03
-4.092883866581470929e-03
-1.066476624092702416e-04
-3.961211662071277215e-03
2.871655377384530177e-03
-2.377810670836979015e-03
-6.586882781862506663e-03
-2.811875638649127210e-03
-2.379398783402585874e-03
6.422104512337464648e-03
-6.590236508315186134e-03
5.510382929195068412e-03
3.519494855987191466e-03
-3.192866587286688831e-03
-6.836936231981235058e-04
2.978564858137542856e-04
3.538312289970085758e-03
-6.525415046751941416e-03
3.410881537858461484e-03
-1.276458078995245304e-03
-2.265916727158556656e-03
-1.134938610209630270e-03
-6.067876313291370970e-04
-1.172094716686455885e-03
2.075062753574131395e-03
-6.949729351334396447e-03
4.612979124036569118e-04
4.459952096326593070e-03
5.016099249078885547e-03
8.086375918731525565e-04
5.720348643549251315e-03
-6.260923293760919071e-04
-4.516381167996356277e-03
6.675660481546711288e-03
-1.371853425291947844e-03
2.795183530023282337e-03
-2.827242389110320130e-03
3.955500059115798876e-03
2.330444590486278889e-03
-2.308975087486237008e-03
-9.577656803049240317e-03
5.108158249423400132e-03
5.297250696737934583e-03
-3.303754868983308814e-03
3.037681015855488772e-03
9.114086899606991740e-03
1.281077541189760277e-02
4.317950792232429919e-03
-7.256170263035926528e-03
6.032358135251706353e-03
-5.386689486937770548e-03
-1.950764064865127606e-03
-4.920823577817949254e-03
-3.111820548290770809e-03
-6.889861377750734935e-03
-8.084128225750009502e-04
3.550513065241720379e-03
-3.308981306383345245e-03
-8.394410633564230312e-03
-6.486515518387036194e-04
-7.282465805448514427e-04
-2.395365821342202578e-03
-5.174190546919714764e-03
6.601480437150747740e-03
2.970408181626549640e-03
-6.955126334308093421e-04
3.858328072009919573e-03
2.761001614642257136e-03
8.642780440555185729e-04
5.880859825570212236e-04
-5.603007685645268118e-03
-8.730886348420677928e-03
-4.616997513473040417e-03
-1.966356027372547638e-03
3.697223184349615675e-04
-6.495329448678608363e-03
2.417353956926815255e-03
-2.090717263967808732e-03
-1.647952511440185829e-03
2.314484364511564928e-03
-7.436413316613907191e-03
-4.049048764904417987e-03
1.756283632438030741e-03
-4.116021644030671222e-04
2.378124021943782852e-03
-2.561941638962817857e-03
8.125141243528838375e-03
