4.306557796424514799e-03
2.612766583715345464e-03
-1.319622968233601264e-03
4.570127707332370193e-04
-3.373553363816781444e-03
-1.712552516795265867e-03
2.902432631901400491e-03
-9.614296604370623249e-04
-4.222909260176804964e-03
-6.563272792988378073e-04
-4.519080030765940115e-03
-6.427853621033246395e-03
-2.236737019112292404e-03
-2.348049060643077422e-03
1.847673521686198778e-03
-6.101282591929199639e-03
2.404295654568727215e-03
2.309962052935145890e-03
7.032362350776006667e-03
-2.572964011708908216e-03
1.169871491336959245e-02
4.202985666709623501e-03
7.051278720334517094e-03
-6.254647223324325510e-03
-8.140044079719358644e-03
-4.543908160673982947e-03
-3.851691065181073181e-03
-2.061864254853186789e-03
1.231293713814155628e-03
4.350789171085698431e-03
-3.227017315245584404e-03
-7.575922885440880897e-03
5.185461305234504055e-03
-1.396422610732193795e-03
-5.598695369614299124e-04
-3.729141360847149089e-03
-6.307258649841164001e-05
-5.117863821275779428e-03
-4.429670878778983745e-03
1.675478544576248022e-03
-3.414886140793009853e-03
-6.994732950364888381e-03
-2.558931773283731285e-03
-7.154308170125648660e-03
5.127006283800732839e-04
5.116196178904036055e-04
-2.663829835662366498e-03
7.890211576240938919e-04
-9.004550278400838895e-03
-3.459626166983692866e-03
1.115923721408319108e-02
-1.511074281973942210e-02
-1.345553676998651133e-03
2.173345385848658284e-03
-8.135795713290464373e-03
5.202399405273522119e-03
2.540088541864345736e-03
-8.515606182997459417e-03
-7.260113875814102127e-03
-7.149353075295150975e-03
-8.872216491900035071e-03
-2.849520099755278283e-04
4.275713197198322338e-03
-2.621983220618526525e-03
-5.485480634081497421e-03
2.747343515764197157e-03
-1.610458754704535787e-03
-5.848522174898722337e-03
-5.571254325683547282e-03
8.132803813379354402e-03
-8.757178242365028231e-03
2.002650273643687053e-03
2.187481519090126152e-03
1.441860446189090770e-03
7.352911811947434803e-03
7.368860650837882366e-03
6.138971473535289117e-03
-2.713955257298758788e-03
6.565119846778842694e-03
-1.440488079254534544e-03
7.068826009204018032e-04
-6.410196549510014698e-04
-6.033144407783490835e-03
-4.698957328514352032e-04
3.074356398345864851e-03
5.538349390100870580e-03
2.928183014516846493e-03
-6.201363148468738056e-04
2.857373663397347763e-03
-3.024469318855495508e-03
2.405745129844411630e-03
-5.646833433317059725e-03
3.060870807129803246e-04
1.176972918494687947e-03
-1.774102705847956964e-03
2.972966874408833598e-03
-7.629184514442796531e-04
-1.653870693093300844e-03
-2.289065473630392134e-03
-8.693090437653974364e-03
1.568632564840763334e-04
-8.532546315628459360e-03
1.885266390447890841e-03
9.577463001393499500e-03
-3.790661240747600098e-03
3.031757889905048031e-03
-1.368931539975410880e-02
-9.105806891284652996e-03
8.689652411844196300e-04
7.370152659675122293e-03
-8.117644472127925545e-03
-8.353207389975473435e-03
4.579857702299340756e-03
-5.766144969410207446e-03
7.259541109407171254e-04
-4.115673241902248480e-03
9.032178388064766167e-03
7.851353049786071250e-03
1.063768323814112335e-03
9.064324558283572489e-03
6.345136204084576414e-04
7.367713835571135846e-04
3.736399858605600737e-03
1.844122763929424398e-03
7.918219085448036446e-03
-4.109712962814027030e-03
1.840786636934293790e-03
5.596621703216260804e-03
-6.068901650919961838e-03
3.139440107225013443e-03
1.830139262643980073e-03
5.185726985227426429e-03
-4.576019577854813225e-03
-2.229114431221237893e-03
-1.130301605494355398e-03
-2.846850719769998105e-03
-9.782550420070045688e-03
2.950684194676170876e-03
5.975541709962475106e-03
-6.779953019818349945e-05
2.308180708984236724e-03
-3.881416771233740879e-03
1.701191481113462081e-05
-3.668296833671869962e-03
-6.634269543495358024e-03
-9.846909628714870574e-04
-1.996780626374034754e-03
7.277559158613253892e-03
