1.794877844619896870e-03
-4.964895308418319948e-03
-2.197508217425420043e-03
3.251288223952908483e-03
-5.194864599550153006e-03
-3.520548911676957531e-03
2.435798077405928325e-03
-3.148665136713964512e-03
-3.560083922549093019e-03
-3.401826554199528004e-03
-2.289571693868085178e-03
-2.081389646204771012e-03
4.193132070337404760e-03
3.187523889421280815e-03
-1.549539409343734858e-03
6.555700232460113033e-03
-2.496522536655717845e-03
1.490591246827562770e-04
-6.824300899642206809e-04
-1.020290229281048400e-02
-3.519989664321220273e-03
-4.858894009012623108e-04
1.301618891048609292e-03
8.823436423179368540e-04
4.600107290285027767e-03
7.761718857510206855e-03
1.839306073962483678e-03
-1.518290627642697628e-03
3.188896126551488564e-03
-7.016838111415781183e-03
-1.324808745548842733e-03
7.491778010327622590e-03
-3.114290117459040785e-03
4.399740704593456571e-03
-4.530639393852196016e-03
-4.157846578930290624e-03
-3.982459971966462869e-03
5.961394639053235744e-03
-4.785265698908338673e-03
-2.923618388590975160e-03
6.897140892446525055e-03
1.967473835564637411e-03
-3.892782156892381912e-03
-1.737246952422576097e-04
4.451098637893238785e-03
-6.479889085701475392e-03
-1.049434996367675562e-03
5.918524803971040660e-04
8.935339713081929050e-03
2.749097934152553314e-03
5.200788403280906524e-03
-3.182591660486509908e-03
8.290918316474347907e-05
-8.359291893411575219e-03
-4.005638988264682170e-05
2.836135993882497180e-03
4.701197820899843710e-04
-2.388609228709916762e-03
4.574343209979798985e-03
-8.877731892635867816e-03
-1.205880983987021822e-04
-5.562434904948635096e-05
-1.205436976732654659e-03
-3.132681437903397145e-03
-2.050169962389118174e-03
-4.128510602068087391e-03
-2.884375639734383309e-03
-8.192963517784343551e-04
8.582378699687878698e-03
1.719365249311884765e-03
-2.584854959444349634e-03
3.780779427563013377e-03
1.776762544942462772e-03
-7.240522814941285565e-03
-1.483799888366351370e-02
5.767790400915409448e-03
-9.239298989781515384e-03
7.774897354550886278e-03
4.099827803084717115e-03
-6.909882187723213713e-03
-9.686902891845559915e-03
-3.271956308327504063e-03
3.249725860256245328e-03
-4.744955827244545787e-03
-1.190567430052405376e-03
-8.866381826975590005e-03
8.902955566091079118e-03
-7.394698582492125610e-03
-4.786847483035542444e-03
3.827578609023063634e-03
4.026582525905170011e-03
-1.150147944503805914e-03
-2.556355524509561173e-04
9.070265279294763630e-03
6.235548143403965397e-03
6.766408755352226745e-03
-5.445472312321662268e-03
6.946123832436739559e-03
-5.863268555810281953e-03
1.377786793513690808e-02
7.101286133773142793e-03
9.220047374051394337e-03
-4.157039798180878556e-03
-6.279501341368815860e-03
-1.294026698752222086e-03
-4.628088601945361431e-03
-4.564852462366032933e-03
-7.073665085088946987e-03
2.119437401254752138e-03
8.419209762027779183e-04
2.410253937605947097e-03
7.121293758542030297e-03
-5.944730695696071564e-03
8.992352209730341064e-03
-1.850140167539027908e-03
-7.203194187019940770e-03
2.187030583519667445e-03
3.796421077613306317e-03
-9.731570504958552553e-03
-4.248778107746827883e-03
7.753011770820679178e-04
-6.897138032160453694e-03
-1.911052185916325410e-03
2.715245868586329842e-03
2.876003126393526094e-03
2.074993240696389272e-03
-8.128466739334608282e-03
4.889155951922621521e-03
-9.949602431749665198e-04
1.214807499048555775e-03
2.226726915157095990e-03
-1.411749879497829069e-02
6.278736000318115365e-03
8.988394000263908281e-04
5.015244101770111734e-03
-9.963861762372564889e-04
1.532224640620924580e-03
-1.675627760668606508e-03
1.340620381254868654e-03
-1.405329530376675387e-03
8.789449596580971649e-03
1.704666504525170637e-03
4.858701225050764475e-03
5.352070372939905091e-03
2.334834190547546153e-04
1.562760823705264647e-03
-1.211265229772091109e-03
4.119138870177794023e-03
