2.364812849403543586e-03
9.311865523985427863e-04
-1.392780054484788572e-03
-3.950931004507124249e-03
-1.727073596277893357e-03
-1.913912314274121736e-03
-1.890025736042312207e-03
-2.842783440941630633e-03
1.467901803293101930e-03
4.799930194933747091e-03
8.554779041311258653e-04
-3.344076798498216846e-03
-3.528014633205634083e-03
-4.098094619016073685e-03
-2.199836268192914210e-03
-2.304783484150591498e-03
7.693571888877738518e-03
-6.712230617499375003e-03
6.837995579919688149e-03
2.707229655192975627e-03
-7.850076570469453896e-03
-4.751748440702681896e-03
-6.160246131767597565e-04
8.725680887674402281e-04
-3.576671673131308089e-03
-5.564399649964224190e-03
-9.865024177199473859e-04
3.861664503545561480e-03
-4.282746769869652005e-03
6.559481786991382254e-04
5.081860030904000389e-03
-7.707119825929513272e-04
2.301214771507041189e-03
-6.943664244396781024e-03
7.644496002348772842e-03
4.091922066613693301e-03
3.774181203237177672e-03
-5.773436918656288906e-03
-6.652250000340747572e-03
-8.590162283366014825e-03
-2.026647672549113967e-03
-6.394668809304921743e-03
6.158540557286641855e-03
-4.090648380093883890e-04
9.158487040063547843e-03
-1.882662591059387422e-03
-1.707477156712047849e-03
-6.535457076257075032e-03
9.378346064871213514e-03
7.118752421350763200e-03
-2.163081577193506824e-03
-5.910482863925287100e-03
-4.773245632661270448e-04
4.819936749422271995e-03
-3.832926930879107692e-04
3.090461606760477658e-04
7.293630618316283756e-04
-5.431738377984612334e-04
2.447831473820198060e-03
-4.693952349168093677e-04
-4.938118892029209200e-03
2.098219483378145796e-03
-3.827113083745075587e-03
3.660621691325413336e-03
3.797590239545371379e-03
7.610046068108791695e-03
-5.721143320641346522e-03
-5.093171845570839545e-03
-5.719678018195739795e-03
6.995029032847125891e-03
-1.589623694112677352e-03
-1.641744514811916723e-03
-3.802171646135253397e-03
6.065161947628447403e-03
1.426983378365793108e-02
1.058005137960212408e-02
-9.514776591873413958e-03
7.522992022602236102e-03
1.588218258449202542e-03
4.702069788582848887e-03
-8.817848525580363611e-03
3.741861066624558273e-03
9.176894741030217767e-03
2.374737540151600126e-03
-3.784522805625802414e-03
5.736301302458837563e-03
-8.578660893465398993e-03
-2.116658523876392781e-03
9.792969550348787702e-03
-1.136233449295349918e-02
4.026832232959934484e-03
-7.049149337525327345e-03
-3.296519652485759358e-03
-6.466650789884939576e-05
-9.801901027033897706e-03
-7.798372868604481773e-04
-4.590071976910531891e-03
2.200904413010867260e-04
8.843952412838858345e-04
-8.882959444384419187e-03
-4.648499795366152661e-03
-1.065102850939677725e-03
-7.881617679383915928e-03
5.283534980267261781e-03
2.110970804372556617e-03
-7.455528924661194295e-03
2.416585365671206163e-03
-7.755026281946520751e-05
1.291193089594434677e-02
9.619804677984580832e-03
-3.032441789189941565e-03
-6.673931682511024394e-03
-9.349990735653613411e-03
-4.453736010767566332e-03
-5.975770532022080944e-03
-2.458375413597431100e-03
-2.522419089860749404e-04
-2.841923779422757344e-03
-1.738549865506462981e-03
-2.572943329978495761e-03
-6.037159822092906828e-04
-4.931459129547642595e-03
-5.480717786981781359e-03
3.131906907433599455e-03
4.109446172169598996e-03
2.382662554574334606e-03
5.289670570911058668e-03
2.489668600513731192e-03
2.366143789883692113e-03
1.342944911304128400e-04
5.612306886621720552e-03
-7.830930078720384213e-03
2.415100045203344859e-03
-3.949509618043810927e-03
-1.982688733209888015e-03
-2.349928042470563350e-03
-5.307865455018071985e-03
-4.357553263923666029e-03
-3.423734778605980363e-03
8.647860216198599223e-03
-2.923001998861480231e-03
-4.255156511873125005e-03
-1.840167130562771940e-03
3.037577486083946603e-03
-3.967750833491348128e-04
1.564085446554635281e-03
-2.716947443501174092e-03
2.836514106359033175e-03
