1.673444091435132095e-03
-2.949912125704866502e-03
-2.049445509732389977e-03
-1.067722630150364947e-03
6.167096060581582669e-03
-6.737845565550046149e-03
-3.415789627935089581e-03
1.786029479664864861e-03
4.916636233334560711e-04
7.276858065938311866e-03
-2.294924095658398572e-03
-6.890485951699941956e-03
-6.787115441748711210e-03
6.358982445008713041e-03
-1.666561639034012119e-03
6.353252552746303794e-03
-4.913414501888017753e-03
1.071417810261109148e-03
6.359080616146058247e-03
6.879201011516897397e-03
9.701788433187722924e-03
9.640195534497268334e-03
4.076193862285672209e-03
2.644509646088472402e-03
5.181912054805685487e-03
5.348960562242675854e-03
1.681322029221471882e-03
4.458483344255768921e-03
5.562411329046868490e-03
1.039420073508961345e-02
3.361568368634693191e-03
8.908680006808354646e-03
1.359174452126942542e-03
9.312624086052385952e-04
5.557203394857704835e-03
-2.352240530406384846e-03
-6.007396613769789250e-03
7.906261977543647956e-03
-5.164361938843735084e-04
4.373159818307708648e-03
1.470665209475125303e-03
1.259249434186190736e-03
-8.491743449305078767e-03
-4.597000061515121513e-03
-5.340636301387616421e-03
8.636810335341626836e-04
6.319136881182070391e-03
2.874242947309858104e-03
5.730038398695232876e-03
2.220631201258115462e-03
5.831018518397355736e-03
2.656782002326981817e-03
1.101330223573707048e-03
7.504973871309298869e-03
7.588516033117214711e-03
1.066369612547563082e-04
5.244418501802624449e-03
2.992973207320047315e-03
1.160031747696497985e-03
-2.518763849900304032e-03
2.538154887631941838e-03
-3.939898075639084243e-03
-4.674697069513583485e-03
6.713219385298945831e-03
-2.135626217575208995e-03
4.924690392867054657e-03
-3.794077303019760192e-03
3.861071313750393062e-03
2.414632651912084968e-03
4.507848833718403406e-03
-6.922865713186276797e-04
7.442221737823470455e-03
3.962421853124014834e-03
-5.927673492865584773e-03
4.106683821887257765e-03
-1.727209665853383664e-03
2.313518831029508205e-04
-1.501035933360405630e-03
-1.804574132426408576e-03
5.906319916656909466e-05
5.432967934384361902e-03
1.175008706679601727e-03
3.302772147899019246e-03
-8.672767107574572522e-05
-4.132874951226031025e-03
1.873222553527134843e-03
3.894835965723396896e-04
-4.932608245963321543e-03
-7.914491481461119731e-04
-2.719101060604984816e-03
2.266102309759007380e-03
-7.356048970863690237e-03
3.417511180938495336e-04
2.213361504302223306e-03
-5.610154553639909100e-03
4.825200768642745781e-03
1.833118097855813413e-03
1.856751705460687064e-03
1.228831719549778809e-02
6.326088387140704587e-03
-1.965836989351538947e-03
2.262415332094213770e-04
9.568258408577985305e-03
-1.020235183238698932e-02
1.110805996353838275e-02
-3.091526169527489959e-03
-1.496859514420255432e-03
4.600976977448129057e-03
-7.754310971396156590e-03
-3.116035925152480738e-03
5.331612832500339828e-03
-3.830006330649050189e-03
-9.574799279860277471e-03
2.923960593066974624e-03
2.331732980967813045e-03
1.321215998525199957e-03
-5.076065814038117560e-03
-5.544994654266313140e-03
-8.590321363009200545e-03
-1.036760875583581619e-02
1.496921162204873030e-03
7.165285791281830394e-03
-1.033724891598657332e-02
3.618222585524687260e-03
6.207459599390710049e-03
5.757371574509471089e-03
1.778990642896713771e-03
-3.195754215889524009e-03
-5.285270030693016603e-03
-7.120780946946498810e-03
-6.144995828665558149e-05
-7.515049579406246714e-04
2.049812331286132890e-03
7.673074558605605562e-03
9.360900156335762168e-03
3.325069203322348049e-03
-3.466278131222529091e-03
-4.370160389140036704e-03
3.632202393570323207e-03
7.616333836836796344e-03
-7.002118236628373030e-03
5.357519313476804233e-03
7.544267284149606956e-03
3.495971148814573139e-03
-6.262555186848541141e-04
-7.836924739433790560e-03
-3.435734422075448994e-03
-9.374014813233301838e-04
