8.495130410758284850e-04
-2.020322345497328406e-03
-9.389504607106184458e-04
3.961459242438890652e-03
3.474469662502284364e-03
-3.022196730030093665e-03
7.922058777472959978e-04
1.393163263940820152e-03
-3.766615132756282597e-03
3.560654071534619331e-05
-4.186723480051348333e-03
3.580351408662351635e-03
5.007960434582305574e-03
6.827951351177393010e-04
3.146158193135907902e-03
-7.622843841798474483e-04
-3.619755167883395661e-03
1.170252977787870213e-02
4.001361474642324730e-03
-5.649621535258071876e-03
-4.718135765241156937e-03
1.788268971456990130e-03
-6.894577784610287155e-03
-4.571445375693713488e-03
1.439790094747102778e-03
-6.150433881907775395e-03
-5.374855659597368475e-03
-3.988378978115604892e-03
3.129425646666473323e-03
5.589580732874586998e-04
-7.751998512543243703e-04
2.533807318039705148e-03
-2.663452374505156559e-04
-2.290809635468988182e-03
5.228339350210723518e-03
4.863381165584695215e-03
5.200841372840956343e-03
-1.165191029821115339e-02
-1.119764325292375330e-02
1.241815472655543673e-03
-3.047128250742917391e-03
-4.784767443712144817e-03
9.529135556917674513e-03
1.103424227237112358e-02
4.188132238171720853e-03
4.124350585842895614e-03
7.052366707319276951e-03
-1.444542010970742592e-03
2.456332117514417341e-03
5.041390127787830425e-03
1.706232311266761515e-03
-5.154924992215869327e-03
-2.689974998004184860e-03
-2.649898021872253064e-03
-1.848283822806557524e-03
-1.606642774393731137e-03
8.264038826365014204e-03
-3.864494075651138567e-03
-2.078759649462520124e-03
1.103491299584925507e-03
4.235977088853170626e-03
5.541955227817443180e-03
-4.664889453839642271e-03
-4.385796042327179053e-03
3.408112381681334142e-03
1.705707230180354261e-03
-4.068238478347687044e-03
-2.605554879417663634e-03
1.996969487218276489e-03
5.481643109122004420e-03
5.183610438041334062e-03
-1.176023761170484627e-02
-4.168217334410768060e-04
-6.012615927374863334e-03
-3.219594032101089683e-03
-6.757829010295426757e-03
-6.643573276282403045e-03
7.825125964103481560e-03
-4.680725534497459477e-03
-3.203750571649606124e-03
4.358649284882735488e-03
-6.271855730219499242e-03
3.083104522106643649e-03
1.525977084918995639e-03
-5.334188289035458018e-03
8.734641899104582038e-03
-1.723997774898578417e-04
-2.365966720568772781e-03
-5.623604064662895627e-03
1.175782436541502642e-02
7.907664207864003366e-04
6.350513003915212243e-03
5.864455717993620910e-04
-1.894884639780741297e-03
9.517621083429980353e-03
-1.315525823206477839e-02
-2.945982944748801093e-03
-9.204325271945812403e-03
-2.732248850438424165e-03
-8.727615780883839127e-04
-4.655190501109527160e-03
8.816692435487117827e-03
-5.914947314573479505e-03
-5.148857015645707342e-04
2.863178660056828282e-03
-2.740871209655305896e-03
-1.223213923621303042e-03
-3.600379941128828420e-03
-4.614412996927353197e-03
-2.134681402113717142e-03
5.281063304639456793e-03
1.078032937237880006e-03
-1.586822568310741451e-03
-4.544769578626746930e-03
-1.524289517600102388e-03
1.599257290015447617e-03
1.753666392434139083e-03
-1.501924699388204956e-02
-5.288687787145865231e-03
3.025714872792596537e-03
3.721129181443128854e-03
-5.348236179942714510e-03
-8.388032353778045397e-04
-1.385434132251928433e-03
-4.985492268467292890e-03
-4.099989126708055353e-04
-6.106314996907680377e-03
4.062264083213089523e-03
-1.196495797226431942e-02
1.043454010884881404e-03
-4.928549457187046852e-03
-1.175701882202398506e-03
-7.575734803516903822e-04
-2.538462760166101083e-03
-1.900182281771616499e-04
-2.298263871742622141e-03
7.894178808201732928e-03
5.003549647506439456e-03
1.419067572889062996e-03
-5.656891730498913792e-03
1.704892176448143375e-03
-9.375761461582912334e-03
5.324359510364397308e-03
3.280376708186903863e-03
3.981485953687577579e-03
-4.874518892614509644e-03
-6.634360729722192998e-03
-8.239160804434547333e-03
