2.259204178082310083e-03
3.016103328813008518e-03
-9.276179753407072254e-04
-1.172941239289877237e-04
3.555313158031369290e-03
4.047661541044061256e-03
4.076609096322849788e-04
-2.978033089871535716e-03
2.886435366662447929e-03
8.280288053154826258e-03
-6.213741437129466577e-04
4.004027086684281561e-03
-7.314493496629793749e-03
3.072260977631304738e-03
8.571528646926719792e-04
-4.071549001718626805e-03
5.555985527320437579e-03
1.604582274923840651e-03
9.993716821082179388e-03
1.407510625390946983e-03
1.207635214343092539e-02
6.030850490344934721e-03
-1.030556617295237676e-02
3.744328460401777359e-03
-4.433472053942541340e-03
-6.303725185357575249e-03
-6.169555874127214366e-03
7.302713750376749191e-03
2.350572073698231103e-03
-1.860700691036218987e-03
1.943623753087646980e-05
1.198931925826346098e-02
5.542638417350131790e-03
1.197138047264519707e-03
6.808172242775247310e-03
-7.050583145383922806e-03
-1.255739894495848559e-03
-4.819493982182481394e-03
-6.015765322385408474e-03
4.012653491165378040e-03
3.158868529660881132e-03
-1.193856910348855410e-03
-1.464746762876967387e-03
1.203804807576918257e-03
4.578129284530526970e-03
-2.370493589123378111e-03
-1.629476252432061293e-03
-4.698982153338615228e-03
-1.062460021529901613e-02
5.636852365813104990e-03
-8.072484457864634658e-03
-1.275672791360052242e-04
2.291824680457425680e-03
-7.345760734464482945e-03
-1.608051005169316462e-03
2.918611182204850375e-03
3.462348654263953745e-04
-8.188861957863427868e-03
-3.657587731723583755e-04
5.707594586313514962e-03
1.977411959304018266e-03
-1.369852161356242349e-03
-6.775806396669199760e-03
-1.867859267024251323e-04
2.923134038170350103e-03
-3.321597057673825269e-03
2.858620148575214282e-03
9.538295376002080619e-04
-1.648205569160219848e-03
6.006016079642216739e-03
5.504442107370225356e-04
-1.075435443734664050e-03
-8.821246534874140023e-04
7.517293341246106438e-03
-7.589401061940065450e-04
-4.968360326345014170e-03
2.142616373382159357e-03
1.530075934812424182e-03
-6.948938721921017747e-03
-8.892375172258762481e-04
5.316147209172678544e-04
-1.575962529400993075e-03
3.481720358820313953e-03
-9.365041969901488281e-03
-1.291207605087017329e-03
2.394397874315065591e-03
4.901981319096560506e-03
-2.187110815031618506e-03
-8.987451490815507628e-04
-5.967396140139408570e-03
-3.590491669964491778e-03
4.649905056371789365e-03
2.951443596816375175e-03
5.484016569177298586e-04
-1.012347546923766071e-03
-2.668564051328590038e-04
3.652724284334833336e-04
6.158767880779131808e-03
-1.273311195939726094e-03
4.966304104782617856e-03
4.590857369002448660e-03
-1.349188791813022911e-02
1.286547960639196700e-02
3.185599510524010549e-03
-1.222036727075686592e-02
-1.032691390954187591e-02
-8.690211529118507458e-03
4.142649734787767182e-04
-5.340916523954290784e-03
-6.588479122451538009e-03
-1.643460087492957123e-03
3.348056614014655822e-03
3.725212424906912487e-03
3.190657925986568628e-03
6.603277591910776748e-03
-8.467835006648024090e-03
-1.482915821212185854e-02
-8.540697637967619577e-03
-3.012211978190714075e-03
3.096519260082248974e-03
-7.300734613998961613e-03
-2.917830069527333273e-03
-5.551338016439512357e-03
3.548459529899131853e-03
-1.915897629078282911e-03
1.086332681557083089e-03
-2.319736153010701959e-03
5.534412643314192554e-03
-1.109345307053402315e-03
7.595913753664126911e-03
2.982026336844875811e-03
1.875856762222223020e-03
-7.247656276478966347e-03
2.029590113798521774e-03
7.582304065899181291e-04
-7.738565956813859247e-03
-3.522607880246545874e-03
-1.255770013634676145e-04
-2.292193360506893530e-03
-3.190397049301696604e-03
-3.644286415753689775e-03
-7.280285430220492099e-03
3.833949486926351794e-03
-4.460312051555940203e-03
-2.593822901141456128e-03
1.576355828284220278e-03
4.738762764914217565e-03
1.068561315049927326e-03
