1.265194549963390667e-03
-2.814635367541688284e-03
-4.150926586355976021e-03
-1.024055462527168536e-03
-5.034976198308777420e-03
4.266622422035439011e-03
3.207328433586514090e-03
8.556958218197502580e-05
1.567651202908901687e-03
9.100337734750500469e-04
-3.059114470224643875e-03
-7.316168410191005791e-03
2.705260076916440794e-03
-1.590745361584187251e-02
-4.221713525297158404e-03
-1.254550473540384965e-02
3.370494796582967478e-03
2.695035853388421266e-03
1.035831196022731805e-02
8.014751979832888951e-03
-4.182544991288001182e-03
5.951574035549682179e-04
9.994578034166262323e-03
-7.985065581207151375e-03
2.756492915598660401e-03
-1.204290087098274474e-02
-1.016921484376027973e-02
-9.722823221673969341e-03
3.510068761830463708e-04
4.507860676497361420e-03
-6.358841729040277425e-03
-5.647593503626982363e-03
7.160319496952363000e-03
5.993477490481193513e-03
6.683876809372116257e-03
-2.077685096503565677e-03
-5.115339738416392265e-03
-1.166281155817672395e-02
-8.838075869836110182e-03
2.672414181242912731e-03
-3.508402966147542053e-03
-6.720268130606268475e-05
1.486789153117753636e-04
5.119725925669815422e-03
-2.694425137440783005e-03
3.431832810260922705e-03
4.675789613019746584e-03
1.294972593138857177e-03
-2.793935608113322713e-03
-7.753548347742456222e-03
-3.160298509451271286e-03
-2.982780369410577628e-03
-1.458814410007731226e-03
-1.542054285890737684e-03
4.833525941766550135e-03
-3.451872957704901421e-03
-3.661068560547611761e-03
-4.101221503848375728e-03
-4.199987578823780217e-03
4.979682475573758357e-03
-6.471840566859630821e-04
5.093397035007787843e-03
2.498825958739978124e-03
-3.022970026571074808e-04
-3.830925102150453676e-04
-1.221636857463522614e-03
9.604039584425875728e-03
-2.070077886561274942e-03
-8.054649707974294087e-04
4.919501414509148962e-03
-3.355922507503675701e-03
-3.579273896204260112e-03
2.542901215936454914e-05
2.465094565141897828e-03
-1.338207053984520958e-03
9.206283241956823502e-03
1.770382723349976954e-03
-9.323285957945300073e-03
2.410705971630962719e-03
7.841954456320536851e-03
-1.707282668219821126e-03
-5.592320517596981351e-03
-2.956424638326840635e-03
3.100794591689417547e-03
4.998299406719219386e-03
-6.683819616174803586e-03
-2.185409556123400505e-03
-5.667283357188249854e-03
-3.551287293893555085e-03
-6.422429896084303445e-03
7.075775902196207792e-03
-4.101985257746924331e-03
-6.329486360440591056e-03
2.924511184187033978e-03
-4.122857179516237550e-03
4.272677202531716123e-03
-2.865767549630879839e-03
-3.201735878234926447e-03
1.206511068869239259e-03
5.720904247264153343e-03
-4.275060547596433273e-03
4.666304989755368400e-03
9.448660722135279744e-03
6.542712976031657413e-03
-4.911530967897532194e-04
-4.349076228799428519e-03
-2.647069516619409302e-03
-1.246692280868349828e-03
-8.470838187693211299e-03
-1.413524658118320895e-03
-2.413728493063560976e-04
1.844116371355148916e-03
-3.695830488883811247e-03
-6.425688528520281072e-03
-1.164974817422843433e-03
-6.875384090816865322e-03
4.069423247411140150e-03
-9.073569282226024097e-04
5.155787934072474099e-03
-6.518306793092193234e-03
9.946963998528686891e-04
1.460769879824785509e-03
-5.943426469891089498e-03
1.973975618841002956e-03
-5.678187210894603335e-03
-9.187282149237689655e-03
-1.872518947386558191e-03
-2.401938996220953550e-03
-7.781735156315237358e-03
4.139504127476088292e-03
6.980235345721701699e-03
9.152693834495839557e-04
-2.595594001734245673e-03
-8.390570360827206194e-04
5.400123140201900165e-03
3.815674836291658989e-03
-3.285364773765560558e-03
3.775618172364024212e-03
-1.069046409793109314e-03
-1.646487239627692986e-03
-4.847854814462195135e-03
-5.259225628049182290e-03
-2.508030814253487187e-03
8.220106842693970838e-04
-9.528207755914511450e-04
-7.391236461003763026e-05
9.562701281427500935e-03
-2.141702812687037993e-03
