4.707443423475174589e-04
-1.873959235595822276e-03
1.496389107966792503e-03
-1.918137069820424062e-03
-2.668762994903210901e-03
-2.609076375998422171e-03
3.355279413117902374e-03
-1.639848701898741126e-03
7.904684488980035645e-03
-4.007218217597665472e-03
-4.757081019912178486e-03
-8.043315784449077844e-04
4.111109750677962443e-03
5.491823352165480648e-03
3.006430807706887524e-03
-6.870198402576713388e-03
-2.572517667811855587e-03
-4.937000649908909440e-04
3.757701895321866568e-03
-4.489025042229100211e-03
-2.471221821914748075e-03
-3.538307757305450313e-04
-3.059984329107394950e-03
2.462326666234402207e-03
3.876300871393289615e-03
4.741975403641949562e-03
-3.164988818207522658e-03
1.429256183841540575e-03
9.273562969618304869e-03
-4.137013922529565041e-04
-4.104370148425153658e-03
-2.138416954660268994e-03
-2.453300327009263256e-03
-5.278731814682444817e-03
1.956042070871309106e-03
-3.577146596765298867e-03
3.641471702414963291e-03
-2.424625661073257030e-03
4.778050765484894921e-03
-4.640420656310979657e-03
-2.916175186277221963e-03
2.224303402775799215e-03
-4.741408953765046883e-03
5.125315036219713072e-03
-2.861635251703217257e-03
3.008349713179298175e-03
1.826623007364807424e-03
-5.123552404838267044e-03
1.146879969592235794e-02
-5.389081504401193115e-03
-6.745254588725421718e-03
-8.273615528098065067e-03
-3.229178588252261221e-03
5.891452175188329268e-03
-1.309322225537620961e-02
-5.510113949645286530e-03
2.941702727079644353e-03
-2.232380772721978372e-03
2.294878849417744237e-03
-5.866286553658413457e-03
6.227281979361300700e-04
-4.606043146744418469e-03
-6.800651999493658416e-03
6.039494611023868073e-03
-5.187263654531667698e-03
4.514769669594690532e-03
-6.828112902172627299e-03
-6.063692034467790468e-03
7.589249279317858074e-03
8.766651062528175650e-03
-6.845933704831420885e-03
7.660122184809098692e-03
-5.941442915742564147e-03
-1.036188641254508647e-03
6.405097727026985710e-03
-9.716179453637193049e-04
-5.873906339601820542e-03
-2.938518426280957788e-03
-7.690325812804702475e-03
3.752966495838078436e-03
-2.509330924461417294e-03
-2.316167038825202220e-03
3.302047716262330925e-03
-2.451819542174855839e-03
-9.360618583120396824e-03
-3.860240496513198637e-03
-5.871109736761033482e-03
-5.019010547275984044e-03
6.460914343325730586e-03
3.540850542448343956e-03
2.007704768163256874e-03
2.579540640583880169e-03
4.468206351628735418e-03
9.226184492775174953e-03
-5.870809527948466465e-03
-2.960784223472169314e-03
4.802697758328389535e-03
-1.258709836075409642e-03
8.104869374047715333e-03
2.377063125752976180e-03
5.920182880076519001e-03
7.710364429348329175e-04
1.090058501598098820e-02
-4.000278236317275117e-03
1.210722987084473720e-02
-3.628188540744505669e-03
3.984114813038681924e-03
-6.314820267694957849e-03
1.018924040023260619e-02
1.386015550120151679e-03
7.897534391754557070e-03
1.031900425208773751e-02
1.873453815108962715e-03
-9.114041903170947562e-05
-3.189003132668462737e-03
6.785202143733465828e-03
-7.538338985406960353e-03
4.322879605935602866e-03
-7.083736585476715919e-03
-1.790655052901829773e-03
9.590195942968291701e-04
-4.395704918663839614e-04
1.072373569729071809e-02
-1.835034806436588008e-03
6.260501014225355182e-03
4.137595293880687135e-03
2.239143614456633007e-04
-3.526497749257535320e-03
-6.247515627742851766e-04
3.076822097259491150e-03
-3.710537668802782116e-03
7.412670276138579560e-03
-3.304837539770252072e-03
-8.069103509561921517e-03
-2.386635589760968700e-04
1.471907869481013176e-03
-5.402918832990153894e-03
-7.228775328172132482e-03
-6.429141242590197258e-03
7.802272820230237750e-03
-1.153594051470128046e-03
1.494899845043865232e-03
-1.902082497487384656e-03
-4.509296881707376692e-03
-2.286419809190821592e-03
-1.917903530598389760e-03
-6.214740553876860890e-03
-4.804381755015815422e-03
