-3.593555885499672298e-03
-5.998356602971106899e-03
-1.759327250115552384e-03
2.980313010125629995e-03
-2.490509272141697324e-03
-4.316716735706883391e-03
-3.569768220069328285e-03
4.927227036241954919e-03
1.904848194430081628e-03
-2.016817358430044067e-03
1.988204984414019844e-03
-2.747415758782042854e-03
-4.033757069958997590e-03
-4.489623643281696018e-03
1.435658384567385995e-03
6.922129578438680590e-03
2.975656855921735965e-03
1.992343050363644830e-03
-4.315068405234075491e-03
9.068799150731475479e-04
-2.495149029373117545e-03
2.819154793715308253e-03
-6.641816450992007667e-03
3.358586569073309953e-03
5.944982375118718906e-05
4.050244854372495214e-03
4.551729469293118273e-03
-1.730357368278237409e-03
1.048764842920128218e-03
-5.795120263230858076e-03
-5.575590833167167262e-03
-6.518799815891415227e-04
-3.052821027177726482e-03
2.353613950702596134e-03
2.273389240538669503e-03
1.921779604614780746e-03
8.010128430829858374e-04
-5.982625844613369791e-03
-1.016305795956569218e-02
2.774277900079870351e-03
3.051929328021707553e-03
5.820230179534333168e-04
-2.339582851562297446e-03
-8.693693315346051956e-03
9.964642396462036061e-03
-2.235607877592803681e-03
5.271517383980062676e-04
-6.662179246289703753e-03
5.574119912683744328e-03
-6.266688352907502993e-03
7.235249166223514140e-03
-7.419760015888029678e-03
1.352345276672121000e-03
2.803063539523874097e-03
9.954074125365437037e-03
6.989229504810087409e-03
-1.443962721094940076e-03
6.301477670215185206e-03
-2.850061210892497129e-03
1.051398329539095060e-02
-8.354937386943446032e-04
2.547568531657961200e-03
7.428671558989431538e-03
-6.784219156178393755e-05
-7.691666349213381951e-03
-6.053929567018377124e-03
2.444646189859506994e-03
-1.015338279595894011e-02
1.191299895014917044e-03
1.502325289127716575e-02
-3.466428411771131212e-03
-9.962831976809368752e-04
9.176900177154787355e-03
-2.353303450380577182e-03
-5.025860067016058551e-03
7.262085653954966939e-04
-5.918527416326165198e-03
-2.349561608133939918e-03
-1.095007488078174719e-03
-6.221566062072181151e-03
3.836252394916401837e-04
2.611703995605628697e-03
7.586271546450079964e-03
7.551467604165338493e-03
1.156187102003443032e-02
-3.454870508240785471e-03
-2.913224901475604083e-03
-2.863685892265224742e-03
6.865601429107266035e-03
-4.046796304483310167e-03
5.072706843475577321e-03
3.663279849096699389e-03
7.746298520804371403e-03
1.564739115409020335e-03
-5.488804101078713013e-03
-1.003493128437133938e-02
7.016725578044883359e-03
2.035812184993827240e-03
6.051662868457484933e-03
-5.168244940013347333e-03
6.540145785423178565e-04
-2.163505452966037971e-03
5.513538682162871042e-05
-1.512673708859462634e-03
3.634706365955174285e-03
-2.030632349713506948e-03
-4.370020314796829730e-03
2.234638881046447549e-04
-4.067835397500462239e-04
-3.661933260240556346e-04
5.650920274202948790e-04
3.051294965199444643e-03
-1.442490166712599069e-03
-5.836007012039580964e-03
2.319678195858447447e-03
-2.799449691123344179e-03
-1.481061014385190184e-03
-1.636802935132528839e-03
-3.041824547907470092e-03
4.053596224451059757e-03
2.522844264713115792e-04
1.081258386964806207e-03
9.620349271320284210e-03
2.508320573321208731e-03
-2.186247354550062590e-03
-5.500474313337509573e-03
-5.440081383993908976e-03
6.584321483669762845e-03
-7.906737626516344500e-03
-7.449626098078463744e-03
3.379091447607555920e-03
-5.321319958099774783e-04
-1.012510960433139241e-02
2.325980576504733770e-03
1.026498070746116598e-02
-2.829253892450571232e-03
1.274841926026974584e-03
-3.373831588337323183e-03
-4.024330903484644312e-03
5.246585041065011425e-03
-8.562082705746588279e-03
-9.352436280633452670e-03
-5.289481406589443928e-03
6.143704118195340499e-03
8.505264879981750889e-03
-8.150848341983001413e-03
-1.605188973131473637e-03
-6.772656819756193644e-03
