-2.339260283972708632e-01
-2.202196336251586728e-01
-2.123100634310871593e-01
-1.954665243603968539e-01
-1.893101615202540944e-01
-1.788652481850152021e-01
-1.680004005920958665e-01
-1.632481366214298124e-01
-1.532780431967476487e-01
-1.417237872787303066e-01
-1.347713233162332880e-01
-1.332184865141198549e-01
-1.250504883570076609e-01
-1.221760751208391532e-01
-1.111484209320929978e-01
-1.091684989047563559e-01
-1.042040347375365467e-01
-9.286453572531719325e-02
-8.341009220346487507e-02
-7.585502554233951311e-02
-7.346253600717350674e-02
-6.524864673999501707e-02
-5.736425409938430975e-02
-5.255254202885778492e-02
-5.117413687938605904e-02
-3.465319335307341653e-02
-3.439364191468084059e-02
-2.721533039843970769e-02
-2.536673010456464913e-02
-1.347257088615809104e-02
-1.226725579773364425e-02
-7.190350766334895581e-03
1.390983925682638981e-03
9.824355673227192637e-03
2.057490345741468107e-02
2.997407389391528593e-02
3.465167050231233309e-02
3.927514346551794905e-02
4.165180699834466344e-02
5.090897233890832874e-02
5.399126015090268543e-02
5.665783270024497137e-02
6.393072172414938914e-02
6.776321293284338909e-02
8.119237320292072013e-02
8.476250545551575200e-02
8.935783269036805254e-02
9.464886591429837182e-02
1.017952138990228794e-01
1.082265192866087578e-01
1.162086546166277712e-01
1.182848939706366703e-01
1.284497098131147097e-01
1.298013724064477348e-01
1.399125404741091427e-01
1.509951547903168045e-01
1.588093743136299585e-01
1.639617862293098194e-01
1.839585558406615362e-01
1.920655798933144087e-01
2.039830980458584297e-01
2.123109314142392623e-01
2.144457863763838679e-01
2.588105111408277592e-01
