-2.338720246961309424e-01
-2.204971173026654963e-01
-2.155189929171375529e-01
-2.044522129640989339e-01
-1.858576911929069042e-01
-1.838945506096304749e-01
-1.706728663087184183e-01
-1.669483161708391894e-01
-1.598219169793154426e-01
-1.520792441992606103e-01
-1.307090077443944509e-01
-1.263548619191295630e-01
-1.238704997858672829e-01
-1.139928844020244719e-01
-1.046387798874036656e-01
-9.894457795618484541e-02
-9.254713694391790424e-02
-8.820535496432141409e-02
-8.561611481070578733e-02
-8.151582860603219516e-02
-7.536518785656189101e-02
-6.975370665503941026e-02
-6.326059471567821446e-02
-4.965202042046897024e-02
-4.547586652868860352e-02
-4.287610694709417802e-02
-3.411128781368093221e-02
-2.623558700670670929e-02
-2.207615179515628329e-02
-1.338147437127401584e-02
-6.249083754658384289e-03
-2.146661020092213712e-03
3.642543520493734741e-03
1.027959449328290711e-02
1.336102908836830049e-02
1.843420678719668443e-02
3.190593353081649236e-02
3.447023170742734982e-02
3.847804913437632979e-02
4.960223304456333471e-02
5.711012201881793954e-02
6.096984980632623452e-02
6.394235713893865747e-02
7.230191796466400866e-02
8.087193220340954669e-02
8.309898239845757428e-02
9.133052676293842986e-02
1.001981063685754292e-01
1.080963590173196487e-01
1.120275122013447561e-01
1.191154887915577831e-01
1.214152231882659333e-01
1.257256981275964858e-01
1.346184478317390132e-01
1.465162079729530886e-01
1.520813271343733342e-01
1.620145473229746003e-01
1.625383727376200349e-01
1.677562791134875608e-01
1.899501085493336128e-01
1.991890986439770472e-01
2.010606571302794576e-01
2.249438801360862106e-01
2.535468853782236742e-01
