-2.318688006701833948e-01
-2.151224100475784828e-01
-2.048704535784075520e-01
-1.912699524313662969e-01
-1.872323738869046683e-01
-1.799918182828330604e-01
-1.643081889782501415e-01
-1.576128638331536491e-01
-1.564340888353121795e-01
-1.458883346989638952e-01
-1.411796061479637654e-01
-1.322816679801320505e-01
-1.296922188512205920e-01
-1.218689252522711791e-01
-1.131149134256647787e-01
-1.090018028364945213e-01
-1.010752580526197292e-01
-9.215561852706240231e-02
-8.355784115100155229e-02
-8.098441007788680090e-02
-7.617983813482373523e-02
-6.141586435818233852e-02
-6.049360871156830161e-02
-5.666547414179953779e-02
-4.552078865389250911e-02
-3.909484312947836271e-02
-3.822598598504257927e-02
-3.183148575857280144e-02
-2.147754883002160262e-02
-1.734413918792298767e-02
-1.367724705603329954e-02
-6.495982904345927976e-03
-2.516424422459570326e-04
6.995509015869950768e-03
1.389537826373827938e-02
1.914040077142032531e-02
2.844527863265788534e-02
3.196215006722260416e-02
3.576813701054768618e-02
3.930972997300623967e-02
5.408028240159962891e-02
5.872008529743986266e-02
6.176599044980487369e-02
7.063658709445545802e-02
7.916459772173649323e-02
8.635360093208878374e-02
9.399971186937401690e-02
1.087794101374066763e-01
1.135838937667644766e-01
1.195981571564283946e-01
1.229221953639393072e-01
1.271494536654989849e-01
1.300653694997979115e-01
1.366373365845906795e-01
1.421381618418913473e-01
1.584387244531176298e-01
1.622971700777085247e-01
1.700614305380924729e-01
1.783587067763887091e-01
1.876775513408092955e-01
1.999846316522204681e-01
2.068583893995964429e-01
2.227996557800181188e-01
2.405983193039696877e-01
