-2.452268070302017211e-01
-2.242244710709187239e-01
-2.074457774498263962e-01
-1.984970519345225504e-01
-1.968843228263806866e-01
-1.803982523244756220e-01
-1.711746890886640393e-01
-1.602452087045887763e-01
-1.530848397244244097e-01
-1.476341173407365870e-01
-1.380407308683512246e-01
-1.308293140752928296e-01
-1.271052505890310214e-01
-1.181603529384317869e-01
-1.178436818077355924e-01
-9.959244540600398210e-02
-9.305363577811183451e-02
-8.271931595843499962e-02
-8.222719644675172135e-02
-7.249535915844682044e-02
-6.757726374433738192e-02
-6.114662981549590093e-02
-5.927945503237698477e-02
-5.553124068731968288e-02
-4.449572547999051941e-02
-4.127836493237696525e-02
-3.252937750952437923e-02
-2.806218367139015277e-02
-1.939886413329891535e-02
-1.691280998930571461e-02
-1.324204029887910208e-02
-1.618426196937262354e-03
3.170124784967180091e-03
7.693772674001249541e-03
1.554779592558507874e-02
2.214121016923205343e-02
2.671686733972439623e-02
3.229292052988105149e-02
4.294780634453428114e-02
4.728529898506735052e-02
5.298890181320779769e-02
5.939657657542161961e-02
6.646009781143173700e-02
7.047718105544249767e-02
8.140498879099961060e-02
8.300134834123920613e-02
9.194425880842538312e-02
9.573769677146047596e-02
1.011619689130118932e-01
1.087559653983948410e-01
1.184662938390721454e-01
1.252435332059329554e-01
1.334772679719614108e-01
1.406435944027129015e-01
1.467004289258438676e-01
1.506481448078593188e-01
1.652981194902313489e-01
1.727988746668750741e-01
1.810893086855132061e-01
1.919754320864874020e-01
1.940261735653608932e-01
1.993229767263649532e-01
2.245998294376062576e-01
2.345404431687144742e-01
