-2.300267922789583919e-01
-2.200890726017157850e-01
-2.136147571356458996e-01
-2.009022065503775212e-01
-1.944404001792177927e-01
-1.737578256123631926e-01
-1.725164784831842713e-01
-1.638258344109955189e-01
-1.562036771163938798e-01
-1.474931517544792736e-01
-1.452756378156012662e-01
-1.406768799059885389e-01
-1.211564664135457853e-01
-1.164105646276493433e-01
-1.096797475880712108e-01
-1.033170197710016891e-01
-9.163769314233385921e-02
-8.807537481878581487e-02
-8.113652286379018086e-02
-7.416514574105631530e-02
-7.040537029512321243e-02
-6.524221975136558493e-02
-5.567771743267516810e-02
-5.181192773946906305e-02
-4.509078413126835910e-02
-4.261866969647242626e-02
-3.080204824694197235e-02
-2.605674954947272137e-02
-1.784470170432462394e-02
-1.207202630571088849e-02
-1.066192032452572235e-02
-8.928376310661961454e-03
1.572125755577091950e-03
5.121480104414057564e-03
1.450560458312708488e-02
1.632913827666929163e-02
2.149181596004875669e-02
3.519778264105381804e-02
4.118707793565650616e-02
4.486786942909883752e-02
5.036202660711441154e-02
6.385482033710844496e-02
6.641095489123707840e-02
7.160717717994115328e-02
7.508867819706889490e-02
8.699433115927061866e-02
8.896710811048318124e-02
9.618694161869785486e-02
1.031287910414305925e-01
1.121863510497383559e-01
1.148966465025376832e-01
1.186221951405904695e-01
1.360213545763942489e-01
1.402501198435940344e-01
1.542860860262992295e-01
1.590996969659128901e-01
1.648956390679142958e-01
1.717080885108777377e-01
1.753337039168292588e-01
1.868708797573743474e-01
1.990064920473928189e-01
2.043814848150898589e-01
2.160753135111104228e-01
2.451059847395135605e-01
