-2.430622401311172687e-01
-2.210051228661558120e-01
-2.141735965173291456e-01
-1.970102888938654040e-01
-1.846775010947896978e-01
-1.753953613059376637e-01
-1.698189970807063853e-01
-1.679522968075615463e-01
-1.625242794013969372e-01
-1.501432992614106232e-01
-1.411143904198757515e-01
-1.317798417763479391e-01
-1.241290818990672951e-01
-1.151602640226361135e-01
-1.030442044901293819e-01
-1.004281673171256578e-01
-9.305497306817075986e-02
-8.591698348838477939e-02
-8.235457553892371052e-02
-8.100896487834285953e-02
-6.873904207444557490e-02
-6.451008926837188684e-02
-5.879493297855913764e-02
-4.902778829178743719e-02
-4.292545249895070303e-02
-3.584066941704965731e-02
-3.335115836548721568e-02
-2.977583542517639112e-02
-1.757853309712513815e-02
-1.560492739027415088e-02
-1.176400407210323636e-02
-9.334142965800609759e-03
4.397221265473243851e-03
8.944803852777011635e-03
1.693557487474808138e-02
2.201410123344375164e-02
2.925381698789891738e-02
3.200982864825623747e-02
4.222461509437992755e-02
4.400449047084668136e-02
5.080771613917953872e-02
5.537408462894986144e-02
6.039050988415969878e-02
7.288367588603210379e-02
7.946325714233680448e-02
8.536716303810046313e-02
8.997184834377902618e-02
9.703676204835608166e-02
9.922017791460083225e-02
1.034841201916031350e-01
1.103333258325315813e-01
1.209030996016115106e-01
1.353635348050344633e-01
1.378510865170823885e-01
1.482168620395786507e-01
1.521368020684046862e-01
1.548819554648037944e-01
1.710718631538708234e-01
1.875464898370442224e-01
1.964625131977038863e-01
2.025384803116795640e-01
2.120244922875857141e-01
2.254310969976651424e-01
2.324556363448882779e-01
