-2.294035880329300947e-01
-2.174210344785026949e-01
-2.052911925252669245e-01
-2.009573112229336711e-01
-1.889331036815767584e-01
-1.738366668061803177e-01
-1.723693798919892217e-01
-1.633115084015444030e-01
-1.544712758281450438e-01
-1.438839296199295181e-01
-1.390485966208294399e-01
-1.372511385680155460e-01
-1.274589301959558330e-01
-1.219250235673271787e-01
-1.086900654872751809e-01
-1.023130980530669171e-01
-9.049605693059509237e-02
-8.809483457291493458e-02
-8.652991360498962781e-02
-7.157854977570826671e-02
-6.763339152421250777e-02
-6.563396066828722231e-02
-5.804996561504972147e-02
-5.413088792590670800e-02
-4.973382379511424867e-02
-4.432596837042501042e-02
-4.093818725015087312e-02
-3.522295387960109464e-02
-2.876570266028755096e-02
-2.177245766932044135e-02
-6.968948366851365241e-03
-6.165355913221919927e-03
5.047722474621186249e-03
9.016333555429781668e-03
1.359130908794483651e-02
2.223945046592259653e-02
2.515145875418699911e-02
3.110855368946627286e-02
3.585975214122830157e-02
3.941378994483783760e-02
5.174658920268970785e-02
5.408172819644523760e-02
5.908359014160074335e-02
7.387547514799243376e-02
8.076614587343985963e-02
8.460006056196489599e-02
9.179081763367660796e-02
1.033325444936679938e-01
1.098780134724582358e-01
1.138463132029110536e-01
1.181753877691144455e-01
1.279791862300783956e-01
1.366015900313677089e-01
1.409876847746082407e-01
1.444214719972649053e-01
1.543096513210092113e-01
1.618766827843108325e-01
1.662339683426811987e-01
1.820385069426852798e-01
1.950884468194357679e-01
2.004377878115229106e-01
2.078740340273187159e-01
2.187956427094365219e-01
2.433571119027867768e-01
