-2.420970167917898264e-01
-2.185569602337726069e-01
-2.026231249875624085e-01
-1.916629562701174794e-01
-1.868544930368995771e-01
-1.827770085541340905e-01
-1.764060278901912193e-01
-1.649177462992423293e-01
-1.527280429411260465e-01
-1.497432790614580678e-01
-1.450151537619148168e-01
-1.298139763243027767e-01
-1.218708122655845077e-01
-1.174423988963686077e-01
-1.112282561864372799e-01
-1.043401416107773844e-01
-9.606811589290555065e-02
-9.223683622032165241e-02
-8.754752283780845024e-02
-7.074979991086044473e-02
-7.012909185546165047e-02
-6.568250184997199981e-02
-6.199160412008065252e-02
-4.540785878883998178e-02
-4.129402694972948012e-02
-3.809463657675940529e-02
-3.645618551250111999e-02
-2.357438794239537228e-02
-2.254222122242099252e-02
-1.464802074336704965e-02
-1.175973818963365648e-02
-3.426576341485389633e-03
3.279378464635078136e-03
1.013656077934397756e-02
1.747631725667806585e-02
2.093122864565322497e-02
2.402272507520341119e-02
3.455855765029829108e-02
3.498129478030709977e-02
4.835143221675054781e-02
5.330448166052522557e-02
5.561200063383132941e-02
5.874285473778306094e-02
7.016065587870071174e-02
7.454107018078170999e-02
7.891890869455779611e-02
8.132322579498940662e-02
9.877926173489434691e-02
1.063752904391616627e-01
1.104280711551123978e-01
1.174320653219413368e-01
1.197504537286212672e-01
1.320994125824733745e-01
1.381628732581076102e-01
1.456666157631359426e-01
1.558951032359230660e-01
1.658610597948067256e-01
1.766435706475883993e-01
1.825316144256091677e-01
1.878209946051669632e-01
2.011021115708650220e-01
2.127137204542136062e-01
2.243787425832399762e-01
2.377048663153219776e-01
