-2.527760681981758850e-01
-2.318704403496089361e-01
-2.107321754779233614e-01
-2.101274012216053921e-01
-1.973199244042778688e-01
-1.739455861766791289e-01
-1.707780540235643851e-01
-1.669658844533862818e-01
-1.543076310833629561e-01
-1.420237204857660585e-01
-1.313921647676326854e-01
-1.250636288653084460e-01
-1.223781079033991470e-01
-1.177887356375353911e-01
-1.083617972824155590e-01
-1.009385003029541761e-01
-9.474873874919315098e-02
-9.112909657770344729e-02
-8.649773652884504282e-02
-7.776274795819548835e-02
-7.010970830450989622e-02
-6.959377726470998560e-02
-5.090729463369883523e-02
-4.854492297242922472e-02
-4.614625329787368918e-02
-3.573136187562564459e-02
-2.993446785935975282e-02
-2.562389937620942332e-02
-1.907135740127019821e-02
-1.067144401208600275e-02
-8.618540686260257877e-03
-5.133643133099493683e-04
2.555122074530962947e-03
1.022652045218765994e-02
1.518292323883622258e-02
2.443704866801150316e-02
3.147565274465757845e-02
3.779556816573909767e-02
4.649525474354063159e-02
4.946076580558421421e-02
5.702679382597797275e-02
6.375972042825633901e-02
6.780816087633340095e-02
7.111782833476222587e-02
7.851210319791411540e-02
8.170346310491803654e-02
8.804095401352524108e-02
9.321916135232140299e-02
9.746121957738151931e-02
1.083950855040237415e-01
1.094413975970941061e-01
1.255251016318177926e-01
1.318516514173252718e-01
1.354997419372942213e-01
1.478918115732811844e-01
1.523657334795704421e-01
1.674981115562048095e-01
1.752496006669445605e-01
1.806751651952603899e-01
1.931988679574357659e-01
1.999626701430993747e-01
2.036623642755772956e-01
2.123216149322550983e-01
2.225573539732141615e-01
