-2.293147904014529170e-01
-2.211306461518308952e-01
-2.100895024684163448e-01
-1.992428281322906336e-01
-1.887114655860932244e-01
-1.754852095458682981e-01
-1.679519278473398103e-01
-1.633403455818956684e-01
-1.532245141453037474e-01
-1.460849186227230201e-01
-1.396275170112901143e-01
-1.293905993774833729e-01
-1.207402336878306420e-01
-1.179012316379974695e-01
-9.984963086475855121e-02
-9.380906759294824204e-02
-8.873551988954467284e-02
-8.584842368175586713e-02
-7.943752162436654163e-02
-7.829685184523571539e-02
-6.912967106196238332e-02
-6.337754656679452092e-02
-5.742025995894194795e-02
-5.322480471697404319e-02
-5.036534110287059496e-02
-4.341925659139337507e-02
-3.814504055861117626e-02
-3.352336978256638400e-02
-2.704913598287202528e-02
-1.988493902037953912e-02
-1.892078741724821656e-02
-1.031154286120873100e-02
-1.593273604063851975e-03
2.021860389697108240e-03
7.807231827562992506e-03
1.425440532167791124e-02
2.067404245045769556e-02
2.688735073656268321e-02
3.327521970120826678e-02
4.804196839743207770e-02
5.693320847442487342e-02
5.903717773979588745e-02
6.746399511243476865e-02
6.985444994014036735e-02
7.416148084711569888e-02
7.837643551844397649e-02
8.591692635619736784e-02
9.100925148425857703e-02
9.716464046884866479e-02
1.052167150555058384e-01
1.147836500543041455e-01
1.295742100176802969e-01
1.335741044378320197e-01
1.428123463023582007e-01
1.506310172728811680e-01
1.580042073471021602e-01
1.616476076403199624e-01
1.707714735737754508e-01
1.730983556652223865e-01
1.931431962085958520e-01
2.157928822859539464e-01
2.210262243681175576e-01
2.330914612512993978e-01
2.385306186751049162e-01
