-2.309517696620174421e-01
-2.245517946272259646e-01
-2.098195819167324727e-01
-1.966319592334805910e-01
-1.938843376868047419e-01
-1.805155132247975858e-01
-1.723793775363682279e-01
-1.629787683017469846e-01
-1.576849974709071678e-01
-1.496347754774882688e-01
-1.402318031153362288e-01
-1.362943155754372526e-01
-1.319215265964592265e-01
-1.220957305177509666e-01
-1.122044130355774050e-01
-1.007920925109154625e-01
-9.510936132929195819e-02
-8.764144216503472196e-02
-8.282327438350470250e-02
-7.202073001786564455e-02
-7.109217608785640963e-02
-6.669573739452229477e-02
-6.196010408093444860e-02
-5.639114020148131012e-02
-4.610603016753989786e-02
-4.125813445468774765e-02
-3.536275461743967202e-02
-2.468759391731101954e-02
-2.062550717574158921e-02
-1.632971297292719684e-02
-3.829794666966671642e-03
2.128439164888359242e-03
4.599436289921747349e-03
1.628020584246265418e-02
1.885081758752425035e-02
2.697238830854956776e-02
3.008338531860193024e-02
3.561724642897892007e-02
4.373462591953200529e-02
4.475803369828507128e-02
5.136540277581837927e-02
5.959998647919235309e-02
6.991575197976646061e-02
7.638668662152529876e-02
7.990859404473525662e-02
8.428594160307506522e-02
8.654078118903965611e-02
9.611334286824729789e-02
9.761037364732287613e-02
1.114326316696189756e-01
1.200799652169788206e-01
1.228792848001771104e-01
1.290767955984686022e-01
1.363143113478823276e-01
1.460462366970590453e-01
1.557701817078046003e-01
1.599894689777884016e-01
1.705108357631504867e-01
1.818714085019262905e-01
1.890288066421306201e-01
1.986030385996817027e-01
2.023317261505766240e-01
2.176627193101515756e-01
2.381573993712895465e-01
