-2.379228341056962570e-01
-2.264763996349770103e-01
-2.172378902580792970e-01
-2.119733048967406275e-01
-1.940217351308491656e-01
-1.794797870800573514e-01
-1.707905792995986216e-01
-1.610371145454480291e-01
-1.465580637106884687e-01
-1.412263797201475102e-01
-1.352930218761851100e-01
-1.206961626419535555e-01
-1.172194247588830701e-01
-1.096355338518639894e-01
-1.040379634344965748e-01
-9.799952873149343768e-02
-9.693085524029114441e-02
-9.435896305360644276e-02
-8.597124066477100646e-02
-8.035594902037918041e-02
-7.832407362898216596e-02
-6.137185693413387683e-02
-5.840812746520830656e-02
-5.459996840243754035e-02
-4.749496399459349899e-02
-4.204400706104088892e-02
-3.867835393825617973e-02
-2.688686958580231712e-02
-2.169550134025982624e-02
-1.466356561743500757e-02
-1.123933204146416662e-02
-3.523821063100413681e-03
4.050919199537660531e-04
1.503881447343163001e-02
1.784943611382556333e-02
1.979187679296415606e-02
2.435695413713625038e-02
2.978436388110535654e-02
3.723381959087543325e-02
4.830948438372244941e-02
5.242200535491595148e-02
6.023060555223313378e-02
6.462412527391850348e-02
6.866764603425959401e-02
7.943592415587973077e-02
8.796420334247666284e-02
9.198276874961841543e-02
9.767163547379728583e-02
1.101725009942553651e-01
1.135864182901239888e-01
1.206436597908646657e-01
1.272097112990617229e-01
1.299864116771456968e-01
1.408185643464554826e-01
1.433507609949722095e-01
1.491201814521099511e-01
1.555202704175489559e-01
1.658409530273187715e-01
1.707162703499572332e-01
1.860617774002155667e-01
1.961511628003334007e-01
2.062736695109645135e-01
2.324343868123609214e-01
2.444977183351177141e-01
