-2.197461869806062451e-01
-2.165329343283237951e-01
-2.093472144028597215e-01
-2.001477901095887746e-01
-1.857197041255841674e-01
-1.761762412626067253e-01
-1.693696096398858431e-01
-1.614122042281844194e-01
-1.524330193157891755e-01
-1.447705408080848244e-01
-1.360746773668972120e-01
-1.313939670614479860e-01
-1.269674092871568294e-01
-1.161278165696004588e-01
-1.149449977122373873e-01
-1.012508023747516472e-01
-1.008401052751158045e-01
-9.769397180292810345e-02
-8.668472585340906977e-02
-7.005384443591411436e-02
-6.768531870613689327e-02
-6.445004880530050273e-02
-6.079849585925976851e-02
-5.569552598528253878e-02
-5.102304784637974600e-02
-3.840968670731475382e-02
-3.744049164014179309e-02
-3.217992680088235802e-02
-2.473955709799147140e-02
-2.365267783999807152e-02
-1.452046646647176843e-02
-9.270840727086573918e-03
3.575436316516483466e-04
7.215114518920304199e-03
1.320617239307364868e-02
1.628309741785997911e-02
2.566913767888864134e-02
3.224132077907705674e-02
3.485839745675394646e-02
4.522350423343789866e-02
5.230475278543789130e-02
5.751075393735921581e-02
6.348784653423933388e-02
6.652965844767209924e-02
7.501648312392894535e-02
8.283236571166281703e-02
9.125023567805165547e-02
1.052684490505113452e-01
1.097357274756284862e-01
1.120533035283378664e-01
1.191340334722572336e-01
1.254820967558658018e-01
1.298835269725844288e-01
1.412202931859605493e-01
1.437519380779282707e-01
1.531152452407233688e-01
1.580925525635066553e-01
1.615541538844333380e-01
1.813942944332226359e-01
1.959480931411259619e-01
2.048046348513770376e-01
2.102504778606941460e-01
2.377778728723139445e-01
2.441007697287329026e-01
