-2.403224343907475746e-01
-2.183647562521843222e-01
-2.041794436403005786e-01
-2.017499633881490173e-01
-1.918091948375119649e-01
-1.803886759119700256e-01
-1.692635793615907547e-01
-1.641778600362960305e-01
-1.515351173675795193e-01
-1.437653444263665425e-01
-1.391178296954438121e-01
-1.308239471860758174e-01
-1.258055351305092662e-01
-1.137331656423499204e-01
-1.101856099819412821e-01
-1.029581368906271610e-01
-9.951470325404032646e-02
-9.623444902040077797e-02
-9.230698629454373028e-02
-8.041898449530980597e-02
-7.817629635836007007e-02
-6.529594176776151726e-02
-5.317865510478383267e-02
-4.960527565082602924e-02
-4.464044631605304514e-02
-3.891967860998635925e-02
-3.162722870523266422e-02
-2.760910566428526405e-02
-2.213562996997050017e-02
-1.707911619838798842e-02
-1.240673683475461593e-02
-1.039136933151571345e-02
4.850777091961485862e-03
8.933562291622757986e-03
1.661460112028159686e-02
2.025199206526417245e-02
2.961827481309993459e-02
3.543714100433125597e-02
4.193399903727270533e-02
4.883640960423728944e-02
5.307319874028040146e-02
6.236053500846706898e-02
7.129311970142519772e-02
7.788988586528915181e-02
7.920986990959810736e-02
8.385874058490561112e-02
8.948259971348801467e-02
9.264537541732602299e-02
1.023205082517320841e-01
1.078118551212027959e-01
1.158040254402357694e-01
1.274409464478463150e-01
1.329761788044676318e-01
1.409287933748660515e-01
1.493639316956320018e-01
1.538878758513013423e-01
1.626817141000046762e-01
1.683911482584193875e-01
1.764512170536991775e-01
1.891196678349935101e-01
1.946141265722283464e-01
2.097040528666243020e-01
2.244323410389475471e-01
2.355027330348046510e-01
