-2.364011114977953021e-01
-2.139250036852573533e-01
-2.070607531926481892e-01
-1.923189846172167761e-01
-1.842195980216935758e-01
-1.801168799364287754e-01
-1.717973022521811499e-01
-1.608460415243682939e-01
-1.498492238153270595e-01
-1.489886328427734163e-01
-1.392485112735780406e-01
-1.303105999152467109e-01
-1.236592370195017110e-01
-1.165232431131836693e-01
-1.134823046317584433e-01
-1.065021753757867534e-01
-9.407933486313008187e-02
-8.928781980710509547e-02
-8.894501611137738128e-02
-8.220458272364117303e-02
-7.803347818945598202e-02
-6.851856651921937880e-02
-5.964915938191994033e-02
-5.507310973524716380e-02
-5.035031012300681535e-02
-3.735934898552035338e-02
-3.073900134942945603e-02
-2.901460715118160671e-02
-2.190036717870964475e-02
-8.770372740738510697e-03
-7.722504712499897450e-03
-4.942515899034321571e-03
2.298055274505216808e-04
9.890921166634867798e-03
1.340079487740305705e-02
1.407191901648924270e-02
2.487390298354613324e-02
2.807079773827433899e-02
4.058830975160302584e-02
4.349416151677263503e-02
4.948886499474947076e-02
6.400071055452541402e-02
6.671652703951300167e-02
7.249084720854051533e-02
7.857530976869923911e-02
8.487837929250290070e-02
8.801913176919824722e-02
9.327173857763937370e-02
1.070341737585834285e-01
1.097570797583157787e-01
1.181411000694386204e-01
1.215922948452901470e-01
1.232094083437100668e-01
1.380224272608596148e-01
1.448387167118880825e-01
1.550082452009680645e-01
1.568715212870885889e-01
1.715715601320763062e-01
1.795850122352891376e-01
1.889462666951325642e-01
1.956103635005719821e-01
2.076205591313403653e-01
2.425658842870226928e-01
2.494029631848446449e-01
