-1.493698316637211794e-03
-3.333069055329961061e-02
2.764099696438057988e-02
1.797192666319815876e-02
4.113682959705206726e-02
1.718765793131790329e-02
-3.139400321133898469e-02
1.645211918178361363e-02
-3.951855845774298465e-02
3.309023584067473118e-04
-1.497169408672532355e-04
-9.671314012396948351e-03
-2.681939136854415498e-02
-2.033456458122633731e-02
-2.301855770566366491e-02
-1.954609263429978039e-02
2.350400467389127807e-02
-6.482221413609276853e-03
5.914554024453261283e-03
-1.884456430847179786e-02
4.719461758476217045e-02
2.853791503250638351e-02
-8.043093358733299216e-04
3.757011034834103341e-02
1.275925978815136731e-02
-8.594286843406675688e-03
-1.404854171040240823e-02
-2.277101229118523931e-02
-2.457223490033807068e-03
1.286396528236788406e-02
-2.050359964867815715e-02
-4.800160094908108299e-02
3.711081811383452889e-02
-9.315233745687309663e-03
2.972729171892369779e-02
7.192433192146202407e-03
-4.263339850022988820e-02
-4.692281282448521745e-02
2.672721226609683573e-02
-1.971539626683392610e-02
-3.166456473977088265e-02
-1.312016133355378700e-02
-1.203981538228738289e-03
-3.813249700366187767e-02
-1.162276725450333073e-02
6.198850119005934987e-03
1.049936408956780344e-02
-1.052124891737040747e-03
2.413226996568209812e-02
2.173626288868375084e-02
-1.934589681121704277e-02
2.268482107655447541e-02
-9.007247660600483513e-03
-6.728976546269149935e-03
1.765399346944398346e-02
