-4.335775225150776541e-02
2.807653648201487856e-02
-3.721875925969718446e-02
-6.644283556538652796e-03
6.568663047481353460e-04
1.194997540763439656e-02
-2.064258244095924441e-02
-7.850808788151987169e-03
-9.017685326587218317e-03
-8.934130007531352474e-03
2.807315755282672673e-02
-1.166135742844876325e-02
2.441274100290831070e-02
1.004745088046202217e-02
-2.245274579765345335e-02
3.867855067442074052e-02
-4.467045788221812169e-02
-2.364871051908256847e-02
1.905706676557622492e-03
2.642903586232276877e-02
2.282757080900413293e-02
1.235798378107395845e-02
7.230862619299358550e-03
5.753036921629529205e-03
8.724572550453340777e-03
2.899534591597353883e-02
2.927032223185349266e-02
-3.100886736647076938e-02
-4.410325991054037803e-02
-2.631423964676641442e-02
4.388076867345775366e-03
-1.377544623850796533e-02
4.060321729138784835e-02
2.290082281832105451e-02
-2.661936233196183013e-02
1.676999217171425138e-02
-3.643305385023899029e-02
-7.716636015897618966e-03
-1.990766837003276821e-02
-1.275978322150763018e-02
-1.991015979769879957e-02
-3.824549970923342163e-03
-4.380744082186820501e-03
4.151219730941264202e-02
3.042963511785573213e-02
-1.958425815288028157e-02
7.585895547105769160e-03
1.929279047882226069e-03
1.032917032969658463e-02
-1.544009434555931436e-03
-3.402871226341666611e-02
3.228196858695072530e-02
-8.450504734640875652e-04
5.871233784402003428e-03
4.651715462366290410e-02
