-5.574752101531447838e-03
-1.284844808131479360e-02
-2.674778072483090241e-02
1.165880801811231687e-02
-2.380243330904208837e-02
-3.700596032296495780e-02
3.970603771160304517e-03
4.685109453449987083e-02
-2.772278877769131233e-02
-2.453826341360214672e-02
1.220604198179778797e-02
-4.890504255572205444e-02
2.316135983587111133e-02
1.815637451895828897e-02
3.528537608974285922e-02
-8.075549041535042341e-03
-1.543169586699736848e-02
-4.772242337861770656e-02
-7.548977226992269716e-03
-1.080046375615482251e-02
1.416271508112171978e-02
1.836720016798284311e-02
9.573238633933067038e-03
-2.306566360810961142e-02
1.700606403464707816e-02
-3.071836159282715500e-02
-1.314176504318069656e-02
-2.085427256374519644e-02
4.598321375125825200e-02
-6.379848594623432553e-03
-2.180247016576680741e-02
7.455135284624043839e-03
-4.314128978196245245e-02
-1.784983547083048711e-02
-4.462461509538966607e-03
2.424638371078982613e-02
-3.723936966625857655e-03
-1.792556538272421437e-02
-2.634431279193331444e-04
-3.569179115144230363e-02
-2.674790719510440618e-02
1.467862671516434112e-02
7.372764149294738431e-03
4.192030885622378966e-02
1.728325736458980605e-02
-3.517387167397136027e-02
4.074093584207794799e-02
-1.079296441222229530e-03
2.893967783323778565e-03
3.134823236377098227e-02
-7.293086204042975064e-04
-1.941850521223031706e-03
-1.571949324024429079e-02
-3.187261413992770447e-03
-1.310793528947544386e-03
