3.223606530051982555e-02
-3.504076152451374160e-02
-2.182391531209477639e-02
2.712565529735256470e-02
3.141216252660303937e-02
-3.595893196245725232e-02
4.502051859027291110e-03
-2.817713036015504630e-02
2.197098274704724699e-02
-6.986124544813036505e-03
-3.679299821666650108e-03
2.145016681893806287e-02
2.896354857973547706e-02
2.396948184710224680e-02
1.735255510397474069e-02
-1.849204475316704177e-02
4.309653429625971005e-02
1.562338384669129977e-02
3.702865293563905452e-02
2.784975328357440928e-03
-2.301664571561322023e-02
-4.442903168383188252e-03
-2.838593901185615213e-03
2.920317196700773256e-03
-2.904400190847282112e-02
-7.063196536193713446e-03
1.806270482530355007e-02
-6.245827216934777236e-03
-3.006091379755970738e-02
-2.761992017776253305e-02
3.355865671486277929e-02
-2.852187622402024142e-02
1.984606009442274957e-02
3.932177534980006717e-02
3.356874912667405508e-02
-4.445710311244947636e-03
-8.412491872194177364e-03
-1.608789785021772639e-02
2.713428996849682681e-02
7.990215933214914580e-04
2.873459799929665558e-03
1.178223479838652436e-02
3.372927114546036415e-02
-3.337228692969520377e-02
-3.860415341066198575e-02
2.536209195799682750e-02
-1.432721834145217650e-02
3.014887844899866165e-03
1.727905536605086126e-02
-1.729928431461841970e-02
-1.592181270626739920e-02
3.597184159574951662e-02
-2.412017845332063357e-02
-3.115081925788787398e-02
-1.034286402433959307e-02
