-4.716674017199364889e-03
-3.134313120238871320e-02
-6.505393356066859964e-03
2.791875543879904914e-02
2.043699502879062560e-02
-1.252826332758175468e-02
1.714009549752823491e-02
3.906293853610929429e-02
2.754667149113401454e-03
-4.173213285114792115e-02
-2.407600759971875726e-02
-2.762413613518662978e-02
-3.201739522278479466e-03
2.915568670931257059e-02
2.875594757038058696e-02
-1.066380838637851630e-02
-2.043663915933407668e-02
-3.174867005712207670e-03
-3.501044621177563931e-02
-2.288025021451025112e-02
3.122385939013975001e-02
-2.924199048739673304e-02
-7.132030656066962182e-03
-1.008258396722095523e-02
-3.920742905776693210e-02
3.799358967351124799e-02
1.609912684347160686e-02
3.759802985902047090e-02
2.148318852282536662e-02
-3.322822300774251614e-02
2.279164561327321273e-02
2.410289982680701229e-02
7.131561169556694876e-03
-2.607400302764087754e-02
-3.297540743290192089e-02
5.240936046104624317e-03
2.446768080311119420e-02
1.522574089808356214e-02
-1.510388183525632894e-02
3.278757725764784581e-02
1.390570431951303892e-02
-2.015780403364664589e-02
-4.166955408266186794e-02
-2.214388714890909785e-02
-9.127497292503232126e-05
3.711668769127663033e-03
2.026812862369607726e-02
8.807301593037025755e-03
-2.817869608075593280e-02
-2.446178894720798386e-02
-3.061546500741228749e-02
-1.092461523292003085e-02
2.756681495448328259e-02
6.953614969895296344e-03
-9.602694920865651254e-03
