3.093521925621958019e-02
6.507469609946905584e-03
3.828909900431542394e-03
-3.468281365763092872e-02
2.635352066168149959e-02
2.874442071717536393e-02
4.715460831142652409e-03
4.458885314787863763e-02
2.938204541235022327e-03
4.712909924455543909e-02
-3.222460941131695400e-02
5.384696429266497275e-02
-9.678499926409079787e-03
1.631084213291690219e-02
-9.061526417548681697e-03
4.384821852732878611e-02
-2.820922490703983362e-02
2.634238904633810080e-02
-2.149601416595975367e-02
1.441106770946299145e-02
2.854871400235143783e-03
-3.112466394626425478e-02
1.149218723608082422e-02
-9.078886705581930977e-03
1.787879730929525096e-02
-4.170618761252237877e-02
3.636676674061568165e-02
-2.841532735856918887e-02
1.427312950514558233e-02
-4.517389545506439626e-04
8.249647387216462596e-03
2.800562351452995716e-02
2.456741401846482264e-02
1.843315382489273699e-04
6.468043066027671754e-03
-3.126182285570795055e-02
2.002086486295798912e-02
1.655083810670830019e-02
1.645713672486532816e-02
2.597237634285754632e-02
1.022786349855994009e-02
-4.998704151654364929e-03
-1.525995290162381404e-02
-1.254162180267047455e-02
-1.381049991106994730e-02
2.705370777363253106e-03
3.419440511048106590e-02
1.899825817477755405e-02
2.461916708900010672e-02
-3.977730832983909087e-02
-7.985467728507337354e-03
7.995134711529931423e-03
-3.976482968478168255e-03
-1.532803200597936122e-02
-1.777406068808439626e-02
