3.358418549866750563e-02
-1.817435752220452824e-02
8.507339844582280028e-03
-2.184630335773796259e-03
-3.672434007238820075e-02
-2.617762005591509414e-02
3.912368070122660335e-04
-1.704806441139448611e-02
-9.363094066863400858e-03
1.480834522134770806e-02
-3.394875037538461898e-02
-2.885566673878300903e-02
-3.662200601611562828e-02
1.934410925565011735e-02
-3.702205725833812577e-02
-2.324046486538577927e-02
4.927734610052103038e-03
-1.310161923933763142e-02
7.626723604269213842e-03
8.093128891110469916e-03
3.426934342136402772e-02
4.386899134205236167e-02
-2.175843107562186463e-02
2.319996749819725618e-02
2.605845041378377150e-02
-1.285766064492973454e-02
-2.254499163423533126e-02
1.132828932922355820e-02
1.779156372506883466e-02
-1.403847884958979268e-02
-1.019316240420154417e-02
-1.771644829297778709e-02
-2.563218472386705540e-02
2.873926469013552906e-02
-2.620600413652366539e-03
2.449950101546429296e-02
-2.833319918101282961e-02
-2.752157747544239919e-02
3.993306967235729643e-02
3.475932676229030738e-02
4.803505609084133404e-03
2.753556286002336456e-02
-2.492089032486692265e-02
3.274645923877486740e-03
2.259894405512965360e-02
-3.701060720237428665e-03
-3.466532722923889448e-02
4.229427151822815617e-02
2.580086307818591287e-02
-5.488687766856495962e-04
5.888902556672697200e-03
5.426517786572698093e-03
-5.827795964157862253e-03
2.858009931087901120e-02
4.083135794344195518e-02
