1.030880546563942360e-02
1.292043817528862673e-02
-2.829040070120199257e-02
-1.620034155232721873e-02
3.610655379732346203e-03
1.853155851120619202e-02
1.868105348443297592e-02
-3.865743214252530691e-03
1.993291424411657627e-03
2.988419426660398476e-02
1.557957628278959158e-02
3.436733633195226262e-02
-9.028655086905670174e-03
-2.684336011039528680e-02
1.152707789003450459e-03
3.679666360796744057e-02
-2.759218342398738616e-02
9.947436595812387747e-03
1.154325265177108539e-02
-3.229155718733048991e-02
-1.430182599305352374e-02
-9.955077676356461833e-03
-1.293384229462226503e-02
-3.651199960286456714e-02
2.484419565325862375e-02
1.720610336647438940e-02
-3.355124353890921035e-02
-1.319882973558251030e-02
-4.298028230745987166e-03
3.159026201826554275e-02
1.939042619995491948e-02
9.048015769718857626e-03
-2.678216672197523268e-02
-2.765729628839586410e-02
-4.138658891109051746e-02
2.069698361752395771e-02
-7.134832523603766054e-03
1.169818495592709305e-02
-4.046679410189141235e-02
-2.080760326344385791e-02
-2.654718115469868744e-02
3.756106031774859855e-02
-2.026646721981018376e-02
-3.220321618674047703e-02
2.026097643093530132e-02
-2.645147914002598036e-02
-3.540864072964937815e-03
-3.129211894486422230e-02
-3.381086115083329485e-02
-3.972128500219716113e-02
1.571753221189195124e-02
-1.634303476001806865e-02
-3.528798643675559732e-02
-3.161186583596894278e-02
1.268569360276675800e-02
