2.749120096842935790e-02
1.029944848108942969e-03
-1.158639427891229763e-02
9.871687152242519456e-03
2.156890286454473879e-02
-3.505760495361611578e-02
-2.191455376014664683e-02
-4.037085495381845072e-03
-3.443436155879561755e-02
4.201889690375269770e-02
-6.974330291843812944e-03
-9.711084489110588872e-03
1.720765358564026529e-02
6.700572391768246441e-03
2.703097060980709856e-02
-2.414511946064683973e-02
3.834164005089378546e-02
-1.881811032957560539e-02
-2.297024842439266898e-02
-3.370518284773086487e-02
-3.465622764969452513e-02
1.749709518574984329e-02
3.463999741235308794e-02
-3.620425710287587112e-02
1.006631158781754430e-02
1.152952634379818438e-02
-5.765501670772282469e-03
-1.233037674450599384e-02
-6.206717215516100242e-03
1.698332197504632060e-02
-3.438707156018776939e-02
-2.383803648348633078e-02
-1.234201676193038069e-02
-2.775423838753001554e-02
1.812036381787456019e-02
1.826509575562087692e-02
-3.012808755763341992e-02
-5.422744595125625344e-02
6.244442527418996719e-03
-2.091899144775922342e-02
2.248220121412368086e-02
-6.055156006182435546e-03
-2.082399882631619237e-02
-2.799840537101139573e-02
3.956713983510379978e-02
-3.918787895278107863e-02
2.885340727868502403e-02
3.668941012468046343e-03
-1.641588100444324808e-02
-9.950005539411863314e-05
-2.604699834906936198e-02
-1.486568659319893737e-02
2.047452541591085473e-02
9.148441647779925398e-03
5.528792268258365429e-03
