-6.166916188775328420e-03
1.295338857698987052e-02
-1.585460601961078547e-02
1.733894012908318571e-02
-8.946438992211019643e-04
-4.469686902915025878e-02
2.920788111157311684e-02
-9.343608932260062542e-04
5.809307145814822555e-03
1.654961145543398446e-02
3.031176445171610695e-02
-4.147670667403655781e-02
-1.372950031421834964e-02
-2.826221875328598782e-02
2.372668469673246128e-02
9.760263824685333836e-03
1.166835213653965577e-03
-2.204489919039317666e-02
3.157098004691951537e-02
1.023975792206795188e-02
2.344410799573944451e-02
-8.283825314617864616e-03
1.453945514762199596e-02
1.468538043230107346e-03
-1.152943586604296758e-02
1.479362176201507069e-02
3.999145315396221423e-02
-2.491599920812823804e-02
4.005160075073225384e-02
3.546634859746396196e-02
-3.986731627606231176e-02
1.502576739983905139e-02
4.790144368387807758e-03
-1.812607031918619244e-02
-7.503115420117448080e-03
1.589396732250649910e-02
-2.371927028320079678e-02
4.452294976124023668e-02
2.619478468511014790e-02
-9.750512422131424675e-03
-9.918786483139940130e-03
2.087315197798382885e-02
1.602229991996007366e-02
3.673092254969914650e-02
1.815031099470561932e-02
3.489152043149118532e-02
7.794768746068726425e-03
4.045924884836200192e-02
-2.684475335541602892e-02
3.436665978754076256e-02
-1.383098858241413320e-02
6.187746500316548652e-03
2.617795203720292910e-02
-2.465821842510921083e-02
2.412271822164071058e-02
