-3.395184190250317285e-02
1.750042061332130611e-02
-2.509668523040445645e-02
-3.301638343525135910e-02
-1.448020121502811841e-02
-3.020990266682491154e-02
2.606529274944786520e-02
1.148547930719590136e-03
-2.816438560950884282e-02
-2.783145862480236252e-02
-1.680308561486373170e-02
3.811586355653222291e-02
6.666223904734820682e-03
-2.422363652368210440e-02
1.178895401232083265e-02
1.125626085032870732e-02
-9.211005437561583728e-03
-2.125023872773476596e-02
2.856737157887475134e-02
-2.113665674509078093e-02
2.045422877219620766e-02
1.384870970584350068e-02
-2.948695512584110709e-02
-8.456533251663006859e-03
-1.817991377343778150e-02
3.077292137936694233e-02
6.376965956146635021e-03
-3.454334929205239019e-02
-2.353995011924464587e-02
1.561382279227714262e-02
3.327643009309815686e-02
2.438261588473707858e-02
-2.103800161916522318e-02
2.776939467160738362e-02
-2.468674687147523125e-02
2.588233476027981123e-02
2.572121331259994217e-02
-7.336348904897615521e-03
-3.555366754731123513e-02
3.132682759880042744e-02
-8.358006173113254056e-03
-1.590133363394966720e-02
-2.448486953255360823e-02
4.821892552702216478e-02
3.250995893268156939e-02
7.163421528701323718e-03
-1.432829609106720144e-02
2.790754075381365537e-02
1.470261567899642206e-02
-2.553801874751530920e-02
-3.447168185579318339e-02
2.770924775934749049e-02
-9.331232875939702784e-03
-2.105925869178074445e-05
-1.237768682332004034e-03
