-7.149906531933304622e-04
-3.086569790491099086e-02
2.966872367444615619e-02
2.234180624158323830e-02
-9.301198334752760772e-04
-5.268539029444122002e-02
-3.246253789580561683e-02
-1.338586110220266363e-02
-2.970179093780336149e-02
1.856201091503427436e-02
1.666156453214753114e-02
-1.286139732704781082e-02
-3.127493954195125631e-02
-1.187719109958732672e-02
-2.744728864912256497e-02
-1.295771258277180274e-02
4.316515156324537278e-02
2.113809436364478753e-02
-2.043834302272906980e-02
3.320104445743302015e-03
-1.484720323733162810e-02
2.229588971118125901e-02
2.566462438996337803e-02
-9.466848562274790893e-03
-3.208112289008444723e-02
-3.970887709628580925e-02
-2.457791283142736830e-02
-3.365124333883375007e-02
1.287231746242406549e-02
-1.901121249922384931e-02
1.732252066223025425e-02
1.369665200110944080e-02
-3.110184418097683076e-02
-2.102948165186533519e-02
2.273200896047098546e-02
-3.552957814772336742e-02
1.251392297093257590e-02
1.363634628681330459e-02
2.221814845484310769e-02
1.915447370592735996e-02
4.095661256711225634e-02
-4.348212315560598222e-03
2.679145235613474008e-02
-3.129961757890945689e-02
-3.294447289250575922e-02
1.034860080677330643e-04
-1.649474242690455658e-02
-2.561191645038668127e-02
-5.181011580884482999e-03
-2.717477513063452227e-02
-2.411317176469311707e-02
9.735122669420054678e-03
6.142067865405757658e-03
-1.698765129614584687e-02
-8.300756232717974512e-03
