4.190297970891152142e-03
2.722540374997570525e-02
2.208464197639945989e-02
-4.233357239126423616e-03
-1.241837034830475806e-02
-9.039439634626712100e-03
-2.923250667234861613e-02
1.658411518557900699e-02
1.437124688247768886e-02
-4.023075636606820299e-02
-8.684244193743135068e-03
-3.347759320379933845e-02
3.094318095657671436e-02
-2.565971647251537660e-02
2.435264671322369748e-02
2.794749782492346804e-02
1.119180532722539867e-02
-2.763714533595143172e-02
-2.676297831883340389e-02
3.718355821054399046e-02
1.960525671838099504e-02
1.639362850693352677e-02
-1.282457881594001141e-02
-3.880651049699541943e-02
1.978245351185916288e-03
-7.309393647629864633e-03
3.131496817607732491e-02
-4.540588308642892063e-02
-1.261559930820022740e-02
2.352690312406800766e-02
-2.830873143838062017e-02
-1.530299612956812633e-03
-7.977440643279199578e-03
-3.563628952504629271e-02
1.954957329257265338e-03
4.010822914579738330e-02
-4.334263786942611427e-03
-3.951975526854954734e-02
4.266683812478457190e-03
8.509285713350196734e-03
4.040700271068906752e-02
3.068778251119115216e-02
8.917296372771969445e-03
3.238333787158002982e-04
-1.468808257481696820e-02
1.239695722062448581e-02
2.363647708103231229e-02
2.839942437914183548e-02
1.265666029784312009e-02
-2.689812998245121392e-02
-3.183129066116455880e-02
-3.221013066272636338e-02
1.924666251446337933e-02
-1.229229079507590354e-02
-1.481011896884077209e-02
