1.088303778925321479e-02
3.053691880696570923e-02
1.077717723034734426e-02
1.442747697978034697e-02
-1.326243073769630201e-02
-2.439469638785465855e-02
-1.903909906980384356e-02
-3.272617500286998521e-02
-2.796111974658618132e-02
3.622132172027039271e-02
3.732684384209425995e-03
1.080867916589125198e-02
3.679802019954742098e-02
3.122604529508560267e-02
1.656186083223184363e-02
1.411739947002902014e-02
5.008782190708642272e-03
-1.316926343665564270e-02
-3.533816608541959919e-02
-3.845722507911539852e-03
-4.208062136155626964e-02
-9.991455094103332546e-03
-3.886785610433150101e-02
1.529341216168400054e-02
1.974015781932405428e-02
2.129802753467901003e-03
-1.395409462447702240e-02
2.960233001335235703e-02
1.170818038322485495e-02
1.775044181801733317e-02
4.382164355838604917e-04
-3.153884926434694091e-02
2.444296220240230536e-02
-8.102910433892641928e-03
-2.280098420149065733e-02
-4.780395650590427668e-03
7.563902059621533357e-03
2.248962797029703531e-02
-3.747482151690163105e-02
-3.033500900152745136e-02
2.738700677598000441e-02
-4.107853702365562437e-02
-3.153105890336077577e-02
1.121484091201237557e-02
-9.579681163343756536e-03
2.522285873246225309e-03
3.932959517144449246e-02
2.370965677208181424e-02
-1.291635804616269624e-02
3.815898729110950294e-02
-2.362425882814132155e-02
-1.689156243023877402e-02
4.474438783686566362e-02
-1.882164771501697136e-03
1.798343607922791437e-02
