-4.527849105822338155e-02
-2.544074375260113249e-02
9.360228648960484477e-04
4.521543824069627904e-02
-2.151469419403155559e-02
-2.560487290304555921e-02
1.381087385116452383e-02
4.533688834129220684e-03
-1.396941172391722753e-02
-1.119580854498710212e-02
-1.580341398894588925e-02
-2.158870024252426342e-02
-1.523086898282610506e-02
1.847577020434496009e-02
2.198938052002133436e-02
7.959907482730793279e-03
-6.618781719552414844e-03
2.892800113378246260e-02
2.089091545710117237e-02
-8.983228041142571341e-03
1.683582766651858451e-02
-1.088160405587830330e-02
-4.898991249244174888e-03
-3.366125489323254505e-02
6.893571878200496078e-03
-5.097759797389890546e-02
-4.230620540181575726e-03
-2.120501618942818162e-02
2.350521512663491033e-02
1.061501879842773055e-02
-3.169875499159647420e-02
2.066888909697784174e-02
4.002619184749876130e-02
3.160100008879601630e-02
-1.653325940717791835e-03
3.089407977441515057e-03
2.623285550989061868e-02
2.000224477681267210e-02
-3.325102201293235471e-02
3.561363727739331325e-02
4.765882967730480924e-02
-3.968533946726090535e-03
4.083495610289829270e-02
1.633791262498018523e-02
-4.802787970088653164e-04
-3.869363933471547945e-02
-8.468187724713782324e-03
-1.783237007836057514e-02
2.380193898506652653e-02
1.069047975910752089e-02
5.103028768365456234e-03
2.134123275985099280e-02
-1.147645021151806090e-03
6.724580053941467362e-04
-3.879897792938218765e-02
