4.596264344963422056e-04
3.140635303446896037e-02
-3.638619511882987961e-02
1.540749655343654108e-02
7.901940214946140406e-03
1.221398029432243203e-02
3.576039255619834628e-02
-4.851192239654317923e-03
9.777538733734275275e-03
-2.448184888597602221e-02
1.460001399233286541e-02
8.584161288372915699e-03
-3.010214287331757551e-03
-3.791360835523594625e-02
5.087008231148321125e-02
-4.196100806483639423e-02
2.250357829522664152e-02
-1.460482646752785281e-02
-2.103670172722681836e-02
-5.159860122054165874e-03
3.949394372486056057e-03
1.964802295005202426e-02
-3.205488211469949278e-02
3.230890143285099908e-02
2.634456008653767931e-02
2.629030393063136462e-02
3.146018585050298910e-02
-9.153041598082670843e-03
-4.293916303809584140e-02
2.684738292704810358e-03
3.848902742310480844e-03
-4.089436276291188825e-03
2.114597529647377697e-02
4.302913079832343217e-03
4.198222048002189094e-02
1.807020232034768636e-02
2.045626418589449255e-02
-2.176694032581212579e-02
-2.923043291472001912e-02
2.531770147422961539e-02
-2.262202864138546793e-02
3.566331807292322242e-02
-7.895185034499574081e-03
-8.691525155704198091e-03
-1.612776060511833184e-02
2.715092964334220663e-02
-8.585303117183331473e-03
-1.751399939861381788e-02
1.903190230237004552e-02
2.508932339177283657e-03
2.537719904145831554e-02
1.989378153835571648e-04
-1.745807126055388177e-03
4.310690529709577945e-02
3.595495921467046357e-02
