2.551609628298556753e-02
-1.323801252281154965e-02
2.354950863877853379e-02
-1.480957236670030035e-02
-3.292520073694134297e-02
-3.469685959157381688e-03
3.387950634990179871e-02
-1.560649286712238563e-02
-1.405179793977713414e-02
3.032516577824315163e-02
-1.769662155628290781e-02
-4.594899978815347730e-02
-7.549797142617390572e-03
-1.609477373787485815e-02
-9.504785355027143071e-03
2.583499776467881870e-02
1.366693069671414719e-02
-2.068591536919766466e-02
1.932605692180551157e-02
-2.272131422721471172e-02
-1.586261584238103650e-02
-2.728982048549404363e-02
-2.911149340547957570e-02
1.445400257180791924e-02
3.702628708232757332e-02
2.802933813434642374e-02
-2.703046510428224261e-02
2.599812789298083099e-02
2.361898344630807695e-02
-8.691996765158799612e-03
-2.277391007473170137e-02
1.796476943808555937e-02
-4.322916685713810991e-02
1.525215444586155468e-02
1.295986553008523882e-02
-9.999819034058781905e-03
2.902900901626068869e-02
4.608793433801021411e-02
-2.089314073792550644e-02
-1.134197904036110711e-02
9.357416146573168877e-03
3.918574937710776751e-02
2.527884935469175420e-02
1.659981686002735130e-02
-3.307989098384152282e-02
-1.783295507404077107e-02
2.578481962805544495e-02
1.932340682359032225e-02
-1.612737329857405477e-02
-7.629651003357341629e-03
-3.604606492300745785e-02
2.543764811136592363e-02
1.830108234454567648e-02
9.954477414538295821e-03
1.906755615101918266e-02
