2.593404093358594661e-02
3.102212998223604495e-02
-1.184701338406975862e-02
8.484565307253258762e-03
-3.588881533150975467e-02
-5.231709661880613003e-03
-3.163845476938837147e-03
-2.272473327044480587e-02
5.800358016671191587e-03
-2.624903027780594103e-02
6.967087941307718683e-03
2.008131743705151087e-02
3.014117171920193978e-03
2.776292805468364832e-03
1.368273271716671097e-02
-3.452619643904060454e-02
-2.662169562402839573e-05
2.958267217133820140e-02
2.590164839610638314e-02
-2.791748630473160631e-02
3.036316707507436593e-03
1.840525049528630996e-02
-1.162405966046193380e-03
-4.413859415746691078e-02
1.649969234677631583e-02
-2.438764358663796442e-02
2.624154835038436731e-02
1.388313439768502043e-02
2.134832418458951914e-02
2.234593715677775719e-02
-2.937030278278939671e-02
-2.526997073332801561e-02
1.824119190527617729e-02
-5.875191026558227066e-03
1.954622258781517699e-02
3.357781036597097535e-02
7.299299734363482763e-04
-2.641982398813320573e-02
-2.350525711492151837e-02
-3.612578112009037085e-02
-4.059551834713005097e-02
1.683000248793971310e-02
-2.084292835025519999e-02
-4.366268230180550547e-02
2.334721356648399027e-02
-3.032584664031348631e-02
-6.411501107333495396e-03
-1.284097492562133978e-02
-2.950223203750697298e-02
4.237239841356551552e-03
-3.011249448198963230e-02
4.878975645378928055e-03
-5.264098909562484746e-02
1.798022034246787165e-02
2.955995299534629195e-02
