-5.284261408927275021e-03
1.570683150365529551e-02
-3.280737591476038523e-02
-2.931575337687233537e-02
-6.747870784630487749e-03
-5.579956248494839788e-02
-4.930114960861579736e-03
-2.381899415400705843e-03
-3.057583874943997637e-02
2.972081539484430768e-02
-2.653593367807016712e-02
-7.806035843830642744e-03
-1.289085273321762502e-02
1.305268172588908149e-02
-1.443590907630870786e-02
3.114326420336605006e-02
-3.343167949575026610e-02
-2.779252216643523371e-02
1.140920814543240278e-02
-7.614124579859686201e-03
-2.055224310262589085e-03
-2.459143148802307027e-02
-3.109315603884963558e-02
3.146397143140028385e-02
2.747498391792414438e-02
-2.170988200111083951e-03
2.004198021077744155e-02
3.140327625949594637e-02
-3.677842824475176242e-02
1.765459410236502880e-02
1.748562088649030163e-02
1.208048653392948535e-02
-1.069670456887822363e-02
-3.589280471802212672e-04
-3.968515148158621025e-02
-2.804009102525770181e-02
-9.986479304640990748e-03
-3.270555215068403354e-02
6.791781866913689479e-03
2.573584321223262514e-02
4.596137880296411599e-02
1.560651056046605430e-03
1.997744821993084965e-02
1.011868859227622701e-02
-5.140608049434147730e-02
-2.720243852198150382e-03
1.994956879300999186e-02
-2.053477541596090278e-02
2.510066486724077742e-02
1.089009268865388097e-02
-1.716650601566214324e-02
-2.309405532656867016e-02
1.539640399872240287e-02
1.807781431909017203e-02
1.627475639125872814e-02
