4.461589634792878165e-03
6.597374682214557015e-03
2.424359135657828263e-02
-2.244960080733213181e-02
-4.137625003310210769e-02
-1.687913244892795886e-02
-1.456684066397835554e-03
-2.175470722320862679e-02
3.104675965975933760e-02
-3.946847371087500861e-02
1.895993460828703306e-02
6.530733036162487438e-03
3.755483385473584040e-02
-1.838850602246251340e-02
1.665529723027280376e-02
8.042714374768927116e-03
-1.395629789507124574e-02
-3.400943352758629273e-02
-4.384817680684016152e-03
-3.646170634525010019e-03
1.791437173035017108e-02
4.310150119146484785e-03
2.919595164607439314e-02
1.289499102330970677e-03
3.774744472639945947e-02
-2.651225117153959907e-02
-1.670445492642066987e-02
-5.185994702766558682e-03
-2.391028109935708357e-02
-4.221765267359682550e-02
9.951283350719370216e-03
-1.896345613475590094e-02
8.190725508210892902e-03
-5.734119843377605795e-03
5.593174189059985785e-03
2.761488684698868226e-02
-2.363045453083489553e-02
-3.842525683695805633e-02
1.858852758134987501e-02
-3.865022227150341494e-02
-1.788450389379721631e-02
3.468035638033074158e-02
-8.238793921263763090e-05
4.326902968153694545e-02
-3.784372442249398817e-03
-2.857973782543656721e-02
-3.764523847807071250e-02
3.062363756379055807e-02
-4.360893257779250437e-02
-1.002336534101115964e-02
-1.233971345123558577e-02
-2.900854918302896851e-02
1.414573951246481803e-02
9.597974609255745249e-03
-1.212804304480444989e-02
