-4.073680642473327673e-02
-8.939289912567810817e-03
2.590339428655720130e-02
2.535649294200890275e-02
-2.652812469594408376e-02
-2.986579291983218476e-02
1.021146812918038473e-02
-4.485323319384951213e-02
3.325845155828155431e-02
-1.834574014440150044e-02
2.347698286870742237e-02
3.723519350411596401e-02
2.937410702061149514e-02
-8.407057708901594442e-03
2.237036231485359586e-02
-7.756433600119658038e-03
-2.206001352817061473e-02
-4.381481957699791957e-02
-7.120788364089830624e-03
1.008062605464827687e-03
4.319509743756100306e-02
2.398249695594035016e-02
3.145756671249457653e-02
1.389703599076979636e-02
4.281720595460943718e-03
-3.282948832877653766e-02
1.486191471871970305e-03
8.326699541232404286e-03
-3.004293362532895612e-02
-1.551646867778218135e-02
1.722230126839029022e-03
1.886807644016263996e-02
1.740381156250064149e-02
-1.219876119688966844e-02
-1.263747759940140811e-02
-2.005997501271055902e-02
-1.980021135544928271e-02
-1.113266473169885300e-02
9.839399469592531935e-03
2.566267960026333284e-02
8.201202946906776398e-03
-6.942423981944468962e-03
-2.428965177650825851e-03
-2.553672213277923680e-02
8.093153901426286545e-03
-1.573652777831686250e-02
-2.156427288098715714e-03
2.625202404405375597e-02
-3.922404906323166685e-02
-2.519793785080436804e-02
1.816436263815245783e-02
1.303101149654131360e-02
5.743540884941517044e-02
2.259582352707345185e-02
-1.761991122493965223e-02
