-2.651320020406181064e-03
4.633837062462141387e-02
-2.705242199710196360e-02
-2.142974572195275110e-02
5.392015742376929897e-03
1.462858843644815679e-02
1.558231564969205819e-02
3.466859026600932481e-02
-2.661525331032332450e-02
4.290092362041682955e-02
2.018446142742606753e-02
-2.014761340390452266e-02
3.194234102794672042e-02
-3.574366484601879113e-02
-8.043473174594063801e-03
-1.970394222081491009e-02
-1.593087985768737100e-02
-1.765415621750057685e-04
-1.968367433243001924e-02
8.029871327716285589e-03
-2.652998810492546503e-02
-4.404275838282834671e-02
-2.187266689922106808e-02
-5.346302564953005210e-03
4.242899372216367817e-04
-3.429359139841827581e-02
-1.430974762552326453e-02
4.152169854302897867e-02
-2.569559670099757012e-02
-1.944176035821120960e-02
1.657754623010012848e-02
8.125743066158645778e-03
-2.753557653440667080e-02
3.421467620024785938e-02
-2.425786514135624961e-02
2.869977113783514153e-02
-3.468917957767178595e-02
-1.476308315014859818e-02
8.212379407749881288e-03
-1.188327423605230714e-02
4.882518123400025889e-02
3.023311837452943851e-02
-1.516812535351782371e-02
-3.087819292348679273e-02
-1.198301688404695454e-02
-6.759054442509975294e-03
1.404270172444029713e-02
-3.052357445750161075e-02
-8.961462022339900663e-03
-2.062582901247730222e-02
6.297004374215080941e-03
6.839798735567602719e-03
-5.796149550006945809e-03
-1.870148256179729115e-02
4.153380106244816683e-03
