3.247176651163876521e-02
7.745481093047110188e-03
-3.623300675108848470e-03
-2.712753946016807638e-02
-3.450856462248023948e-02
-3.173061828918813387e-02
3.219345301099769008e-03
3.591403865258618183e-02
4.017302783125217824e-02
-3.167603680844920805e-02
-4.064629697642500178e-02
-1.881650129108171018e-02
-8.743646683751415613e-03
-4.286941632358431085e-03
1.840401626295458393e-02
1.181734811811432570e-02
1.137863184690253784e-02
4.071625002944444238e-02
2.251841522161335957e-02
-1.105635698219640216e-02
-3.372348998322531599e-02
3.362581518648895262e-02
-7.928533609477986938e-03
2.152992652419985151e-02
3.987636182820499670e-02
-2.239109657338080039e-02
-4.318515811805774540e-02
2.676618172200028595e-02
-1.535660971512329935e-02
3.331069752633614156e-02
1.589348415454768654e-02
1.504072951968999684e-02
2.130485398023690413e-02
-5.963868980287484640e-03
-2.947206386582647969e-02
9.500959515867171690e-03
-2.022406349576091888e-02
8.277028850525121112e-04
-3.537788525685599955e-02
-9.802900391997640753e-04
-8.259476573713267836e-03
3.064418607805247802e-02
-3.593866779823892774e-03
2.975158187834255410e-02
-6.041041561600282370e-03
1.488770841156827375e-02
3.566128732750224045e-02
9.941974991658565283e-03
-2.474833074669898977e-02
-4.529023695174549079e-03
7.137212313905147952e-03
8.540469770502691349e-03
-3.362826827299783550e-02
-2.124925540504262952e-02
2.676961821257333785e-04
