2.234226711706550558e-02
2.138988331524748279e-02
3.046632081872288275e-02
-1.658902926909392936e-02
2.490053781681404732e-02
1.269819491671665170e-02
1.658531550809884403e-02
2.381636080197251093e-02
-3.129372955191046107e-02
-9.763194695214104379e-03
-7.872351278674189282e-03
4.110098683261967367e-02
-9.384338650677224655e-03
2.988892998553355565e-02
-3.373484198672314222e-02
-1.002891433071955406e-02
1.315111850709551645e-02
-2.476103346450931816e-02
2.365031306880381601e-02
-1.601598698073228993e-02
-4.541728028283800733e-03
2.748313720328073723e-02
1.120262953854296887e-03
-5.464930827798852690e-03
-7.539083613109721221e-03
-3.271079397875492623e-02
-1.234389948710213313e-02
-6.964323470602216612e-03
3.179730202273788053e-02
6.534196845969268523e-03
3.659950338780263573e-02
1.538578782160807817e-02
2.192828148943696404e-02
-2.941044033989169068e-02
3.175441696524090168e-02
3.439052978481605370e-03
1.148145656007153181e-02
3.560457244493304019e-03
-2.211735101316243679e-02
-1.450278925390030733e-02
4.307513882011909483e-03
3.868310987963936159e-02
-3.425080850964584006e-02
-4.057879091102287866e-02
-3.813810593757215733e-02
1.253857330352032076e-02
-4.663234102967106498e-02
-3.765101628719972476e-02
1.861375289286772844e-02
-1.929412811180945819e-02
-2.177279625791197354e-02
-2.192155736024465826e-02
2.711642711198435432e-02
8.098637701792981911e-03
2.882503950031032464e-02
