1.006458450767076102e-02
-3.384947675499596492e-02
-2.669721085355728635e-02
-3.988658826072195851e-02
-3.157335442953356636e-02
-2.949096276548738779e-03
-3.707614972443287976e-05
-1.597972172189145168e-02
-1.077455138475668164e-02
-3.831730018407947247e-02
-1.757071353877865533e-02
2.094372467590804865e-02
-1.967350553715708356e-02
1.019627013701431689e-02
-3.938390101844178176e-02
1.294935224337316398e-04
-7.912771763722983159e-03
4.317067181661732485e-03
-2.851718634413734355e-02
-1.369626063831395034e-02
2.226091635069905525e-02
-1.135459382753143537e-02
-1.141035517223127661e-02
2.908132164931496663e-02
2.414712066459543532e-02
-3.952790473381939673e-02
2.115440995772620986e-02
-1.771695439910898895e-02
-1.586230042225873077e-02
2.222157144578815191e-02
2.251344949509593435e-02
-2.130202590573604046e-02
7.234721964959385347e-03
-1.662624794306456419e-02
-2.893805251095644612e-02
-1.966983909808057984e-02
2.815108845704037809e-03
-1.120084861251808769e-02
7.735339720132229169e-04
-5.130214676982680980e-03
2.818498498138853267e-02
1.796506766958699906e-03
-5.024289713455763057e-02
3.802888792816962876e-02
-3.443581278128382550e-02
-2.214883697009499552e-02
2.910354360786649927e-02
2.060335022909396893e-02
-4.486452500927831481e-03
2.892346027516599569e-02
-2.590276040038011832e-02
2.874787712443989049e-02
3.012486756576928520e-02
-2.668904706150821218e-02
-3.695546870428488562e-02
