-3.835288178626829105e-03
2.793507657369436945e-02
-2.686697506425565415e-02
-1.802751801298506373e-02
3.981544511743989601e-02
3.365703244567766483e-02
-2.039155971357283631e-02
1.187868020907688338e-02
2.610173061323441471e-02
-4.189322975905708513e-02
-4.898360379002878601e-02
-1.248692375341073184e-02
2.877712372182786305e-02
1.456415152979878558e-02
-8.742786011883827910e-03
-8.542510475526380112e-03
-1.710420394511727449e-02
-3.753881718760695291e-02
1.638714622558194028e-02
-3.132282220372809532e-03
-5.153902688367447381e-03
-3.787675911349093483e-02
-2.601228157033782813e-03
-1.042224319144838089e-02
3.632528665976731547e-02
7.670286184963559127e-04
1.599385867253725257e-03
-5.105976577457318859e-03
3.407912330380610810e-02
2.797996684938122008e-02
-4.089566701732682587e-03
3.285082109090160796e-02
1.993315191605609868e-02
-7.969836683762792154e-03
1.834297883437368756e-02
-4.558450569399861161e-04
9.127631343733105113e-03
9.406588913495963350e-03
1.959906809348608767e-02
2.096695159513007473e-02
2.026238156402001417e-02
3.654184190963306877e-02
3.024804699310758641e-02
2.395839781554334399e-02
2.389613715119754192e-02
-1.545133132835306913e-02
-2.191661171266395466e-02
-8.711398818950312484e-03
-1.427353238533416759e-02
2.670209008838887385e-02
-4.570858147043917186e-02
-8.512852517476890771e-03
-2.771611282814182009e-02
4.032820376923557104e-02
1.180384999616083085e-02
