1.477925835785894428e-03
2.148696681785186580e-02
4.448925412723962053e-02
-3.313975285043137958e-02
6.445943618996960445e-03
2.524192948842086601e-02
2.339890375859579250e-02
-3.450622997272612819e-02
4.767695896504063439e-03
1.193030258217718173e-02
-2.737498542445371622e-02
-8.299735015295203397e-03
1.207007865136062140e-02
3.130210694940956107e-02
-4.291806261796117516e-02
3.857216824921962106e-02
-1.528068624325483287e-02
3.349791004477133127e-02
3.040699060322826427e-02
-4.971558152493105003e-03
-3.547327459119991450e-02
4.096911552974549092e-02
-2.414516310478502514e-02
2.618045723468850200e-03
4.029022784615378383e-02
1.157688911057245910e-02
4.323804982028185001e-03
-1.978811558994717987e-02
-2.336340397457935952e-02
2.460552414949796277e-02
-1.637464586918296189e-02
1.717383335714943796e-02
-1.959907043642735228e-02
-1.986146550967445371e-02
-2.159096399188941556e-02
-2.404818878841845364e-02
-3.009535842894056623e-02
2.319265811716166113e-03
8.160289585224557440e-03
9.825729322652899250e-03
2.591176403649554302e-02
5.905332804628835681e-04
2.733981741188959771e-02
4.200154727629553525e-02
-1.467332750888309181e-02
1.548388334289673351e-03
-2.142441086046900992e-02
-1.496301359116886977e-02
8.417797154797021855e-03
-1.521216780496905709e-02
-2.042676384698528455e-02
7.372145358939900459e-03
-1.468704068534606479e-02
4.488323607469923981e-02
1.241682763330804844e-02
