-2.072682790981338410e-02
-5.724649134341380785e-02
-3.265176187328791557e-02
-1.668341359112331806e-02
1.538416596396304480e-02
-3.814510998460037688e-02
5.285042621677224668e-03
-1.783757511789408473e-02
3.878686440747407260e-02
-2.149016901909106547e-02
-6.882377639954387512e-03
1.112513624959220529e-02
-3.397074355171367938e-02
1.454237778572258681e-03
-3.494896013578324689e-02
-4.187110022263736131e-02
4.243621582825118921e-02
2.541195711377400301e-02
-9.371819794886318208e-03
7.517381379579102588e-03
-1.055940581242627296e-02
-3.304236988600867814e-02
-3.916309691401546889e-03
1.281365044338554290e-02
4.068695455796007138e-02
-2.085807153540256489e-02
1.779860819115584164e-02
4.916913581926295532e-03
-5.656595385021872396e-03
-3.600997954210866450e-03
1.881038840445695918e-03
-3.265723992591691889e-03
3.304555091432942460e-02
4.118360805286309587e-03
2.014769217321500661e-02
-3.422812790147123502e-02
1.514337406268763918e-02
-8.491885913197357375e-03
-1.355147379679196885e-02
-1.820027913806147868e-02
4.710467496471375595e-03
-1.162760302752711798e-02
1.586333474491356116e-02
-5.277068228641723646e-02
-9.807690929659598419e-03
3.860868515412781143e-02
-1.540255033100369243e-02
-2.358425467416817509e-02
4.336782213721229913e-03
-6.197897118036184731e-04
-2.258666531623913180e-03
-1.551210560050110022e-02
1.123488490209901582e-02
-1.964006242222458148e-02
3.968238698086835881e-02
