-1.389201221793578273e-02
2.616340464703210359e-03
-3.228912378488575652e-02
-2.134461804755368591e-02
-3.484204676557840427e-03
2.394093627603783442e-02
-2.459141817487193148e-03
-4.928165151554564014e-03
2.553683553981148449e-02
-1.695546883454771350e-02
3.520438669266135606e-02
2.701670173151262538e-02
-3.010665175206887756e-02
2.254577894474710936e-02
3.783338711074824695e-02
2.326869747370493430e-02
2.577967110588026342e-02
-1.544876543215935316e-02
-8.632331085561389603e-03
-2.803137976150351166e-02
2.266296345132976300e-02
3.978021562245585689e-04
-1.347213303867500662e-02
-1.886900967562793463e-02
4.010881885078865228e-02
-8.409461846161743123e-03
1.939656550604410348e-02
2.469989272268601974e-02
3.035208598999412227e-02
-2.770883310902996083e-02
-2.513560983093601070e-02
-2.340583946106077756e-02
-2.257994918808977486e-02
-2.704697347345111011e-02
-1.678885707746716888e-02
3.433988722055329734e-02
-3.672752327721187648e-02
3.827701799115803410e-02
-3.828892711204369415e-02
1.219019163893128761e-02
-1.553742148167909162e-02
-2.227676689011919703e-02
2.050760474611200077e-02
-1.370781706972293637e-02
2.748876440025168136e-02
6.524445333914810977e-03
2.903886760656885363e-02
-7.964777911068445654e-03
-4.210072920360607290e-02
-1.756523496711457494e-02
-8.922117953185405848e-03
-2.627069757990944943e-02
1.085500472242779610e-02
3.254638547951091421e-02
-8.980656669364149233e-03
