8.309983322832307714e-03
1.017131911478033959e-02
2.878750707143511514e-02
2.595114604567310898e-02
-3.658896545202504347e-02
-1.049702962449567539e-02
-2.228953098808411637e-02
-1.731071231663485616e-02
2.977515068963317718e-02
3.864241124511520048e-02
-2.345877512764429559e-02
-6.560939459894864385e-03
3.921909761741558531e-02
-3.006092090632996733e-02
8.741606089798324014e-03
1.679825034125119812e-02
1.925487442233169214e-02
7.040931762694760919e-03
1.701827592289785820e-02
-4.215728929464504504e-02
4.978687122579331104e-03
3.062176121434403292e-02
2.830709303296986140e-02
-1.904444242523699185e-03
-2.946495563452488503e-02
2.808826813991258803e-02
1.168143613403110209e-02
2.208765191820934691e-03
-1.610953027322521366e-02
-2.658251368101965939e-02
-1.997829441408330645e-02
-1.935039600077052141e-02
-7.909449261740239545e-03
1.564331932777593415e-02
3.414426712080087523e-02
-1.894340244400026865e-02
1.937080829104169052e-02
-8.332874528030371694e-03
-2.796990305802385043e-02
-2.732085596261928442e-02
4.901028069288380223e-02
-8.296563811726791540e-03
-4.043389690667754249e-02
2.448556203367470083e-02
-2.084474369565085874e-02
-1.791701940533747123e-02
-2.979420590413954864e-02
1.835792269126825665e-02
-1.679701437853560464e-02
2.452710670328120401e-02
-2.946065537791324115e-02
1.704013539008181199e-02
3.457517978153497318e-02
5.916247843159955395e-03
-4.740157316622215259e-04
