-3.541755209860879966e-02
-8.780394776817735530e-03
2.276565379173487239e-02
9.586247109066432098e-03
3.154205882725392984e-02
-4.574060547139263688e-02
-2.133162985320905675e-02
-2.311217474720334702e-02
-4.033930257863862015e-03
-1.344677491649179553e-02
-4.034657318510143087e-02
-2.397012004157104276e-02
-1.128165290409356529e-02
2.621774722478674435e-02
2.892530815031741157e-02
3.954369614964037272e-02
2.562722226207470727e-02
1.864329003277271496e-02
2.342358824702094403e-02
9.608783766689197453e-03
2.189888576781815616e-02
1.767031536865285588e-03
-1.406750324808898889e-02
6.854055241931622695e-03
2.337139826286338540e-02
3.840417087639323712e-02
-4.136669364691707845e-02
1.106515111449044367e-02
-3.415264238902607219e-02
1.575779900847209397e-02
-2.663515718781081076e-03
3.865840864690487516e-02
8.401162565259794046e-03
-1.346841810190255000e-02
4.002417398692263012e-02
-2.294101827869498081e-02
-1.069024911110556808e-02
3.065016705295490682e-03
-3.446272277179197180e-02
1.264711150197103152e-02
1.205667654621812510e-02
1.174073930868041460e-02
-5.346787964754617754e-03
-2.479197530841407981e-03
-3.511258208878360182e-02
5.758943629448203504e-03
-3.496858869428551980e-02
-1.376013889720227937e-02
-3.157915283487688907e-02
3.744663203494296572e-02
-2.757294119736389618e-02
-1.993922649256180818e-02
-5.282358643486331079e-03
-3.705120730776164523e-03
5.193850410540702851e-03
