0.000000000000000000e+00 8.895572644789346509e-04 -3.946060396634941511e-04 7.472696240244171588e-04 1.149762494706659671e-03 3.102307015148706511e-04 3.932312721558825367e-04 -1.518005000882572124e-04 8.437011512847116240e-04 -1.323301785959310689e-04 6.111569404561902064e-04 -2.108733877605087348e-03
8.895572644789346509e-04 0.000000000000000000e+00 1.129140012113816725e-04 4.410393919731496882e-04 1.992400314741015876e-04 2.894665333249574353e-04 1.082186615672936904e-04 2.220546077210838634e-04 -4.099498732181756119e-04 5.305021682860554168e-05 1.106422105555400601e-04 -4.549066269907666360e-04
-3.946060396634941511e-04 1.129140012113816725e-04 0.000000000000000000e+00 -1.639144657880438262e-04 7.508781295612764915e-04 8.689577552382751660e-05 7.119599320751419675e-05 -2.690173257374419325e-04 1.718446874262069849e-04 -1.066595384770389286e-04 -5.462915949624101811e-05 3.946245049763045273e-04
7.472696240244171588e-04 4.410393919731496882e-04 -1.639144657880438262e-04 0.000000000000000000e+00 5.417813037164450826e-04 -4.192353685000554280e-05 8.394686463435896591e-04 -9.806143709498512263e-04 -8.318634600644165362e-04 -3.594716383110507047e-04 6.581806404180501509e-04 -9.915332837490259659e-04
1.149762494706659671e-03 1.992400314741015876e-04 7.508781295612764915e-04 5.417813037164450826e-04 0.000000000000000000e+00 -8.290147897839224940e-04 -3.268043084357156449e-04 -1.559681347065321622e-03 -2.707860721305070445e-04 -3.183616811438885492e-04 1.347276577791064025e-03 -3.113365713721940372e-03
3.102307015148706511e-04 2.894665333249574353e-04 8.689577552382751660e-05 -4.192353685000554280e-05 -8.290147897839224940e-04 0.000000000000000000e+00 1.698729157939052304e-04 -8.288254845386711697e-04 1.533559513735237279e-04 -1.646359420547618610e-04 -6.638508277982092202e-04 7.079206691536252087e-04
3.932312721558825367e-04 1.082186615672936904e-04 7.119599320751419675e-05 8.394686463435896591e-04 -3.268043084357156449e-04 1.698729157939052304e-04 0.000000000000000000e+00 2.429281937145840082e-04 4.643584453459514158e-04 4.397849464501545660e-05 -1.400263386277954996e-04 -6.786165196148904446e-04
-1.518005000882572124e-04 2.220546077210838634e-04 -2.690173257374419325e-04 -9.806143709498512263e-04 -1.559681347065321622e-03 -8.288254845386711697e-04 2.429281937145840082e-04 0.000000000000000000e+00 -8.611814145926502840e-04 8.809654373627574938e-04 -1.239130697909217142e-03 -9.104689102191459299e-04
8.437011512847116240e-04 -4.099498732181756119e-04 1.718446874262069849e-04 -8.318634600644165362e-04 -2.707860721305070445e-04 1.533559513735237279e-04 4.643584453459514158e-04 -8.611814145926502840e-04 0.000000000000000000e+00 4.767130721976529950e-04 8.734801989686948650e-04 -5.544895282668146474e-04
-1.323301785959310689e-04 5.305021682860554168e-05 -1.066595384770389286e-04 -3.594716383110507047e-04 -3.183616811438885492e-04 -1.646359420547618610e-04 4.397849464501545660e-05 8.809654373627574938e-04 4.767130721976529950e-04 0.000000000000000000e+00 -4.364950112514153413e-04 -3.014515633057055725e-04
6.111569404561902064e-04 1.106422105555400601e-04 -5.462915949624101811e-05 6.581806404180501509e-04 1.347276577791064025e-03 -6.638508277982092202e-04 -1.400263386277954996e-04 -1.239130697909217142e-03 8.734801989686948650e-04 -4.364950112514153413e-04 0.000000000000000000e+00 6.622539040796503532e-04
-2.108733877605087348e-03 -4.549066269907666360e-04 3.946245049763045273e-04 -9.915332837490259659e-04 -3.113365713721940372e-03 7.079206691536252087e-04 -6.786165196148904446e-04 -9.104689102191459299e-04 -5.544895282668146474e-04 -3.014515633057055725e-04 6.622539040796503532e-04 0.000000000000000000e+00
