0.000000000000000000e+00 5.073362849999529410e-04 5.138223402253422984e-04 -4.945462606966317129e-04 -1.096159169087805802e-03 1.438387669893900506e-04 5.250413584523863338e-04 -2.631735194733237845e-03 3.274200460062559668e-04 1.151327980672938448e-05 -1.949177229746653413e-04 1.502897100641982595e-03
5.073362849999529410e-04 0.000000000000000000e+00 4.040882974996670295e-04 1.373222826227885865e-04 -3.921887301031365511e-04 -4.688699719292701521e-04 -3.577091929585515893e-04 -5.309478111888301212e-05 -2.745891326755553257e-04 3.150394303611679029e-04 -1.665383251977849166e-04 -7.390040138082060173e-04
5.138223402253422984e-04 4.040882974996670295e-04 0.000000000000000000e+00 -3.965589297798397970e-04 3.944176816154454433e-04 4.615920473709676439e-04 -3.269002050393810671e-05 -1.171415269620690877e-03 -2.336028218151664732e-04 -8.598767092966989357e-04 -4.973785758855765651e-04 -1.088985275538694288e-03
-4.945462606966317129e-04 1.373222826227885865e-04 -3.965589297798397970e-04 0.000000000000000000e+00 1.547256584728227968e-04 -1.390258485532159952e-03 3.651812127134753728e-04 -8.007254180286286008e-04 -2.273112428289405281e-04 9.559843820633969792e-04 5.826436398274518558e-05 -2.342002924152964587e-04
-1.096159169087805802e-03 -3.921887301031365511e-04 3.944176816154454433e-04 1.547256584728227968e-04 0.000000000000000000e+00 3.924552745053585981e-04 -6.580738321911804814e-05 7.260839031005089607e-04 5.515250094956881738e-04 1.007768841937564403e-03 3.778133252436379668e-04 -1.392712676964962763e-03
1.438387669893900506e-04 -4.688699719292701521e-04 4.615920473709676439e-04 -1.390258485532159952e-03 3.924552745053585981e-04 0.000000000000000000e+00 2.415901895674805512e-04 1.438567860989402357e-03 4.163318507908887311e-04 -4.811019960539906170e-06 -3.627444286875046247e-04 1.993632135521969471e-03
5.250413584523863338e-04 -3.577091929585515893e-04 -3.269002050393810671e-05 3.651812127134753728e-04 -6.580738321911804814e-05 2.415901895674805512e-04 0.000000000000000000e+00 -7.246804814621718958e-04 8.921502561797473388e-05 -3.551674847130200838e-04 3.102741090109561095e-04 9.694750758308226567e-04
-2.631735194733237845e-03 -5.309478111888301212e-05 -1.171415269620690877e-03 -8.007254180286286008e-04 7.260839031005089607e-04 1.438567860989402357e-03 -7.246804814621718958e-04 0.000000000000000000e+00 -1.381005574014006285e-03 4.837094133885231468e-04 4.188696743293706531e-04 3.403193447740998027e-03
3.274200460062559668e-04 -2.745891326755553257e-04 -2.336028218151664732e-04 -2.273112428289405281e-04 5.515250094956881738e-04 4.163318507908887311e-04 8.921502561797473388e-05 -1.381005574014006285e-03 0.000000000000000000e+00 7.506766242199332641e-04 -1.743913388431879419e-04 -1.129604703421606101e-03
1.151327980672938448e-05 3.150394303611679029e-04 -8.598767092966989357e-04 9.559843820633969792e-04 1.007768841937564403e-03 -4.811019960539906170e-06 -3.551674847130200838e-04 4.837094133885231468e-04 7.506766242199332641e-04 0.000000000000000000e+00 -5.849679419726845717e-04 1.175279347438747254e-03
-1.949177229746653413e-04 -1.665383251977849166e-04 -4.973785758855765651e-04 5.826436398274518558e-05 3.778133252436379668e-04 -3.627444286875046247e-04 3.102741090109561095e-04 4.188696743293706531e-04 -1.743913388431879419e-04 -5.849679419726845717e-04 0.000000000000000000e+00 -1.373386647031286933e-03
1.502897100641982595e-03 -7.390040138082060173e-04 -1.088985275538694288e-03 -2.342002924152964587e-04 -1.392712676964962763e-03 1.993632135521969471e-03 9.694750758308226567e-04 3.403193447740998027e-03 -1.129604703421606101e-03 1.175279347438747254e-03 -1.373386647031286933e-03 0.000000000000000000e+00
