0.000000000000000000e+00 -5.970678455269479981e-04 -2.768444120564568208e-04 1.905025257848587665e-04 1.197674864420486063e-03 6.354766571342133083e-04 4.343184735215209454e-06 1.000852983336761402e-03 2.643534680623573136e-04 2.431151373557003195e-04 -2.661895600854365346e-04 3.059582041160248639e-04
-5.970678455269479981e-04 0.000000000000000000e+00 -1.634201107358235368e-04 8.233456420642164221e-04 -1.517508489410049040e-03 4.783413411271822944e-04 -1.992614281977053497e-04 -2.319360260615177679e-04 8.959132355409074968e-05 1.744009861463057659e-04 8.829455230669422687e-05 9.840988650910772063e-04
-2.768444120564568208e-04 -1.634201107358235368e-04 0.000000000000000000e+00 2.198433100771260331e-03 3.959936501756605720e-04 -2.525259225264399766e-04 -4.356891184732714583e-04 2.984495820447651427e-03 -1.562399160963866707e-03 4.832722697033343495e-04 -8.642025567702636864e-04 -2.596537621508705610e-04
1.905025257848587665e-04 8.233456420642164221e-04 2.198433100771260331e-03 0.000000000000000000e+00 -2.454981687909865533e-03 9.898784757827726343e-05 -3.480745160601706454e-04 3.566118084046386236e-03 2.336671952475394946e-05 -5.219360587130445969e-04 2.247871890425208962e-04 5.179583441395543136e-04
1.197674864420486063e-03 -1.517508489410049040e-03 3.959936501756605720e-04 -2.454981687909865533e-03 0.000000000000000000e+00 6.063710120897011736e-04 1.582485774385124179e-04 -1.473069681379092066e-03 -1.880914146894808407e-03 1.025454570787807303e-05 -1.531981234707832456e-04 1.478021031348337490e-03
6.354766571342133083e-04 4.783413411271822944e-04 -2.525259225264399766e-04 9.898784757827726343e-05 6.063710120897011736e-04 0.000000000000000000e+00 -3.605410260552324915e-04 -9.125677238978485446e-04 1.529729684805258632e-04 4.142982190367188941e-04 -3.292519605868722207e-04 -2.178130488502063472e-04
4.343184735215209454e-06 -1.992614281977053497e-04 -4.356891184732714583e-04 -3.480745160601706454e-04 1.582485774385124179e-04 -3.605410260552324915e-04 0.000000000000000000e+00 9.814640575946846981e-04 3.519785755313024900e-04 -3.576062128690118101e-04 -2.919343369269104577e-04 2.374793277816259461e-04
1.000852983336761402e-03 -2.319360260615177679e-04 2.984495820447651427e-03 3.566118084046386236e-03 -1.473069681379092066e-03 -9.125677238978485446e-04 9.814640575946846981e-04 0.000000000000000000e+00 -1.244752243632113193e-03 -4.996276422434280280e-04 -6.987832414654131154e-04 -1.698071025034823605e-03
2.643534680623573136e-04 8.959132355409074968e-05 -1.562399160963866707e-03 2.336671952475394946e-05 -1.880914146894808407e-03 1.529729684805258632e-04 3.519785755313024900e-04 -1.244752243632113193e-03 0.000000000000000000e+00 -1.339279647803108379e-04 9.605748222772837611e-05 -3.366731348327416042e-04
2.431151373557003195e-04 1.744009861463057659e-04 4.832722697033343495e-04 -5.219360587130445969e-04 1.025454570787807303e-05 4.142982190367188941e-04 -3.576062128690118101e-04 -4.996276422434280280e-04 -1.339279647803108379e-04 0.000000000000000000e+00 1.215311209739273942e-04 -2.898066984038613104e-04
-2.661895600854365346e-04 8.829455230669422687e-05 -8.642025567702636864e-04 2.247871890425208962e-04 -1.531981234707832456e-04 -3.292519605868722207e-04 -2.919343369269104577e-04 -6.987832414654131154e-04 9.605748222772837611e-05 1.215311209739273942e-04 0.000000000000000000e+00 -1.622204561557802571e-06
3.059582041160248639e-04 9.840988650910772063e-04 -2.596537621508705610e-04 5.179583441395543136e-04 1.478021031348337490e-03 -2.178130488502063472e-04 2.374793277816259461e-04 -1.698071025034823605e-03 -3.366731348327416042e-04 -2.898066984038613104e-04 -1.622204561557802571e-06 0.000000000000000000e+00
