0.000000000000000000e+00 3.155658275031510357e-04 9.352824617650364264e-04 -1.057383781488168079e-03 -7.564999056305747593e-04 6.919451657154669730e-04 1.979187893129416651e-03 5.440851494921373436e-04 9.028347161757088344e-04 -1.725189425083493381e-04 -1.957544409487865355e-03 2.975188527230032448e-04
3.155658275031510357e-04 0.000000000000000000e+00 2.761924910405835483e-04 2.417574575757332135e-04 -3.310515691484704984e-04 -4.611628477538099553e-04 -8.444074596460404486e-04 -3.586579299053979826e-04 1.000324806315777438e-04 -1.535387185456015110e-04 -2.909833887746075343e-04 3.893106363593723941e-04
9.352824617650364264e-04 2.761924910405835483e-04 0.000000000000000000e+00 1.524128408691801295e-04 2.688022126090111857e-04 -7.993638127995647243e-04 5.416330165411877137e-04 -3.416245831676747481e-04 -2.345864523061155961e-05 2.087948886314162748e-04 -3.560491647606739006e-04 -5.406589647829683183e-04
-1.057383781488168079e-03 2.417574575757332135e-04 1.524128408691801295e-04 0.000000000000000000e+00 4.660276069839350537e-04 -1.327038170747754263e-03 -2.964852059610371027e-04 4.948845252534809689e-05 2.723583165467392299e-04 2.814915977988417112e-04 -2.163329518806500973e-06 5.988703429233907917e-04
-7.564999056305747593e-04 -3.310515691484704984e-04 2.688022126090111857e-04 4.660276069839350537e-04 0.000000000000000000e+00 2.791547277326316984e-03 -1.521265929647696441e-03 -8.515224950896276707e-04 1.159931391668359967e-03 -1.735183316246089597e-04 1.059094144741932640e-03 -5.029970843497782833e-04
6.919451657154669730e-04 -4.611628477538099553e-04 -7.993638127995647243e-04 -1.327038170747754263e-03 2.791547277326316984e-03 0.000000000000000000e+00 -2.218097206553250236e-03 8.209182021256061453e-05 1.872960149741105269e-03 3.964891998617601490e-04 -1.848782994617090714e-03 5.224540067740460550e-04
1.979187893129416651e-03 -8.444074596460404486e-04 5.416330165411877137e-04 -2.964852059610371027e-04 -1.521265929647696441e-03 -2.218097206553250236e-03 0.000000000000000000e+00 -1.461707637287100936e-04 1.146169252508483141e-03 3.628876724031074742e-04 1.476432770980052765e-03 -7.897923259745119129e-04
5.440851494921373436e-04 -3.586579299053979826e-04 -3.416245831676747481e-04 4.948845252534809689e-05 -8.515224950896276707e-04 8.209182021256061453e-05 -1.461707637287100936e-04 0.000000000000000000e+00 1.575958396214179220e-04 -2.598066815473572462e-04 -3.016361896920777838e-04 -1.420704149661753269e-04
9.028347161757088344e-04 1.000324806315777438e-04 -2.345864523061155961e-05 2.723583165467392299e-04 1.159931391668359967e-03 1.872960149741105269e-03 1.146169252508483141e-03 1.575958396214179220e-04 0.000000000000000000e+00 1.257936080251766955e-04 3.742257710117061426e-04 -1.157021017638291456e-04
-1.725189425083493381e-04 -1.535387185456015110e-04 2.087948886314162748e-04 2.814915977988417112e-04 -1.735183316246089597e-04 3.964891998617601490e-04 3.628876724031074742e-04 -2.598066815473572462e-04 1.257936080251766955e-04 0.000000000000000000e+00 -8.442964413513556581e-04 -3.196135562534190900e-04
-1.957544409487865355e-03 -2.909833887746075343e-04 -3.560491647606739006e-04 -2.163329518806500973e-06 1.059094144741932640e-03 -1.848782994617090714e-03 1.476432770980052765e-03 -3.016361896920777838e-04 3.742257710117061426e-04 -8.442964413513556581e-04 0.000000000000000000e+00 -6.582789649002676385e-04
2.975188527230032448e-04 3.893106363593723941e-04 -5.406589647829683183e-04 5.988703429233907917e-04 -5.029970843497782833e-04 5.224540067740460550e-04 -7.897923259745119129e-04 -1.420704149661753269e-04 -1.157021017638291456e-04 -3.196135562534190900e-04 -6.582789649002676385e-04 0.000000000000000000e+00
