0.000000000000000000e+00 2.945150241117014812e-04 -8.533090389069119923e-04 -9.467306167288823838e-05 -6.595558391229194069e-04 -1.270806252151420650e-04 -1.126250282436473378e-03 3.933784142727479965e-04 2.625978848337780724e-04 -7.443333409186431865e-05 -6.600631240277507559e-04 1.260043477120181658e-03
2.945150241117014812e-04 0.000000000000000000e+00 2.782669382618468469e-04 -5.082175721918174086e-04 -5.585801482816647604e-04 2.420929983604486050e-04 -7.434211264490356730e-04 6.375688427465866863e-05 -6.954193395767221820e-07 -3.719812389713657687e-04 -1.567846615167448195e-04 -9.209427608622057114e-04
-8.533090389069119923e-04 2.782669382618468469e-04 0.000000000000000000e+00 -1.815369459020789043e-04 -1.275539759587076519e-04 9.765188226666615765e-04 -2.956811484257793748e-04 -5.767000025835841351e-05 -3.471738233246582242e-04 2.311304634702646805e-04 -1.701399516058222229e-04 -1.170697152062382491e-03
-9.467306167288823838e-05 -5.082175721918174086e-04 -1.815369459020789043e-04 0.000000000000000000e+00 3.599304523374607598e-05 2.672209155417766481e-04 6.178474160850161954e-04 2.502641460836642503e-04 4.383658753791836045e-04 -6.179600371050225855e-04 -3.830330779304607670e-04 -5.180492330149565321e-04
-6.595558391229194069e-04 -5.585801482816647604e-04 -1.275539759587076519e-04 3.599304523374607598e-05 0.000000000000000000e+00 -9.625051714678792844e-04 -1.857646455992706229e-04 1.153551910905004340e-04 -6.055465118481327723e-04 -1.257615131482257116e-04 -8.729152800505514745e-04 -2.020004332167577726e-04
-1.270806252151420650e-04 2.420929983604486050e-04 9.765188226666615765e-04 2.672209155417766481e-04 -9.625051714678792844e-04 0.000000000000000000e+00 2.474932528059306351e-03 1.176332237553455191e-03 -4.978643319004921047e-04 -2.973251165567717519e-04 3.435922222874203901e-04 6.121051082403338459e-04
-1.126250282436473378e-03 -7.434211264490356730e-04 -2.956811484257793748e-04 6.178474160850161954e-04 -1.857646455992706229e-04 2.474932528059306351e-03 0.000000000000000000e+00 -1.575503453606958435e-03 1.694610033781707289e-03 3.851397104395013361e-04 2.057347892188938782e-03 8.564448750016591698e-04
3.933784142727479965e-04 6.375688427465866863e-05 -5.767000025835841351e-05 2.502641460836642503e-04 1.153551910905004340e-04 1.176332237553455191e-03 -1.575503453606958435e-03 0.000000000000000000e+00 -6.570896504749806520e-04 -3.578250622569327738e-04 -8.063351569853942314e-04 4.122043779782969897e-04
2.625978848337780724e-04 -6.954193395767221820e-07 -3.471738233246582242e-04 4.383658753791836045e-04 -6.055465118481327723e-04 -4.978643319004921047e-04 1.694610033781707289e-03 -6.570896504749806520e-04 0.000000000000000000e+00 -2.913610029590777708e-04 -7.260759191578886529e-04 -1.544118514098145054e-03
-7.443333409186431865e-05 -3.719812389713657687e-04 2.311304634702646805e-04 -6.179600371050225855e-04 -1.257615131482257116e-04 -2.973251165567717519e-04 3.851397104395013361e-04 -3.578250622569327738e-04 -2.913610029590777708e-04 0.000000000000000000e+00 -1.856037222302743431e-04 6.246934151557044686e-04
-6.600631240277507559e-04 -1.567846615167448195e-04 -1.701399516058222229e-04 -3.830330779304607670e-04 -8.729152800505514745e-04 3.435922222874203901e-04 2.057347892188938782e-03 -8.063351569853942314e-04 -7.260759191578886529e-04 -1.856037222302743431e-04 0.000000000000000000e+00 3.471270598067966937e-03
1.260043477120181658e-03 -9.209427608622057114e-04 -1.170697152062382491e-03 -5.180492330149565321e-04 -2.020004332167577726e-04 6.121051082403338459e-04 8.564448750016591698e-04 4.122043779782969897e-04 -1.544118514098145054e-03 6.246934151557044686e-04 3.471270598067966937e-03 0.000000000000000000e+00
