0.000000000000000000e+00 -4.588595245740126924e-04 -2.107659041080961557e-03 7.291150380805735401e-04 -1.706057637880291312e-03 -9.128306474883923294e-04 -3.112222903765371560e-04 9.853265760105290065e-05 2.005033128255382258e-03 1.217942266170456107e-04 -1.108354521596288059e-03 3.043797189206671051e-04
-4.588595245740126924e-04 0.000000000000000000e+00 -1.376271520942288530e-03 4.279000290513539258e-04 5.184670434522748676e-04 3.124824931794968554e-04 -1.238769251549898971e-05 -2.586226073714087198e-04 -1.364312599890852608e-03 1.121543061148330098e-04 1.179922191815134113e-04 -5.526763618786688414e-04
-2.107659041080961557e-03 -1.376271520942288530e-03 0.000000000000000000e+00 -9.694270048115646941e-04 5.943964384795488590e-04 -8.250843472963654299e-05 -7.713085380935093749e-04 9.411814316154459934e-05 7.990454536934215538e-04 -3.206836738196719943e-05 1.640073512164659996e-03 6.276141830263237773e-04
7.291150380805735401e-04 4.279000290513539258e-04 -9.694270048115646941e-04 0.000000000000000000e+00 -3.137060146496324268e-05 -4.126481761260479336e-05 -2.724613795493201879e-04 5.490849050185569796e-04 -1.360047079958364010e-03 5.799081589536453493e-04 8.172976164698976228e-04 3.358021666181393782e-04
-1.706057637880291312e-03 5.184670434522748676e-04 5.943964384795488590e-04 -3.137060146496324268e-05 0.000000000000000000e+00 -5.444019870042535224e-04 -3.284710677943906455e-04 2.307960267257680193e-04 -1.069833027528276927e-04 7.900384014754103850e-04 -1.534173561446606875e-03 -1.356075893728546020e-04
-9.128306474883923294e-04 3.124824931794968554e-04 -8.250843472963654299e-05 -4.126481761260479336e-05 -5.444019870042535224e-04 0.000000000000000000e+00 4.250589393084256589e-04 7.097506741271305685e-05 1.454101172579007470e-03 5.915116350326991368e-04 4.048852711822996083e-04 -1.793953965029454120e-04
-3.112222903765371560e-04 -1.238769251549898971e-05 -7.713085380935093749e-04 -2.724613795493201879e-04 -3.284710677943906455e-04 4.250589393084256589e-04 0.000000000000000000e+00 -7.695765213258880363e-06 -4.360650096124915956e-04 -2.074908275760051549e-04 -2.324275647939778378e-04 9.740889956452589626e-05
9.853265760105290065e-05 -2.586226073714087198e-04 9.411814316154459934e-05 5.490849050185569796e-04 2.307960267257680193e-04 7.097506741271305685e-05 -7.695765213258880363e-06 0.000000000000000000e+00 1.309667899235028219e-04 1.738561758592355503e-04 -6.898497331725939269e-05 -6.426773857387446296e-05
2.005033128255382258e-03 -1.364312599890852608e-03 7.990454536934215538e-04 -1.360047079958364010e-03 -1.069833027528276927e-04 1.454101172579007470e-03 -4.360650096124915956e-04 1.309667899235028219e-04 0.000000000000000000e+00 9.672686906171374483e-04 -1.828106952662803810e-03 -1.023623948042901759e-03
1.217942266170456107e-04 1.121543061148330098e-04 -3.206836738196719943e-05 5.799081589536453493e-04 7.900384014754103850e-04 5.915116350326991368e-04 -2.074908275760051549e-04 1.738561758592355503e-04 9.672686906171374483e-04 0.000000000000000000e+00 -2.756414679268299526e-05 5.580531826686923247e-04
-1.108354521596288059e-03 1.179922191815134113e-04 1.640073512164659996e-03 8.172976164698976228e-04 -1.534173561446606875e-03 4.048852711822996083e-04 -2.324275647939778378e-04 -6.898497331725939269e-05 -1.828106952662803810e-03 -2.756414679268299526e-05 0.000000000000000000e+00 3.134198258969193125e-06
3.043797189206671051e-04 -5.526763618786688414e-04 6.276141830263237773e-04 3.358021666181393782e-04 -1.356075893728546020e-04 -1.793953965029454120e-04 9.740889956452589626e-05 -6.426773857387446296e-05 -1.023623948042901759e-03 5.580531826686923247e-04 3.134198258969193125e-06 0.000000000000000000e+00
