0.000000000000000000e+00 7.774626211803488353e-04 -2.090785443268631822e-03 -1.675803541783348668e-03 1.012523069554836916e-03 -9.432314537581109421e-04 -8.255331362661646240e-04 2.628010771500530630e-03 8.295430222509103928e-04 -6.144842421111995721e-04 1.658029305933371184e-03 -2.507278032064959999e-03
7.774626211803488353e-04 0.000000000000000000e+00 1.012670740562461390e-04 5.936031019423314769e-05 -5.172991942295940325e-04 -2.592920702467432878e-05 -1.074007595106021785e-04 -4.913307440563322807e-04 -4.301195290687704221e-04 -1.253139532586888610e-04 4.190910059142270239e-04 -1.529673815649296100e-04
-2.090785443268631822e-03 1.012670740562461390e-04 0.000000000000000000e+00 -4.747966260764459345e-04 -2.284672862313662928e-04 1.462656700149598784e-04 1.863701743176934106e-04 2.187734806225710097e-03 4.118874319006208401e-04 1.078031331966932018e-04 2.607964712523545099e-04 2.248597253557254043e-04
-1.675803541783348668e-03 5.936031019423314769e-05 -4.747966260764459345e-04 0.000000000000000000e+00 3.063138472096050484e-05 1.967058217906934186e-04 5.926207479397420158e-04 -3.049978451689174097e-05 -2.906518302644581567e-04 -3.421950913778820940e-04 4.863007753798638338e-04 -4.099636564449937455e-04
1.012523069554836916e-03 -5.172991942295940325e-04 -2.284672862313662928e-04 3.063138472096050484e-05 0.000000000000000000e+00 -4.348057291124807536e-04 -2.670485404841910757e-04 1.633146270559146518e-03 2.066259276392822778e-04 2.455542305402057821e-04 6.539398207125411960e-04 -6.759395206177802986e-04
-9.432314537581109421e-04 -2.592920702467432878e-05 1.462656700149598784e-04 1.967058217906934186e-04 -4.348057291124807536e-04 0.000000000000000000e+00 2.608920214274566330e-04 -2.240216971290440824e-04 9.568850910667302717e-06 8.456207600092055781e-05 3.549926901542291139e-04 -8.152945970021428616e-04
-8.255331362661646240e-04 -1.074007595106021785e-04 1.863701743176934106e-04 5.926207479397420158e-04 -2.670485404841910757e-04 2.608920214274566330e-04 0.000000000000000000e+00 9.468373439237424190e-04 3.111246954237317005e-04 -1.073997802809126154e-04 -7.323909069749163668e-04 -1.260228516722907257e-03
2.628010771500530630e-03 -4.913307440563322807e-04 2.187734806225710097e-03 -3.049978451689174097e-05 1.633146270559146518e-03 -2.240216971290440824e-04 9.468373439237424190e-04 0.000000000000000000e+00 -5.574442380821817205e-04 -5.237005476246142655e-04 1.117615895105428334e-03 -2.466360606059969044e-03
8.295430222509103928e-04 -4.301195290687704221e-04 4.118874319006208401e-04 -2.906518302644581567e-04 2.066259276392822778e-04 9.568850910667302717e-06 3.111246954237317005e-04 -5.574442380821817205e-04 0.000000000000000000e+00 3.572719846743066530e-04 -2.947049153438707303e-05 -1.098807896998664187e-03
-6.144842421111995721e-04 -1.253139532586888610e-04 1.078031331966932018e-04 -3.421950913778820940e-04 2.455542305402057821e-04 8.456207600092055781e-05 -1.073997802809126154e-04 -5.237005476246142655e-04 3.572719846743066530e-04 0.000000000000000000e+00 -3.551711815669964011e-04 7.163158783055606884e-04
1.658029305933371184e-03 4.190910059142270239e-04 2.607964712523545099e-04 4.863007753798638338e-04 6.539398207125411960e-04 3.549926901542291139e-04 -7.323909069749163668e-04 1.117615895105428334e-03 -2.947049153438707303e-05 -3.551711815669964011e-04 0.000000000000000000e+00 1.063550839115537600e-03
-2.507278032064959999e-03 -1.529673815649296100e-04 2.248597253557254043e-04 -4.099636564449937455e-04 -6.759395206177802986e-04 -8.152945970021428616e-04 -1.260228516722907257e-03 -2.466360606059969044e-03 -1.098807896998664187e-03 7.163158783055606884e-04 1.063550839115537600e-03 0.000000000000000000e+00
