0.000000000000000000e+00 -4.203233217285727726e-04 1.024018832622906297e-04 7.067353187001429926e-04 -8.982936789022485328e-04 1.659038088957774952e-04 -2.921043244907143080e-03 4.998325018995755783e-04 9.377482126848319527e-04 6.498157421855829414e-04 1.954439567982978881e-03 -3.361902066974376511e-03
-4.203233217285727726e-04 0.000000000000000000e+00 3.263047362801557933e-04 -2.847954027416899460e-04 -1.834306264637333434e-04 -5.971510521918107172e-05 -2.245865146165226616e-04 -1.596413552084912540e-04 9.843477177615241253e-05 -2.841803144339286893e-04 1.146480335550498426e-04 7.314951555400509746e-04
1.024018832622906297e-04 3.263047362801557933e-04 0.000000000000000000e+00 2.302386672439788058e-04 2.493647681768062835e-05 -8.837229944019271751e-06 4.767355387217429917e-04 2.549117463609008438e-04 3.790537849128326102e-04 -2.492605464611664739e-04 7.774851242289202964e-04 8.391603471629066396e-04
7.067353187001429926e-04 -2.847954027416899460e-04 2.302386672439788058e-04 0.000000000000000000e+00 -1.284988691492135941e-04 -1.248997128127071732e-04 -2.193865849320179862e-04 8.208752078693490025e-04 8.330510251758429542e-05 3.402476365901492572e-04 -5.234714224514725291e-04 1.152054395859538304e-03
-8.982936789022485328e-04 -1.834306264637333434e-04 2.493647681768062835e-05 -1.284988691492135941e-04 0.000000000000000000e+00 1.884913258697902669e-04 -9.333937679546063188e-06 -1.012757034221298735e-03 -5.444129194659322974e-04 -3.323891913934327240e-04 -2.642032825615562024e-04 1.086276724931936074e-04
1.659038088957774952e-04 -5.971510521918107172e-05 -8.837229944019271751e-06 -1.248997128127071732e-04 1.884913258697902669e-04 0.000000000000000000e+00 2.250319065682936277e-04 3.557093058898970765e-04 -1.097733084422914367e-04 3.522295440660910262e-04 1.156833202118314125e-04 1.624387584417036118e-04
-2.921043244907143080e-03 -2.245865146165226616e-04 4.767355387217429917e-04 -2.193865849320179862e-04 -9.333937679546063188e-06 2.250319065682936277e-04 0.000000000000000000e+00 -6.425861844062914557e-04 -1.188255766248572229e-03 1.542455924622349094e-04 -9.320968189734746365e-04 -8.355724411889922697e-04
4.998325018995755783e-04 -1.596413552084912540e-04 2.549117463609008438e-04 8.208752078693490025e-04 -1.012757034221298735e-03 3.557093058898970765e-04 -6.425861844062914557e-04 0.000000000000000000e+00 1.093879856716347678e-03 3.509523584917996920e-04 -1.949984291235244130e-03 -1.773168919605989761e-03
9.377482126848319527e-04 9.843477177615241253e-05 3.790537849128326102e-04 8.330510251758429542e-05 -5.444129194659322974e-04 -1.097733084422914367e-04 -1.188255766248572229e-03 1.093879856716347678e-03 0.000000000000000000e+00 -2.033519075455380676e-04 -7.363191154159084203e-04 1.203777327605373444e-03
6.498157421855829414e-04 -2.841803144339286893e-04 -2.492605464611664739e-04 3.402476365901492572e-04 -3.323891913934327240e-04 3.522295440660910262e-04 1.542455924622349094e-04 3.509523584917996920e-04 -2.033519075455380676e-04 0.000000000000000000e+00 5.662014175925482234e-04 -1.058433823547681122e-03
1.954439567982978881e-03 1.146480335550498426e-04 7.774851242289202964e-04 -5.234714224514725291e-04 -2.642032825615562024e-04 1.156833202118314125e-04 -9.320968189734746365e-04 -1.949984291235244130e-03 -7.363191154159084203e-04 5.662014175925482234e-04 0.000000000000000000e+00 -1.405513615143731687e-03
-3.361902066974376511e-03 7.314951555400509746e-04 8.391603471629066396e-04 1.152054395859538304e-03 1.086276724931936074e-04 1.624387584417036118e-04 -8.355724411889922697e-04 -1.773168919605989761e-03 1.203777327605373444e-03 -1.058433823547681122e-03 -1.405513615143731687e-03 0.000000000000000000e+00
