0.000000000000000000e+00 -1.346515030420709956e-03 -1.693296264585922133e-03 2.294756333118297170e-04 4.893711737774432283e-04 8.864582236395145837e-04 1.426976896012043796e-03 4.538091053633612156e-04 -5.474170669478596032e-04 -1.422899768505169046e-03 -4.403204110372616943e-04 -9.339350466976996303e-04
-1.346515030420709956e-03 0.000000000000000000e+00 1.372500674955664949e-03 -2.355955972838907593e-04 7.930521927462255921e-04 3.842021004635246440e-04 -1.172765013975739495e-03 7.267545289241007268e-04 3.065281065976118444e-04 3.279303116592538372e-04 2.229327326212720108e-04 2.749093710264200840e-04
-1.693296264585922133e-03 1.372500674955664949e-03 0.000000000000000000e+00 3.680958754810190929e-04 -4.193551671325015766e-04 1.639492330216671867e-04 2.246843189846079065e-03 -1.225407357821061598e-03 -5.402922500667438387e-04 1.697029374018561854e-03 -1.917106937955149006e-04 1.120617929162763841e-03
2.294756333118297170e-04 -2.355955972838907593e-04 3.680958754810190929e-04 0.000000000000000000e+00 -2.998760766259378268e-04 2.193880420201383937e-04 -6.760268902026509959e-04 -3.680530396725180051e-04 1.201630080327070760e-04 -1.502367543113584275e-04 2.989811744388625272e-04 4.988681541770890321e-04
4.893711737774432283e-04 7.930521927462255921e-04 -4.193551671325015766e-04 -2.998760766259378268e-04 0.000000000000000000e+00 9.662922537063392461e-05 5.092446475079323142e-04 -3.653059995443938817e-04 -1.035593316615167207e-04 -4.041828171581453495e-04 -7.386868422875792102e-04 -1.459420971658586174e-04
8.864582236395145837e-04 3.842021004635246440e-04 1.639492330216671867e-04 2.193880420201383937e-04 9.662922537063392461e-05 0.000000000000000000e+00 -2.184892182326192195e-04 6.954901825241574607e-04 3.479491394356938518e-04 6.127530501862445437e-04 -2.636240757228140957e-04 5.031150826875522772e-04
1.426976896012043796e-03 -1.172765013975739495e-03 2.246843189846079065e-03 -6.760268902026509959e-04 5.092446475079323142e-04 -2.184892182326192195e-04 0.000000000000000000e+00 -5.434063692464535843e-04 -5.512239370477213084e-04 3.571046315839126918e-06 1.168959549762173516e-03 2.372824713398363923e-04
4.538091053633612156e-04 7.267545289241007268e-04 -1.225407357821061598e-03 -3.680530396725180051e-04 -3.653059995443938817e-04 6.954901825241574607e-04 -5.434063692464535843e-04 0.000000000000000000e+00 -1.522304325774260798e-04 5.063264696083936014e-06 -5.987890448095678020e-04 -2.986256657725375315e-04
-5.474170669478596032e-04 3.065281065976118444e-04 -5.402922500667438387e-04 1.201630080327070760e-04 -1.035593316615167207e-04 3.479491394356938518e-04 -5.512239370477213084e-04 -1.522304325774260798e-04 0.000000000000000000e+00 -1.705198788862722975e-04 5.347157195857187625e-04 -4.511260089593955528e-04
-1.422899768505169046e-03 3.279303116592538372e-04 1.697029374018561854e-03 -1.502367543113584275e-04 -4.041828171581453495e-04 6.127530501862445437e-04 3.571046315839126918e-06 5.063264696083936014e-06 -1.705198788862722975e-04 0.000000000000000000e+00 6.453879169541141799e-04 3.759329086281883333e-05
-4.403204110372616943e-04 2.229327326212720108e-04 -1.917106937955149006e-04 2.989811744388625272e-04 -7.386868422875792102e-04 -2.636240757228140957e-04 1.168959549762173516e-03 -5.987890448095678020e-04 5.347157195857187625e-04 6.453879169541141799e-04 0.000000000000000000e+00 -4.457069190397506381e-04
-9.339350466976996303e-04 2.749093710264200840e-04 1.120617929162763841e-03 4.988681541770890321e-04 -1.459420971658586174e-04 5.031150826875522772e-04 2.372824713398363923e-04 -2.986256657725375315e-04 -4.511260089593955528e-04 3.759329086281883333e-05 -4.457069190397506381e-04 0.000000000000000000e+00
