0.000000000000000000e+00 -2.609426401670635748e-04 3.180843280032600771e-04 -4.727856328507055225e-04 4.372114463081980935e-04 8.941653769974356987e-04 -4.323756397134130266e-04 -4.664784763171094949e-04 -4.028489215508362681e-04 -5.544689709533217768e-04 -1.079364189243553962e-03 -1.302908918524674209e-04
-2.609426401670635748e-04 0.000000000000000000e+00 3.857931921231495809e-04 6.326445959802705831e-04 3.712569669685113769e-04 -2.967930415393237479e-05 -6.717875659519216905e-04 3.597485215030940845e-04 4.330161949729789943e-04 4.655333750133744289e-04 -1.109472456486853463e-04 1.906640834305583631e-04
3.180843280032600771e-04 3.857931921231495809e-04 0.000000000000000000e+00 -8.951146507698386269e-06 5.162469305153045019e-04 -9.019254161716384194e-04 -3.786009549202315797e-04 -3.313334595780583424e-04 -6.775805197883346623e-05 -2.105649256918752025e-04 -5.747096120552959474e-04 -1.108081268857774861e-05
-4.727856328507055225e-04 6.326445959802705831e-04 -8.951146507698386269e-06 0.000000000000000000e+00 1.025357518760497411e-03 1.685531369397304290e-03 -1.856307926738451136e-03 6.330335956615378576e-04 5.449165978688708372e-04 -1.805921809147721581e-04 6.533972982743712450e-04 9.673904846419966114e-04
4.372114463081980935e-04 3.712569669685113769e-04 5.162469305153045019e-04 1.025357518760497411e-03 0.000000000000000000e+00 -6.849169495061151582e-04 2.266458519301447387e-04 1.383559953791351806e-03 -1.205070032058026082e-03 1.313268498714555577e-03 1.166893243623466029e-03 2.681179983482124304e-04
8.941653769974356987e-04 -2.967930415393237479e-05 -9.019254161716384194e-04 1.685531369397304290e-03 -6.849169495061151582e-04 0.000000000000000000e+00 5.771413399208331083e-04 -2.785705765541554926e-03 1.399212759915005209e-03 5.476034513132866776e-04 2.266488051461302330e-03 3.000399322180791434e-04
-4.323756397134130266e-04 -6.717875659519216905e-04 -3.786009549202315797e-04 -1.856307926738451136e-03 2.266458519301447387e-04 5.771413399208331083e-04 0.000000000000000000e+00 -1.436706901061381592e-03 -9.696661744664838989e-04 -1.221731170411088658e-03 2.501596026394872860e-03 -7.046595540278783199e-04
-4.664784763171094949e-04 3.597485215030940845e-04 -3.313334595780583424e-04 6.330335956615378576e-04 1.383559953791351806e-03 -2.785705765541554926e-03 -1.436706901061381592e-03 0.000000000000000000e+00 -5.626643406489471389e-04 6.757997930918820291e-04 -7.075050749541531101e-04 3.037433132997655071e-04
-4.028489215508362681e-04 4.330161949729789943e-04 -6.775805197883346623e-05 5.449165978688708372e-04 -1.205070032058026082e-03 1.399212759915005209e-03 -9.696661744664838989e-04 -5.626643406489471389e-04 0.000000000000000000e+00 -2.297929866169278704e-04 -8.431439622475085357e-04 3.949332365082227773e-05
-5.544689709533217768e-04 4.655333750133744289e-04 -2.105649256918752025e-04 -1.805921809147721581e-04 1.313268498714555577e-03 5.476034513132866776e-04 -1.221731170411088658e-03 6.757997930918820291e-04 -2.297929866169278704e-04 0.000000000000000000e+00 4.856245400897784398e-04 -2.987147921175796451e-04
-1.079364189243553962e-03 -1.109472456486853463e-04 -5.747096120552959474e-04 6.533972982743712450e-04 1.166893243623466029e-03 2.266488051461302330e-03 2.501596026394872860e-03 -7.075050749541531101e-04 -8.431439622475085357e-04 4.856245400897784398e-04 0.000000000000000000e+00 -6.561626234316973358e-05
-1.302908918524674209e-04 1.906640834305583631e-04 -1.108081268857774861e-05 9.673904846419966114e-04 2.681179983482124304e-04 3.000399322180791434e-04 -7.046595540278783199e-04 3.037433132997655071e-04 3.949332365082227773e-05 -2.987147921175796451e-04 -6.561626234316973358e-05 0.000000000000000000e+00
