0.000000000000000000e+00 1.318030883850553926e-03 -6.586494407170761438e-05 3.526117046383264362e-04 2.916303557457580517e-05 8.207058936135467903e-04 7.025462301106183503e-04 1.955004442641039748e-04 2.684491444671105063e-04 -1.125569939553968789e-03 2.055113929389887654e-04 -4.085089348366479516e-04
1.318030883850553926e-03 0.000000000000000000e+00 1.087612857557837629e-03 -2.679271797397847401e-04 6.688626772734197409e-04 1.893564371231232744e-03 -1.044408597678213703e-03 5.011499780031395150e-04 1.111112860849315480e-03 1.455849643812458368e-03 -2.158360197090204247e-04 1.423990276757479813e-04
-6.586494407170761438e-05 1.087612857557837629e-03 0.000000000000000000e+00 1.549394554052872536e-04 1.877019379240983839e-04 5.542296141754786453e-04 3.610492941286328589e-04 -4.873930031640503346e-05 3.790291520660826730e-04 1.146297828017718307e-03 2.843088568514013986e-04 9.659358867509979484e-04
3.526117046383264362e-04 -2.679271797397847401e-04 1.549394554052872536e-04 0.000000000000000000e+00 -2.946389950418737739e-04 3.511744035571251585e-04 -1.205869346838491180e-04 3.772095229623099446e-04 -1.223916780579802424e-03 -1.827439709887501197e-04 -5.949641490571442497e-04 -5.944630436018622909e-04
2.916303557457580517e-05 6.688626772734197409e-04 1.877019379240983839e-04 -2.946389950418737739e-04 0.000000000000000000e+00 -1.115627367773392798e-04 -6.017519839681829529e-04 3.718912747328333873e-04 -1.215443290042744458e-03 3.495572975741838956e-04 -4.205929474236056744e-04 -7.229796947261020630e-04
8.207058936135467903e-04 1.893564371231232744e-03 5.542296141754786453e-04 3.511744035571251585e-04 -1.115627367773392798e-04 0.000000000000000000e+00 -4.697084130803034119e-04 3.475843641278155848e-04 1.753925184368063279e-03 -6.288524957285594958e-04 5.134174142266168412e-05 6.611012358573669333e-04
7.025462301106183503e-04 -1.044408597678213703e-03 3.610492941286328589e-04 -1.205869346838491180e-04 -6.017519839681829529e-04 -4.697084130803034119e-04 0.000000000000000000e+00 6.960019924114482055e-05 -1.891869405429951996e-03 1.071695700126859161e-03 1.759248875622753219e-04 -1.276854296233302221e-03
1.955004442641039748e-04 5.011499780031395150e-04 -4.873930031640503346e-05 3.772095229623099446e-04 3.718912747328333873e-04 3.475843641278155848e-04 6.960019924114482055e-05 0.000000000000000000e+00 -9.508484530014404100e-04 4.495208065079852526e-04 -6.438835887189253227e-04 2.775687838460545341e-04
2.684491444671105063e-04 1.111112860849315480e-03 3.790291520660826730e-04 -1.223916780579802424e-03 -1.215443290042744458e-03 1.753925184368063279e-03 -1.891869405429951996e-03 -9.508484530014404100e-04 0.000000000000000000e+00 -5.228860305812117922e-04 -1.066257000692316789e-03 1.998669724836969752e-03
-1.125569939553968789e-03 1.455849643812458368e-03 1.146297828017718307e-03 -1.827439709887501197e-04 3.495572975741838956e-04 -6.288524957285594958e-04 1.071695700126859161e-03 4.495208065079852526e-04 -5.228860305812117922e-04 0.000000000000000000e+00 -1.252253255861278229e-04 5.301212960263052909e-04
2.055113929389887654e-04 -2.158360197090204247e-04 2.843088568514013986e-04 -5.949641490571442497e-04 -4.205929474236056744e-04 5.134174142266168412e-05 1.759248875622753219e-04 -6.438835887189253227e-04 -1.066257000692316789e-03 -1.252253255861278229e-04 0.000000000000000000e+00 1.095336344236702867e-03
-4.085089348366479516e-04 1.423990276757479813e-04 9.659358867509979484e-04 -5.944630436018622909e-04 -7.229796947261020630e-04 6.611012358573669333e-04 -1.276854296233302221e-03 2.775687838460545341e-04 1.998669724836969752e-03 5.301212960263052909e-04 1.095336344236702867e-03 0.000000000000000000e+00
