0.000000000000000000e+00 6.399458083155479043e-04 6.457642456574554839e-04 1.503154578203383211e-03 -6.982390373670722397e-04 -1.720500245046924454e-04 -3.839524041008715062e-03 8.381835970755100677e-05 2.911406700751364984e-04 -1.313200146183366346e-04 3.038399570997046741e-03 1.508778376692754145e-03
6.399458083155479043e-04 0.000000000000000000e+00 -4.149258958592054653e-05 1.315549423641221283e-04 7.980269397185011130e-05 -4.612720285018273472e-04 -2.241061763548939274e-03 -2.571442246362668394e-04 -1.200564494727990853e-04 -6.598574546626415690e-05 -1.161862369661809894e-03 -7.194364508814237238e-04
6.457642456574554839e-04 -4.149258958592054653e-05 0.000000000000000000e+00 -8.315727759416109179e-04 5.167521195611521860e-05 1.855902219293464449e-04 -4.507432559784964061e-04 3.647119985598555559e-04 6.092741486688838253e-05 3.908403579906209984e-05 -3.569397417460666057e-04 -5.402603184103545143e-05
1.503154578203383211e-03 1.315549423641221283e-04 -8.315727759416109179e-04 0.000000000000000000e+00 -1.105784207216637495e-04 -4.651608371566865412e-06 -1.494104501881203919e-03 3.931497883875156168e-04 7.666079997382775559e-05 -6.925996037437985673e-04 -6.647542845323948363e-05 -5.954243775080652777e-04
-6.982390373670722397e-04 7.980269397185011130e-05 5.167521195611521860e-05 -1.105784207216637495e-04 0.000000000000000000e+00 5.230419124471867316e-04 3.802921958454880038e-04 1.434630212864977975e-04 -1.825177224765739154e-04 -4.202413853686529674e-04 -6.434475195251942482e-04 4.218577368945280190e-04
-1.720500245046924454e-04 -4.612720285018273472e-04 1.855902219293464449e-04 -4.651608371566865412e-06 5.230419124471867316e-04 0.000000000000000000e+00 -1.478371062716820911e-03 1.085848739601799715e-04 2.003516274876643608e-05 -1.531244749566823207e-05 -1.305991942194138083e-03 5.698348066112229838e-04
-3.839524041008715062e-03 -2.241061763548939274e-03 -4.507432559784964061e-04 -1.494104501881203919e-03 3.802921958454880038e-04 -1.478371062716820911e-03 0.000000000000000000e+00 -2.832532818777524965e-04 6.765613140842805049e-04 -5.063028801399026150e-04 3.448920120611861494e-03 -5.837367893476292074e-04
8.381835970755100677e-05 -2.571442246362668394e-04 3.647119985598555559e-04 3.931497883875156168e-04 1.434630212864977975e-04 1.085848739601799715e-04 -2.832532818777524965e-04 0.000000000000000000e+00 -2.234766812033270225e-04 -7.530323663167397957e-05 -1.512346501339956932e-04 -2.568940689502317788e-04
2.911406700751364984e-04 -1.200564494727990853e-04 6.092741486688838253e-05 7.666079997382775559e-05 -1.825177224765739154e-04 2.003516274876643608e-05 6.765613140842805049e-04 -2.234766812033270225e-04 0.000000000000000000e+00 -1.898552539645206145e-04 -7.434251528668915946e-05 3.772200741012506314e-04
-1.313200146183366346e-04 -6.598574546626415690e-05 3.908403579906209984e-05 -6.925996037437985673e-04 -4.202413853686529674e-04 -1.531244749566823207e-05 -5.063028801399026150e-04 -7.530323663167397957e-05 -1.898552539645206145e-04 0.000000000000000000e+00 -3.040994286117758489e-04 -1.549746131473492424e-04
3.038399570997046741e-03 -1.161862369661809894e-03 -3.569397417460666057e-04 -6.647542845323948363e-05 -6.434475195251942482e-04 -1.305991942194138083e-03 3.448920120611861494e-03 -1.512346501339956932e-04 -7.434251528668915946e-05 -3.040994286117758489e-04 0.000000000000000000e+00 1.689684501417177851e-03
1.508778376692754145e-03 -7.194364508814237238e-04 -5.402603184103545143e-05 -5.954243775080652777e-04 4.218577368945280190e-04 5.698348066112229838e-04 -5.837367893476292074e-04 -2.568940689502317788e-04 3.772200741012506314e-04 -1.549746131473492424e-04 1.689684501417177851e-03 0.000000000000000000e+00
