0.000000000000000000e+00 -9.533445304071533778e-04 2.271884919196935041e-04 -4.243993995988784010e-04 8.128602779353820591e-04 -6.328132532612972157e-04 2.264648224786047596e-04 1.037962523660268272e-03 1.300917242253235090e-05 -7.559134360890745578e-04 8.213493764726208994e-05 -1.463201743354612368e-04
-9.533445304071533778e-04 0.000000000000000000e+00 -1.269475435034296508e-03 -8.978804654516584329e-04 -9.863706568640192088e-04 -4.945967924209091968e-04 -6.285326633100559758e-04 1.417941485077282415e-03 7.874696921746647581e-04 1.591706958471497289e-03 3.562757749730250702e-04 6.497906008008902910e-04
2.271884919196935041e-04 -1.269475435034296508e-03 0.000000000000000000e+00 1.294641578577748991e-04 -7.473446919805778110e-04 -7.500369750501205456e-04 -4.049471638038531422e-04 -3.462129758479003008e-04 1.072534039313239710e-05 -7.982261336046957449e-04 8.974848107692740798e-05 5.586419074293296145e-04
-4.243993995988784010e-04 -8.978804654516584329e-04 1.294641578577748991e-04 0.000000000000000000e+00 4.954542048918992268e-05 -1.050995240152242591e-03 -2.389738295469829080e-04 2.162009802807126116e-04 -7.035049726551737210e-04 -5.112592397990667987e-04 1.481874124942147931e-04 -4.692547775815130709e-04
8.128602779353820591e-04 -9.863706568640192088e-04 -7.473446919805778110e-04 4.954542048918992268e-05 0.000000000000000000e+00 1.997089577321396487e-03 1.381796335248176410e-04 -8.507046850605037185e-05 7.918200303773499866e-04 -1.281496257117851123e-03 1.970548115447541418e-04 4.357459046982779046e-05
-6.328132532612972157e-04 -4.945967924209091968e-04 -7.500369750501205456e-04 -1.050995240152242591e-03 1.997089577321396487e-03 0.000000000000000000e+00 7.178252558472624899e-04 1.045542634147280259e-03 6.539587888264081130e-04 -1.077564541437046278e-03 7.649048248943313968e-05 6.412631666054657408e-04
2.264648224786047596e-04 -6.285326633100559758e-04 -4.049471638038531422e-04 -2.389738295469829080e-04 1.381796335248176410e-04 7.178252558472624899e-04 0.000000000000000000e+00 2.055954646716652806e-04 1.123816459483632704e-03 1.779699798873354605e-04 -1.308326994562592665e-04 -1.395338465914057642e-04
1.037962523660268272e-03 1.417941485077282415e-03 -3.462129758479003008e-04 2.162009802807126116e-04 -8.507046850605037185e-05 1.045542634147280259e-03 2.055954646716652806e-04 0.000000000000000000e+00 2.981742857387839878e-04 -5.935142627914896966e-04 -4.819540351075944445e-04 5.020882956847599150e-04
1.300917242253235090e-05 7.874696921746647581e-04 1.072534039313239710e-05 -7.035049726551737210e-04 7.918200303773499866e-04 6.539587888264081130e-04 1.123816459483632704e-03 2.981742857387839878e-04 0.000000000000000000e+00 1.276352477167508109e-03 -6.104435531428371268e-05 3.531179518180815055e-04
-7.559134360890745578e-04 1.591706958471497289e-03 -7.982261336046957449e-04 -5.112592397990667987e-04 -1.281496257117851123e-03 -1.077564541437046278e-03 1.779699798873354605e-04 -5.935142627914896966e-04 1.276352477167508109e-03 0.000000000000000000e+00 -4.003811268548596253e-04 1.912016827521321755e-04
8.213493764726208994e-05 3.562757749730250702e-04 8.974848107692740798e-05 1.481874124942147931e-04 1.970548115447541418e-04 7.649048248943313968e-05 -1.308326994562592665e-04 -4.819540351075944445e-04 -6.104435531428371268e-05 -4.003811268548596253e-04 0.000000000000000000e+00 -1.093032518632128285e-04
-1.463201743354612368e-04 6.497906008008902910e-04 5.586419074293296145e-04 -4.692547775815130709e-04 4.357459046982779046e-05 6.412631666054657408e-04 -1.395338465914057642e-04 5.020882956847599150e-04 3.531179518180815055e-04 1.912016827521321755e-04 -1.093032518632128285e-04 0.000000000000000000e+00
