0.000000000000000000e+00 1.296083967126906294e-03 9.132277982765832532e-04 -4.689861036993045267e-04 3.743556744744694830e-04 8.746327004235268199e-05 3.731010652513194075e-04 1.009874557699165252e-05 3.422270027092805147e-04 2.611358058353000313e-04 1.583660755570928441e-04 1.750779648642087141e-03
1.296083967126906294e-03 0.000000000000000000e+00 8.794723129922757182e-04 -2.804858422892685197e-04 5.301730852895833327e-04 -1.968995023780349511e-03 -2.451736815262976852e-03 1.217413090091014598e-03 9.892691864552560516e-04 9.953233401720767027e-04 1.585775415597769078e-03 -1.115116791641890042e-03
9.132277982765832532e-04 8.794723129922757182e-04 0.000000000000000000e+00 2.910156110144814607e-04 -5.379984754888824609e-04 4.205647352156409793e-04 -9.371221873710777230e-04 -3.388164467047518865e-04 3.252689903782087812e-04 -2.005244599018770994e-05 -2.371850008604039790e-04 1.552038455630846362e-04
-4.689861036993045267e-04 -2.804858422892685197e-04 2.910156110144814607e-04 0.000000000000000000e+00 -2.155116850919758359e-05 -1.022853064313650515e-04 5.328877076105989225e-04 -2.461492070820968698e-05 9.734593094150556210e-05 -4.866497665687598262e-04 2.036394570604193037e-04 -2.297962735115173017e-04
3.743556744744694830e-04 5.301730852895833327e-04 -5.379984754888824609e-04 -2.155116850919758359e-05 0.000000000000000000e+00 -2.026007207332902607e-04 -2.134838251866863750e-03 4.018130858264951587e-04 -4.819385853651822764e-04 3.970794190377550134e-04 1.231573000008226188e-04 3.701860257522792655e-04
8.746327004235268199e-05 -1.968995023780349511e-03 4.205647352156409793e-04 -1.022853064313650515e-04 -2.026007207332902607e-04 0.000000000000000000e+00 -1.326154107493372238e-03 -5.261209164779802414e-04 1.425467752374455141e-04 7.405805233164021624e-04 -2.454023700523032324e-04 -1.272844145410342376e-03
3.731010652513194075e-04 -2.451736815262976852e-03 -9.371221873710777230e-04 5.328877076105989225e-04 -2.134838251866863750e-03 -1.326154107493372238e-03 0.000000000000000000e+00 4.892277092644319730e-04 8.219949324306619152e-04 -2.335781180608778682e-03 1.302974935305598525e-03 1.079266774579964354e-03
1.009874557699165252e-05 1.217413090091014598e-03 -3.388164467047518865e-04 -2.461492070820968698e-05 4.018130858264951587e-04 -5.261209164779802414e-04 4.892277092644319730e-04 0.000000000000000000e+00 3.025944113100430418e-04 -8.528683865181503653e-05 2.222533943748120511e-04 -2.491634876371243102e-04
3.422270027092805147e-04 9.892691864552560516e-04 3.252689903782087812e-04 9.734593094150556210e-05 -4.819385853651822764e-04 1.425467752374455141e-04 8.219949324306619152e-04 3.025944113100430418e-04 0.000000000000000000e+00 2.980836794199228138e-04 1.063041613402915676e-04 -2.882151823678982664e-04
2.611358058353000313e-04 9.953233401720767027e-04 -2.005244599018770994e-05 -4.866497665687598262e-04 3.970794190377550134e-04 7.405805233164021624e-04 -2.335781180608778682e-03 -8.528683865181503653e-05 2.980836794199228138e-04 0.000000000000000000e+00 8.982539585634915016e-04 8.883165786800484298e-04
1.583660755570928441e-04 1.585775415597769078e-03 -2.371850008604039790e-04 2.036394570604193037e-04 1.231573000008226188e-04 -2.454023700523032324e-04 1.302974935305598525e-03 2.222533943748120511e-04 1.063041613402915676e-04 8.982539585634915016e-04 0.000000000000000000e+00 5.614792347660753228e-04
1.750779648642087141e-03 -1.115116791641890042e-03 1.552038455630846362e-04 -2.297962735115173017e-04 3.701860257522792655e-04 -1.272844145410342376e-03 1.079266774579964354e-03 -2.491634876371243102e-04 -2.882151823678982664e-04 8.883165786800484298e-04 5.614792347660753228e-04 0.000000000000000000e+00
