0.000000000000000000e+00 -9.546746917069101482e-04 -4.878825534728209890e-04 1.061973293706931516e-03 6.817788715127606845e-04 1.366877979168323312e-03 -7.329154903147359142e-05 6.734491464102288936e-04 -8.943072899359053908e-06 7.792131000801085427e-04 -1.628039212804927233e-04 5.973808040139734574e-04
-9.546746917069101482e-04 0.000000000000000000e+00 -1.113852369301148284e-04 4.209415017466271365e-04 -3.235791590706585548e-04 -5.008810583862379059e-04 8.983018769209469940e-04 4.328090078521210082e-04 4.114776229330314425e-05 1.389779898709585107e-04 -8.609656674536314211e-04 -8.435483133465366060e-04
-4.878825534728209890e-04 -1.113852369301148284e-04 0.000000000000000000e+00 1.180595959858089057e-03 2.976578586303647790e-04 -1.656682194265314426e-04 9.104209540679375284e-05 3.682468428481939186e-05 2.371791809341515457e-04 7.004888898394937891e-05 -3.801806697036140526e-04 2.417025110508413456e-04
1.061973293706931516e-03 4.209415017466271365e-04 1.180595959858089057e-03 0.000000000000000000e+00 1.864028338519588658e-03 -1.294472788965220157e-04 -1.753429030642126131e-03 -6.211095225198058579e-04 -1.049377289828406709e-03 2.648550847156819037e-03 -2.027299297177805135e-03 -3.332904830638226961e-04
6.817788715127606845e-04 -3.235791590706585548e-04 2.976578586303647790e-04 1.864028338519588658e-03 0.000000000000000000e+00 -6.343517801374126902e-04 5.364039840023522229e-04 3.681388383490978838e-04 -6.715955923061370627e-05 7.027472891587098740e-04 9.625979921683549471e-05 6.802209568895227400e-04
1.366877979168323312e-03 -5.008810583862379059e-04 -1.656682194265314426e-04 -1.294472788965220157e-04 -6.343517801374126902e-04 0.000000000000000000e+00 -1.282836978234174526e-03 5.703086265089094779e-04 9.790368575802804122e-04 -6.376961804532100880e-04 -1.207935021652585582e-03 -4.850737868548635830e-04
-7.329154903147359142e-05 8.983018769209469940e-04 9.104209540679375284e-05 -1.753429030642126131e-03 5.364039840023522229e-04 -1.282836978234174526e-03 0.000000000000000000e+00 9.117179033006655347e-04 2.944771577555519684e-04 -2.407594995596205889e-04 4.413995573527663768e-05 4.195502619778531815e-04
6.734491464102288936e-04 4.328090078521210082e-04 3.682468428481939186e-05 -6.211095225198058579e-04 3.681388383490978838e-04 5.703086265089094779e-04 9.117179033006655347e-04 0.000000000000000000e+00 2.958163048505978512e-04 9.300138447193688224e-04 4.394297707405706602e-05 -8.081570799958839077e-05
-8.943072899359053908e-06 4.114776229330314425e-05 2.371791809341515457e-04 -1.049377289828406709e-03 -6.715955923061370627e-05 9.790368575802804122e-04 2.944771577555519684e-04 2.958163048505978512e-04 0.000000000000000000e+00 -3.089856689132622477e-04 -3.666331577089446429e-04 -2.936713850773235582e-04
7.792131000801085427e-04 1.389779898709585107e-04 7.004888898394937891e-05 2.648550847156819037e-03 7.027472891587098740e-04 -6.376961804532100880e-04 -2.407594995596205889e-04 9.300138447193688224e-04 -3.089856689132622477e-04 0.000000000000000000e+00 1.144679523351904357e-03 -1.274437917381600381e-03
-1.628039212804927233e-04 -8.609656674536314211e-04 -3.801806697036140526e-04 -2.027299297177805135e-03 9.625979921683549471e-05 -1.207935021652585582e-03 4.413995573527663768e-05 4.394297707405706602e-05 -3.666331577089446429e-04 1.144679523351904357e-03 0.000000000000000000e+00 -2.221881474092583645e-04
5.973808040139734574e-04 -8.435483133465366060e-04 2.417025110508413456e-04 -3.332904830638226961e-04 6.802209568895227400e-04 -4.850737868548635830e-04 4.195502619778531815e-04 -8.081570799958839077e-05 -2.936713850773235582e-04 -1.274437917381600381e-03 -2.221881474092583645e-04 0.000000000000000000e+00
