0.000000000000000000e+00 -9.229641027390689560e-04 1.063325911598380497e-03 4.283769747224403001e-04 -7.176379944212441615e-04 6.608569043721813398e-04 -1.895299871095905940e-04 2.081794791165296130e-04 2.012579111498383189e-04 1.298903985163346857e-03 4.463235956291822498e-04 3.241200721930615944e-04
-9.229641027390689560e-04 0.000000000000000000e+00 -1.542272191869136812e-03 2.756665371192935270e-04 -8.089917221403066525e-04 -1.518665654883493777e-03 4.602558238859360542e-04 6.181513722212646049e-05 5.143273259971847290e-04 1.612666310492551604e-03 2.734168357025979835e-05 -8.866966147930160523e-04
1.063325911598380497e-03 -1.542272191869136812e-03 0.000000000000000000e+00 -8.495424374721513919e-04 5.299438441114455141e-04 -1.549885642926398296e-03 -5.755839913934054745e-04 7.865116788360014544e-04 -1.167629622350681079e-03 -2.825052634273625581e-03 -2.783602270688361846e-04 -1.391280310288854453e-03
4.283769747224403001e-04 2.756665371192935270e-04 -8.495424374721513919e-04 0.000000000000000000e+00 9.282367954581595545e-04 -7.448932621035507214e-04 -1.040690354622357913e-04 -5.742576211533378591e-04 -1.202375233775936997e-04 1.256767549055342421e-03 5.585323847564862724e-05 4.940933741341905616e-04
-7.176379944212441615e-04 -8.089917221403066525e-04 5.299438441114455141e-04 9.282367954581595545e-04 0.000000000000000000e+00 -2.114466317038508306e-04 1.306805405739165378e-04 -2.417624830070758981e-04 -3.250734318103700631e-04 -2.557008224729984992e-03 3.281451868173850445e-05 6.170227862708280435e-05
6.608569043721813398e-04 -1.518665654883493777e-03 -1.549885642926398296e-03 -7.448932621035507214e-04 -2.114466317038508306e-04 0.000000000000000000e+00 1.253362207152509608e-04 1.345868670761126530e-05 4.372492880664676667e-04 -8.954674406199373974e-04 1.869385666131495659e-04 7.604458307958091023e-04
-1.895299871095905940e-04 4.602558238859360542e-04 -5.755839913934054745e-04 -1.040690354622357913e-04 1.306805405739165378e-04 1.253362207152509608e-04 0.000000000000000000e+00 -1.087223660756697736e-06 1.234005857618126621e-04 -9.662866729588636674e-04 -1.276057602410029992e-04 -8.204612899577865177e-05
2.081794791165296130e-04 6.181513722212646049e-05 7.865116788360014544e-04 -5.742576211533378591e-04 -2.417624830070758981e-04 1.345868670761126530e-05 -1.087223660756697736e-06 0.000000000000000000e+00 -5.543711657711944147e-04 1.403145184133693059e-03 1.737817851685881821e-04 -2.344479783007338120e-04
2.012579111498383189e-04 5.143273259971847290e-04 -1.167629622350681079e-03 -1.202375233775936997e-04 -3.250734318103700631e-04 4.372492880664676667e-04 1.234005857618126621e-04 -5.543711657711944147e-04 0.000000000000000000e+00 -4.875870980365858945e-04 3.568396710225095469e-04 -5.406029854017794329e-04
1.298903985163346857e-03 1.612666310492551604e-03 -2.825052634273625581e-03 1.256767549055342421e-03 -2.557008224729984992e-03 -8.954674406199373974e-04 -9.662866729588636674e-04 1.403145184133693059e-03 -4.875870980365858945e-04 0.000000000000000000e+00 7.559713674942324492e-04 8.799060456544429689e-04
4.463235956291822498e-04 2.734168357025979835e-05 -2.783602270688361846e-04 5.585323847564862724e-05 3.281451868173850445e-05 1.869385666131495659e-04 -1.276057602410029992e-04 1.737817851685881821e-04 3.568396710225095469e-04 7.559713674942324492e-04 0.000000000000000000e+00 -2.356340260933757248e-04
3.241200721930615944e-04 -8.866966147930160523e-04 -1.391280310288854453e-03 4.940933741341905616e-04 6.170227862708280435e-05 7.604458307958091023e-04 -8.204612899577865177e-05 -2.344479783007338120e-04 -5.406029854017794329e-04 8.799060456544429689e-04 -2.356340260933757248e-04 0.000000000000000000e+00
