0.000000000000000000e+00 -4.722320508673498300e-04 1.989734327216714175e-03 -8.719670605861759094e-04 2.573308655659664861e-03 9.768704313949721704e-04 -1.923002371194794185e-04 -2.290160525098252926e-03 8.308411656924811616e-05 -2.468066231179769868e-03 -9.321799757407165168e-04 7.150241993808178218e-04
-4.722320508673498300e-04 0.000000000000000000e+00 -4.791909899873938181e-04 -6.725389650210328958e-04 -9.993136518201357812e-04 -5.426596501889291007e-05 -1.061437403203869607e-04 1.565244802388129387e-03 9.545766739084860387e-04 -3.855052460254950234e-04 -5.749143874837083596e-04 2.535728564577640612e-04
1.989734327216714175e-03 -4.791909899873938181e-04 0.000000000000000000e+00 2.191360503309525783e-05 4.232931288596270577e-04 -6.430255837680072181e-04 2.919368792935636989e-05 1.929781416941643037e-04 -4.433050938958677098e-04 -6.220719543880944610e-04 -2.427942631473885366e-05 -1.551156625022687510e-04
-8.719670605861759094e-04 -6.725389650210328958e-04 2.191360503309525783e-05 0.000000000000000000e+00 6.125782957156487071e-04 -5.886524936602167100e-04 -7.307096998491121611e-05 -1.602048050496617752e-03 1.887856332829707031e-04 -7.937407868537607505e-05 -1.066945057216688551e-03 2.013751355486625744e-04
2.573308655659664861e-03 -9.993136518201357812e-04 4.232931288596270577e-04 6.125782957156487071e-04 0.000000000000000000e+00 8.113861790092275123e-05 -4.056900027418048845e-04 -4.373195240396216248e-04 -2.664649153710970113e-04 4.333322580506910899e-04 -7.140852954190224063e-04 -2.615395025097962838e-04
9.768704313949721704e-04 -5.426596501889291007e-05 -6.430255837680072181e-04 -5.886524936602167100e-04 8.113861790092275123e-05 0.000000000000000000e+00 -3.091995323335680330e-04 -2.731605140554195900e-04 -9.028349281522945330e-04 6.050805398152557827e-04 4.459751348591190281e-04 -3.403086352205234207e-04
-1.923002371194794185e-04 -1.061437403203869607e-04 2.919368792935636989e-05 -7.307096998491121611e-05 -4.056900027418048845e-04 -3.091995323335680330e-04 0.000000000000000000e+00 -4.365391759318671945e-05 2.215433405390323466e-04 8.189063803959586519e-04 -1.828713792882633992e-04 -2.905342318768956009e-05
-2.290160525098252926e-03 1.565244802388129387e-03 1.929781416941643037e-04 -1.602048050496617752e-03 -4.373195240396216248e-04 -2.731605140554195900e-04 -4.365391759318671945e-05 0.000000000000000000e+00 3.199105068592693639e-04 -2.260653015400996505e-03 3.548297151705744491e-03 -7.936224528710426537e-04
8.308411656924811616e-05 9.545766739084860387e-04 -4.433050938958677098e-04 1.887856332829707031e-04 -2.664649153710970113e-04 -9.028349281522945330e-04 2.215433405390323466e-04 3.199105068592693639e-04 0.000000000000000000e+00 -8.258222184943732379e-04 8.225176118522169351e-04 5.184774706043432987e-04
-2.468066231179769868e-03 -3.855052460254950234e-04 -6.220719543880944610e-04 -7.937407868537607505e-05 4.333322580506910899e-04 6.050805398152557827e-04 8.189063803959586519e-04 -2.260653015400996505e-03 -8.258222184943732379e-04 0.000000000000000000e+00 9.624968652018744139e-04 -8.434625715383421891e-05
-9.321799757407165168e-04 -5.749143874837083596e-04 -2.427942631473885366e-05 -1.066945057216688551e-03 -7.140852954190224063e-04 4.459751348591190281e-04 -1.828713792882633992e-04 3.548297151705744491e-03 8.225176118522169351e-04 9.624968652018744139e-04 0.000000000000000000e+00 -9.047118163581651957e-04
7.150241993808178218e-04 2.535728564577640612e-04 -1.551156625022687510e-04 2.013751355486625744e-04 -2.615395025097962838e-04 -3.403086352205234207e-04 -2.905342318768956009e-05 -7.936224528710426537e-04 5.184774706043432987e-04 -8.434625715383421891e-05 -9.047118163581651957e-04 0.000000000000000000e+00
