0.000000000000000000e+00 -8.009864861135707883e-05 1.492932970184159339e-04 -1.019083969378998134e-03 1.103757790304789733e-04 -2.125806381297031596e-04 -9.713748326815152111e-04 3.421399520977174910e-04 4.409138036186932628e-04 -1.131540850858541147e-04 3.263985384478387667e-04 7.644401766499479443e-05
-8.009864861135707883e-05 0.000000000000000000e+00 -1.232744560400639115e-03 4.017617014693299738e-05 -4.644822114456704913e-04 -1.816741750517204698e-05 1.831587056291352411e-03 9.091951222166394899e-04 -5.708943647736899315e-05 3.274303269753198946e-04 6.070516889629166100e-04 1.318643081335867172e-04
1.492932970184159339e-04 -1.232744560400639115e-03 0.000000000000000000e+00 1.037655255523065555e-03 3.369343928281408351e-04 -4.293798322320109767e-04 1.405286119937738509e-03 4.466956433102826939e-04 -1.995594931655454880e-03 -2.064784291239425435e-03 -8.519132638150537194e-04 -1.987189068568337577e-04
-1.019083969378998134e-03 4.017617014693299738e-05 1.037655255523065555e-03 0.000000000000000000e+00 4.888111270019228870e-04 2.655158104236100239e-04 -5.299944366916691484e-04 2.391508197886712313e-04 -1.368791327189191167e-03 7.013759043175169872e-04 6.095023670502089591e-04 -4.871377544547754630e-04
1.103757790304789733e-04 -4.644822114456704913e-04 3.369343928281408351e-04 4.888111270019228870e-04 0.000000000000000000e+00 -9.201019961582996393e-05 -8.129753197696558105e-04 3.314249383637332094e-04 -6.265460546249913398e-04 3.285611284462507066e-04 -2.433099163176052188e-04 -2.044966527300997900e-04
-2.125806381297031596e-04 -1.816741750517204698e-05 -4.293798322320109767e-04 2.655158104236100239e-04 -9.201019961582996393e-05 0.000000000000000000e+00 2.111485243992348700e-04 -3.958779928015082584e-05 -1.077559974252527029e-04 3.044832664343408764e-04 3.293046945241415570e-05 1.831989285059761562e-04
-9.713748326815152111e-04 1.831587056291352411e-03 1.405286119937738509e-03 -5.299944366916691484e-04 -8.129753197696558105e-04 2.111485243992348700e-04 0.000000000000000000e+00 -3.032549559444061875e-04 5.237717837362670980e-04 1.232698365673655155e-03 5.251803015714860820e-04 6.962377588797663682e-06
3.421399520977174910e-04 9.091951222166394899e-04 4.466956433102826939e-04 2.391508197886712313e-04 3.314249383637332094e-04 -3.958779928015082584e-05 -3.032549559444061875e-04 0.000000000000000000e+00 4.605422973024635142e-05 -3.166942879479077194e-04 -1.115875462891337489e-04 -2.755838840576809909e-04
4.409138036186932628e-04 -5.708943647736899315e-05 -1.995594931655454880e-03 -1.368791327189191167e-03 -6.265460546249913398e-04 -1.077559974252527029e-04 5.237717837362670980e-04 4.605422973024635142e-05 0.000000000000000000e+00 1.281135520154335272e-03 -6.159001396650177866e-04 -2.356387108765493671e-04
-1.131540850858541147e-04 3.274303269753198946e-04 -2.064784291239425435e-03 7.013759043175169872e-04 3.285611284462507066e-04 3.044832664343408764e-04 1.232698365673655155e-03 -3.166942879479077194e-04 1.281135520154335272e-03 0.000000000000000000e+00 5.907979614628954121e-05 -1.155136542249009550e-04
3.263985384478387667e-04 6.070516889629166100e-04 -8.519132638150537194e-04 6.095023670502089591e-04 -2.433099163176052188e-04 3.293046945241415570e-05 5.251803015714860820e-04 -1.115875462891337489e-04 -6.159001396650177866e-04 5.907979614628954121e-05 0.000000000000000000e+00 3.365062929579411429e-04
7.644401766499479443e-05 1.318643081335867172e-04 -1.987189068568337577e-04 -4.871377544547754630e-04 -2.044966527300997900e-04 1.831989285059761562e-04 6.962377588797663682e-06 -2.755838840576809909e-04 -2.356387108765493671e-04 -1.155136542249009550e-04 3.365062929579411429e-04 0.000000000000000000e+00
