0.000000000000000000e+00 -4.219592855644718255e-04 -4.283907466002303253e-04 1.907335779017812029e-04 4.809524759597422531e-04 -3.248049324085088983e-04 -1.471540391647051780e-04 -5.202452499622513271e-04 5.989042617810253074e-05 -1.954952185050243339e-04 -1.536742347103494397e-03 -5.619089757898435272e-04
-4.219592855644718255e-04 0.000000000000000000e+00 -1.295896834740409764e-04 -1.264305750407693902e-04 1.033564692889169082e-04 7.243889926352634458e-04 1.204577858077041601e-04 2.353408980616461597e-04 -4.636390075151443607e-05 8.077942221430746850e-04 2.291427523022484061e-04 -2.947287684253492449e-04
-4.283907466002303253e-04 -1.295896834740409764e-04 0.000000000000000000e+00 -1.082995508264879248e-04 2.301922819652914417e-04 -8.541123630386355820e-04 1.142380048880243788e-04 2.133292734687285142e-04 -7.642340003602227582e-05 -1.609650504613988412e-04 4.247237652643340040e-04 5.056931431081825154e-04
1.907335779017812029e-04 -1.264305750407693902e-04 -1.082995508264879248e-04 0.000000000000000000e+00 -4.192213154958077592e-04 2.633741489663732295e-04 -1.259624705424988700e-05 1.551843815265564655e-04 -2.942088899690652529e-04 -3.067868268941231877e-04 -1.027956714438474752e-03 -3.510550282483010701e-04
4.809524759597422531e-04 1.033564692889169082e-04 2.301922819652914417e-04 -4.192213154958077592e-04 0.000000000000000000e+00 9.877437415891980284e-06 2.134690122342035984e-04 7.506204103608512222e-04 -4.569198365521371535e-04 -1.326399855336494581e-03 -1.085564887097713663e-03 1.322901308522892046e-04
-3.248049324085088983e-04 7.243889926352634458e-04 -8.541123630386355820e-04 2.633741489663732295e-04 9.877437415891980284e-06 0.000000000000000000e+00 5.911718510617442395e-05 -1.113274919286978823e-03 -4.483443719954994969e-04 1.724359078187199081e-03 -5.278854620190266255e-04 -3.271066864212644146e-04
-1.471540391647051780e-04 1.204577858077041601e-04 1.142380048880243788e-04 -1.259624705424988700e-05 2.134690122342035984e-04 5.911718510617442395e-05 0.000000000000000000e+00 8.721785980224300077e-04 -6.020450950154530249e-04 6.227367693775561668e-04 2.059753405115695001e-03 -4.552432388413407260e-04
-5.202452499622513271e-04 2.353408980616461597e-04 2.133292734687285142e-04 1.551843815265564655e-04 7.506204103608512222e-04 -1.113274919286978823e-03 8.721785980224300077e-04 0.000000000000000000e+00 1.303124185531310273e-03 2.007183687827046679e-03 6.548418465863309595e-04 3.471518082504313429e-04
5.989042617810253074e-05 -4.636390075151443607e-05 -7.642340003602227582e-05 -2.942088899690652529e-04 -4.569198365521371535e-04 -4.483443719954994969e-04 -6.020450950154530249e-04 1.303124185531310273e-03 0.000000000000000000e+00 2.224596051912485612e-04 -5.995988449442932579e-04 4.267271663237603833e-04
-1.954952185050243339e-04 8.077942221430746850e-04 -1.609650504613988412e-04 -3.067868268941231877e-04 -1.326399855336494581e-03 1.724359078187199081e-03 6.227367693775561668e-04 2.007183687827046679e-03 2.224596051912485612e-04 0.000000000000000000e+00 7.742189444446370998e-04 1.990522330418758538e-03
-1.536742347103494397e-03 2.291427523022484061e-04 4.247237652643340040e-04 -1.027956714438474752e-03 -1.085564887097713663e-03 -5.278854620190266255e-04 2.059753405115695001e-03 6.548418465863309595e-04 -5.995988449442932579e-04 7.742189444446370998e-04 0.000000000000000000e+00 -2.244423233351991540e-03
-5.619089757898435272e-04 -2.947287684253492449e-04 5.056931431081825154e-04 -3.510550282483010701e-04 1.322901308522892046e-04 -3.271066864212644146e-04 -4.552432388413407260e-04 3.471518082504313429e-04 4.267271663237603833e-04 1.990522330418758538e-03 -2.244423233351991540e-03 0.000000000000000000e+00
