0.000000000000000000e+00 1.939695399606424951e-04 1.327962457447638331e-04 4.857199932059967380e-04 -6.899527463368908048e-04 2.180765190942484516e-04 -1.129670731818752235e-04 -5.761421599013007242e-04 1.716968687467749209e-04 -5.450313642200652064e-05 7.004780201971804192e-05 -6.593606964624468530e-04
1.939695399606424951e-04 0.000000000000000000e+00 6.093715590511184855e-04 -1.506904305337482611e-03 -8.107887594727666890e-04 -3.342232804245626686e-04 -6.931381888452988176e-04 1.781609296167202278e-03 2.408672627504373435e-04 2.942753522855324350e-04 6.566481353527076851e-04 -1.104960416544818703e-03
1.327962457447638331e-04 6.093715590511184855e-04 0.000000000000000000e+00 -1.878005462613895407e-03 2.297731262395733953e-03 -4.196811896513057637e-04 -1.687640908446957867e-03 -1.203755154322133560e-03 -2.568049730127988216e-04 -3.809867816243828263e-04 5.716346033529371741e-04 -1.257767184331966053e-03
4.857199932059967380e-04 -1.506904305337482611e-03 -1.878005462613895407e-03 0.000000000000000000e+00 -1.463391885329775287e-03 3.094223285785071826e-04 -1.057186031594902419e-04 2.821193502854489219e-04 -1.080101665059417834e-04 -4.070657661805168921e-04 1.879482655578779983e-04 7.548602623421176404e-04
-6.899527463368908048e-04 -8.107887594727666890e-04 2.297731262395733953e-03 -1.463391885329775287e-03 0.000000000000000000e+00 5.865120355968842436e-05 2.327805307985691106e-04 -1.404505688006764961e-03 5.571789776774357245e-04 -6.474319642961473423e-04 6.777231539873565871e-04 8.305030875858928708e-04
2.180765190942484516e-04 -3.342232804245626686e-04 -4.196811896513057637e-04 3.094223285785071826e-04 5.865120355968842436e-05 0.000000000000000000e+00 -3.683125540451081116e-04 -1.705235899989638085e-04 2.429052732454797022e-04 1.665052020994060909e-04 -1.143784729305686675e-05 3.451179264630387556e-04
-1.129670731818752235e-04 -6.931381888452988176e-04 -1.687640908446957867e-03 -1.057186031594902419e-04 2.327805307985691106e-04 -3.683125540451081116e-04 0.000000000000000000e+00 -6.722688304045672204e-04 3.245134767862892027e-05 2.653260748446387065e-04 6.592139983759233749e-05 8.138362542667604163e-05
-5.761421599013007242e-04 1.781609296167202278e-03 -1.203755154322133560e-03 2.821193502854489219e-04 -1.404505688006764961e-03 -1.705235899989638085e-04 -6.722688304045672204e-04 0.000000000000000000e+00 -3.613326339163235295e-04 -3.831707992191467067e-04 2.259393845717940668e-04 2.037093747716170033e-04
1.716968687467749209e-04 2.408672627504373435e-04 -2.568049730127988216e-04 -1.080101665059417834e-04 5.571789776774357245e-04 2.429052732454797022e-04 3.245134767862892027e-05 -3.613326339163235295e-04 0.000000000000000000e+00 2.830005244381818540e-05 3.322952132391716299e-04 -2.330015630437357814e-04
-5.450313642200652064e-05 2.942753522855324350e-04 -3.809867816243828263e-04 -4.070657661805168921e-04 -6.474319642961473423e-04 1.665052020994060909e-04 2.653260748446387065e-04 -3.831707992191467067e-04 2.830005244381818540e-05 0.000000000000000000e+00 -3.272388665219740610e-04 -2.308918717268708322e-04
7.004780201971804192e-05 6.566481353527076851e-04 5.716346033529371741e-04 1.879482655578779983e-04 6.777231539873565871e-04 -1.143784729305686675e-05 6.592139983759233749e-05 2.259393845717940668e-04 3.322952132391716299e-04 -3.272388665219740610e-04 0.000000000000000000e+00 7.486066979683976184e-05
-6.593606964624468530e-04 -1.104960416544818703e-03 -1.257767184331966053e-03 7.548602623421176404e-04 8.305030875858928708e-04 3.451179264630387556e-04 8.138362542667604163e-05 2.037093747716170033e-04 -2.330015630437357814e-04 -2.308918717268708322e-04 7.486066979683976184e-05 0.000000000000000000e+00
