0.000000000000000000e+00 -6.876220867894162949e-04 1.785366518051385355e-04 1.079411726213429896e-04 -1.573472916953989756e-03 3.373917625911408247e-04 1.213490329947607523e-04 1.915702343100754868e-03 3.103055082898707826e-04 -5.358008604654922744e-04 9.338190676261628196e-04 -4.448849118185610224e-04
-6.876220867894162949e-04 0.000000000000000000e+00 7.870669463728451097e-04 -1.404172481175476822e-03 -6.366650793923567470e-04 1.299448071449070975e-03 -9.279093554700653659e-04 1.604352183914251962e-03 5.914427221551272216e-04 8.782342458411619701e-04 -6.300282067430064284e-04 -3.286553197648468339e-04
1.785366518051385355e-04 7.870669463728451097e-04 0.000000000000000000e+00 -6.972887383695262290e-04 -2.137702737411419956e-06 2.277204862259208897e-05 7.292496391488208479e-04 -1.114338702701473923e-03 -4.084397554013114736e-05 -5.138119609549228305e-05 4.789896094882807858e-04 6.032725458354497219e-04
1.079411726213429896e-04 -1.404172481175476822e-03 -6.972887383695262290e-04 0.000000000000000000e+00 -1.674363478606339688e-05 1.659011127568520150e-04 3.899307581934820396e-04 -4.278441449409366181e-04 -1.972242170157364842e-04 3.275874663011011452e-05 -2.299167206914422192e-04 3.086114356862423771e-04
-1.573472916953989756e-03 -6.366650793923567470e-04 -2.137702737411419956e-06 -1.674363478606339688e-05 0.000000000000000000e+00 1.714152860340079326e-04 -1.812246376916347521e-03 -1.978161738466905229e-03 -7.313124247628410238e-04 -2.425268653891748862e-04 8.571913875114960492e-05 -6.055514039574365825e-04
3.373917625911408247e-04 1.299448071449070975e-03 2.277204862259208897e-05 1.659011127568520150e-04 1.714152860340079326e-04 0.000000000000000000e+00 -3.577630092258583957e-04 2.885891921731572815e-04 1.411024112957829865e-04 -2.065514570417237164e-04 -5.399249895082737158e-04 2.167627455240949417e-04
1.213490329947607523e-04 -9.279093554700653659e-04 7.292496391488208479e-04 3.899307581934820396e-04 -1.812246376916347521e-03 -3.577630092258583957e-04 0.000000000000000000e+00 1.765443112500475953e-04 -7.020785581074333109e-05 5.205260988222267654e-04 -2.614485796143218243e-04 3.113100305146687804e-04
1.915702343100754868e-03 1.604352183914251962e-03 -1.114338702701473923e-03 -4.278441449409366181e-04 -1.978161738466905229e-03 2.885891921731572815e-04 1.765443112500475953e-04 0.000000000000000000e+00 1.216343858953415006e-04 6.282048883997572337e-04 1.234818769540811656e-03 -4.705897262283592858e-04
3.103055082898707826e-04 5.914427221551272216e-04 -4.084397554013114736e-05 -1.972242170157364842e-04 -7.313124247628410238e-04 1.411024112957829865e-04 -7.020785581074333109e-05 1.216343858953415006e-04 0.000000000000000000e+00 -1.268676592984469627e-04 -4.607429012635923899e-04 -9.738449491180708073e-05
-5.358008604654922744e-04 8.782342458411619701e-04 -5.138119609549228305e-05 3.275874663011011452e-05 -2.425268653891748862e-04 -2.065514570417237164e-04 5.205260988222267654e-04 6.282048883997572337e-04 -1.268676592984469627e-04 0.000000000000000000e+00 -4.230418991476464518e-04 -1.099417109810535279e-04
9.338190676261628196e-04 -6.300282067430064284e-04 4.789896094882807858e-04 -2.299167206914422192e-04 8.571913875114960492e-05 -5.399249895082737158e-04 -2.614485796143218243e-04 1.234818769540811656e-03 -4.607429012635923899e-04 -4.230418991476464518e-04 0.000000000000000000e+00 5.093992093643074726e-04
-4.448849118185610224e-04 -3.286553197648468339e-04 6.032725458354497219e-04 3.086114356862423771e-04 -6.055514039574365825e-04 2.167627455240949417e-04 3.113100305146687804e-04 -4.705897262283592858e-04 -9.738449491180708073e-05 -1.099417109810535279e-04 5.093992093643074726e-04 0.000000000000000000e+00
