4.676432696737248089e-03
6.502947930932407791e-03
8.503240035909581315e-03
-7.613588701343986269e-04
-1.281417518721300695e-03
4.922982919539298230e-03
1.984307372863617844e-03
-1.509119993476831963e-02
-1.016135094937547535e-02
-1.344383366434429711e-02
1.281527899704176451e-02
8.046206806271306855e-03
9.499851423483061247e-03
-8.062833199496844544e-03
-8.569041381241688723e-03
1.885232053507760255e-02
-1.031082523020447053e-03
-2.853850683996680265e-03
-2.390423841720626819e-03
-9.511540691427955007e-04
1.234548475691088325e-02
-1.022622034737424336e-02
6.224612453730034474e-03
2.300893243849838794e-03
-8.308323716439526899e-03
5.432078875527174971e-03
4.079483145551500607e-03
-1.215542605669665474e-02
-7.820648099098662792e-03
4.238190708803477903e-03
5.646233712156951100e-03
2.533850230291775484e-03
1.214466019640343501e-02
1.206836881146655313e-02
-1.175745293956209636e-02
1.317809675684040831e-02
6.269586086056860158e-03
-3.147272987066325814e-03
-1.014162237604780692e-02
-6.575759373186229780e-03
-1.425296277199014118e-02
1.040375942875883773e-02
-1.311590104927610502e-02
1.623130935890192573e-03
5.862167316003596279e-03
9.098237891265327504e-03
6.260474722000841305e-03
-2.968598381324544667e-03
1.541226023865596879e-02
8.476169066616679598e-03
-1.475052035903194614e-03
-9.673744667327248761e-03
1.411080313227192073e-02
1.266161164102708875e-02
2.192071842649299159e-03
-1.207771827575306793e-04
4.170017204474549960e-03
1.673242183597856148e-02
-4.623290771755564165e-05
-4.908216306741508897e-03
2.178282635431516567e-02
3.528987189892070307e-03
5.952169653136591028e-03
-5.341716021837091856e-03
8.617124385410176307e-03
1.110102630156500382e-02
-1.005923398621817386e-02
-1.374049286245422781e-03
6.650619159556258805e-03
-3.114917891509248402e-03
-9.560778166087972180e-03
1.398998363194523756e-03
3.720375672715666316e-03
-2.402976942611338186e-03
2.668176911076536664e-03
5.766190653800826009e-03
-4.077896942971097165e-03
-1.355291227149927995e-02
1.220185797532841177e-02
-9.473458633960898240e-03
-1.313260489980599272e-02
2.884246720009043738e-03
7.385541591330882505e-03
-4.741220946689377047e-03
-1.126092484204651266e-02
-1.229750680095207001e-02
-4.854378444976079868e-04
4.065833003843013290e-04
-6.616881656786169526e-03
5.011085889065072622e-03
-2.345371683600361388e-03
-6.881964759507650312e-03
8.434244436351183080e-03
-8.989974024105973696e-03
6.348958608448350763e-03
4.949180709618823844e-03
1.085153645562346621e-02
5.614219364804379567e-03
7.946632595721403111e-03
6.544568114553279796e-03
-1.393656513379991574e-03
4.853921005341913408e-05
9.799667392454606760e-03
-1.092146565455557466e-02
-8.936054322226605340e-03
-2.349867334834802521e-03
-9.046560013003145312e-05
-2.308093328349522695e-03
-1.142104397687518889e-03
2.811761664861466524e-03
-1.044867809813387893e-02
5.212654489769512865e-03
