-6.787001971191070245e-03
-1.385139865539597535e-03
7.135869320596946973e-03
6.969550859129670754e-03
-3.783333973216435660e-03
-2.602869678201391698e-04
7.720329342828949858e-03
-1.746560120448122436e-02
-7.104245494267814529e-03
-4.481233571104237950e-03
2.771584795038435807e-03
5.043830419564687695e-03
-1.555807262118795616e-02
-2.019138468097467914e-02
1.147447422013424256e-02
-8.988509011545313745e-03
-3.217363123269231188e-03
1.927607438256744368e-02
-1.021961789276447721e-02
-9.297664435256590074e-03
-6.340876447162829832e-03
-6.126982586417156589e-03
5.102421265976555230e-03
-4.884346635945857086e-03
-2.471035689876456207e-03
-8.296609363666794523e-03
9.199702460688029965e-03
-1.234824230562257472e-02
-3.059364770144644852e-03
-7.361203645997932421e-03
-3.015924473077444528e-03
1.588607834892324239e-02
-2.035476219192000960e-03
-5.952467123127975178e-03
1.355034994696767241e-02
-1.015680764776963861e-02
1.147257455168168832e-03
-9.778358572938544713e-03
-4.497307836425346386e-03
-1.247336020189723435e-02
-6.246279472796783042e-03
-9.187663736126309641e-03
-7.566721302580863354e-03
-1.093423803211773446e-02
-9.963617670665073957e-04
-9.665742283815271368e-03
1.055429213771057889e-02
-9.981517256901350100e-04
2.597298562251505391e-03
1.141694856673294151e-02
-5.321344193555545277e-03
-1.208862590148997813e-03
2.804666535235635257e-03
1.400812372378688192e-03
-2.692827601734119197e-03
-3.480001189954224044e-04
-1.260218308453209604e-02
1.255403760095347848e-02
7.243622664822617872e-03
-6.893318009483304608e-03
-6.824730894994811975e-03
-1.338591473228415221e-02
8.997234225050228240e-03
1.532505231348626172e-02
-1.439105057149224660e-02
7.564238663428771159e-03
4.464868974239960715e-03
4.992155005220947663e-03
7.446484490766568619e-03
1.263773306328050752e-03
8.242971913762504876e-03
9.520200462571593372e-03
1.355382649499448783e-02
1.042474842886517358e-02
4.172754809754100451e-03
8.027273421906058401e-03
7.666372714063177801e-03
-4.115475735275217831e-03
2.012170454381299271e-03
-1.634001347308167845e-02
1.224140167990921992e-02
-8.765436653464455871e-03
3.108329460423748993e-03
2.913250939644005874e-03
-2.939754486453214233e-03
-6.773023791472347274e-03
6.894204320078344168e-03
-7.694918634588948474e-03
6.253827717387277184e-03
1.076359345537558979e-02
-1.124859233396548544e-02
-5.281675730140663640e-03
8.244045241562390075e-03
-4.746068936531519858e-03
9.578054943803843146e-03
-3.717622876559884861e-03
2.762266644368445521e-03
9.710619240929129273e-04
-2.452283511521055528e-03
1.529356994568510392e-03
-4.814552947114254474e-04
-2.969327839022265630e-03
-1.480272311301265072e-03
4.904259627163795078e-03
-6.017410616276501999e-03
5.753675146388308355e-03
1.307750558298536106e-02
-9.780468448706221979e-03
-6.702565643100194363e-04
-1.068049455192476328e-02
1.663999655249227046e-03
-8.463823029849050841e-03
