1.244941783187886696e-02
1.195635160166256920e-02
7.836418809379660025e-03
-5.133600259166204438e-03
-1.446485417987162549e-02
1.837347418759777097e-04
3.697479991529228991e-03
1.906193862435772574e-03
-1.175588598543779277e-02
-8.223151813808509888e-03
3.618996818807625193e-03
9.023800479945226147e-03
1.555061891382995831e-02
4.891208046844552730e-03
-1.086889004587044197e-02
-1.279188342929903598e-02
-6.606134638688890455e-04
4.090110336160573436e-03
-2.543820690688495894e-04
1.178549090078443058e-02
-1.714369321974967483e-02
-3.411778100532281578e-03
1.205272869354614973e-02
3.149996233433463382e-04
5.619620633431359966e-03
-4.247491172110606956e-03
7.713480817862841676e-03
1.528841419763178828e-03
-8.681227007383310670e-03
-9.314914061024852365e-03
5.992643832970466228e-04
-2.334965607823540241e-03
-6.679156527478140488e-03
1.838263207475230795e-02
-1.390823981876234718e-02
2.593679901670840199e-03
1.458843558797195787e-02
8.490014187932087147e-03
7.340682761460081036e-03
8.418171195598941892e-03
4.342170402658864815e-03
8.642883157848522957e-03
-7.191800225225843980e-03
-6.609743973788816465e-03
8.186956144742440697e-03
7.686264451946187883e-03
-7.442496095141724194e-03
-3.358730943179549962e-03
3.544935437928187130e-03
-4.632561988299129484e-03
-4.247116576680975107e-03
5.934621182152706280e-03
1.189561147850335190e-02
4.044651294934223547e-03
2.995709452720761966e-03
-5.628457573891717039e-03
1.638796500694702802e-03
2.306024764399783756e-03
-8.441100671984797660e-03
4.431409232650888007e-03
-1.201584000240362229e-02
4.275824045063724571e-03
1.033578139744647725e-02
1.020359701936470300e-03
-8.185591649351281821e-03
2.099070462325020384e-02
7.167031836979345996e-03
-1.167237188265045529e-02
-2.604380036492767898e-03
5.768097085525818873e-03
-5.944272633964718840e-03
2.394452350756593947e-03
6.465350423196400366e-04
-2.922719878133156739e-03
-2.470819008643734566e-03
1.354682993025581317e-02
1.600032340994636103e-03
-1.590992507536645104e-02
1.098497789459385379e-02
-1.192968808926347067e-02
-1.263012647622232306e-03
-5.001672455489172830e-03
8.401663607257075974e-04
-1.162536465211378399e-02
-1.010566680414902441e-02
-1.106020167178376618e-02
-4.233813263533128812e-03
8.619727817090135124e-04
-9.112089877187161749e-03
1.081509527670166532e-02
-6.828246481683122697e-03
1.113758600016597454e-02
1.746669013613942611e-03
-1.128242742941976476e-02
-1.027660370547483527e-02
1.462624755514904153e-02
1.527375243353520061e-02
1.427779693978122586e-04
-3.000855833819963785e-03
2.273386587299557580e-03
3.389079077047657345e-04
-4.886106507227279796e-04
1.199993730505803961e-03
-7.625812723393253327e-03
5.301080013720830576e-03
-1.110562369917215790e-02
2.368843745209783618e-04
9.414474502289889302e-03
3.999112117455086435e-03
1.109361130591875015e-02
-9.702995097877135499e-04
-5.413464385881282433e-03
