-1.086855296989675673e-02
-3.785718871592773198e-03
-6.355920663707551738e-03
6.985311259264814603e-03
1.596291065372890594e-03
2.822663100461838930e-03
2.571364282706133705e-03
1.698584756535259643e-02
1.738025129071266855e-02
2.120752290113255955e-03
-6.858079545006006035e-03
2.447694555512523393e-03
-1.385519460867841099e-02
1.357269042390701376e-02
2.651761306504243302e-03
-5.145532338486173522e-03
1.011080792904135890e-02
1.879081120895027476e-02
8.548517528645258046e-03
-1.507884836560846598e-02
9.546567952032592244e-03
-2.378124425551020327e-03
-6.984784404246423837e-04
-4.292758712859277501e-03
-5.031870712038476710e-03
-4.786866983864423498e-04
3.778612821314978037e-03
3.336080805254661510e-03
1.642932584433059312e-02
1.637698489662653759e-02
1.109715524949128488e-03
1.651836848010149184e-02
5.015790026038723266e-03
1.598430698741383840e-02
1.482200090692942923e-02
2.892284718807763919e-03
-1.345032115204528901e-02
7.466490182697425003e-03
4.655121728789956247e-03
3.290602290991926845e-03
2.825868250430741725e-03
6.546670450331994878e-03
1.317548865121076496e-02
9.868441251180352924e-03
-1.100413998189475086e-02
6.110407381845418991e-03
2.866176273045047736e-03
5.522268501824280362e-03
2.031165678066683238e-03
5.416581146888491995e-03
-5.610549454467169675e-04
4.948934833375493933e-03
7.869388636998975867e-03
-1.350984528199097347e-02
1.736406084315545882e-03
-1.128278148324663582e-02
-1.099956752214878257e-02
-6.346179791543999152e-03
3.100185500480778008e-03
1.977186610829028551e-03
9.205266025053660678e-03
-1.310139551924694758e-02
-1.274896681610189703e-03
1.082554928961836777e-02
5.939205658403044243e-03
-1.395385595315312525e-02
-2.698425401726384752e-03
-3.944450326700237562e-03
3.195305019267638980e-03
-6.218266417767096162e-03
-4.053078836702799816e-03
-8.708041534176702569e-03
-1.426532216510309134e-03
-7.704761146387270436e-03
8.073976680872001210e-03
1.730153860891183240e-02
3.647863514748436037e-03
-7.763206376183559923e-03
8.831191415585444918e-03
-2.148428637335135592e-03
-4.800769225745183701e-03
-4.617259764293362399e-03
-5.891351319608905280e-04
-4.434040388776294347e-03
6.310334535882561324e-03
1.350425910845076379e-03
-1.249085758896221338e-02
-1.376678953386676479e-02
-2.158780288454808984e-03
-8.838437570067950730e-04
-5.957460377751597723e-03
7.736703635703554190e-03
7.665556140865425680e-03
-1.948991448595941822e-03
6.770358069313947569e-03
-8.905403847344171495e-03
9.654112503914598700e-03
5.423318312135932441e-03
7.909512899243039893e-03
4.198332036546418601e-03
-5.796959944333763930e-03
-1.865387046541411601e-03
-5.938303252865003920e-03
-1.246495695364825858e-02
-8.195743647097831228e-06
-4.353421430702737044e-03
5.272463492972721474e-03
-3.344307477282599649e-03
4.249972682069235591e-03
5.845541206458728690e-03
-8.406866685872937256e-03
1.318772913002875385e-02
