4.855598141158548532e-04
7.243998769163197300e-03
5.321741781087305570e-03
1.066393725555720394e-02
6.647775146645707595e-03
3.820103490467156079e-03
2.275374441631404336e-03
-8.273672321196707830e-04
1.057233686235896017e-02
7.033446669817029588e-03
6.027637659096292053e-03
-4.992661603768903597e-03
1.626658376289094078e-03
-1.841542092469324390e-02
-3.374388999008476071e-03
-7.342559963371916333e-03
-8.818030493378516133e-03
-8.780813596625681311e-03
2.453854660824030583e-03
-1.183425302646560172e-02
1.156008148672762331e-02
-3.579101063170247576e-03
5.962178751295518254e-03
-1.565215068873589783e-03
-1.328690446462666742e-03
-7.435828645490311604e-03
9.397136332715253296e-03
1.017540901951915870e-02
-2.491832970603494526e-03
1.009570036786705842e-03
9.471079311878639537e-03
6.475642096354999704e-03
-5.500275710812706220e-03
5.645314911292421533e-04
6.866987740886413595e-03
1.301812789088938136e-03
7.017451508999967245e-03
-6.263056332683071548e-03
-1.407226773185898429e-02
-1.267396741239079725e-03
-1.303382454323167260e-02
9.086244710098567018e-03
9.975500191720559559e-03
6.193701042550489415e-03
6.441926816465179916e-03
-1.268221292246443470e-02
-1.736914525409530979e-03
5.822168267286494114e-03
-2.045253575370881496e-03
1.738323164896134676e-03
-7.348175680436456504e-03
2.619689559775178166e-03
-4.672439138618966585e-03
8.689864019640900286e-03
6.228992271300521797e-04
-2.120192249874708942e-03
9.006347736244126045e-03
1.320042805147464762e-02
8.106445255581599604e-03
5.667310902892301779e-03
7.232468356721554782e-04
2.516906088124574222e-03
1.663443704617856289e-02
8.803024633848572159e-03
-1.500401507336790972e-02
9.707101341920966464e-03
-1.495909352949151630e-02
7.694735451004081593e-03
-2.768763679333785012e-03
1.639976104079131618e-03
-1.287778506944212836e-02
-8.579699267371733787e-03
4.570524760015588946e-03
4.803666826316609594e-03
1.697796416641001935e-02
1.225428887435443814e-02
2.036827563283605258e-03
-1.453295768985456322e-02
-1.483949548468021552e-02
3.879767037120621792e-03
1.624433392833456516e-03
-2.597903637427289268e-03
7.121386421200482861e-03
1.054736985480390909e-02
1.206929181512572842e-02
-6.640054808432286661e-03
9.889662266029542598e-03
1.768557824666192740e-02
5.979727879742244984e-04
-5.768289607091988021e-03
-1.656015330866944177e-02
-1.133529401506329706e-02
1.429813103179838896e-02
-1.136744168591627240e-02
3.876289321733876296e-03
-3.095547288020529877e-03
-3.237373093082494824e-03
9.956095756542672134e-03
2.972750921717335834e-03
7.237639808493311934e-03
1.135443975034126918e-02
3.367714353163257703e-03
-1.741284782971079092e-03
-1.977257953157828332e-03
-1.987856750341475995e-04
-6.170476921532985597e-03
5.056584832783758005e-03
-1.383790543860282036e-04
1.341961541257512963e-02
-8.370292355939923032e-03
-1.017580293602600612e-02
-9.047654545089640551e-03
