-4.632790921817082214e-03
5.552041555059120809e-03
3.010812368796731298e-03
-9.874043539611809112e-03
-8.987943874667241387e-03
-5.397778112831567651e-03
-3.379244878865985194e-03
9.577483400662798157e-05
3.700453119715687699e-03
1.105002517250546108e-02
5.009650908835657813e-03
4.235646316410137703e-04
1.470359980547202754e-03
4.335448395711069373e-03
9.968114441794831762e-03
1.235193187380789412e-02
5.005582079085126208e-03
1.015052335202665766e-03
4.434028768893405123e-03
-9.940266561495634395e-03
-1.662396123024125405e-03
1.908421536385627743e-03
-1.428488696013949753e-02
-1.594632174632780799e-02
-6.683065693726061157e-03
-1.186568766684616485e-02
1.166419825074513838e-03
-7.132900473258298180e-03
1.346146197313822374e-02
1.479498136334889656e-03
-5.283124863191923475e-03
5.706011566980842033e-03
-6.843591734000420770e-03
-9.580820036094256581e-04
-4.097577686010060206e-03
-1.069951431770764343e-02
5.638630592158164461e-04
-5.808908342805381084e-03
-3.710505612973181554e-03
1.237143255667275295e-02
4.371774782012716881e-03
8.269126818508427609e-03
3.457828210371592138e-03
-8.849351118624988397e-03
6.704142019844593590e-03
-7.063818667934596007e-03
-7.752096172063222164e-03
-7.845430136315990205e-03
-1.898536434354934632e-02
-3.783371993834994985e-03
3.743196477112215471e-03
-1.638087265474263282e-02
6.499965346246553907e-03
-8.311164143795773257e-03
-8.860262039659018082e-03
2.842725379615999165e-03
-6.042989792469429834e-03
-3.405814922494190908e-03
-6.040063620724393789e-03
1.039221936975437931e-02
-8.123099607801031671e-03
8.342551196031005797e-03
-4.953783914164590178e-03
-1.658287190589728330e-02
-5.689863115753297437e-03
1.247841617973989570e-02
-4.331050645141804045e-03
2.986752388340635760e-03
7.659693505132528224e-03
1.662918704523954141e-02
1.333599948881614974e-03
8.921384213333933069e-03
-2.834393012615358132e-03
1.967637699624930417e-02
-7.213481775035355224e-03
8.935782635780351729e-03
1.792380613321544044e-03
-8.759667679388682959e-03
7.368749377337002748e-03
3.115675761641435292e-03
1.141259149560201226e-02
4.175033981272961194e-03
-6.092449340645816891e-03
1.965544385986268960e-02
7.073740500271477258e-03
-8.385266245906977667e-03
5.418127453509193753e-03
1.948501298576785223e-02
-4.629804425111777545e-04
1.478325321097838374e-03
-4.313532192891423450e-03
1.277475894626606441e-03
-8.888912374570272917e-03
-2.493674816924870610e-03
4.793454983251637172e-03
-5.233441878331120643e-03
-7.172679623534286217e-03
5.014410705439305456e-03
1.736547255405000365e-02
-1.364568934858742533e-02
-9.935575780871958983e-04
-1.320921608218082960e-03
1.297289775734516981e-02
-1.101593001739790620e-02
-3.519585920149367279e-03
-8.361361843859719395e-03
3.502665429593642635e-03
-6.953599305435815940e-03
-2.980186022283685000e-03
1.243337487259502973e-02
-4.605527482412103421e-04
-5.014763472474767850e-03
