-3.787418797126009158e-03
-1.053019478013395450e-03
5.580857730755123996e-04
5.806963992096504830e-03
6.616962403077561450e-03
-1.202624550970502306e-03
1.896064660420215299e-03
2.169258088666974667e-03
-2.097157518055209075e-03
-4.318001914836437638e-03
-4.633575576963867328e-03
-1.408214320139901561e-02
3.636673946573830158e-03
7.280499043266577992e-03
-3.372358397880063311e-03
-3.805955086409746734e-03
3.707568479427492559e-03
-1.023577284591297570e-02
-1.236664999285459927e-02
-2.026275318191758656e-03
1.108472603364591726e-02
5.997569601405875091e-03
-1.720572740007294751e-02
-3.315723940488001301e-03
-1.502378171979948905e-02
6.371477003661783073e-03
-6.980161742508546319e-03
-1.646652280473741986e-02
-6.574395577802331393e-03
-8.087273600673185528e-03
-1.428717315738122634e-02
9.052316159372146911e-03
-5.012138220326169818e-03
1.257823902667179992e-02
-2.248254032412938530e-03
7.609316766425035933e-03
7.996324200387001230e-03
-1.068372117204726204e-02
-4.096655895722305617e-03
-1.127122694216219599e-02
8.465988036559318752e-03
-9.945109512668146370e-03
1.422161149359406969e-04
3.925436270606893693e-03
-2.238856262838208235e-03
6.156295937068052056e-04
4.606239274116053135e-04
-1.594001184236127841e-02
1.228222450213245151e-02
5.938776859636437332e-03
-7.560217905438047607e-03
1.846659348125858063e-03
-9.377379161698787963e-03
1.367283787711747259e-02
-9.970201080814068261e-04
1.631589912687798211e-02
1.141610811495697916e-02
6.056056167392828531e-03
-6.061750248877090241e-03
5.181370544613769259e-04
-7.515502812230624198e-03
-3.735023544431519908e-03
-4.550242355104594950e-04
-4.019495648871891647e-03
7.140174253660020939e-03
1.522166091561627868e-02
6.195162831033010353e-03
1.022379147979520647e-02
5.557521554968422074e-03
9.604370007566006943e-05
-1.112924242770834023e-02
7.604885403887567952e-03
-1.621950895967299092e-02
-1.127654965559609333e-02
-5.979149180157607157e-03
1.287898449589156176e-02
-8.297162710573586369e-03
5.262695386720518849e-03
-2.935701753017632277e-04
2.497262861657926526e-03
-2.156024548439145535e-03
1.629235433466365594e-03
-7.042386551663726291e-03
1.268068993962628670e-02
5.462043536644866325e-03
6.893165329967675288e-03
-2.174615169464141039e-03
1.051790734283589504e-02
-3.394109575303992134e-03
-3.384920863652222250e-03
1.016522993965251510e-02
1.480858254103448830e-03
1.057370246157520073e-02
-3.675318053341754959e-03
6.330958463661732517e-03
1.060421864552047247e-02
9.598285205058800689e-05
-1.381294362513310961e-02
8.303526332651920208e-03
1.185109043214308336e-02
-1.557680809788570923e-02
-4.033966155282714037e-04
-7.911821342651167944e-04
-4.551267735322037100e-03
-4.297072663836450958e-03
5.175013441192201705e-04
-9.416377983304489996e-03
-3.886367428266355485e-03
7.430065836312036570e-03
1.572620865909495069e-02
-1.241788397914146691e-02
1.287309739256297866e-02
