-4.011255868681644007e-03
-9.586184516834735797e-03
-5.400669517835136185e-03
-1.244688266047765503e-03
3.847570982052891074e-03
-5.732841289325614487e-03
1.298344430892848633e-03
-2.726308528600076241e-03
-1.330980271472685487e-02
-7.912984999488646004e-03
-7.380024171315642881e-03
-1.012430906948342049e-02
1.484083748220747095e-02
-8.220830303234496692e-03
-3.021833467653423175e-03
4.179718638285406102e-03
1.616338578060987421e-02
2.521549493681319015e-03
6.168702331230995406e-04
8.033592653269408176e-03
8.997894449850477386e-03
1.075752935978471596e-02
1.000441031831255864e-02
-8.932765699840900138e-04
-5.041324795530647239e-03
8.916410306014239603e-03
-1.561087154377351896e-03
6.408640980253617163e-03
6.743343412099019572e-03
-3.860079846700501145e-03
1.512293358436790462e-02
-1.891371399968511113e-02
-5.218043299867244217e-03
-1.373283990925825739e-02
8.442199532998510836e-03
-8.596645999293019841e-03
-1.717684388961851147e-02
1.668735668595890467e-02
8.816767614550361648e-03
-5.961434283160689171e-03
-2.030788446653118001e-02
-1.117772553466345360e-02
-2.994913180501808901e-03
4.611692154656151302e-03
-9.323265935191928089e-03
-1.287743130790849032e-02
-1.003001861323097633e-02
-1.067910497187036893e-02
2.457431978657163493e-03
-4.903553588684955115e-04
-4.518575819252300049e-03
3.802958864608141105e-03
-1.743316850147286299e-03
-7.248219284428730758e-03
-1.246802300800050299e-02
1.443656472305878541e-02
-3.560372402296406273e-03
-2.345370296172372485e-03
6.252098972362292451e-03
-1.051360132443736328e-02
-1.895610564115893367e-03
-9.518167299916247340e-03
-9.664276324570866133e-03
-9.671487652265246468e-03
1.521000071397491868e-03
-3.022307079472256151e-03
-4.754834266381572500e-03
5.797210532816561611e-04
4.642054122140223341e-04
4.357491003324388303e-03
6.384283207242218323e-03
1.404238540935453042e-03
-2.789768409648881418e-03
6.360060890862683815e-03
-7.814012070629799706e-04
1.667750626118797916e-02
1.686311474451551414e-03
6.321823250399133572e-03
-9.008539074020332701e-03
1.562576278306119018e-02
6.365482961319165328e-03
1.314691597667123554e-02
-3.897721157273045540e-03
-5.376087326566464722e-03
-1.565618789021869174e-04
1.028672501098456572e-02
-1.186910466610030523e-02
-8.065209362244890601e-03
-8.459524570533075161e-03
-9.475762336685717921e-03
-2.777808692876170601e-03
-9.830965927286202354e-04
4.303185909345225157e-03
1.018703767701619606e-02
6.150718421981043321e-03
-7.155808033898986530e-03
2.910822614191107671e-04
3.224784308765600398e-03
1.434417873986250369e-02
7.190426717077630543e-03
7.620091311842261926e-03
-9.569377219965511522e-03
-7.297700466276634337e-03
-7.900720428264856919e-04
-2.403539362328036607e-03
-2.449050777012503743e-03
3.506683400982796468e-03
5.991270276765072594e-03
-7.501755641433401761e-03
5.358762422622516397e-03
1.060300144251774372e-02
4.164738130278703050e-03
