-1.741745952945270492e-03
-1.288923644221303885e-03
1.256501443547092213e-03
-4.809829964278499771e-03
2.244307425417150365e-03
-7.672251875580507561e-04
1.093011794129880414e-02
-3.845827866418944307e-04
1.158792650191018368e-02
-1.037083228153305552e-02
-1.266798435869255588e-03
-5.813665584271474063e-03
7.183193951751066023e-03
-9.981983640949480818e-03
1.244762237652110096e-02
-8.329871158438780301e-03
1.481522449423924056e-04
5.746852211491183283e-03
-6.496342402107528266e-03
3.474226492324514453e-03
-1.757011837527512567e-03
-1.352104711925380780e-02
-4.306544057019938941e-03
-1.216189818296364335e-02
-3.121992647970799496e-03
3.541349060838248127e-03
1.187583867311182116e-02
1.268509292927717802e-03
5.993204968101928723e-03
1.157910508279864220e-03
6.505639049206628916e-03
-3.611203307916862910e-03
8.827319687114311766e-03
-1.773268662194484296e-03
2.787156913515252427e-03
1.557877840950679105e-02
-5.039417908142666130e-03
-8.812643948899771471e-04
5.679583206455332198e-03
9.506305401870742680e-04
4.866050447518253594e-03
4.956081533043480217e-03
-9.539674478685549960e-05
-1.349425706009915477e-03
1.066885265503957764e-02
1.622101477819756429e-02
9.016992760263161169e-04
-8.874412277558059578e-04
1.361124510497700724e-02
-9.849779438912652230e-03
8.977963795978195077e-03
-1.134633684443585051e-03
-1.103894881588923620e-02
-5.770559828351080195e-03
1.927180889920897299e-03
-1.258822532594673638e-02
-7.160873851013004748e-03
5.055970000255439025e-04
-2.555272685715362022e-03
-1.250447907972182353e-02
1.513982747722558871e-02
1.309811889188569264e-02
7.345665499129925028e-04
-7.714031442107218556e-03
-9.089856257956432581e-03
5.854364549259002785e-03
-9.238726722533788932e-03
-1.008058113212883730e-02
4.238134643632867661e-03
-1.331476973562520372e-02
3.144667483382277209e-03
6.510403929941269499e-03
5.449803517527619309e-03
-2.364884236920753238e-03
-7.575622743140410925e-03
9.451487263350009937e-03
-5.686024773419949205e-03
-4.540360323165642913e-03
-1.677505062608017350e-02
-9.722108535072965241e-03
7.735299646136655632e-03
-7.021959210127367255e-03
1.712606177205705169e-02
1.179690087529990106e-02
-6.060778179846045347e-03
-1.520820109232972478e-02
5.476824598963461223e-03
-2.165319845005510627e-03
1.504506794403023123e-02
3.702968286295771111e-04
2.582185004935933035e-03
-7.508221045171816410e-04
4.414740664909448144e-03
-1.638563838667234096e-02
-1.380258891035706682e-04
1.058779922753319558e-02
1.781459955137380206e-03
1.301388109271813150e-02
-2.014608712234148592e-03
6.026603010030415035e-03
-6.215672911739870445e-03
-5.390244101939419344e-03
-2.022704410268979028e-02
6.640569847441381637e-03
1.216649375421408746e-02
1.330458301621716653e-02
-1.403012714057380768e-02
8.477219427248052939e-04
-4.269408839603357902e-03
-1.159897473514698166e-03
3.451799035582038370e-03
-1.425571813698908903e-02
