7.507800872088336679e-03
-1.126345241676348502e-02
-5.922119073609845644e-03
1.138692167798719887e-02
-1.942159850854550604e-03
-9.768920979006683394e-03
5.738276297652452652e-03
-1.822064484402811935e-02
-1.724850425889999303e-02
4.024710478424247187e-03
-1.517729539827513850e-03
8.016781456889738450e-03
7.292616742282783879e-03
9.198796079721264932e-05
-4.566157531633749551e-03
-7.048369766355667802e-03
4.367260035656494663e-03
-1.102960412761024543e-02
-2.869244787611953265e-04
-4.029926512996708128e-03
2.082625954038935800e-03
4.021378585433929564e-03
-8.075121148579434555e-03
-1.173815289026570487e-02
-1.218899726880848418e-02
9.896880262069956274e-03
9.822076565696053266e-03
-6.249779722487996958e-03
4.844766767935384903e-03
-1.252827992454585461e-02
-9.028965328445725386e-03
-8.340730058525562193e-03
-1.445630027007309198e-03
1.799776234838410113e-03
4.229194853896590077e-03
-4.233762343570374696e-03
-1.258928897231956050e-02
-2.841302559716641501e-03
8.791165315429968694e-03
-1.159171037945991647e-02
7.811689838338337251e-03
6.952108521622612537e-03
1.205898686232079360e-02
-8.831589166099860361e-04
-9.258930333079684778e-04
-9.810339783122200286e-03
1.636899777606551235e-03
6.291398450442245048e-04
-6.686340624720128745e-03
1.463334218867189118e-02
-2.953110539079204996e-03
-8.294589536072120503e-03
-1.185004424769438292e-02
2.083927563183214995e-02
-4.882078586264248718e-03
9.435634962998255826e-03
-2.269583214177378887e-03
-1.260218569636698156e-02
4.952798115281486190e-03
-1.305086895421378457e-02
-1.944280069111631315e-02
-1.532161065569536545e-02
-8.314113748702479066e-04
-8.657824551297288798e-03
-2.221133071077651712e-03
-1.143019948652181962e-02
4.183265281928955255e-03
2.989583968725335276e-03
-2.868809519696986451e-04
3.223572656846373369e-03
-5.929704919878989872e-03
1.059807598940830028e-02
-6.656480785605058646e-03
6.714521475146672212e-03
-3.121130278669828704e-03
-7.130344270571489958e-03
1.284546561121568259e-02
1.141477972038857942e-03
-1.381440794191373181e-02
8.225257992819591871e-03
-2.863128177117570984e-03
6.835772043998536961e-04
2.771885101380513767e-03
3.367175035901673157e-03
4.318321182230685910e-04
-5.056328318647422375e-03
-2.313367027890926315e-03
-6.019587953888323219e-03
6.819632976666460331e-03
-9.366448324537611503e-03
8.573608370966068551e-03
1.359194097065312759e-02
1.310605915827461453e-03
-6.806871702681510997e-03
-2.907983508028289844e-03
3.358328567780299607e-03
-6.983886241265674019e-03
-5.971854207494051853e-03
-9.080187449350013776e-03
-4.210407180928124257e-03
-2.703885154903486795e-03
-7.177559287262225314e-03
5.798490300686901487e-03
1.827047804661240680e-03
1.137426876177654970e-02
1.055661659120660581e-02
-7.737365112162717870e-03
2.160706667147243350e-03
-9.727247611836613989e-03
-1.087468748399216673e-02
1.216099749802798842e-02
-1.262760043756918499e-02
