-6.722997456548649234e-03
-9.582968185618240264e-03
-5.346959814278833684e-03
-3.687689744595824305e-03
5.071816825000482250e-04
-8.682857108334754784e-03
8.369898610953769094e-03
-1.173712811318279245e-02
7.172629218729090206e-03
7.568073182376865160e-03
-1.154086431529295978e-02
-5.030392815684790395e-03
8.218348442455216882e-03
1.435270788177374487e-03
-2.322438121984168175e-04
8.035533772456318613e-03
6.050657624515312812e-03
-5.898705961738994613e-03
1.024511373381208935e-02
-7.504885961980863442e-04
7.869814770193229655e-03
3.766512671397344910e-03
-1.424011059891827462e-02
-7.545021230100806310e-03
5.622510838919203037e-03
1.622100940792743640e-02
9.926712368337946377e-04
-1.485130202498799988e-04
1.691619117078491542e-03
9.992592709632319714e-03
1.720391573271643285e-02
2.476325302790522397e-03
3.271233520035359520e-03
1.518418207419220886e-02
1.056059019566054843e-02
1.642625524853986432e-03
-3.765562956317972804e-03
-1.648452445407605840e-02
5.912247702859651372e-03
6.376211898342786129e-03
-1.488398139162277990e-03
1.610419032453752879e-03
8.547368248112552705e-03
-3.113221360134148415e-03
8.092747724206612175e-03
-1.278507943990664841e-04
6.989414914229229864e-03
-9.547439395687490598e-04
8.798571398647153305e-03
-1.114323915277427510e-02
1.605965775480954275e-02
3.996928535133325959e-03
-1.530412809431712026e-02
3.846603797322025765e-03
1.173918374448296859e-02
-1.260311820811480313e-02
1.483131184287809871e-02
2.109334285871233491e-02
-9.298577964454828862e-04
-2.208872321061466654e-03
-4.643354407487190402e-03
5.218003899264632081e-03
-9.976626664679804843e-04
-4.344013169220669896e-04
4.632387096876987298e-03
-2.182687096328097404e-03
8.502464047752390092e-03
-1.351686688576572877e-02
7.757384865444883273e-03
-1.262899261889293290e-03
2.440040972162777020e-03
1.209446901538503445e-03
-7.459322102554591556e-03
1.308737170227565472e-02
9.653118551403671449e-03
1.236610777610463140e-02
-6.176968642676565306e-03
2.248422213158591827e-03
-1.712331256784638267e-02
-1.285065872772850901e-03
1.067805757416126662e-02
8.332754448196304231e-03
4.145193361844467725e-03
-6.971714229239797667e-03
1.814335272554882346e-03
3.465629106477684327e-03
-5.361065363455677808e-03
-2.136544367999277088e-03
8.213770747463286157e-03
-3.861215431511640529e-03
-1.117662830213499506e-02
-4.758686216745002841e-03
6.101463861663596056e-03
-3.358041686745651642e-03
-6.911830426882969829e-03
-1.479986097817262512e-03
-4.233025883237747332e-03
-1.721994230599054520e-03
4.788273154712380068e-03
-4.435229926584428710e-03
-1.067707866672315889e-02
-1.549740358308351364e-02
-1.641014124956498635e-02
7.825253481012432039e-03
1.019946358151978955e-02
3.408921647613777795e-03
-9.198299889977978525e-03
6.218152479657041744e-03
2.498287691519257732e-03
-2.484842075198008104e-03
1.506961191604741859e-02
-7.686481522818016526e-03
