9.018255184906096705e-03
-9.414882913629084998e-03
-2.318415043429374132e-03
-7.408805590788532756e-03
3.800516216974739701e-03
5.965861408609230039e-03
-6.276038419594349993e-03
1.157457901091719053e-02
6.417202264906053145e-03
-8.483645903264436933e-03
6.660524230693276246e-03
2.001949550030844484e-03
-1.456216057774516529e-02
-2.417263136759455981e-03
-5.643852121680957394e-03
-1.236597096018774778e-04
7.076455758387086362e-03
7.575170108907536629e-03
6.287384997845027121e-03
3.219292229399345773e-03
8.427882533870396931e-03
-7.447115443563218085e-03
9.464751131632939338e-03
-4.387053772053678066e-03
1.061779484845292235e-02
4.739823341784551070e-04
-2.076690922172224393e-03
-2.998941452221877326e-03
-7.469310658202597732e-04
1.121868908878232395e-02
3.861587734059252711e-03
8.429683984098727302e-04
-9.808345030177330250e-04
3.409480034199167692e-03
2.977701628626077540e-03
6.883236821817898497e-03
7.591880933567628220e-03
8.112194752955533082e-04
1.049381531076606575e-02
1.014825030840621652e-02
1.151722433214222123e-02
-1.745602166184685115e-03
-5.066551940292051553e-03
5.133087401424369159e-03
-5.026691632229805633e-03
1.725954128928348583e-02
1.174177760239139383e-02
6.633553194751291848e-03
5.252133575129928900e-03
4.325965536073002153e-03
1.029665480979723852e-02
1.174213409752089196e-02
8.120883195250566330e-03
-3.754243667239658914e-03
3.668637674386144350e-03
7.964327424654825405e-03
1.724487059374125303e-02
-7.985275281896081143e-03
-8.441652795407440443e-03
2.961014435282823551e-04
-9.796759039866506300e-03
-6.625783769709264097e-04
6.581895636011935759e-03
-1.067287671855731736e-02
5.434354071822038515e-03
-9.796908694665410269e-03
1.092073087973161050e-02
1.345271169034769655e-02
1.393494517810330187e-02
1.027796864534680568e-02
3.293047692720831119e-03
-4.183464392717595876e-03
4.549708461743566523e-03
-6.951356881584254931e-03
-8.555780643114557077e-03
-6.319323613378080053e-03
1.190420724106483821e-02
-6.343810462670500076e-03
6.554115708406887952e-03
6.414759181222384234e-03
9.053780116450329402e-03
-3.555103271286174944e-03
5.525696691134281829e-03
-8.504187919242869181e-03
1.382609823498243649e-02
-6.363792658368505606e-03
-1.314568545604866481e-02
-1.014496539238579804e-02
-4.526503159373733258e-03
-1.873145864703198646e-02
7.166400463819278845e-03
1.562760556675976339e-02
-8.669549528408511093e-04
-8.224907537505262572e-03
-2.264914538799793226e-03
-9.011367608861313092e-03
1.377245935290985490e-02
-1.320433641803366552e-02
-5.260599674251890782e-03
1.260576620099889550e-02
1.273729079635389089e-02
1.505023597456691363e-02
-4.826710029111188835e-03
6.056102541790098735e-03
-6.738420407981908847e-03
5.510441751024718580e-03
-5.975909542568203642e-03
-5.600311219938162478e-03
9.377622364750348369e-03
9.807941273275645744e-03
7.851047578724226414e-03
-1.931309894402054349e-03
