9.829947005482054384e-04
-3.665018281352128908e-04
-2.053558774934524135e-04
-1.898710181081893038e-04
-3.045371220835580133e-04
-2.857505486737745254e-04
-1.078678512374138141e-03
-6.005883299696916427e-04
-6.116835451105440699e-04
-1.394370593122290676e-03
4.509977072260028231e-04
1.097724930458288551e-03
-3.294678037696239896e-03
-3.252713364619708083e-03
1.022657232904508861e-04
5.661731979630695499e-04
-8.082796940800249718e-04
-2.956189066119618587e-03
1.547265450776088690e-03
-3.619170187736530427e-03
-3.136482620319397743e-03
5.062103716738111658e-03
1.245971680062363425e-03
3.596716125407822384e-03
-6.352721158068283698e-03
5.962391669046889983e-04
6.599277481205951352e-04
1.148913420191686888e-03
2.144591771780573856e-03
7.369748710325230677e-04
5.961921430658260454e-05
-1.040303548391252565e-03
-1.931848550208146954e-03
1.380859645046172415e-03
-1.603741583937185172e-03
-2.132548394481947548e-04
-2.137616041076500009e-03
1.964567165190466954e-04
-1.424547764372312807e-03
3.298848397471934330e-03
-3.156974794104137373e-03
1.720221418380568439e-04
2.749212392377974740e-03
7.761402397349454699e-04
1.093292577189087589e-03
6.275354306023417893e-03
-9.069809343469471905e-05
2.301324594623312386e-03
-3.172287439188746332e-03
-7.448893115468604564e-04
1.586379220043565629e-04
2.811393127541653592e-03
3.192321122206247860e-03
1.165941603922522867e-03
-6.733798673490528144e-04
-1.065035056685600208e-03
1.071187387685545479e-03
-1.415839390162133187e-03
4.886150492872953950e-03
-1.329486260580201896e-03
-8.690548498700917997e-04
-3.446659507013566468e-03
-3.188622782917531484e-03
3.626996797361600744e-03
4.185976864272976210e-03
-2.908323286891445155e-04
-1.469814016512552887e-03
-8.025611160101193194e-05
-1.168220605231621743e-03
-1.046872215567988930e-03
-9.136076274102490624e-04
-6.798904313750762278e-04
-2.163746218334804041e-03
-3.853230826624087888e-04
2.118154015083987141e-03
-4.165816738643939200e-05
-8.006862855216341111e-04
5.545480440872567170e-04
-8.493765034580675200e-05
2.833400051649969265e-03
-2.688253639886647398e-03
2.315971165757832375e-03
2.047276688808405496e-03
7.104374094028944675e-04
-2.731062014110297812e-03
-1.205733925063736832e-03
-2.877496925953291259e-03
-4.161156013707477917e-03
-2.429550438762269999e-04
1.894855845855279025e-03
1.460825818459602190e-03
2.470780055667143749e-03
-1.703541465337185491e-03
-1.189571730903710546e-03
2.302306117013638853e-03
-5.235876117538069974e-03
2.534794672604965583e-03
6.941168971530352859e-04
-4.072712406701161497e-03
9.508957857812459476e-04
-9.265061679976165868e-04
5.018673850759987820e-04
-1.342103560835866552e-03
1.478800550130272449e-03
-8.722340330382706303e-04
-1.881601049625938882e-04
-3.020055088005744732e-04
8.176109797557053584e-04
-1.720678411223608396e-04
-5.851470419281157645e-04
-9.420506898143722304e-04
3.326938561210036980e-03
-4.726213650210822083e-04
-8.817027281796019529e-04
-1.618970596437516467e-04
2.291955453715742962e-03
6.573945858493427264e-04
-1.083783921427152732e-03
-6.086068439484922880e-04
-2.785804983565852259e-03
-2.266679502222998174e-03
-3.671051600949221637e-03
2.390240378658687811e-03
-1.934922790174231329e-03
-9.905700392499863696e-04
1.909002855192162883e-03
2.149469870952055040e-03
-1.081815838836565824e-03
3.395816621354488547e-03
-4.024628184043329334e-04
-6.419405339452752789e-04
-1.599441822275200244e-03
2.674621171913377053e-03
-1.623075412376889662e-03
1.445225504379305968e-03
-1.064954065414799563e-03
-7.099495305356357975e-04
-2.498548616162837074e-03
8.463267516208626638e-04
-5.648849864956324504e-04
-7.052451190668314416e-05
-2.321785638073090279e-03
-2.613898334976324806e-03
3.488714554114006488e-04
-4.512733554313686640e-03
-6.417646413262963938e-04
-3.055591380241942396e-03
-4.913019461486171566e-03
2.727473120487388086e-03
1.714047781530259138e-03
-3.444917286194015566e-03
5.707710803379991392e-03
-3.528063713803924507e-03
1.456170750896836584e-03
7.430758626059940850e-03
-8.620203789128322259e-06
4.111447958354621200e-03
-2.954672782452512705e-04
3.400330040014285307e-03
1.033110761207075163e-04
-6.792436118605811373e-04
3.634278498967111561e-04
6.087201123296625931e-04
8.668328265430402801e-04
5.616950854614752124e-04
7.451978861908757417e-04
-4.821703658410365283e-04
5.701550551997204780e-04
-1.712274855724228522e-04
-9.238943720837364086e-04
6.299893039339393925e-04
-5.458582633195961393e-04
2.590639168989225332e-04
3.190937527845775959e-05
1.206926926858466805e-03
2.487210164345659267e-04
1.334612051255995102e-03
-9.929421742973956570e-04
-1.313650722907851610e-03
-1.360889192764132456e-03
1.968301576801781676e-03
1.814552167160445083e-03
-3.468495272301737298e-04
-8.738556781704434417e-06
1.169737096751163625e-03
1.295218192847804239e-03
-7.508792694118648654e-04
-1.724957851230534247e-04
6.252313466853173535e-04
1.354017050253532295e-04
-7.762036100873023411e-04
5.096884423051067144e-04
-1.625557930290119591e-03
-1.241474999669026601e-03
-1.941268578226831550e-03
-1.071799081425985978e-03
-1.223885680108159754e-03
1.547383100646857867e-03
1.154942693224445677e-03
-6.038370313461560029e-04
3.429882696048380374e-04
-1.838164011559683645e-04
7.346279580499148580e-04
-9.539892965419520489e-04
-1.143972325255190582e-04
-5.235388347365761263e-04
-6.711166082229342873e-04
-1.599454451414839039e-03
-2.371079945290537581e-03
1.135829676356074538e-03
-1.751429022647298626e-03
-2.783591020180751358e-04
2.036260676665418382e-03
5.441377422523412805e-04
2.528996222821867663e-03
1.190401498668378511e-04
1.209433393648816661e-03
-1.456386932787495300e-03
1.132608260079039694e-03
-2.683114880309715213e-03
-1.847058555053337440e-03
-1.860285957504350697e-03
2.409033852616986656e-03
2.620661816272387831e-04
3.202075229078166566e-03
-1.506762228481532771e-03
-2.578779969939285475e-04
2.271737588320622489e-03
-3.096721858761327761e-04
3.489298809265324510e-04
-2.498317005042506242e-03
-2.788096732131350227e-03
3.158933980535385009e-05
3.622725502245164111e-03
-2.735239348575984903e-03
