1.021588897507597462e-03
-2.546997102505580476e-03
-5.790804010951854314e-04
1.140006155714267918e-03
5.647826887756146694e-04
9.329857132831424836e-05
-1.345048108064809652e-03
-3.246641401091690114e-04
-1.021694983523895647e-03
7.318395692030807984e-04
3.997449685105734980e-04
5.758742956429817577e-04
-1.363488975260936618e-03
7.289880683813376033e-03
3.287174844915635632e-03
8.476120430212107548e-05
1.949974389353897799e-03
-3.243560682293224889e-03
5.288591437518073458e-03
-7.366992467813790251e-04
-8.536605073574015431e-04
2.404807350494077029e-03
-1.322371323687487757e-03
8.540060580986178580e-04
2.363076379193625697e-03
1.856807724269508549e-03
-3.135305151654387956e-03
8.607779173702218489e-05
1.105031823953610227e-03
4.772451917315871520e-04
2.640910137305991666e-04
2.239975175293133260e-03
1.421095080098521172e-03
-9.700036414486785594e-04
1.078132317041109820e-03
-2.398508047336922293e-03
-2.821816183602005122e-03
1.476013750177678201e-03
1.604345150851293556e-03
-1.462164698494541892e-03
1.213084714531576826e-03
-1.156333249423784608e-04
1.412554682339508356e-03
-2.626339451131534143e-03
-9.972176224643442867e-04
2.423569463244738831e-04
-1.986340282863898171e-03
3.463002099740855513e-03
4.095732368077972980e-03
4.991981175030081076e-03
2.638660038411855865e-03
6.666572165968684491e-04
1.323613597318828473e-03
1.478027153741572021e-04
-7.041434420486437397e-04
-7.895834102080596592e-03
6.104136618583139162e-03
4.295836869362139494e-03
5.238050788243658884e-04
2.532365608365287363e-03
6.619074241395264419e-04
1.979293459764990427e-03
-4.177943381223850165e-03
9.906219547428543430e-04
3.094213743648786819e-03
-2.542416860308016266e-03
-1.908367522903257646e-04
-6.297834851228568953e-04
-1.572693893574320448e-03
-5.623495371707123904e-04
-2.493150434132459549e-03
1.890869741742858207e-03
-1.509392466445090477e-03
-4.643968473713433118e-03
2.147279818765346522e-03
4.367990445716235168e-03
6.804950894438360548e-04
-3.435670364658177395e-03
-2.207192156535735510e-03
2.934605774881478280e-03
1.288105358690121768e-03
4.611738486471885580e-05
-6.790830256465986989e-04
-2.570593916485280819e-03
-1.434619001143604567e-03
1.557709608807199535e-03
6.310347949019551317e-03
4.161910119953216199e-03
1.988601496784735741e-03
-5.944965916934075514e-03
1.486311689221066429e-03
6.068844167114582260e-04
-2.567196726987131406e-03
-3.082819920056952380e-04
-2.856777849163316500e-03
2.175609183968726327e-03
8.029646383393621413e-04
7.787141941078031936e-04
1.599749049872624613e-03
1.145553558815795830e-03
1.732019539014111780e-03
-4.421872477082491220e-04
1.372705537656119384e-03
-2.224327800058784749e-03
-1.329041712586366639e-03
3.270510166542070843e-03
-2.388010468764275966e-03
3.231889676969887208e-03
-2.541150671215055266e-04
-1.377741495314919757e-03
-1.514530745842827429e-03
-2.902259507430631283e-03
5.876112628202390239e-04
-5.956313154856673247e-04
-3.464800687612744606e-03
-1.642029064458680725e-03
3.916912404638129793e-05
-1.728128019259218785e-04
-6.287121861297526905e-04
2.120270911206335700e-03
2.015161124257012788e-03
2.860862836642736468e-03
-3.437479744330236564e-03
-5.936703220833381735e-03
1.181721061095906706e-03
-3.849195210274237826e-03
5.276541010258974053e-04
-3.069908365247645107e-05
-1.519824458994656759e-04
-6.712735989603926855e-04
-1.740680703994140690e-04
6.708596874697767389e-04
8.207718120829925190e-04
-1.413230702912954316e-03
1.704590406061079477e-03
7.810052316267345916e-04
-2.227329866006787663e-03
1.534558562098327188e-03
2.601914785954755147e-03
-1.426257967151352713e-03
-2.235700769836976648e-05
-7.929011098173679170e-04
-1.677777771037673900e-03
7.955508891423580592e-04
1.302548401544832484e-03
1.165679212597611422e-04
6.953797058927396442e-04
-4.494805466167448276e-05
1.040843620953724917e-03
-4.689902400403558316e-04
-3.485116779529207152e-04
-1.631050761675074132e-03
-6.093685695373199721e-04
1.236633048701128636e-04
-2.592080514958536395e-03
8.669842173219181707e-04
-4.099331734446692377e-04
-1.800731097004953463e-04
-3.013431401624215231e-04
1.629831345754601153e-03
-4.451080745104112361e-04
-1.729751238895648564e-03
-8.071926034996537941e-05
-4.776449179324513458e-04
-1.107569430664196233e-03
1.664579780146434556e-04
6.817867196565284961e-05
2.017946595802395330e-03
-1.476429423882751838e-04
-9.923331854073195573e-06
3.437825628326281560e-05
-8.248907268995615914e-04
1.339687491875601009e-03
1.975596042903721844e-03
7.744346830067979888e-04
6.394475977141649654e-04
2.165127542980562186e-03
1.643354641413763981e-03
-2.694814091667648725e-05
-3.598635409237892473e-04
2.695791882976574134e-03
-1.148230744749785797e-03
-5.530361777306198488e-04
-2.244898989859945041e-04
-1.405741459198717094e-03
3.832789257393349330e-03
5.499447660342388815e-04
-2.078552605511910581e-03
-5.319701898787604919e-04
-1.027050158919881378e-04
-7.045775819363508463e-04
4.715251326029293517e-05
-5.700263245923183763e-05
-1.331849612476644509e-04
-5.584513795205493835e-04
-1.772502273382190385e-03
-1.722801577204499191e-03
1.965605629573589485e-03
1.857425428524151173e-04
-9.479052076775894525e-05
4.819931120883911519e-06
1.255021229696930791e-03
1.332739600737698838e-03
-1.246917939899575651e-03
-1.131302792789755114e-03
-1.979784095154721833e-03
-1.960864039638229427e-03
1.428275256086075640e-03
8.495666971300252059e-05
-9.027170284745817796e-04
-8.883848335859478645e-04
-9.307033588885937122e-05
-2.805132062016406878e-03
-1.506148235457710092e-03
2.021320975769976165e-03
1.862346256486614900e-03
-1.406727576003402504e-03
-6.928764441583933715e-04
-6.014562210068971322e-04
2.389278402048954347e-03
7.955958864797328970e-04
1.481554874078048600e-03
1.989891951255410522e-03
1.828871180831311873e-03
8.200052959699492394e-04
-3.200478880892216357e-04
-2.670291752551539298e-04
3.188355082609893999e-04
3.388583714706651416e-04
1.094980473187244117e-03
1.262006040877866608e-03
1.918428287146037000e-03
-1.398471079243110643e-03
-2.313569295330993730e-03
2.007620177583469522e-03
