-6.967801776112407443e-04
1.247216332691772345e-03
-6.530291553891188474e-04
8.777669000278615768e-04
-8.617578345272575158e-04
9.561665477649483559e-04
1.011677914923779476e-04
1.512771708575949212e-03
-4.841920216277902046e-04
-6.665503644036294703e-04
4.654879360894303812e-03
-5.509702362635080820e-03
-2.371142615660496236e-03
-1.072384596115680050e-03
5.470677167240109093e-03
1.963748536527013758e-03
-2.273147479214279038e-03
1.733993801802345084e-03
-9.988373450847114893e-04
-1.594338676338465967e-03
-1.636779801582278950e-04
-3.351074910512410803e-04
-3.994962575126064300e-03
1.058701660364116904e-03
3.540500063454481931e-03
1.650163109541689585e-03
-2.262671821271368790e-04
2.952824828559301191e-03
5.138194970828240072e-04
2.460753231299195060e-03
3.376842980080640901e-03
3.638643994112634333e-04
1.947057371390373401e-03
-2.724342433978402082e-03
-3.905620683448012432e-03
3.406869623044983314e-04
3.384249170486972394e-03
2.742257607075741788e-03
-2.167668725615148461e-03
-2.931287516559987273e-06
1.711638159501339843e-04
5.705976474435269473e-03
4.289281298300346053e-03
-5.853485698832023784e-03
-4.621739035190296566e-03
2.897215425539009705e-03
-6.810286493006063088e-04
2.407720444891984276e-03
2.700065408154581504e-03
-1.978902523965997591e-04
4.285429741281403769e-03
5.005165715024446557e-03
2.981474069872755601e-03
-2.482478644268163760e-03
-4.314569310678529647e-03
2.047253772064681898e-03
-1.618553795599489723e-03
-2.123775467282893424e-03
1.552224330950878516e-03
-1.814363681857585195e-03
-1.060791222390609781e-03
9.034107195796054271e-04
-2.780709360983376569e-03
-4.009900401022987657e-03
2.311636923816161885e-05
6.484005341684316408e-04
-3.112232090317218047e-03
7.096865352290224064e-04
-1.626724738158655693e-03
6.184049943212696588e-05
-7.779398445059418007e-04
1.979726736190796921e-03
3.488767000720843781e-03
4.069981973001314361e-03
1.087724635370126937e-03
7.856320545155093781e-04
3.645244820519080806e-03
3.921297698473949923e-04
-5.451500130959868566e-04
9.388734729458540372e-04
1.812503387496697304e-03
-4.345768665566639307e-04
-3.282263325456956198e-03
-4.857383955752506491e-03
-6.082877246010496251e-03
-2.665547548263804030e-03
3.550758290226259037e-03
-2.546291774526623439e-05
-1.388563290669662378e-03
1.641167991842624270e-04
-2.742254040228781203e-03
-3.919264997204774913e-03
-2.412431361285449945e-04
1.840718876573774372e-03
2.033189657713036294e-03
-7.545563405937768999e-04
8.093696486066574193e-04
1.212283085117676126e-03
-3.700935513061087245e-04
-4.148162907220481407e-04
-1.271423799211016926e-05
7.117311764620148744e-04
3.798716956719282623e-04
8.376669918253749078e-04
-1.567794227121232587e-03
1.375009302896192673e-03
-9.039896108206871153e-04
-1.151489218360002287e-03
-2.114356969995548851e-05
-9.779815903800948007e-04
-3.330535047594380613e-04
-1.364154297716964380e-03
-2.291727889528595932e-04
8.618487730840189128e-04
5.859004367306917425e-04
1.231986813373849195e-03
1.357740147845047695e-03
-5.112516877362079364e-04
-1.269809130763815573e-03
-1.252330233125647542e-03
1.156340422987333369e-03
8.662324890231351202e-04
2.988334056288329075e-04
1.071290040220344115e-03
-9.641741339728995483e-04
-1.497363470503412309e-03
1.268181620198827306e-04
-1.472055697804049840e-04
-5.561371067685995546e-04
-1.017920798401315179e-03
2.203286063675919185e-03
9.987491122905880168e-04
-1.383272901937477673e-03
4.300906555500575942e-04
-8.601659600496944485e-04
-1.266303411676790404e-03
1.724259372353652156e-03
1.779777167763576000e-03
1.044721084850074640e-03
3.095643909109855457e-03
-6.912884586863956952e-04
-1.659816522199303486e-03
-1.196396180050547783e-03
-1.159342877164525531e-03
-2.761955944976317214e-03
1.060820098166671106e-05
-3.146541485283819734e-03
-3.978264588945674691e-04
-1.688286181949730669e-03
2.221330140580787121e-03
-7.062202907045081251e-04
8.961513616760822913e-04
1.222963919549205532e-03
5.596034889349634682e-04
-1.524317167097771026e-03
-1.362032896642027769e-03
8.430558611730930123e-04
8.279712348000373145e-04
-1.448632497783070450e-03
-2.330867894729284073e-03
2.096499395586013531e-03
5.858295440593692298e-04
-1.556835589504303782e-03
-2.249144159649863438e-03
-6.564861277715886272e-04
1.430105098657192533e-04
3.301734938395922778e-04
-5.088401172398110536e-04
-1.287356244099639073e-03
-1.452540178761114196e-03
-1.384363636890352956e-04
-2.398534851180840997e-03
-5.408509323367677400e-04
-3.162108060029618654e-05
9.042165512830798455e-04
1.670154208220429968e-04
-5.456772239131565169e-05
1.681461803059549828e-03
3.023266679763946885e-04
1.420568165399645026e-03
1.453155484831844622e-03
-8.041150939366438315e-04
-1.697078368688464175e-03
5.565795169218140269e-04
2.358238329952628935e-03
-4.106752069891032468e-05
-2.598936637763081970e-03
-4.974260331726883689e-04
1.386689611153464619e-03
3.389222690641997045e-04
3.693748689259442226e-03
-4.271953765587123419e-03
-2.773791605783029485e-04
-1.933743323284591942e-03
-1.886597333821811125e-04
4.097027026513242929e-04
-2.089432541928397998e-03
1.463616312274548987e-04
-1.404547220206587687e-03
2.482181007394906706e-04
3.113014552567731040e-03
3.046834834293220880e-03
2.072909138049413430e-03
8.787183476136098924e-04
3.475470460158973894e-03
-1.500772459897203534e-04
-1.767703697429037725e-03
4.876641681547082686e-04
-3.743478442014101272e-03
-2.772999531468792970e-04
4.508028584778475505e-04
9.745693859709919291e-04
1.464890476482560815e-03
-8.978886989691240144e-04
5.222675074308318153e-04
1.447003601032565822e-03
2.058506401421004821e-03
1.129785444414930758e-03
-1.316674181768927700e-03
1.211718172918161644e-03
-2.389194078364861341e-03
1.751205652051259594e-03
-1.638771516175046303e-03
1.957516107387792959e-03
-2.448121789068118722e-03
-1.830537862809568936e-03
-4.228425398155395004e-03
2.021755801598080961e-03
2.402967284546370495e-05
-6.165369474203807485e-04
1.937419165403919360e-04
1.631298236944508278e-03
-1.031517046453592733e-03
3.712811173474776533e-04
-1.024756113519044139e-03
