-6.099729308734832970e-04
1.369643884479584441e-03
-4.731201921493123543e-04
-6.508091153567988974e-04
1.235805100784106514e-03
-2.583049252902797251e-04
1.218347499063546831e-03
-3.883967356477196608e-04
-1.585450203848520442e-04
-9.948629185738903490e-04
-2.022099675226183852e-03
1.110192169964906161e-03
1.102344256931951519e-03
1.140815362774240871e-03
1.272752622142091141e-03
1.166877407783869147e-03
4.066606025028480544e-03
2.655134926792679460e-03
2.423434141299214434e-03
3.071597951936764137e-04
7.722477185678641677e-04
-1.479374170378563351e-03
-6.460068340058958873e-05
-8.936455043469063468e-04
-2.805190073815703598e-04
7.604611004582332396e-04
1.454837488098660071e-03
-2.081838867349874132e-03
5.434777516538960676e-05
-1.355823283849873218e-03
-9.341242824267444698e-04
1.671338479597571152e-03
1.478671570221928031e-03
-2.767133771207852967e-03
3.452488856239176434e-03
4.001188589297722739e-03
-1.329158760244851436e-03
-2.447400747416904158e-03
2.773228002078954283e-04
-8.783114595501673432e-04
3.567529381870710673e-03
3.182805695152096832e-03
-3.119492794990446922e-03
-7.524207265959891684e-04
2.422296771229900253e-03
-3.198700047785169986e-03
-6.678804123038798758e-04
7.572210871357743780e-04
3.623644521563266618e-03
-1.232266241560934540e-03
-8.309303002841328389e-03
1.982966139091480590e-03
2.254972735052080887e-03
-5.450249253396940476e-03
3.451752311472279164e-03
1.338977164168021284e-03
-3.990540000770933658e-04
-2.862445784987567923e-03
-1.521682260820176767e-03
-2.725617523909595343e-04
-1.428315783867754223e-03
5.293522953271588560e-04
-1.287222958932423026e-03
1.113858121096592511e-03
-6.682197526925363982e-04
1.973831501659963951e-04
-3.779787123953723535e-04
1.309875481969129162e-03
-1.672511426194023222e-03
1.363219814604196747e-03
-4.579881992352351824e-04
-1.700819970777777725e-03
-9.063475247189111718e-04
-4.531304831906201040e-04
1.574079906592807700e-03
-2.709618625208266678e-03
3.534540450006320913e-03
-3.569999991623443755e-04
-7.058759119652728705e-05
-7.487923845543413559e-05
2.810206020622167157e-03
-4.482588071749477043e-03
-1.292909530915463357e-03
-8.264811853012834358e-04
1.080110504427306576e-03
-4.838479233650971423e-04
-5.148828873508725030e-04
1.141317410808477713e-03
1.361880448971885919e-04
-4.770519537245080429e-04
-5.927777954464631856e-03
8.599835018535507232e-04
-4.352176654428251308e-03
2.864617559865947731e-03
1.974862742740924779e-04
-1.086079143631186393e-04
-2.589621578827938663e-04
-2.232223680266783201e-03
3.475978351445436348e-04
4.446495475993960896e-04
-1.244743016717037021e-03
-1.230650431529470810e-03
1.436427332508212690e-03
-2.756283695670976117e-04
2.315860881188512230e-03
-3.012392234636823013e-03
-2.483400903601926113e-03
9.843905733338798557e-04
4.245381154654000113e-04
-5.820700819754455989e-04
-3.647685014656235764e-03
-2.467527345991306527e-03
-2.368521275797787987e-03
-4.011632990669459879e-03
-2.583789196287782867e-03
8.354444150043553903e-04
1.912759425997499416e-03
2.229229511939527768e-03
-2.193783787043771232e-03
-5.709721463706752317e-04
-1.894524588479351698e-03
3.146324347474113974e-03
-1.807148798442269127e-04
2.386742076539339827e-03
5.252672883523923624e-05
-1.392588016835625934e-03
-2.473581665933745517e-03
1.163517851822878110e-04
-4.734761626545005639e-03
-6.900634233038789762e-03
-7.448075107677227396e-05
-1.432236059320695634e-03
2.582788436561736446e-04
-2.480614813110055866e-04
-1.488869036789480078e-04
8.769750979405707995e-04
-8.853321863004962565e-04
-2.849932131764357462e-04
7.233179238092451524e-04
1.371205968331954891e-03
6.445053632686402901e-04
-1.399632406134984630e-03
2.754605353306468314e-04
-9.066661706909509664e-05
7.114502861706894403e-04
-3.500993511856227204e-04
-1.139865455324654822e-03
-1.051370722408273865e-03
1.746637132903107676e-03
2.780614041704380771e-04
-2.120743377812943928e-04
-1.114813336422614464e-03
1.145098878940298791e-03
6.199240965191186482e-05
-3.629148092072881338e-04
4.902063728824827870e-04
-6.920708212815900777e-04
1.788732295395745533e-03
1.641097952145735084e-03
-1.367172267785006241e-03
6.842483639706386069e-04
2.436859230047498561e-04
1.570521658147100257e-03
1.141237707002897873e-03
-1.680477467936560205e-04
-9.180097891961822671e-04
2.203830545792665287e-04
-9.576341884716254183e-04
-1.549983085997361796e-03
-1.568028045587703707e-03
1.598609166905625789e-03
1.723719728531493672e-03
4.232451521583864671e-04
1.619919652682033249e-03
1.637658002153062240e-04
1.611167901356000409e-03
-6.916999474281689507e-04
-3.081092928962913548e-04
9.860860055260292373e-04
2.316697794704104926e-04
-6.243661277451600499e-04
-3.038306301254390957e-03
-4.707176987718794323e-03
1.832378308454226529e-03
1.167299829543844538e-03
1.717999887442043464e-03
3.109955166991338477e-03
-8.051410392525662528e-04
-2.194681554955227581e-03
1.413024790890219122e-03
-7.030464200267808571e-04
-9.168715950460666576e-04
-4.194813794129978500e-04
6.687468347256761501e-05
9.968072237635310865e-04
1.328177188123415330e-03
3.406335050035198125e-03
-2.465485683252476739e-04
1.576350976941563308e-04
7.426814201140880759e-04
-3.869661838628103093e-03
6.161325019526241349e-04
1.775097033891388830e-03
1.035213036717114047e-03
2.425668750919939692e-03
-7.345660078175073569e-04
1.614002317883731939e-03
-8.367385598290359499e-04
-1.575348791900060353e-03
9.319937158982097378e-04
1.514274281829347860e-04
-2.325206491530376965e-03
-1.395760878372869244e-03
-3.251761578420510855e-03
-9.929599719820764950e-04
-3.381027054023007846e-03
5.072885156720624393e-03
1.705830882575819045e-03
-4.063293947224531390e-03
-4.100654322865176019e-03
-2.139830698580951450e-03
2.103602068207736540e-04
2.324898674135723094e-03
-1.406888346034575578e-03
-4.360125687698595512e-05
-5.884853875168242132e-04
5.149011453902076728e-03
5.105572280465278667e-04
9.362080000331308386e-04
-5.237810978444117256e-03
-3.556708912433135129e-03
1.765075541763234382e-03
1.197147139104763700e-03
7.829240283520176201e-04
2.950287782099917603e-03
