1.118420403286283940e-04
8.236656687754398756e-04
-1.468331972799486601e-03
-6.860205377111832726e-04
-7.500069458236611466e-04
-2.872677910231491221e-04
-1.393375706146047751e-03
-6.550789551132991245e-04
1.601513700770506449e-03
9.947140699140032474e-04
-1.399571962329392152e-05
1.095757359016995974e-03
8.818588745885376718e-04
1.607224548138363454e-03
3.437633768023861357e-03
9.481417590994644946e-04
-3.860735029659497744e-04
2.253784416083509223e-03
3.919698166298259232e-04
-1.911747300973784622e-03
2.723037275169668502e-03
-7.766706488033490747e-04
-1.632424758741202674e-05
-3.670395655897892330e-03
1.326412581357570277e-03
1.305326678169260431e-04
-5.682054822576056499e-03
1.150609844402957849e-03
-4.220886151298630824e-03
-2.176951728113143449e-03
-2.218082162533240465e-03
-2.891365962163424796e-03
6.868471739388094062e-04
9.895727219503161302e-04
5.983338533039907724e-04
4.059608274914732070e-04
-2.164299378620038216e-04
9.409100012612426180e-04
1.024544846774594949e-03
1.507653450760532924e-03
2.121098810860403750e-04
1.512352416513163596e-03
3.997503025140286895e-03
-4.528870568534432151e-03
1.738383899552725523e-03
1.539910232321792683e-03
-2.705103817613664641e-03
-5.503025043707205537e-04
2.191367951295567548e-03
-2.187642284085914140e-03
7.927475366385464302e-04
-6.338360263447322031e-04
-2.266812214115873137e-04
-1.005707361603111168e-03
-4.124322170259771161e-04
1.178195947430664674e-03
2.471194762675033279e-03
-1.136981044778934699e-03
1.400327115527056710e-03
-7.619942776086602310e-04
-1.181141999871272502e-03
1.701833809008830882e-03
-1.304690537919160663e-03
-1.886208911596400800e-04
-1.539588644785666203e-03
-2.287850435558954048e-03
-2.345343151408149342e-05
-4.090143942760233672e-03
4.514198756895971762e-03
3.558356839488873314e-03
2.077616251630625202e-03
-1.052006893114088406e-03
-1.952600460133314128e-03
-5.770979940633597788e-04
-2.369142879747740231e-03
1.042970493077078351e-03
2.818039992908135207e-04
6.718314970634958446e-04
4.014754828723507071e-04
1.488723299194725158e-03
3.252511399192778256e-03
-2.035736588946475531e-04
4.659795743561317115e-03
6.038921129712979769e-04
5.624056976596506462e-03
4.291028260696168328e-03
9.083688293824203818e-04
2.329913297258204893e-03
-9.409016181562039410e-05
-3.132758399517034283e-03
1.362939113988254460e-03
1.348556036211976663e-03
2.183001260951012053e-03
-1.724627479093535955e-03
4.218929792789873198e-04
3.956117564311660540e-04
5.307002402164756692e-04
5.313117890420654323e-04
-1.507992423785187164e-03
2.173948412224554171e-03
2.517937872291279178e-03
1.839866497579518284e-03
2.875547482978768523e-03
-3.174315652970236456e-05
1.559487175654596146e-03
2.388886089775566488e-04
3.192305903030182631e-04
-1.449022555614894051e-03
-1.567578794871228977e-03
4.226935265228191864e-04
-7.363472978442863869e-04
-1.224610220735779589e-03
5.480312420194456474e-04
1.225131490209955870e-04
4.448237924800282754e-04
2.955673031569089164e-04
2.320583111141010652e-03
-1.762452631271601254e-03
2.788536992795164534e-03
6.369683151325614481e-04
1.481185750331237561e-03
1.035781508848337919e-04
-8.571363396835347597e-04
6.175123380247101845e-04
-1.025843973395158121e-03
-6.115874113053346509e-04
-1.176909198934187988e-03
-5.777128566836975740e-05
-7.663525012752043803e-04
-2.197265860682745889e-03
2.794110141300221780e-03
1.593581187908355273e-03
-4.931684533457107028e-03
-4.612823710868795522e-03
-1.173108123575284300e-03
1.618876939871734038e-03
1.139525616373378292e-03
-1.061671939127375834e-03
2.338759967476699599e-03
-1.419808755449367826e-03
1.213506042650988473e-03
4.071790630806435994e-04
-6.645049615746618068e-04
5.556361874988843428e-04
-1.704755848045207264e-03
-1.655688205781628277e-03
-3.140676367175123870e-03
-1.973294593305774305e-03
-2.050488201163013814e-03
4.669209635649802445e-03
2.682123791824551906e-03
-8.021346676893261656e-04
3.018088800880925531e-04
-2.963751450511256484e-03
2.518105083483745173e-03
7.155319080382646331e-04
2.521949731466205965e-04
-1.709453515252827051e-03
-1.243438395123735952e-03
-1.302120971647857152e-03
1.014571416442825672e-04
3.527672830798242627e-03
7.945179144688072201e-04
2.619957421529807602e-03
-1.692062776941489479e-03
-1.689831673822403022e-04
5.708118875274361542e-04
-1.031180852663535295e-03
6.537648650441748926e-04
-9.567189227664277869e-04
-7.937469119188833013e-04
8.738897245209256356e-03
-2.781366944287714388e-03
3.021915316318603707e-03
-5.391684241418779819e-03
2.245007097145775617e-03
4.697139912018462836e-03
-1.843776930795720543e-03
-1.473297907707786037e-03
-4.796498891784474125e-03
1.326905686677682132e-03
7.916793794413984613e-05
1.424857517257775751e-03
-2.907094146201901104e-03
3.598293198369106861e-04
1.600560448795005069e-03
-2.876314599861420560e-04
1.174352461261375918e-03
5.405752595389733822e-04
1.156629834544079406e-03
-2.047566849878165035e-03
1.860025556674338096e-03
1.442967357578661637e-03
-3.905922393817249684e-03
-3.097054954878534008e-03
-1.579701447174229753e-04
-4.241315995290294034e-04
2.151004722829010819e-03
2.295612510841181682e-03
2.513136659119876316e-03
1.774052607150007274e-03
9.742044663265102830e-04
-2.213442723102371310e-03
-7.509908352278665692e-04
-6.376353493360249541e-04
8.455394204779521154e-06
-5.135666369356599445e-04
3.286023708495676519e-03
-9.428178706509930153e-04
-2.442628902304021720e-04
1.459707882368557752e-03
6.835171842757414981e-04
-7.823797235306870082e-04
6.501460209218039949e-04
-1.585787129576611771e-03
-1.644924895576871371e-04
6.451249732009308249e-04
-8.674482019257337764e-04
3.295643318810839392e-04
5.934907328287992827e-04
1.895417540208072654e-03
1.889850482270018185e-03
-3.157879901558088755e-03
-3.100493282771888542e-03
3.973413158118012031e-03
1.355439246217773550e-03
2.826705313678856430e-03
-6.212162849522433975e-04
8.267549060192773630e-04
-3.685397899998153781e-04
1.386391934033161851e-03
-6.977227897770512787e-04
1.197188674212529410e-03
-3.648037293866116253e-04
1.228819757980458699e-03
