-5.020783170678878816e-04
9.945800664086751168e-04
7.809247258630997758e-04
-3.389370754052592233e-04
-6.480250547632425417e-04
4.124385670469063215e-05
-1.339843959796496199e-04
-3.784437708981835133e-04
2.981729599351238256e-04
-3.362429930831616542e-04
-1.860016906980117022e-03
2.232740765199817991e-03
-3.647058076812600014e-03
-1.891380701634697188e-03
3.004232316862582523e-03
2.304986390943243677e-03
-7.261811460149597856e-04
9.571790330453336729e-04
-1.139182695213548490e-03
-1.771974508067515088e-03
-6.788178416200284053e-04
-5.327259058851496146e-04
-1.078731766204432457e-03
-1.375665484760885658e-04
-1.890048815533350128e-03
1.595690820338987364e-03
2.516749806343302007e-03
-2.546611886241898284e-03
2.574592893444610509e-03
4.069830258475084627e-04
-1.097087413069938993e-03
1.949255065795595749e-03
1.107275174013493731e-03
2.477239819311151912e-03
1.211749536470178856e-03
-2.674563684304071334e-03
4.458976997996747654e-03
2.175949726902810886e-03
-1.879521542488482187e-03
3.282603938846171635e-03
2.864733565903492853e-03
5.489637819802336595e-03
3.841954296069385009e-03
7.644702671664992686e-04
2.310438804114729391e-03
-1.116873653932083828e-03
1.628347000828864308e-04
1.679604772060077017e-03
1.192164507697156782e-03
-1.534790079187383933e-03
-7.977074768532380327e-04
4.484419412973318533e-04
-5.881987414105943309e-04
5.111013260262731693e-04
7.988934485204179188e-04
1.020626575727393882e-03
-1.144934258313222604e-03
2.111585333671528800e-03
2.143343591856077413e-03
3.294657046817217085e-03
3.675160140252820441e-04
1.286415880197504030e-03
-1.379890150352566704e-03
4.002080414972025366e-03
-9.138312751862956657e-04
4.345381806322152324e-04
-3.193912771369905156e-03
-1.437394569215482516e-03
3.006379071941796266e-03
1.639793003035171790e-03
1.175642323275983203e-03
-2.833542627188790144e-03
8.576283313846429614e-04
-1.076897939630619948e-04
-2.753124442354965180e-03
3.347743159748086533e-03
3.758465000044024142e-03
-1.172413240764685286e-03
-2.708909182743217490e-03
9.603472614490189685e-04
4.367538138977704147e-03
1.121459780096007537e-03
-7.155425235439453503e-03
-7.006223687900767390e-03
-1.293284171890105895e-03
-1.349106651397888410e-03
2.153244282559369904e-03
9.410044100750513405e-04
-2.087656318197946524e-03
-2.359362880251954057e-03
-1.188621878189442772e-03
2.656523643646109545e-03
-3.072397403443395160e-03
-2.514118631704893338e-03
1.508157194025232717e-03
-3.065808564506186315e-03
-1.588170372342964263e-03
-4.026968938333502931e-04
-1.174213830796605245e-03
8.916384421178472595e-04
-1.742805996909544113e-03
-3.035733480518691338e-03
1.180781020984966934e-04
1.090080375382289704e-03
-1.911727895215384245e-03
1.029214000187978623e-03
4.019702259151186185e-04
-1.434458595724158697e-04
-5.977093530059356596e-04
-1.269387912863932091e-03
1.941696612261832730e-03
1.676997312431581207e-03
2.010532521263875584e-03
-4.611965245614558302e-04
2.773692021546306317e-03
-4.438316936953081403e-03
-2.829354345145119153e-03
-6.249716336616742288e-04
-2.645668426502937893e-03
-3.127940622721840300e-03
-1.658488747646231229e-03
-5.892858514327251529e-04
-1.070634311478540221e-03
7.617487359401814884e-05
-3.783533775237438754e-04
3.772366574216276395e-04
1.347959164856977381e-03
-8.770797235422608373e-04
8.001017554039869780e-04
-2.321989894473227688e-03
1.889915051509963653e-03
5.112173393369119851e-04
1.013501173594599184e-03
9.002721045992793545e-04
5.536499710557737930e-04
-4.233986758434460547e-04
1.095748833023966334e-03
3.294174537277135299e-04
6.076949995623395686e-04
7.007284198268218361e-06
-1.730202976170250231e-03
-1.746453605972568155e-03
1.201597008762861959e-03
2.111019305278763643e-03
-1.425350715174487047e-03
1.364527855625255904e-03
-3.432351548407520936e-03
-1.521510618865698277e-03
2.426088280127391191e-03
7.824453649824969102e-04
-9.662155278074960373e-04
1.718370776656876929e-03
-6.159553049593170836e-04
-1.060603886944188690e-03
-5.932340833615415117e-04
-1.639889331969244472e-03
1.874304234729396541e-03
1.181229873401287711e-03
-1.298918368702545309e-03
-4.937534690669033617e-04
1.256441759686327802e-03
1.955353563151677587e-03
1.554570048772213175e-03
-2.227701113303978946e-03
-9.121919609194872316e-04
2.907980791048135095e-03
2.459370237035437071e-03
1.483637996881056759e-03
5.255438792132231633e-03
-4.485120779541618748e-04
-2.963046444113120407e-03
7.917198059532631936e-04
1.116108621166890481e-03
-4.944815479108920914e-03
4.430212143918858814e-03
1.485194537398042743e-03
2.361719720855058775e-03
-1.345361309823350565e-03
1.605001501206855096e-03
4.170659805795982520e-04
6.460214961129081201e-04
-1.213727627207580959e-03
5.928480376336404392e-04
-2.886941582587155240e-03
1.605741488429726670e-04
9.696408871685762527e-04
-1.793913840228002687e-03
1.806694073473452005e-04
1.398899993115714554e-03
3.341341481072795157e-04
-5.617807005892218406e-04
1.351024673466956830e-03
1.691192276262609359e-03
2.309533167725131859e-03
-2.780608567311053120e-03
-7.127237612660027770e-04
-1.390619821017238193e-03
9.505491674759766318e-04
-5.461238971711288134e-05
1.147330731774667562e-03
3.693001547579067710e-04
-2.118029890355507805e-04
-1.029673503994683490e-03
2.637076584432240583e-04
-4.021250491853924428e-04
-5.837181618488193266e-03
-2.858335262778544193e-03
-4.266147848978493924e-03
4.581388890497050705e-03
5.083549560455001776e-04
5.223529171539452540e-04
1.328299756329952026e-03
1.938460915707169952e-03
8.242239152011991265e-04
6.593665181393691807e-05
-1.868547347487561862e-03
-7.306847711904462458e-04
8.967833138059663018e-04
-7.744290146640521802e-04
-3.341916746320452818e-04
-3.711519733810590888e-04
-1.044878825230437540e-03
-3.202083740164474081e-03
-1.056151948710466705e-03
4.495993946031817982e-04
-4.147732673915708289e-03
-1.069283570194853655e-03
-2.003053049785174546e-03
1.829964999371630268e-03
-2.873443465019617695e-03
-3.502555435609940124e-04
1.127613481912836859e-03
-4.686288835415932546e-04
2.626948836193395385e-03
-1.262483229928930938e-04
