-2.342722390258779926e-03
-1.894704201316589143e-03
1.207690289386763229e-03
1.442899682519050483e-03
1.218071233564196453e-03
7.871933413552772117e-04
4.811494711120289256e-06
9.152607318821276991e-04
9.161271795703625730e-04
1.043194326658938723e-03
-4.117194783606166301e-03
1.475815564782450087e-03
-2.188930382354047251e-03
2.730377521551693304e-03
-3.821135926301853607e-03
-2.368319706069243243e-03
-1.120125362928823523e-03
3.051650604964438723e-03
-2.677528385632627159e-03
-1.421050083427612782e-03
5.512033022335808934e-03
3.202849946482922219e-03
1.426028799459363051e-03
-5.425525673215043226e-03
5.806879862873889778e-04
-5.223538075080295506e-04
7.375661645323861070e-05
-9.601275724927278840e-04
-1.791805093956569785e-03
2.098746473564697568e-04
2.679318067198057859e-03
-8.544855347336267242e-04
3.372980349216618843e-05
-2.838228474926013378e-03
2.172537146046063690e-03
-1.987254644471295271e-03
1.176506162128773420e-03
-1.373510374846126023e-03
-6.019480751472663840e-04
-2.214671056974953055e-03
1.025178207035480843e-03
2.666417035543407980e-03
-3.689070433672762790e-05
2.085226935229033025e-03
-5.637832159278724498e-03
-2.928163245661784438e-03
6.256880316507105935e-04
2.422139519401012887e-03
-1.870103039012550915e-03
1.475583070641490416e-03
-5.005909093799841385e-03
1.376333890021945667e-03
1.908003881691084204e-03
-6.547275258866347639e-06
1.911709419927711462e-03
5.131472307932286427e-04
3.502266456787365718e-03
-1.303137033781447693e-03
6.118280201959496736e-05
-1.907361188278639962e-04
7.278017954029999438e-03
-2.031080500834233672e-03
3.045188819394657916e-03
-1.125912207799844569e-03
3.669648787273440413e-04
1.761960748185938683e-03
1.986379422492314060e-03
-2.569591613955639776e-03
1.283151563869359361e-03
9.428892948345744297e-04
-3.287355907782137598e-04
-1.624339294308700709e-03
-8.363337427092625573e-04
-6.132203871176243474e-04
-2.471005239308876503e-04
-3.021541254170694783e-04
-5.464824215893358600e-04
-1.100910254302733685e-03
3.091080902429373589e-04
-1.787585755623096384e-03
3.477323191144963185e-03
-4.465398766291432849e-03
3.532920047880842677e-03
-4.313655332057585862e-03
2.686798968130480521e-03
-2.255099309285437531e-03
1.289016923611615607e-03
5.128663916571082806e-04
-1.597918386256188747e-03
-1.268278380855324128e-03
2.656502034833055966e-03
1.286286948738394470e-03
9.944729289113234463e-04
-2.054952747336407249e-03
4.058770566597245640e-04
-5.497529596077463778e-04
1.691529313127694339e-03
-3.424576751251354884e-03
1.896645137515295130e-03
4.331732716583278422e-03
-5.504304377136128327e-04
-4.328160987414939693e-04
-1.544004988027808086e-03
-1.195712917669378671e-03
-5.781228032523738278e-04
-1.402411676082226770e-03
1.001341852068279642e-03
-1.833034610733984314e-03
1.734585792387500092e-03
-1.042960840347308777e-03
-2.260260601274770742e-04
2.245593446138414561e-03
6.631076876643048588e-04
4.140063036781980055e-04
5.645437036113965011e-04
-2.190142924615850421e-03
-1.488528727441332028e-03
2.916200338094526202e-03
-3.713005380681803046e-03
-4.005322142497651228e-03
-5.789513729830368920e-04
-7.161372129901505726e-05
-3.789436192752642816e-04
1.497834281824841213e-03
9.827946425533448920e-04
1.272720109186184370e-03
-6.200132530863313937e-04
1.718859774731131993e-03
-4.676220426694595485e-04
-8.933103488440399418e-04
7.553565179154547412e-05
-1.624356465886495646e-04
1.908222646072465709e-03
1.324241487893298335e-03
-8.515793381443186299e-04
2.720776042935332643e-03
-1.746462885251990206e-04
-2.849716241444850192e-03
-2.362999154261603667e-03
1.885242704939724297e-03
-5.344750740995927486e-04
2.288914299732111167e-04
-9.585726532216351861e-04
2.710405032692618293e-04
-1.538466753896694040e-03
6.370526803413706710e-03
4.394795552067077768e-03
-1.347256255749820428e-03
-2.638729187794096060e-03
-5.605897396925512734e-03
-3.419245681855944546e-03
4.487156785416781971e-05
3.406788020662924500e-03
-2.396938592707864493e-03
-1.377089903306433086e-03
2.435399548940332844e-03
-3.178687007947073474e-03
3.721940226293612725e-03
-3.599394126996975554e-03
-2.026179931642231157e-03
-1.408172957596982898e-03
-1.344313016723075590e-03
4.350554869561883728e-04
-1.071938657761370905e-03
-8.147313873803326348e-04
1.008074144885841685e-03
-9.900630828122557344e-05
-3.735806437661245397e-04
3.928991331979433911e-04
6.642976144712890631e-04
1.463216175009286182e-03
-2.314308541685248090e-04
-1.365745332564833985e-03
1.314570701898855592e-03
4.765661938358149025e-04
-4.733142758951952144e-04
-1.571600881025722899e-03
-1.940194130782594509e-03
-1.116221070305165692e-03
-2.764589124890422678e-04
-6.378772738482976811e-04
1.881316447441679692e-03
9.501696694992843020e-04
-1.744763969277112652e-03
2.459338278511338707e-03
-5.872697733772256137e-04
1.050901941951917209e-03
-7.134157355492846877e-04
-2.230941216463119088e-04
3.841704476702311019e-04
-2.486694344801366943e-03
-2.747517546700671380e-03
3.674932210101667919e-05
1.010338491040393191e-03
1.018547425072493769e-03
8.835809048197399871e-04
-4.353873715717405772e-04
-6.274545152922713634e-04
-1.780883766046926879e-03
-1.218262011220007249e-03
7.668497919745861750e-04
1.678741728608292927e-03
-7.252601672075193471e-04
1.332353465381658220e-03
-7.888624563569815928e-04
1.377842020195857355e-03
7.866993622972246348e-04
-7.732306120335218124e-04
1.166354491608803667e-03
-1.530620588934984878e-03
1.043370473372546816e-04
-5.846879111228493351e-04
-1.925598449304438318e-04
5.738897185073191601e-05
-9.491723653906486988e-04
-6.533186169129423428e-04
-1.378340906488823491e-03
1.048182441592206962e-03
-1.295692319441652364e-03
1.712923463281673967e-03
1.771380974907754268e-03
-1.239251468674565544e-03
-3.728736488573683536e-03
-7.471741712272773374e-04
2.997796838727557079e-03
-3.197536517834866521e-03
-3.325104984951073560e-03
1.069188571768010321e-03
1.264447438409247631e-03
-2.230906288571331275e-03
-2.277800742248137049e-03
-1.544138079063085527e-03
-6.716796560620985320e-04
-4.824778043363463155e-04
-1.731896679295746736e-03
