4.660031530863914810e-04
-3.393004918405559747e-04
-1.319333214903048272e-03
-1.333366995289549670e-03
1.914700973305570337e-03
1.248329529816930841e-03
1.180374715283743787e-03
-3.231346446750941646e-04
5.703024675499024018e-04
9.664477342160722158e-04
-1.294879837763117641e-03
-1.853385568681754827e-03
-1.010876357277657074e-03
-4.228256531085859216e-04
1.287326191649263340e-04
1.875686019339920614e-03
1.660860101771673668e-03
-5.023049375426783057e-05
-3.470439150511620712e-04
-1.168124468393081413e-04
-2.015711664912785313e-03
-8.299300061941181257e-05
2.018579462146447793e-03
-3.099249737981955594e-03
7.509183174606311835e-04
-1.271765403529849080e-03
-1.080886018542476668e-03
8.757572141613076226e-04
-7.319267285212107364e-04
1.007920310072031676e-03
3.995901643978239277e-04
1.054442615567959289e-03
-1.630205323744087116e-04
-1.141188654462343055e-03
1.077032763897258069e-03
1.066603850427788472e-03
-1.029537710373502283e-03
-4.800204250107766149e-05
1.430946978086677620e-03
2.225751222034284393e-03
8.850967490728472997e-04
-1.099580534941613751e-03
8.395175933390653994e-05
-6.501835368751565604e-04
1.874656770068450131e-03
-1.175133480175797858e-03
-6.705813037951643268e-04
-5.519572684670463920e-04
6.756982498097619547e-05
-1.601107866179076866e-03
-5.335822936095474837e-04
-1.076537572973979917e-03
-4.867188048315691990e-04
-1.318884063558743106e-03
-5.811606718896542099e-04
3.277396283459988900e-04
9.680294978712120557e-04
-1.283271761857938172e-03
1.274874854014263880e-03
1.748476154345911596e-03
-8.294706179064043321e-04
-1.715140382312183845e-03
-2.028487954379637644e-03
-1.797594159367270914e-03
-1.444662021840103497e-03
1.059919493756059138e-03
-4.387021481837500084e-03
4.090805330534698879e-03
-1.664132467086957027e-03
-1.133014334327483563e-03
-2.467895475549241810e-03
-6.632066513455232588e-04
-5.718422482953567461e-04
-2.754280862134401639e-03
1.150448910654045106e-03
1.150856791987721513e-03
-1.216836151365676506e-03
2.549748174377167772e-03
3.364520697551825947e-03
-1.230225540137307866e-03
4.472973930873932937e-04
-4.992893169847686030e-04
7.572418349806741980e-04
-1.896222824437805926e-03
-6.380848127415004274e-04
1.595063000259601231e-03
1.860718795589645517e-03
-1.068979987547827217e-03
3.394139943923665153e-04
1.347090288739104464e-03
2.450120199331657186e-05
-3.167233225510392245e-03
-2.555497291260691670e-03
4.481639086406218487e-04
-2.192210061093304452e-03
-3.078418925396768629e-03
-2.517569900363792520e-03
-4.669268697924031900e-04
1.279114950921307657e-03
-4.453435155298532226e-03
3.046822134421725298e-03
-2.360074775791351498e-03
-4.313280492335246422e-03
1.109525207045312413e-03
2.691036050198425227e-03
-2.108370298245821305e-03
5.256039132585310029e-04
5.768469452655265511e-04
1.948023234790508264e-05
1.676799791016536645e-03
1.563693357016274514e-03
-1.218477705153035500e-03
3.257680077861116637e-03
2.474606358089405638e-03
-2.651988505711483628e-04
1.339908760239703119e-03
6.362470523524133611e-04
-1.226289951537451245e-03
4.265812224515814479e-04
3.174056307719169993e-04
-1.091229072092944879e-03
1.112655363099346968e-03
-1.547798925548050280e-03
7.146111288861086602e-05
6.324268013391823534e-04
-1.130163988038063476e-03
2.408498671039514556e-03
2.958004044926109896e-04
1.018602257188333960e-03
3.404035734280589157e-03
5.042832910145919265e-03
2.477790483821689423e-03
-1.987978575572724085e-03
7.066716829974026802e-03
6.238570330822416042e-03
3.090363132811183109e-03
7.438930053308733577e-04
-3.863899938112667475e-03
-2.946378501602444407e-03
-2.184751953872015196e-03
3.662607672528832119e-03
-8.060295722055656892e-04
5.865660341717775575e-04
3.255840264250181929e-03
-1.111287986910173024e-03
2.093491263273462768e-03
6.470025361470611381e-04
5.435973870669254335e-04
2.300559389230029048e-03
-6.935749888853206049e-04
-1.610133428673111034e-03
1.440326301438402308e-04
1.953515273146788894e-03
-3.611909219165319418e-04
-9.544691931050279521e-04
-2.130170847720843849e-03
-1.135525244901445987e-03
-3.951196636059101791e-03
1.817836522221327137e-03
-5.721967269230056330e-03
-4.581588594281722077e-03
-3.768755210636754501e-03
-3.918744788826936977e-03
-3.903258339892804601e-03
-4.420564814180661078e-05
3.612842023756504799e-03
1.833305610856598294e-03
2.980907324077930378e-03
3.044839830721084509e-03
2.147298828258459823e-03
4.092812369160267276e-04
4.084814785866067513e-03
-7.088915260940754351e-04
1.301502271070557014e-03
-3.527408288254444725e-03
-1.634732689135998335e-03
4.430030244331126243e-04
-6.888461148291484797e-04
1.706185523344123283e-03
1.566512609602898915e-03
1.199573667940992882e-03
4.719811156489952912e-03
1.418517406392613787e-03
3.281080942751428593e-03
7.354128899685302527e-03
-1.621717872970166808e-03
2.319018411611530397e-03
-1.262324950099082957e-03
1.471027601565534279e-04
1.950823689524342321e-03
5.571669174844451865e-04
1.719890097313379104e-03
5.950513880567771200e-04
2.567302786347019222e-03
-7.150868199089379209e-04
6.686535478824959461e-04
2.220791580480320721e-04
1.841829988324504444e-04
-1.361738438681115229e-03
-8.127377065223063794e-04
-2.476031879363523036e-03
-2.524464596111071664e-03
-2.281715547939637805e-03
2.172803840061617118e-03
-2.042259709117613849e-03
-8.710859320244382711e-04
-8.656048114461053654e-04
-7.239733151862140850e-04
-8.325515383388545649e-04
1.036560538537569312e-03
1.676699439555468765e-04
-1.361497628064900142e-03
-1.206144861468997622e-03
-6.627918382405370177e-04
6.150018173247726429e-04
-4.855386103324540494e-03
-3.014589887616418544e-03
-2.561914045452334809e-03
2.444382698868634123e-03
8.461607999761098673e-04
6.745511427187568564e-04
-3.509449938701149975e-05
-8.576277892852591397e-06
-1.100977531798311279e-03
-4.486238779110153594e-04
1.178375700232560906e-03
-1.228096871925111674e-03
8.455806778021076990e-04
1.074669271201291127e-03
1.519414233298264569e-03
-1.949592198369274557e-03
2.084225844613873078e-03
5.955276008523676355e-04
1.786477947611886602e-03
3.412839054977565473e-05
