-4.503014328585326653e-04
-3.112062856891809862e-04
5.027096066236688872e-04
6.160297863582111112e-04
-3.457336425388847643e-06
-3.678883605329471098e-04
2.045945441433334733e-04
3.124661273795888101e-05
1.601270033989167941e-03
8.625492093698765772e-04
-1.729090167972568764e-03
-1.091353115237418334e-03
1.075397846207920430e-03
-1.150032096035066018e-03
-1.750345148800119734e-03
-2.428279632048695701e-03
3.246060490397005387e-04
9.426935121129327707e-04
-2.235862825052705762e-03
-5.190547517249395875e-04
-4.268704665146098040e-05
5.640577400927865043e-04
-2.570191022176510076e-03
-3.704538299258375517e-04
-7.580572710634679188e-04
-3.727994172618310370e-03
-5.256203884506831583e-03
-2.997361232895747862e-03
2.958475670533051733e-03
3.103955039070734317e-03
-3.198590441555739742e-03
2.779338271695874253e-03
3.386428970232156690e-03
-1.140796064639491587e-03
-3.570071236499449546e-03
-4.490374723304487586e-03
-4.262065575223371316e-03
-8.461280499787995554e-04
-9.081443631472036577e-04
-4.874486913029491019e-04
-2.496362892660445795e-03
-3.354735216334381147e-03
2.812446332800548100e-03
2.702824415737796991e-03
1.910760695159116965e-03
4.817905880052673895e-03
3.716558716942110728e-03
-2.759626149852743762e-03
-2.682414991531460822e-03
-2.285684261518914663e-03
1.923807437084732157e-03
1.198932806264488326e-03
2.172045496759650665e-04
1.348951558206094989e-03
8.059558512990295511e-04
6.669599331890667740e-04
-9.370227313749579122e-04
1.541161776204971702e-03
1.629305235095815808e-03
1.470426994893766917e-03
1.609172160895917542e-04
-1.601628124602092439e-03
1.354118139460993610e-03
1.534420621678193614e-03
-1.750907301449853258e-03
2.134794143930754222e-03
-1.633440965565276281e-03
-1.384500749592281355e-03
1.170637417904334381e-03
-2.631399424026566874e-04
-5.222374971942378690e-04
-3.600177402016453308e-04
-5.979288478937073515e-04
-1.077365274622166420e-03
-1.232922739757166064e-05
2.325170836255207110e-03
-5.928222542726514473e-04
-5.057040257785680231e-04
-2.686374876840899421e-03
7.967983972027077198e-04
2.482462290296079659e-03
2.942732336195175418e-03
1.589830717585603110e-03
1.605463654599457437e-03
-2.258465948139523572e-04
2.086844010371851407e-03
2.324951261433819052e-03
1.940132483520760334e-03
-1.026301268619717695e-03
9.449611958984422376e-04
-1.935656031713114131e-03
-2.311202712395926586e-04
9.181334907500001124e-04
4.906485214544719373e-04
-6.576161725035218567e-04
-4.963330993027195367e-04
-1.037193512176914868e-03
-1.569353649903246944e-04
-4.346107369992455822e-04
-9.211698440593435802e-04
-7.324652003770129030e-04
-1.181101739997314883e-03
-5.224187883470320483e-04
-5.950699996158458722e-04
2.087674030316092385e-03
6.677556350091535696e-04
5.980173173024570452e-04
9.444472148438528376e-04
1.817607815014390233e-04
-1.358006242281476275e-03
1.283922909889423630e-03
-1.194886968208156699e-03
1.974937687742383890e-04
-1.301479492100418491e-03
6.096675562563308622e-04
-1.012364775772147584e-05
-2.318867685852964329e-03
-1.747235609797910495e-03
9.050862081807936090e-04
-1.438970385369161631e-03
1.313374323870278651e-03
-2.266082999869978038e-03
-4.898361868254281788e-04
1.902574349966550614e-04
1.923788625597504416e-03
1.722339784133600097e-03
-1.195665650300589417e-05
-4.096536776617362989e-04
-1.263762812978464151e-03
-8.722214890882311062e-05
1.217217282417889027e-03
-3.111451947535745174e-04
1.336513675746521350e-03
1.745750684542405739e-03
-7.356952820732294345e-04
-1.591032281355934030e-03
1.437520942324878968e-05
1.201338931230908069e-03
1.308561925418045549e-03
6.580301509781085823e-04
-2.022737516200627094e-03
-1.518114140204051318e-04
-2.010891562902969790e-03
7.437478241710606145e-04
1.044106738344293631e-03
-1.943345040826736708e-03
2.446176596544641368e-03
1.473057037486857424e-03
1.187105036321032267e-03
-2.187114709746563156e-04
-2.651513457931380623e-03
2.846459324765665392e-04
1.075866718721103441e-03
3.702878074819435203e-04
-7.233889541523984149e-04
-4.352187989556498141e-04
3.794466351815883420e-04
-5.494179217296530672e-04
5.579254916002327662e-04
-1.669785239689472716e-03
-1.564995195552691079e-04
1.348083642600689377e-03
2.682708364563753545e-03
2.705293241217229458e-03
2.031079646913573362e-03
1.040291091437745442e-03
-2.416404809550278844e-03
2.251182760026440664e-03
-1.777297098362338838e-03
-2.777296706301462040e-03
5.349099202147397300e-03
1.014100456367879452e-03
1.919620070878058117e-03
2.250381280737533130e-03
2.554269072295735007e-03
-4.978845947819955306e-03
1.338528309891437451e-03
-2.330595834168796947e-03
-3.863571750215144887e-03
-1.009136124122700530e-04
1.644068445385473125e-03
2.566328064563783672e-04
4.457302069063954759e-04
-3.647935938979752612e-04
2.030426826087298499e-03
2.232945156070128244e-03
3.315781838569567368e-03
-2.661853018794789992e-03
-1.615060086676031346e-03
-4.186772494830694712e-03
-1.848914328602184205e-03
4.067301245924723890e-03
3.421496937790244330e-03
-1.612870111550169898e-03
-6.207453383564173408e-04
3.242967199418301128e-03
4.249561684582039284e-03
-3.661418393042419409e-03
-2.826402408048094006e-03
1.276742497194051048e-04
2.559868064101220291e-03
1.721888656807576946e-04
-4.765613098260749721e-04
-1.371881133059003194e-03
1.745226729733304440e-04
-3.006826776584541235e-03
-4.020274846950854832e-03
-8.979518198940448235e-04
-4.443713060068368859e-03
-2.303353256896712841e-03
-4.223280282023480353e-03
1.537752855479075685e-03
-1.153445564346852357e-03
-4.890206637399180552e-03
6.747332779003106795e-04
-1.845426285518532211e-04
6.186590181437920518e-04
1.569306718184136423e-03
-2.831261848289840129e-04
-2.748328969759971947e-03
4.083769232023023305e-03
4.589928843544632212e-04
3.710551453089125113e-03
7.922529397242682528e-03
2.366554578686744359e-05
1.899191348548639763e-03
-2.818184262465129979e-03
1.833590132456817392e-03
-1.334460337532492828e-03
-1.511577113967952756e-04
8.896619419671294385e-04
-1.549637293730998702e-03
4.629463673566579468e-04
1.801661432035856717e-03
2.539184200354557917e-03
