-8.488676877289211232e-04
5.995092511026368616e-04
9.399845604489770945e-04
3.341194358915713361e-04
3.550690023243982269e-04
-7.087161718102199365e-05
-2.479386215612259473e-04
-1.711595577085761718e-04
6.915293528914177737e-04
6.322099495343719245e-04
-4.800248856904424169e-03
3.939347353786436939e-03
-2.932842515728827874e-03
-2.031484456740664454e-03
-2.349631115654208353e-04
-1.381272822900404080e-03
1.766655630358852144e-03
2.107687647328623012e-03
-5.084287927727433988e-04
1.189013796825762539e-03
5.369387389243234637e-03
-8.975608178947217658e-03
3.262126005186836812e-03
-1.787736166437342913e-03
-4.894344344782673890e-03
2.479026161716260668e-03
2.185485844157755448e-03
8.334139140330936498e-04
1.954307716842104952e-03
1.358373056565222083e-03
3.910549136401014758e-03
-1.830711565870924828e-03
1.526665223540061645e-03
-1.540993183422463466e-03
3.353106489593487508e-03
2.836378830989738035e-03
-3.540640957422795405e-03
-7.578593384225254049e-04
-4.989408736656071076e-04
2.691089252228552955e-03
-5.382370813914182399e-04
1.829932254333472159e-05
8.294630557085012987e-04
-3.653901394350205466e-03
1.893732260785008789e-03
3.545773297281573384e-03
-4.309532438241300487e-03
-5.187664995644070479e-03
-3.084477250248188456e-03
4.535425997951976311e-03
-4.799036633149913154e-04
-7.951546815293323829e-04
3.015303088620242648e-03
-3.814926482841063740e-03
2.700836255924641584e-03
-4.722237776511678748e-04
4.872462862991544042e-04
-9.920093635065118601e-04
-1.024574690019162569e-03
-9.424103577587415476e-04
4.179260618879795247e-03
-2.656060815597365487e-04
1.490603926145151956e-03
-2.076421370049922731e-03
-3.189021534100465786e-04
-1.802733748516278846e-03
-1.008027081737418148e-03
-1.526933413070843655e-03
-8.209129342987137295e-04
9.370912620600847093e-04
2.553056608280891097e-03
4.164958419272541670e-04
1.474085128245966126e-03
1.221173196484217445e-03
-2.791802408587785262e-04
-2.454177318327030195e-03
1.358195953978243165e-03
-9.443145545686049309e-04
2.560003857863244348e-03
-4.230741998256944657e-04
1.616657119016495087e-03
4.425203745089977187e-04
-3.224843443737230713e-05
8.427860577483475444e-04
-2.286769138685808625e-03
-1.958479642689623258e-03
6.303974804602724673e-04
-2.145646937508891884e-03
-1.906455076153663062e-03
1.293068354927576560e-03
-2.664136697478496508e-03
3.239877722003250320e-04
5.209416578513824435e-04
1.473886978721457384e-03
2.126322479275160292e-03
9.611465227894650822e-05
-7.491489593970349515e-04
-9.928708955662212787e-05
1.801075284038288838e-03
-1.499391143644843724e-03
-5.533271539046377826e-04
1.367893394518595544e-03
-6.664704156943195229e-05
-1.315302552210847542e-03
-8.566294973594806676e-04
-5.898978840305678590e-04
7.445682501165891464e-04
1.897298496631539882e-03
-1.728790937296077355e-03
-1.359608684585199073e-03
3.402837836687639772e-04
1.700727749076553141e-03
-4.725565915268692147e-04
1.274307579130584331e-03
-1.553845955650092576e-03
-1.599632531148373847e-04
-1.565633789726157601e-03
3.696490988564075952e-04
-1.093957743713038747e-04
-2.083766896586958456e-04
-3.825011210802204374e-04
-1.449224300832544030e-03
5.715852444005487323e-04
-3.325736863284123150e-03
-3.808851421305247667e-04
2.166952760382574218e-04
-7.877593686865468590e-04
-8.911917597776820117e-04
-1.197753410994492531e-03
-8.554377679951131585e-04
3.458774050178656766e-03
2.146265018212707883e-03
-2.132542625651398169e-03
-1.621761887499389510e-03
2.588828719451358781e-04
3.472270757631508269e-03
-2.263052392252284245e-03
-2.267081867093850497e-03
-3.475755760678865460e-03
3.700950402768261719e-04
-3.617410926918876446e-03
-6.933125598083261787e-04
-2.034572186985139728e-03
3.559129321625392837e-03
-4.782619466980757121e-03
5.201232755373497120e-04
-1.406261738527126836e-03
2.999222481810068577e-03
-2.159884634244556983e-03
-1.720034483524562896e-03
-8.191294551777013409e-04
4.037611217539207112e-03
9.513588041717821377e-04
2.928860825418550060e-03
5.265352124554228963e-03
-2.919536172186743515e-03
-3.056249186861950424e-03
2.185960816942123571e-03
-2.602556427769443358e-03
-2.355150694439185274e-03
-2.033586961334408333e-03
9.363106938108523968e-04
-1.551455926204051204e-04
-3.246440873714787219e-04
1.837881031775133499e-03
-1.652462014343532379e-03
-5.132738729947415634e-04
-1.354892187453285435e-03
1.129587679953646378e-03
1.128520083357247364e-03
1.371186608578294083e-04
-1.812249233918304041e-04
-1.609364317976821153e-03
1.212019450726779194e-03
-1.961609357073717391e-04
-1.957227246748574016e-03
4.200966311196741650e-04
1.790886785266876044e-03
4.841444884364409697e-04
2.822688940390289791e-03
2.626586496956370703e-05
-3.923514300612219704e-04
1.360215669524698391e-03
-1.338143807987931958e-03
2.144409847577298284e-04
-8.829848672225602173e-04
2.820946757185048125e-03
9.423989238962431460e-04
6.973198374455659735e-04
-1.538370167584639800e-03
-1.509668091387599562e-03
-6.722030001184109383e-04
-7.832591700848929098e-04
1.619948099021851877e-03
-1.245065253838005580e-03
2.988830076413461975e-03
-7.366432713847918508e-04
-9.442212181915163663e-04
-6.585844738349832216e-04
-4.165697713453061710e-03
-1.083670451354519851e-03
-8.820628891131891865e-04
-1.788228080692000983e-04
-2.276498813794574760e-03
7.027473067442559576e-04
-9.726067185982142363e-04
1.425517623157449747e-03
2.284942933877910642e-03
-1.425429264010583553e-03
-2.234651578282238543e-04
-4.324165945705661499e-04
-1.984075677895827221e-03
-8.827848554600543126e-04
-2.093799931913829446e-03
2.911491431866399405e-03
-1.802879089455551977e-03
-3.116860203469778295e-03
6.946282552496173724e-05
2.862826991721568320e-03
-1.042309064742649120e-03
-1.844162214930846009e-03
-2.254970902294930416e-03
4.575398109350502555e-04
2.289887879893041673e-03
6.130604541401120334e-04
1.277861934579932631e-04
1.899615095347536621e-03
4.418203357071455082e-04
-1.498079054334061373e-03
2.605166596668683008e-04
1.201975517226003872e-04
2.789816336828459739e-03
1.257828085027470639e-03
-9.329958608705269849e-05
2.097642028984541586e-03
