-1.002406020456608803e-03
-2.897377139485191543e-04
2.717131362946335980e-04
1.206546360087391075e-03
-3.976951685442801422e-04
5.116822291343139104e-04
1.281044713428953347e-03
-2.813329947903936380e-04
-6.486634480041080474e-04
9.574612039299123991e-04
-4.860780251508350913e-03
-4.437825328153918378e-03
-1.141223618107380620e-03
1.187269378493620688e-04
1.603863337894030324e-03
3.206020565139518913e-03
-5.366263559283965950e-03
2.294913586781447204e-03
5.323562973389253964e-04
-1.310434739767829537e-03
4.026762354250036126e-03
1.850518091860909231e-04
2.093507892234609206e-03
-2.229331985473342881e-03
-7.163783057004290133e-03
2.599315879568469753e-03
-2.434553555531940652e-03
2.249477530892518042e-03
-4.678954348629733948e-04
-1.543759158449653154e-03
-1.697284369759099771e-04
-8.225696410326471754e-05
-2.095104812321763651e-03
1.010733847344036720e-03
-1.639275524326292549e-04
-4.047391366038013277e-03
4.816501204153832670e-03
4.993806804827458957e-03
2.411321379200034778e-03
2.710366271101607820e-04
-1.271285493312327222e-03
-9.089494649076962579e-04
-1.865336671410902777e-03
-1.224785284851782072e-03
-1.230701605163912098e-03
2.349414046112786956e-03
-1.964029739820977866e-03
3.364543081234710152e-03
-5.344345818208872528e-03
-8.343203840022947460e-03
5.570487675649452887e-04
-2.943137246851801336e-03
5.448087362574088053e-04
3.127320218458937845e-03
-3.753057689164104437e-03
-2.436885150624471842e-03
1.417621116075401067e-05
-2.277848220522937436e-03
-6.307621133521228163e-04
3.307767259354348847e-03
1.809280179842587082e-04
2.040350946377437211e-04
-6.571358571249320000e-04
2.195107873093755674e-03
-1.543952385370717670e-03
-1.780760204074767440e-03
-9.445380880023833298e-06
1.684658829237154105e-03
9.363059810813892121e-04
-2.719480408907927298e-03
2.513074397991002257e-03
-1.649847837671912813e-03
-1.039932095378054986e-03
1.145623520950665329e-03
7.285490164712320595e-05
-2.503494594204623102e-04
3.560721806505306964e-04
5.887162935030970223e-04
2.435456289684439970e-03
1.982187375372396632e-03
2.683134303541791633e-04
-1.186854389948303022e-03
1.034578861953825007e-05
-1.274722873163109142e-03
1.636691265173140404e-03
3.746421889359165085e-03
2.096295813592094926e-03
1.498616798093434796e-03
2.696113705224881946e-03
2.792493028717501959e-03
2.181921022506672168e-03
-2.497466556843797470e-03
2.655971820167189832e-04
4.784475300459327179e-04
-1.272333856674951304e-03
-2.213571161599090995e-03
-1.623067516020739115e-03
3.400187592028953900e-03
3.939225442111436194e-03
-3.515684194272155044e-03
2.690740343512664553e-03
-1.159271092654274573e-03
-9.931552244406539019e-04
5.456439854188741652e-04
3.169999585614588673e-03
1.836370491944690209e-03
4.337796594357860012e-04
-6.222598757339727581e-04
3.715141019046097853e-04
-1.449291717036341664e-03
-1.174311956538348894e-03
-2.278182933045318215e-03
-1.347424281222652648e-03
-7.082580587048021084e-04
-1.552815660815688985e-03
7.743012537799713471e-04
1.929742654719890198e-03
1.149019750003967173e-03
-3.904725397438426086e-04
1.115667579002072290e-03
-2.411960341887864692e-03
3.602876058635630721e-03
4.466119013312446363e-04
2.482276383841028680e-03
-3.154977431802595197e-03
1.263724574828204925e-03
-6.959112259668232816e-04
-7.274656001568595952e-04
-2.629903545279027501e-04
1.404211308736386978e-03
-4.137775042518649737e-04
-3.587158020020447553e-04
3.333088507587422290e-03
1.289878907854561871e-03
-3.109498981386250079e-03
2.883712870888381456e-03
-1.792586294134934167e-03
-1.512235203344889983e-03
-8.068180857017797107e-05
-3.901972600826156762e-07
-3.511223305462639940e-03
3.330601468620206750e-03
-1.907020820231791714e-03
2.796429460903439995e-03
-3.813015159133988433e-03
1.156866776410694951e-03
1.226329183888155586e-04
1.639699861010669550e-03
-1.188325422569360421e-03
-9.484271380498384790e-06
-7.910093244222588752e-04
-2.055863050810969803e-03
-3.529535253280609471e-03
4.686123631050963592e-03
-1.570889015075635628e-03
-1.344835462799562949e-03
2.228345041281480469e-03
-7.100414773950785609e-04
1.151178546248771492e-04
2.218017772039329247e-03
-3.700595294757867844e-04
-1.252946741226955906e-03
4.435178286707085389e-04
-2.476670962922944332e-03
-2.467678865442837354e-04
2.522128593427457131e-03
-1.669411090011156716e-03
-9.643069880216386313e-04
-1.474403602584769841e-03
3.142502212519621943e-04
5.692780341317243498e-04
-1.486176958102114433e-03
-1.223554658115995038e-03
4.845129673202448859e-04
-1.363960857572269706e-03
1.900649071460554619e-03
-1.129397003926977343e-04
-2.083239204790129917e-03
3.274672276153054156e-04
9.676450767906277263e-04
3.629982763285426856e-04
-9.180839080266511691e-05
1.234099066131812269e-03
-5.086324172298305104e-04
3.565361620660274984e-04
-2.431428455697512458e-04
-2.490000710935282892e-04
7.123246824821573417e-04
1.269828710581740773e-03
7.312133894489106006e-04
1.104427511848214477e-03
-1.234091769986672932e-04
1.883399128429084273e-04
-9.403223517704536408e-04
5.880645563111518885e-04
-2.791565464783729491e-03
-9.594172170302720697e-04
-2.270292024843252598e-03
1.405522768054888005e-04
9.444433960006440570e-04
-5.302037807629981437e-06
1.035610065545853210e-03
-2.182341049523888322e-04
-3.018794043012741147e-04
1.332734149262530982e-05
1.003011056084857511e-03
-1.531648017983401697e-03
5.680056129282282529e-04
1.281704366123968083e-05
-1.294589339968245682e-03
1.016772085080040874e-03
-2.453131996325439140e-03
-3.373339472375621196e-03
1.691207380451673981e-03
3.575513992730581549e-03
-1.672068546540054611e-03
1.899587021053632686e-03
-5.709625452217988607e-04
-7.625648423835403901e-04
-1.079088495641105381e-03
-1.166590201565288233e-03
1.891155905462498215e-03
-1.838351867251901807e-03
7.364000407246003516e-04
1.409451118602558697e-03
-3.774102824179629374e-04
3.159113487769537340e-05
6.610387292804038297e-04
3.321670852883234072e-04
-1.130069723737438020e-04
2.558185023765132803e-03
-4.206037160823392941e-03
9.835595780703729890e-04
-4.197425371116092789e-04
-1.341242723509213997e-03
