5.809530871161203537e-04
-2.546405647529447012e-04
7.376711859292824601e-04
4.801260863058447311e-04
-4.759476694169347010e-04
-1.124370808306367773e-03
1.072571229453202993e-03
7.744518492292401003e-04
3.883632694981558014e-04
-6.956214711135286135e-04
8.404747716040359990e-04
7.761865345396823726e-04
2.416175449001586352e-03
3.945160200976708981e-04
-5.082390217239333725e-04
1.268980439709557458e-04
-4.910006422952330023e-03
-1.307884527349704258e-04
-3.641654532981704589e-03
5.005939571435922934e-03
7.567669618653609853e-04
2.400081364647065020e-04
-2.008017218413866382e-03
-2.003047049461374653e-03
2.070924271462279767e-03
1.047849228035264936e-03
5.832943587419183221e-05
6.769791537356669624e-04
-6.204755492927307645e-04
-1.975211117382110262e-03
-1.497527479829787898e-04
-4.144435927690801914e-03
1.633434638996309873e-03
-7.354137811155417965e-04
2.648297414324544269e-03
-2.808659429512349974e-03
-1.445436015364680044e-03
5.635994530403028863e-04
-1.369138723420494728e-03
-1.136528000489609369e-03
-8.499806307112837273e-04
-3.255914587126140835e-04
2.462699668958431235e-03
1.140390161114199045e-03
2.990247857245026831e-03
-2.198543377628591009e-03
-1.507834214598967717e-03
1.144394114537703724e-03
8.296555097214108020e-04
-1.958466375324379501e-03
1.888739006392594960e-03
-6.261461321754682209e-04
-1.534074624958728069e-03
-5.210295054366015366e-03
2.600318975657073262e-03
3.187526303228513033e-03
2.143554519783411830e-03
2.492097444548319572e-03
2.233011482810642184e-03
2.946640803493844746e-03
7.791532997518099744e-05
1.199991336311024409e-04
2.243780464617657486e-05
1.113048445508209696e-03
1.747573552570834453e-03
-4.322523997615476980e-04
-5.452466573747523880e-04
3.433089440978729181e-04
-1.162636220430139514e-03
-4.463003872988649008e-05
1.718654358733295688e-03
-4.122211758613491335e-04
2.707309679343977097e-03
2.166517238851539857e-03
1.321213457644507695e-03
1.172837160612250421e-03
-1.038062556514797972e-03
1.467825987317805279e-03
-1.349322902137486480e-03
-3.097209706974744228e-04
1.486077017914862446e-03
-1.152105058575342116e-03
-3.005355729626758236e-03
-8.114436402532568954e-04
-2.369314770928717534e-03
-1.213870036812923509e-03
-8.104869338897013756e-04
3.407897910682379668e-04
6.767752276477475605e-04
-1.019075638846552844e-03
-8.620397206564320899e-04
-2.914981809559112321e-04
-1.282848409049320163e-06
1.123600074206476023e-03
-6.329216994132970744e-04
-4.344945590555183111e-03
1.920287038841989643e-03
-1.893831586387005909e-03
5.761256934281949738e-03
-1.766179160532700730e-03
1.460518095805517875e-03
6.152020043429573320e-04
7.713254038640126589e-04
1.003518329217381339e-03
-7.176588325386128436e-04
-4.065019484911675820e-04
-2.651113993792039627e-03
-6.780429871552058098e-03
6.490166437905319115e-03
4.678737888509924142e-03
6.724221329576608036e-03
4.338837753610316414e-03
-2.390294808689973332e-03
1.945245334825521869e-03
2.274486729164758563e-03
-3.025077383887809276e-03
-4.991360824938005300e-03
-6.621249637582417476e-03
-1.351905182570008624e-03
3.346702891429942026e-03
-2.652395134115650543e-03
1.708320123958642113e-03
1.966045999872687283e-03
1.709507994674932564e-03
-2.224658258747160867e-03
-5.919240956316264117e-03
2.671667619237194473e-03
1.642729902825236987e-03
-1.707750792018404920e-03
1.753391098207085453e-03
-3.667902842910154555e-04
3.287713287608081281e-04
1.414520816782442736e-03
1.061311268356064479e-03
-7.863039636134998558e-06
-1.621008568786725789e-03
-3.625963556405075719e-04
1.959020679901924810e-03
-4.336389877250317266e-04
1.498402742142636648e-03
2.746167373216430729e-03
1.946250963366862041e-03
9.682359613359227749e-04
1.048074294206861531e-03
1.404148971541805801e-03
-4.613984004846004142e-04
4.157549503096858194e-04
-1.066407244271145097e-03
2.530021570930891459e-03
-2.069681267900086528e-03
1.204273950727319849e-03
-3.870465178456809242e-03
-4.798071890256987078e-05
7.209860245555720245e-05
-7.037547133579414140e-04
4.080155536090607910e-03
-2.271175716213513253e-03
9.856859386272568985e-04
-4.917179875161562181e-04
-1.616931756494137135e-03
1.775010001426827232e-03
1.854092650994602952e-03
-1.057153883606756686e-03
2.193619626163274827e-03
-2.002493383686876263e-03
7.021262854071680251e-04
2.008322558771992970e-03
9.540937092130020612e-04
-1.101099493237239811e-03
-1.332121105327127141e-03
-1.036394697778468413e-03
1.754902243460060730e-03
3.024505854463164860e-04
-8.573704668697835953e-04
3.311453074207972892e-04
-1.563485134872218520e-03
1.649593678975952698e-03
2.027331536430892166e-03
4.332383049852326268e-05
-9.454277268453680589e-04
1.311779974996159660e-03
-1.573379143687229182e-03
-8.103820228213925970e-05
-1.789338966022703363e-03
-1.257513170558233152e-03
-3.453262707345553136e-03
-3.436665909287007874e-03
-1.642537668072146498e-04
-2.059481712417413958e-04
-2.034586290752389299e-03
8.220884649439750918e-05
1.873177041290660086e-03
-1.265031788333943275e-03
-1.945669817730312848e-03
-2.474525448152567128e-03
-1.490879749346476655e-03
2.731977851171599799e-03
-2.597107743110096002e-03
-6.883484294905962758e-04
2.626292301811457459e-03
7.888339616168733295e-04
-1.373168106991441663e-03
-3.615129295584776944e-04
9.006835045212989747e-04
-1.740974652742522744e-03
-7.259205406714200857e-04
1.452504105083306718e-03
2.408970379269779506e-03
-1.210368686918810105e-03
1.135872654689058401e-03
-2.481856262884900646e-03
-1.226719388195147498e-03
1.898132783045562060e-03
1.514215944891883448e-03
7.960518065509085113e-04
6.327230907320165925e-04
8.272580460129842078e-04
7.936850659664497791e-04
-3.616786255609999619e-04
8.683573857332356569e-04
7.978091843237021530e-04
3.195179170976980326e-04
1.059517831212470652e-03
-1.345972162259567728e-03
2.005462041267669360e-04
2.369806757999516362e-03
-2.319640660509672168e-04
2.408000682043396137e-03
-1.149441754509475828e-04
6.143144207417439899e-04
-1.241121692556669109e-03
1.550713006278564438e-05
-8.015051853559130093e-04
2.034671813656807344e-03
-8.795380903895525264e-04
