9.447437295330357110e-04
-2.947133716351872936e-05
-7.621799764261963893e-04
-1.367987343495298156e-03
-8.552572858146708680e-04
-3.078660550484698180e-03
-3.852121627771618235e-04
-5.953778478055373781e-04
-1.181539837147665755e-03
-2.333589469312161895e-04
-1.887185503835785136e-06
-1.324822881000671960e-03
7.823847818472082953e-04
-1.456469406075276219e-03
-1.795824090574138802e-03
6.162933646422987400e-04
7.333008278609810370e-04
3.002843309453460518e-04
-1.518987489632695517e-04
-1.046309644000309501e-03
1.058033986210121379e-04
1.411823142477292969e-03
-9.282147320192057904e-04
1.930738150597247548e-03
7.479654057587870964e-04
1.629758146082540627e-03
1.404530831795470147e-03
-4.117000109833932639e-04
1.004987807238434021e-03
-9.467012974077352542e-04
1.697375597443747351e-03
-3.759045117352440620e-03
-1.363387892899569416e-04
2.859427110118242105e-03
1.036065213657414753e-03
1.529759765668423305e-03
-9.115484718651655199e-04
2.544741362163698657e-04
-1.046501890979238523e-04
2.199406405154647349e-04
7.350240842030083101e-04
-2.057574905143404187e-03
3.921122526264866404e-04
-2.327142297339698524e-04
-3.638809116464392936e-04
1.374436566963938402e-03
6.588563080717163394e-04
-9.930399977939285397e-05
1.937857502608084570e-03
4.982615321001582790e-05
-1.182196659421326295e-03
1.829750796914703928e-03
-1.643229901654084252e-03
-2.309227948082362035e-04
4.811218238658924356e-04
4.958316459192366795e-04
7.016197381482666912e-04
2.002766080400063785e-03
8.264750891939479267e-04
-2.224758107653402109e-03
-3.153502263761981091e-04
1.949881453833122872e-03
2.667559330810212893e-03
-2.757778410917008979e-03
-2.267972307227202489e-03
-3.688600461417201534e-04
-2.505351946884413171e-03
-1.349646672760616666e-03
-3.586219193323833803e-03
2.719356177029831362e-03
5.784744183207229419e-03
1.483045943493558564e-03
3.665955022759288633e-03
2.473303869094424078e-03
-2.334266631469992821e-03
-1.148904175781725184e-03
-1.473068032247644779e-03
1.405632547126470190e-03
1.191865915900369938e-03
8.415074350624640468e-04
2.506483539569315331e-03
-3.740077515625253070e-04
-1.809408212716124209e-03
3.592502208528905103e-03
3.842036104825459573e-03
7.288571618486185642e-04
5.877227671426262737e-04
3.334952978907184990e-04
1.820557831731220563e-03
1.606027769045558677e-03
-2.041574693434263128e-03
-1.897286282867125104e-03
-1.756562358643840678e-03
-1.496090507295866172e-03
-2.137310327243142644e-03
1.265864588103874418e-03
2.274063284382757573e-03
-9.820409236720409763e-04
-1.575898319187361060e-03
-3.182832840818274403e-04
7.292226220358213624e-04
-1.925332895949745686e-03
-2.423999679136416407e-03
-1.877666451270224859e-04
4.004660538853145428e-04
-4.322292596723432100e-03
-2.371318772012288596e-03
3.845249829228650391e-03
1.725912516666960319e-03
2.644310749144790883e-03
-4.621390049662773094e-04
8.081626399108246886e-08
2.154705361455956072e-04
7.256755566105441754e-04
-1.984138634159649038e-04
-1.717993009014055685e-03
2.624384901934882254e-03
-1.152341818208601869e-03
-2.353455134600610128e-03
-3.200516741005355638e-03
2.128412385854357950e-04
5.155290300285795884e-04
-8.171929858487330571e-04
-1.226882384195441406e-03
-1.704187916600331245e-03
-8.719721596798500098e-04
2.510778343378193903e-03
5.223990165438955908e-04
-5.218353653947392125e-04
-1.024738826812530632e-03
3.720531458101680299e-03
-1.989333051300733006e-03
-4.558589422161730964e-04
7.633429479447149902e-05
-2.149844631316756398e-03
1.505988013212229259e-03
-5.336881924009326435e-03
-1.809977911655817617e-03
2.899256858452763097e-03
-2.187150760466625554e-03
5.783369478562582584e-04
1.834399172058270855e-03
-3.054236040232984257e-04
-6.382464095451517803e-04
-1.528812061872779522e-03
-1.976501896833600738e-03
-1.594669523427729926e-03
1.435951253638813058e-03
-1.327006931815694632e-03
2.270531290086579869e-03
-1.777702912712065359e-03
2.435276840511633924e-03
-2.871992544680025770e-04
-1.472005882114372621e-03
1.811468092985945222e-03
6.404015168076378868e-04
-2.856679357561775750e-03
-5.178327937325327961e-04
-3.560521926075968491e-04
-2.899733023935967616e-03
-5.071625115852433294e-03
6.349987252865093093e-03
4.445750353356443113e-03
2.487267235870158077e-03
-5.521162276424896459e-03
1.229554605598578770e-03
1.629041320726145204e-03
5.290210373077835603e-04
-3.470028186010280639e-04
5.921562673797463143e-04
4.274993281402707929e-03
2.915839409213781715e-03
1.194692981915587487e-03
-2.804084744844037233e-03
1.496571597319902884e-03
9.971608622080473908e-05
1.155879631925653146e-03
-1.390504382591000419e-03
-8.418968253863781323e-04
-1.123604570259801238e-03
-1.261615748644559542e-03
5.148873768439290056e-04
2.206336988252494309e-03
-1.902484511372525130e-03
7.753203890784561092e-04
-5.780721896724470236e-04
3.565217750243850851e-03
7.245204857932306126e-06
-5.083566375107305760e-04
3.352618016166852496e-04
-2.583073008732487789e-03
-4.614922777401208112e-03
5.950574606455323601e-03
3.678782937622240932e-03
4.490866869559293102e-03
5.413095460236796302e-03
2.133656632367945168e-03
-2.844881268871756515e-03
4.027310910338533813e-03
-2.155221396790092236e-03
-2.121260063438872023e-03
-3.953532541542166198e-03
2.837598671927199414e-03
2.761878145738402845e-03
4.669363509286963564e-04
1.359262259342251854e-03
-7.485414424709653861e-04
4.809119954867689087e-04
-1.717855548600204013e-03
1.132343366204133488e-03
-1.225254429054941643e-04
6.805319693406257050e-05
1.206990764828266491e-03
1.140301716438690740e-03
4.226815919138778303e-04
1.202814176555556979e-04
-2.414434988636912378e-03
1.226500384480042744e-04
-8.348400193058075998e-04
-8.158675614965901768e-04
8.842956327804899017e-04
2.872708174987383383e-03
-1.317007262788645909e-03
-9.607862327994935898e-04
-1.766386295466673912e-03
-1.738145174168025673e-03
-7.234476412465633364e-04
-6.160566272775299659e-04
-3.588282620552730225e-03
-2.993163246642970877e-03
-3.534170331430740815e-04
3.252494441556378138e-03
-2.792087266145172261e-04
6.944065304792782943e-04
7.690381067171274225e-04
