7.007886547653821444e-04
-3.044803100568018464e-05
-3.511935705761839261e-04
-9.866301671690487908e-05
-2.954297715328875929e-04
-3.500938485002282464e-04
3.026957277063846883e-05
-6.269576824724702822e-04
1.297325277176095170e-04
-1.065928145746115321e-03
-1.453387851400835895e-03
-1.611536749156094583e-03
3.272696525892666288e-04
-1.158968456347837361e-03
2.095106722772010436e-03
-1.032310732274118988e-03
4.750556233833573561e-03
-3.372066799649600394e-04
1.986902286446517573e-03
-6.555077417915815535e-04
2.216546081162193568e-04
1.314712711470712963e-04
-2.976023320349840354e-04
-1.343103476644470968e-04
1.212558918856023469e-03
8.519299729610686680e-04
-2.006450598165472349e-03
5.662990669312004165e-04
4.068967685567869558e-03
2.007288860356072711e-03
-3.364572978083913584e-04
1.653062249921320465e-03
-6.923404592081037817e-04
2.238263931343241996e-03
9.153533061816036603e-04
-1.995126875501072850e-04
-4.975382914786172358e-04
2.282018274723987398e-04
1.353185270365890938e-03
1.047009393458023328e-03
-1.337350159161810638e-03
7.429400879844491384e-04
6.267562251529658389e-04
1.036364157658159870e-03
-9.972346231715935923e-04
-6.901170711062578917e-04
2.655129483973868356e-03
6.702567494137253454e-04
-1.537692332203518825e-04
3.408974643532752206e-03
3.707636421997808490e-03
2.121335060604347296e-03
2.731325429503612956e-03
4.106002400196503629e-03
2.986814606311000934e-03
-2.309369870138646818e-03
4.211471600417515671e-03
6.509144064079775251e-04
3.061450251579042603e-03
7.983486498560021750e-04
6.839593557839841308e-04
2.461506909141592111e-04
1.035515710155672205e-03
-2.016194465186046600e-03
-8.779460964920170673e-04
1.223345667877719090e-03
2.610766778838032737e-03
1.999725992235714539e-03
3.930258638068374021e-03
2.070491483978755334e-03
-1.562789245918154738e-03
-1.922095505093343202e-03
1.043318973431663402e-04
-1.265320587973062065e-03
-5.244156937102910062e-04
1.025976867547390755e-03
-1.763696798457669484e-03
6.543564862393193510e-04
-5.502970170126462220e-04
5.242413034624798058e-04
4.505619066123178642e-04
-1.602086454129895759e-03
1.730473998254439781e-03
-2.216140676844649028e-03
1.887703889441409103e-03
1.906144348588378890e-03
3.855590958122768943e-04
1.012394355240851720e-03
1.782185308396665125e-03
-3.809067530049306712e-03
2.058664848588237148e-04
-7.929116249478069221e-04
2.154057087613539274e-03
4.342380580050068592e-03
1.965299678998453595e-03
2.475966941707308504e-03
-2.140108736481071382e-04
1.643185338881720126e-03
-1.099419422187455919e-03
3.989073434706852102e-04
-5.055000192820828346e-03
1.819854651022023489e-03
-7.726648351871453005e-04
-2.743238256045164077e-03
3.404137148889448301e-03
3.385930510934243801e-03
2.336086932984978576e-03
-1.721919322460055543e-03
-5.490461277942344787e-04
-1.519389180017923641e-03
-4.271242156159560507e-04
-9.718669122355165588e-04
-6.810909511696869312e-04
-2.226268651719276199e-03
-1.192402172455239934e-03
-2.515243608167544984e-04
1.198556984220942954e-03
-6.282704720563985282e-04
-2.163867474251937508e-03
2.333096103721960923e-03
-9.340873070547117110e-05
-1.030614323864691151e-03
-4.092556642653644508e-03
-2.191503917547260420e-03
3.854210126380676598e-03
5.447467827045615260e-03
-2.892800999799279450e-03
-3.517926737846604774e-03
7.197029023966919348e-03
-4.393362747374446667e-03
9.828548338812455407e-04
-1.070531725053686361e-03
-8.616281990055812447e-04
3.969788328227465634e-04
1.121112367330378065e-04
1.412051244939524497e-03
-7.201013047966762972e-04
4.224181652732719359e-04
-3.189399745658654168e-04
3.116973997865995984e-04
-6.429369462419689879e-04
-1.247182042851819857e-03
9.065711867240731925e-05
1.372885587286823243e-03
-1.116323574397502013e-03
2.217385156590464656e-03
-9.469055513930693885e-04
1.110147137553197993e-04
1.165034582356185315e-03
-6.386899251278386410e-06
1.473582420985545659e-03
-4.976862243794589200e-04
9.407759878316469164e-04
1.469790790220070484e-03
-1.408829012257318105e-03
3.043363687953269323e-03
4.262429162684682328e-04
-1.511080019466011417e-03
1.936191071787774377e-03
-1.844857964916669880e-03
1.348542185344459498e-03
-2.627010030105799733e-03
2.586206090931421330e-06
3.013851487918526011e-03
-1.342886162577347584e-03
-8.424808459902708357e-04
-9.495307059972068738e-05
1.222680731221317298e-03
8.672350058042211990e-04
-1.083905388980937546e-03
4.672657877560153461e-05
1.576270276584102901e-03
1.207732098746738640e-03
2.242941451423867937e-03
2.004029684589919529e-03
4.909567050461274146e-03
1.656643766646785513e-03
2.990998275783230808e-03
-4.509737944925173471e-03
9.356245455880345206e-04
-2.349912509716918746e-04
6.499653607183472973e-03
-4.825711885482109401e-03
-2.975569322266286530e-03
1.298685291679551332e-03
-4.281995602404289566e-04
-1.319208042921108390e-03
1.173588047814421408e-03
1.944859020388830986e-03
-1.332656719753900348e-03
-1.610400173737128095e-03
1.320414245285392047e-03
-1.268692412978444928e-03
-1.212421011309359467e-03
2.945852914184654624e-04
6.212809043411507805e-04
3.877017394819168208e-03
-6.305496382908950702e-04
-1.337531034313573343e-03
6.837788495672517380e-04
-4.948507790675035420e-03
-8.927254627601787298e-04
-1.118446335661661163e-03
-5.333145756001654282e-05
2.724946112715882860e-03
1.181071905887141026e-03
-5.418536293600146421e-04
-2.875144867872271169e-04
2.007598318739508940e-03
-2.295282323605459809e-04
8.341800828198797646e-04
1.081417816970122077e-03
-1.675105761998824149e-03
4.888401871174886471e-04
2.275009574886293663e-03
-1.468816110948268109e-03
-2.299980839927840900e-03
1.395454445840651255e-03
1.638186507366789450e-03
-3.402963393433054099e-03
-2.406823978558933312e-03
-2.292789038793309974e-04
-6.241126497270874703e-04
1.129037998598492578e-03
-2.630042263915802919e-04
2.263019808039096366e-03
8.267148749429378569e-04
4.569889480150835480e-03
-1.738260716356881301e-03
-2.908267408406539026e-03
6.009541571812158575e-04
-5.951856358316743624e-03
-1.505072292760856884e-03
-1.209702738033812883e-03
-1.394582184331538861e-03
