-1.367373366739737769e-04
1.291658527766562981e-04
-1.777574514676912606e-04
1.102981315794845842e-03
2.712755167238722616e-04
-7.557031883320954003e-04
-5.308591777094040032e-04
3.475361570381366866e-04
-4.814224386213911198e-04
7.149810517601320461e-04
5.429530829913996586e-04
-3.398945069119153114e-03
1.987221437412438254e-03
1.580122227153967938e-03
7.151589020796712956e-04
1.612998673953954475e-04
-4.361726729087715888e-04
1.009047054178395389e-03
-7.122107699673274313e-04
-8.151473924082897884e-04
8.653435634500707520e-04
2.369222696350380391e-03
-1.642973049090966852e-04
-1.670827961874507507e-03
3.428968408738181876e-03
-4.449753137587046062e-05
-7.555618894671943140e-04
-1.234199001410023417e-03
-4.147290665061005924e-03
8.271753924935788512e-04
9.657311768922443966e-04
1.480776602106798935e-04
-9.754266538113561241e-04
-2.052426077645840702e-03
-1.589995054147486488e-03
-1.298215387863529188e-03
-1.571155022901419120e-03
-6.586333596670400142e-04
1.494111714376561168e-03
-1.088593909116659670e-03
2.312959411032427994e-03
-1.918439525903505938e-03
1.635242058869153768e-03
-6.123251634777208789e-04
2.542390655246542413e-04
1.292098994498975129e-03
4.534483211248859186e-04
-1.040597924012960017e-04
-6.426198436992175671e-04
-1.850668452182048940e-04
-1.612895393921426768e-03
-1.717566925361870478e-03
2.160253991913083788e-03
6.691473893793192969e-04
-8.053983076008396861e-04
1.039041090163247624e-03
1.019635091914181850e-03
1.882500184423120063e-03
-1.429472765386937197e-03
8.208501143320677150e-04
4.584214497124758543e-03
-5.897475019265694838e-04
5.202042744967754623e-03
6.141427854342411570e-03
-9.362895199703443220e-04
-3.719194283966232792e-03
-3.562996710478566736e-03
4.361596689345679199e-03
-6.102393168248672166e-03
6.932137720500238789e-04
-2.639550950227170334e-04
-1.239814953759156395e-03
8.270749474929256061e-04
-1.200274259091477962e-03
2.794845414616570038e-03
-4.548776801700485546e-03
-2.946565984609574376e-03
-1.144666952475789125e-03
-3.240847678505189358e-04
1.488314448800495161e-03
-2.478291352647108217e-03
3.733413903674106561e-03
-2.044622433264825338e-03
9.894966194144432133e-04
1.367664741024166930e-03
4.322880160519574494e-03
2.521862096449672616e-03
2.433105272887112723e-03
4.659638321756732170e-03
-1.611913793318301433e-03
3.845366274541344321e-04
2.487802303457415775e-03
3.268742572755379411e-03
-3.102397571494633962e-03
1.613883140443659507e-03
-6.532115444530611987e-04
-1.108595306917645792e-03
-8.295605602308791767e-04
2.445419588265918291e-04
-4.112926021489397323e-03
-1.221406587392774199e-04
3.178262708074742397e-05
-1.004764571310024833e-05
1.773657769661438630e-03
9.044494991989271903e-04
-3.342775621117657827e-04
7.134595706941865160e-04
1.353028220557269702e-04
-5.906398434201740955e-04
-1.668384657755721007e-04
-1.090718366224593472e-03
-1.520932849117795404e-03
1.168157137040330001e-03
-3.602861617085304359e-04
8.830816785827908400e-04
3.651999458166509897e-04
3.295579390926688243e-04
-1.426311586994687000e-03
1.914918382515473118e-03
3.580167959756300894e-04
-6.310288396769659280e-04
-1.212998911915807044e-03
6.057512118268099663e-04
2.129979346509206038e-03
2.372852871088319479e-03
2.372194990597939989e-04
2.348284586377956786e-04
-1.688859933478057242e-03
1.075355031541274644e-03
-7.325258502984643809e-04
3.272872552815521679e-03
-5.646812110736005620e-03
-7.433010620813814079e-04
2.744621154637592701e-03
-4.985539894748105237e-03
1.270514126451682607e-03
-4.958806907756331756e-04
1.369289174780532591e-03
-6.450719590256697410e-04
5.233440676694029814e-04
3.334999728486051813e-03
-1.662870360938631950e-03
2.295999138599325116e-03
1.710605223064076566e-03
3.912187486592060177e-03
1.446603034136486254e-03
-3.246311032645358193e-03
-1.838609029778951387e-03
1.584878093152294106e-03
3.869309066896377356e-03
5.223469058022289779e-03
-1.222373662985381561e-03
-2.816102615277516451e-03
4.992304253702293908e-03
-2.110125071124898961e-03
-1.146987280272112946e-03
2.051421443094947339e-03
4.650742311115343801e-03
4.317476879935826890e-04
-2.858726762490655486e-03
-6.763956256353938516e-04
6.531506751684566445e-04
1.599887825401467584e-03
-8.339772610012523638e-04
1.782318341099278563e-03
3.560059764321998454e-03
1.866634082569239685e-03
-2.570194593268357221e-03
4.760088156184476586e-04
-4.542142141618910056e-03
-3.009353600283680603e-03
-2.053284624682596288e-03
2.035999654334953550e-03
-3.156752343244004048e-03
8.737694414708446246e-04
5.176198618902428349e-03
-3.686151891318216749e-04
-1.110348202935179012e-03
3.159618360729984834e-03
1.576969217039714873e-03
2.524523640279243124e-03
-1.619614468942202413e-04
-1.637672530459712786e-03
-8.438166719721497443e-04
-3.076402227506268381e-03
1.063230948849806014e-04
-5.903979431469192794e-04
-1.375241814582914930e-03
-9.739594559247815881e-04
1.869418171668849353e-03
4.201404539634160111e-04
1.077820267277930424e-03
1.272992369472621943e-05
2.190343732783382155e-05
8.493313256751963821e-04
-1.116705240410969732e-03
6.290274854602887150e-04
4.122952704572653299e-04
1.732222241486098754e-03
-2.895212929547641206e-04
-1.208271518873805812e-03
7.653787477789464192e-05
-1.990755085674041731e-04
-2.759363616880071359e-04
-1.297158937377374801e-03
1.058168987900577921e-03
-9.359002617688070777e-05
-5.958158683568527594e-04
1.268643871395796520e-03
2.619609985704103583e-03
-1.958731882240372947e-04
2.661231298190036045e-03
-2.051949724568216150e-03
-2.749024983970887494e-03
7.823863568699949674e-04
-7.861985362670936825e-06
3.474236622708545006e-04
-9.043181859021448988e-04
9.684770980027014716e-04
9.123321224063056512e-04
-2.045724206160812447e-03
9.492411942878918466e-04
4.687859026088587132e-05
2.798012680838654880e-03
2.722407131668975674e-03
-1.533657851214823790e-03
-1.714415596491577001e-03
4.881016695487732033e-04
3.539420717589515848e-04
2.122208764590585934e-04
9.600829579345738823e-06
-3.422188492928908681e-03
-1.039707637111115341e-03
-9.628432832182820620e-04
7.616055554951789864e-04
