2.423733843375575666e-04
5.679301044297968603e-04
-9.534425498683468019e-04
6.765614834229518454e-04
-4.937195651749992425e-04
1.746184999442816665e-04
-3.553820954770485832e-04
9.642253706138843947e-04
2.651006440156567869e-06
-6.971022891102012821e-04
-1.951115517672488003e-03
-7.946584121025437744e-04
2.492878024624745406e-03
1.484950088042706878e-03
4.785146887227054516e-03
1.241251504264541871e-03
-1.357820611771903135e-03
5.006548165939133732e-04
9.677099201397003012e-04
1.637443181468502046e-03
-3.060709659555345668e-03
-3.702825054160006207e-03
-4.735256887582001140e-03
1.080823950130086657e-03
-4.027945501712413591e-03
2.822950658113304589e-03
-1.077209766317912751e-03
-1.187682713895668075e-03
-1.267114830340638435e-03
-1.322098358715278034e-03
1.986051163950692828e-03
2.645306942532065896e-04
-2.403743534171073979e-03
1.459462078543459626e-03
-4.020975259933932326e-04
1.117769224570720320e-03
-1.165259779140856737e-04
-6.260608186574715718e-04
3.476463608012059811e-04
5.214828786371023981e-04
1.987976504828885532e-03
7.715767882405018957e-04
6.038022499056836748e-04
9.326600566516985010e-04
7.807965982925793753e-04
4.960256844910087767e-04
1.884500196813489441e-03
8.481020044849297808e-04
-2.854398743817860348e-03
8.067871472391587983e-04
-2.604046750155695859e-03
1.264206168090817014e-03
-1.468145782338070322e-03
3.361637796188144929e-04
-1.037524268631478995e-03
6.926192622566181185e-04
-1.678336729997953252e-03
-1.715154967232044225e-03
1.804936058561468866e-03
-7.278314219986868269e-04
-9.697150460406336187e-03
-5.238577282134522679e-03
-4.269521114003861227e-04
6.618735693569796370e-04
1.802248832308047354e-03
-2.062933890390661676e-03
3.349874263469879675e-03
3.109107680508261130e-03
4.836452820383055199e-04
2.245676087483800855e-03
2.112741438556696178e-03
2.054922984043153211e-03
-1.604855052607516083e-03
1.603701863023398316e-03
-8.464509381751755693e-05
7.890873766389593352e-04
-7.536993211632412194e-04
1.268452381112641816e-04
1.034158167467648555e-03
-1.067492588097416865e-03
2.915525868795749835e-04
-2.341790341582529467e-03
2.081000821817027575e-03
1.811591403331227557e-03
-9.507587869687869099e-04
2.460808229403643310e-03
-9.589372018347046408e-04
-1.209787626074464498e-04
-2.576019112237113405e-03
-4.339958568504339838e-04
2.905858346597325371e-03
-1.779432487334640153e-03
-2.256472860005297399e-05
-1.323169034136588646e-03
-7.098434646821312477e-04
-5.045097127448603877e-03
6.347137001240068035e-03
-1.162189319945399488e-03
2.637190730143259849e-03
-4.062135929232166612e-03
-1.328314378420750175e-04
-1.809834733052113551e-03
2.106840313341948052e-04
4.006385270086555012e-04
-4.905938261777300670e-04
1.214249877933164029e-04
4.296213177686701405e-04
-2.011425051303137798e-03
-3.039065413637285530e-03
-3.411102227221572778e-04
-1.191189069560217879e-03
-4.799468294597162730e-05
-8.814253469678404434e-04
1.323121614511301022e-03
-1.221911085008501111e-03
4.178828548489443850e-03
-1.552239878303353403e-03
8.151980384928551133e-04
-1.478601726811016063e-03
1.427980570578026259e-04
-8.155183172605472543e-04
3.573576349955451519e-03
-1.943743131850552775e-03
5.115924517680284266e-04
1.937393106970621741e-03
4.217497207104918457e-04
-6.228510307585171562e-04
1.125024663641040852e-03
1.033406329029784273e-03
-5.002518914855745482e-04
-3.707008479257487780e-03
-2.734879696729064589e-03
4.472324983214729863e-03
1.727224189685626875e-03
-1.317414121523089593e-03
-5.692556739290659246e-05
-3.481506751602343394e-03
-3.009633297731843359e-03
-3.845305404697450281e-03
-2.757667620137223795e-03
-1.297284967705600442e-03
-6.427156309009488628e-04
-6.057567660358218441e-04
-6.760081550995941614e-04
2.044316944958511086e-04
3.481010699895592531e-03
-1.517955919072012157e-03
1.244424401506828920e-03
1.803581391960843187e-03
-4.412643021646965417e-03
4.917388914607179889e-03
-5.473532359423628584e-03
5.034259089572140633e-03
-3.121019314150097479e-03
-1.200224221085354403e-03
-2.850667501575214827e-03
-1.671036596527910277e-03
-2.225200965153801592e-03
3.146159045906588361e-03
2.798080778405775699e-03
2.546674976661147862e-03
-1.183826577715526261e-03
-1.150082541732241285e-03
-2.174381555147515167e-03
-3.463605578040022178e-05
1.986749314624607510e-03
-6.348660044843543919e-04
-2.247175878652886579e-04
4.172123848225684672e-05
-7.690003124528637561e-04
-1.374965222822367673e-03
-3.250247648654478166e-04
-1.813744975985201024e-03
1.255908178107352784e-04
-2.360923760617282281e-04
-1.687374550165405532e-04
1.987777994367071247e-04
-2.605571842197783837e-03
7.704196668345148500e-04
-4.185024325066222716e-04
7.633616075504206155e-04
2.610194413824702621e-04
7.831556285569481407e-04
-2.939936929530653168e-03
1.763857052623220420e-03
-4.401152626120245033e-04
1.842566734803026927e-03
-5.441510156648636000e-04
-8.117758104299943123e-04
-1.500821884135904952e-03
1.524784365850331315e-03
2.012578676997304680e-04
-2.105544465995736782e-03
-6.427538141118135841e-04
7.039910662992616020e-04
1.946382561883802480e-03
-3.583718117828236811e-03
-1.198370697596857050e-03
-1.276225806228004252e-03
-3.639716694821586423e-03
1.007411725735068335e-03
-1.722818047203651020e-03
1.218499210636678513e-03
7.971594532159589864e-04
1.976494465999423158e-03
5.142202597729736598e-04
-1.787487877682606210e-04
1.485419612513849675e-04
1.522888116718752358e-04
9.226860988013247961e-04
1.054074741137737286e-04
-1.800076933549481489e-04
6.237547785469057821e-04
-2.319916850073187181e-03
-6.444556547098656898e-04
8.815683057758331477e-04
1.153289124438410147e-03
9.781386360618073150e-04
1.341595697495256761e-04
1.895864656064443746e-04
3.635365974792450963e-03
-1.978357550904564214e-05
2.476283517993142433e-03
-2.935036125984506923e-03
8.565668550933801207e-04
-1.412362975782911409e-03
1.558803801370413486e-03
1.677947966610307583e-03
-1.594816314581319529e-03
4.575433303675362044e-04
1.673946291411312773e-03
-5.270727096546569358e-04
2.766505263451875707e-04
-2.053000219926752728e-03
-2.823629446972507860e-03
