3.423733894272808784e-04
-4.523819298458828177e-04
6.439611306401760550e-04
1.189753487007398592e-03
-3.282375978140264668e-04
5.945865480698970992e-05
3.119325760326610857e-04
7.789158206989210730e-04
6.978400060557619303e-04
-4.632169491975149855e-04
-2.194573436863727928e-03
4.048978453188220410e-03
-4.391864850343018753e-03
6.321662143325823026e-03
-6.283513471231734308e-03
-4.055301403894033541e-03
1.913566386220326345e-03
1.635955337835819188e-04
-4.447689614400053733e-03
1.313544992933822660e-03
-4.268616692703024532e-03
-5.941537198844779174e-04
-2.882090559829959646e-03
1.268828780936016431e-03
4.550296458277096941e-05
2.463479308751836353e-03
2.976735199413815640e-03
-1.824514543883425230e-03
1.153330912853542639e-04
-2.617352794663384882e-03
-8.292727075402486509e-04
-3.356949201577595458e-03
-4.246281296904393619e-03
5.729589687866389058e-03
-1.956234620028967676e-03
-3.897307821026568374e-03
6.452170137983060001e-03
-1.817218405651724236e-03
1.766019431683768260e-05
5.493807884462775879e-04
-2.798634765643158613e-03
-2.425492603857457973e-03
-3.491969681453739507e-03
2.956373603963575319e-03
-2.067741751911474166e-03
1.047803538272050125e-03
2.938909697837796629e-03
2.952671580889944681e-04
1.485739631930415141e-03
1.157115236260872638e-03
-1.646589525866552512e-03
-8.023806244763601611e-04
2.907603536749978589e-03
7.911292979621368507e-04
-3.947088391926019814e-04
-3.429332060338264113e-03
4.186832615856763730e-03
-1.944856051331234797e-04
8.246594230211174228e-04
2.893712347210289815e-04
-3.405612272161249836e-03
-2.061099738826962114e-03
1.528467380132378416e-03
-3.371639856602904987e-03
-1.495140035555500221e-03
-1.322205652677310652e-04
-1.613733912788106826e-03
1.473055279404529105e-04
4.511516119417084106e-04
-9.472994234522383056e-04
7.827498198904000483e-04
4.370132500116193780e-03
-4.678064918761535608e-03
3.748022501005443454e-03
4.657052860398465215e-03
4.452379927924472736e-03
2.866724037385800800e-04
-2.045326817795489836e-03
-4.101324772792440225e-03
4.272187009716901102e-03
-6.710411058334346686e-05
-6.027347774536080628e-04
5.250795896021829591e-03
3.562721505082867487e-03
3.808293589337932977e-03
-3.138231988368354181e-03
-1.212806011947802857e-03
-1.460484658728742355e-04
-1.192314218222023658e-03
-2.776212841597576909e-03
-2.266174439023849586e-04
-3.363724060444028374e-04
-6.008729402151188849e-04
-1.130161396986079179e-03
2.111173542241079229e-04
-1.381239849865039922e-03
5.571512946237919218e-04
1.345636893129008348e-03
-1.312316902807606292e-04
1.732979461895019354e-03
-6.900679786449326076e-04
-2.896036260728445614e-03
7.638465777322498351e-04
-7.469062087158403541e-05
5.887741887106357928e-04
-9.926107351338466986e-04
-2.501100409503360066e-04
7.804647361859040405e-04
-1.482621502964311198e-03
8.767971287135820167e-04
2.022399761640322671e-03
-7.310457801101360401e-04
7.430369893022963123e-04
8.063807491185163382e-04
1.071286569103009362e-03
1.432594904998645393e-03
-8.124089320746992471e-04
4.878272514591483477e-04
-1.927581326313517482e-03
5.270125100169309115e-04
1.783144205289896372e-03
1.363955642125429246e-03
1.793848462597457966e-03
1.568741239478206161e-03
-8.027381969951464299e-04
-3.920955308813337046e-04
-1.362216415944621922e-03
1.421550973423981335e-03
-1.378202684059647498e-03
1.200343822063195819e-04
-1.544802902882919104e-03
-1.910380231637707213e-03
-1.388997656262749977e-03
4.367578566582797333e-05
3.180263604370504936e-04
-1.738029078401841319e-03
-2.799111215782431814e-03
2.939907908858141916e-04
1.041530577080777842e-03
1.897676781601960572e-05
-1.616204443516372708e-03
2.954269574083860997e-03
-7.513357796623921581e-04
6.589331476691796200e-05
1.078665762146138870e-03
1.211971406392111207e-03
2.083772723901102051e-03
-1.098129842550345237e-03
4.971940522425797931e-04
1.910052388680631708e-03
-8.855175524909160260e-04
-5.318339621931421129e-04
5.110279412095892690e-04
7.700732653407472289e-04
1.890717481765789463e-03
-7.510766785777034035e-04
1.542332172938742094e-03
-1.290511565849263107e-03
1.561967939021166639e-03
5.644810172029505763e-04
-5.841728848276683730e-04
-1.439809388618636739e-04
1.959624112707131476e-03
-1.534205211631438576e-03
-2.073903570622575437e-03
1.034161015914977067e-04
-9.300202551367924876e-04
-1.433309782946214387e-03
2.033195069838094737e-03
-1.886902885928855864e-03
1.490284030417275392e-03
-1.378554200402379304e-04
4.128909517049805149e-04
-1.767156504646338801e-03
1.803765328405804646e-03
1.674897605929108598e-03
-5.312487476025052995e-04
-9.158567641832869024e-04
-1.464497427545083635e-04
-1.500946778334822339e-03
-8.763224361554108497e-04
1.547498782396397902e-03
9.240702953956764871e-04
1.432968266057668694e-03
1.722294211356449568e-03
-3.336483596679389822e-03
-2.251471646915669152e-03
1.981282565796692059e-03
-1.373187356013017132e-03
-1.623910326108288704e-03
1.363656962847250046e-03
4.814990919961683984e-03
-2.548512488113662076e-03
-1.940035835447254185e-04
-1.846086484378008444e-03
1.730420947401002142e-03
1.107123688123147877e-03
-6.676685330002589782e-05
-9.312545913845453500e-04
1.730152579870946174e-03
2.137769961565639480e-03
-1.605814764062656356e-03
-1.380817948184577841e-03
-3.290973252341156639e-04
2.677184559163369240e-03
1.197127664530569981e-03
4.421841788815354321e-04
2.098541870492466078e-03
2.195101848807808412e-03
9.373850261163688309e-04
1.102260721096506732e-04
-5.456330504658394188e-04
-1.326820323722246965e-03
-2.441441324082650396e-03
1.243452268550369368e-03
8.742991307623879365e-04
1.133869624994739578e-03
1.394527717403906252e-03
2.075534612005429218e-04
-8.251260197193742462e-05
1.229959438115540028e-03
-1.490901966424512453e-03
4.593492929958010925e-05
-3.127245556984047277e-04
-2.293168094172722080e-03
9.590770377657381477e-04
2.350860942827866316e-03
1.861585186532358372e-03
5.785279814958216684e-05
1.772472438665628270e-04
-1.298679279145205498e-03
1.785192694040516688e-04
-1.611913265550560899e-04
4.432229045070985125e-04
8.018728965024245117e-04
