1.204754596785750096e-03
4.044073854596332528e-04
-5.537802862007633114e-04
-5.888413772759142810e-04
-4.054995139256041960e-04
-7.659681807829298679e-04
-1.072380444147079062e-04
-1.018463814354195456e-03
-4.099888311207634307e-04
4.953865517943695316e-04
2.807545033711630108e-03
-6.096651711107521794e-05
-2.635481646011279475e-03
1.483107322142803971e-03
-3.805335061946602004e-04
7.626482334816141358e-04
-5.580461184524028104e-04
2.950186794267512696e-04
-1.714611041553172957e-04
2.347255935194920984e-03
-1.064538014084703528e-03
-2.231847447258136687e-03
2.283382665776883744e-03
6.865662960065381276e-06
-1.367411784146551094e-03
-4.262081743878998359e-03
1.486059263926994541e-04
-2.910876645006720952e-03
-4.012562238775229740e-04
1.914424500641588155e-03
-2.684095727662209191e-03
-2.910739731865059736e-03
-2.894799478756729556e-03
2.416645792912443420e-03
-3.963936373367867375e-03
-6.816266491684032597e-05
-6.025328975008506808e-04
-2.444841367515684233e-03
-3.621168426693892155e-03
-1.368748071912017066e-03
-3.882977185130196459e-03
-6.255711822993332942e-03
-2.154709804080137420e-03
5.039783855157556900e-04
-6.253939388345510289e-03
1.628364474039730792e-04
-1.030181124495664017e-03
-2.060773008285874709e-03
2.256887549755689278e-03
5.898706639866455482e-04
-7.365046539171536287e-04
2.176662482803371282e-03
-3.541930720814924667e-03
-1.756905871694276885e-03
2.102681635578777721e-04
3.719176298132662473e-04
-2.734855057703479268e-04
-2.615048422021454483e-04
-1.524663591381035337e-04
1.406901622729740502e-03
-2.395593789424108175e-04
-7.282585724161891750e-04
1.474531872652805114e-03
-1.736760611521410069e-03
1.535667095448996905e-03
2.207869161601085269e-03
-3.784151274461245644e-04
-2.432964571831653451e-04
8.903071241214529285e-04
-3.683214492044449757e-04
-5.980799803092328283e-04
-1.251233732099580427e-03
-2.835812275890659331e-03
1.243517889293493201e-03
5.388310739210452069e-04
1.610212923107482569e-03
1.680236787248042679e-03
1.181455565897327733e-04
1.266812922099454924e-03
-5.697400192966756973e-04
5.298635999301577575e-03
-4.693077001679662845e-03
-4.540806663159182828e-04
-2.546281318779786596e-04
-7.988109851390114407e-04
6.456579471213894561e-04
-8.612318216988751286e-04
-3.681271850444200479e-04
-1.750992546369880751e-04
-7.953679174567126824e-05
1.622570721055282368e-03
-1.526090490390438672e-03
2.270265747722171983e-03
2.792302047470453762e-04
1.111996395182959351e-04
-1.190820915039722148e-03
2.523753180385418407e-04
-2.107982402131599719e-03
1.229046036935638219e-04
-1.510577755792329906e-03
-5.459627052698819800e-04
-3.228245214535347958e-04
-1.301252210909872821e-03
1.792859775478237126e-03
-1.664829695763941518e-03
1.086241416170309311e-03
-1.178676417641724185e-03
-1.188368444265149601e-03
-1.399359869228878088e-03
1.141965114362343211e-04
-1.189995970624797231e-03
6.688271486685505455e-04
9.162263759045086034e-04
1.019042964010212103e-03
-1.505561135616331411e-03
-1.040984476937120012e-03
2.648790391140835691e-03
-1.144057705265669406e-03
1.994749475322019246e-03
-1.469021867871681463e-03
-3.754044804039154051e-04
-1.021776172013986019e-03
-7.072900456952280505e-04
6.619243599034411833e-04
-1.038803140668733424e-03
6.924400662419579952e-04
-5.446525510927272950e-04
1.870590260257610051e-03
5.282430810952793267e-04
2.561627405540647853e-04
1.638609317871012137e-03
-9.502381613840854080e-04
-1.201724362367992969e-03
1.661323224208939098e-03
1.296448572041070070e-03
-6.791521258170635060e-04
1.168361972702984487e-04
-8.750821540450890845e-04
-1.686320473290148442e-03
1.737410567744480331e-03
-5.114403482113598614e-04
2.288245972770842397e-04
-1.345840574008441530e-04
-1.238572941934988408e-03
2.209509666010904050e-04
-5.254158376659925564e-03
-3.534605200076226111e-03
-3.634309720276745429e-03
-3.101922893087248265e-03
2.049405060913258832e-04
-1.678601296586938220e-03
-3.005307725589840954e-04
-3.591998585908027174e-04
-4.212483219279273389e-04
-1.158272836074716091e-03
2.665674006379472726e-03
-1.126563684692003095e-03
2.023060705793891783e-03
-1.463042487893152646e-03
1.256069508351768081e-03
-1.584664497341025952e-03
-1.395127106823274964e-03
1.237768668055170412e-03
2.692744130312937478e-03
9.843941007536488944e-04
-3.469926174288719871e-04
2.427854070065697291e-03
-2.249203323193331005e-03
1.564926014765954856e-03
-2.729939320606263048e-05
1.453740093956962243e-03
3.532205526330765063e-03
1.720376849098573593e-03
-3.177373801287250790e-03
-3.081471876166402574e-03
2.597798145379812910e-03
-2.122435259522073309e-03
6.221357944437066806e-04
2.296590238276462193e-03
-4.361183501663040891e-04
6.473464850231002744e-04
1.207253788755707161e-03
-1.616459452265019267e-03
-1.396454123152674354e-03
-1.781174295961572205e-04
-6.405331569453350795e-04
4.157203266912269136e-03
-1.724364918379514729e-03
1.684133683268042607e-03
-8.977490547306486018e-04
8.803352422164404745e-04
-3.597899923727258635e-03
-7.734744608988922653e-03
4.711900760271644888e-03
-5.326940216712461838e-03
-1.324634659626939106e-03
1.067985358192045930e-03
1.295039727162719144e-03
-7.402400295566953893e-04
1.456357426246544925e-03
1.446366859021959829e-03
-2.180193052598161478e-03
4.606470649108410347e-04
2.211650094465470937e-03
4.474194086447282406e-03
-1.027668834841350158e-03
-1.949461312760643545e-03
4.918159750999802349e-03
2.951754220886822731e-03
1.743246638040361809e-03
-2.616629014494158893e-04
-1.166722126198080226e-03
-1.157193798204192106e-04
2.847266834847951935e-04
-1.238363630303380590e-03
1.425032222744214904e-03
-2.467455186978734921e-03
2.693840855702369069e-03
3.666933604766495279e-04
-2.659116941343696891e-04
-2.591925093623456775e-03
2.633993405265836786e-03
1.449388423186410415e-03
3.459656358070534350e-03
1.718760353831825984e-03
-2.850548242950035581e-03
-9.882647753373203711e-04
-6.929247292447547439e-03
-1.107871823437525704e-03
-3.530623581010911786e-03
1.836270180544729430e-03
3.486779146956204330e-03
1.000727941339955070e-03
7.616608103566929310e-04
-1.306477911605319342e-03
