1.062903044741653549e-03
6.432318663468839025e-05
1.690708760680796098e-03
-2.629757752650831168e-05
-5.746101659823345687e-04
9.581644364457684790e-04
-1.478333722241561936e-04
1.049132391916282776e-03
4.996046002900320472e-04
8.993139880644065521e-04
-8.349733934780856478e-05
2.789940598356157892e-03
3.400615119345860946e-04
-3.892616746908659706e-03
1.224260048150327710e-03
3.879425430667814492e-03
1.594867027674204537e-03
-1.732352569906751285e-03
-9.162228951846184896e-03
3.414126070386816134e-03
5.248325581785701945e-03
-2.782617918868912198e-03
3.085743959635891317e-03
-1.243174997997595989e-05
-5.407504480181708241e-03
3.446909950919796201e-03
2.214239285500297239e-03
1.021974806627442070e-03
-2.564246603378202496e-03
-1.148933795387592120e-04
-4.456786957780005387e-03
4.903599527426525002e-03
-3.486360897770595258e-03
-1.985854859265352886e-03
2.152449879219060693e-03
1.076767866056677585e-04
5.384449631047773634e-04
-1.539984146845167204e-03
1.903883896740399045e-03
4.439857978411010050e-04
4.921451552774277170e-03
2.792222671898269681e-03
4.862714554143964842e-03
1.861133385925195288e-03
-2.545514245185126999e-03
2.044681493718132365e-03
-2.062077172408597649e-03
-4.121496573492114575e-03
-1.922589800331974894e-03
-4.392256613788844168e-03
1.639501725352101322e-03
-2.788806674361020161e-03
-9.607306031640853268e-04
1.007049501628056679e-03
-1.978647936404703822e-03
-3.580201301055681556e-04
-3.171460851554976784e-03
-1.280027246329117248e-03
1.030682912282865132e-03
-1.845874847657574510e-03
-1.260692830215785060e-04
2.890894563579703494e-03
-2.242106084348698385e-03
-2.090447461363572831e-03
2.567668685061740355e-03
9.844060472581643486e-04
1.430213057038286911e-04
1.568151757799485756e-03
-9.491173396770105587e-04
1.719774480501199462e-03
-3.059809153055661167e-03
1.813577110434087900e-03
1.571588157751925953e-03
3.127410137214408411e-03
-4.762559713901047873e-05
8.431210398567026351e-04
9.373008201859073241e-04
-1.004673613346798028e-03
7.078185895228685963e-05
4.023839215049689836e-04
-2.813081613497090631e-03
9.837933227461474663e-04
-1.377834429432745963e-03
2.058552345495144164e-03
-4.062007435959564096e-04
-6.792661147821083900e-04
-1.961365080893438719e-03
-4.781704113942703048e-04
8.706697885578509833e-04
-1.707293351599809949e-03
9.099242448528815658e-04
-2.741657771074528654e-04
6.970949918582190286e-04
1.612660448632977040e-03
-5.292191696203763819e-04
2.188724388185756941e-03
-3.566330656998573535e-03
1.126511782758514001e-03
2.506355404452080375e-03
3.350705819933649451e-03
1.356574472356665432e-03
-1.784825768636202729e-03
7.361782597006643865e-04
5.641442281364949770e-04
-1.355942395238677245e-03
3.201785361137961510e-03
-6.948546638090328898e-06
-3.741978786418922141e-03
2.792661715599090936e-03
-1.524359668388820506e-03
-1.978680983740095049e-03
8.003664770924487186e-05
-3.404766088289928335e-05
2.283989794917516681e-04
-8.936129945998755580e-04
-4.310131818341658900e-04
-6.087447191711854895e-03
-1.525997270192502777e-03
-8.421715276594041915e-04
2.135208468748510478e-03
2.991641953820188809e-03
-1.097567886447101517e-03
-6.008728299682597170e-04
2.702594103333540946e-03
-2.235958970546118700e-04
-1.301645782157844497e-03
2.195168902607074965e-03
2.609719840349437317e-04
8.233095909517577579e-05
-3.304754294635759825e-03
-1.366440279490263848e-03
1.802470064637660485e-03
8.685106383695219206e-04
-1.353425840616004220e-03
1.751060394447347211e-03
-6.264702789439891744e-04
-1.476221477658346904e-03
-5.414042965570249177e-04
2.263053139433217689e-03
-5.843745360253293358e-03
5.450739482857995793e-04
-1.350733932291921409e-03
1.829024017654989507e-03
-8.466580883715880664e-04
-9.134207520830845773e-04
5.255652053908897075e-04
-2.960899608732491840e-03
-3.022387796575121371e-04
-6.222621609683474291e-04
4.441752842538893888e-03
2.957966750337361278e-04
-7.813901866048694397e-04
1.385857504161277284e-03
1.997338456343883233e-03
-1.791817694439804454e-04
-1.688410737061060837e-04
5.405112280894941532e-04
-1.546250575223037486e-03
2.003443404102086579e-03
-1.711874823738504005e-03
3.679410079334698462e-04
-1.552860539691120660e-03
5.229755860419601176e-05
1.508478440318386082e-03
8.090627700423382029e-04
1.277070012681548027e-03
5.190922570959540872e-04
2.755377867998045228e-04
5.610898204849227005e-04
-5.598568334947313105e-04
3.434912519424927692e-04
-7.497031769257088939e-04
-1.413627176726244461e-04
1.735212712834734898e-03
1.118638319206913430e-03
-1.123892673564033575e-03
1.586704317286181682e-03
-8.433492316926469124e-04
-8.175349640229930210e-04
-4.960087823770149926e-04
3.508952589977117802e-04
-2.433139851354553657e-03
-1.942357750480188869e-04
-1.276689902528445764e-03
1.004438603661387012e-03
-1.488192039662465205e-04
-2.189804027045425851e-03
8.044102808534335861e-04
-2.553296801369282169e-04
-8.252791698154880035e-04
-6.377573489078510426e-04
-2.676298929897578342e-03
-1.535189919031221956e-03
-2.312440225077586585e-03
5.494378766178171537e-03
-2.569859221404723407e-03
5.613115005018919860e-04
-6.813910895731962406e-04
2.199319610477194330e-03
-2.699789032162658135e-03
-2.298715905861395230e-03
-1.223196336305814539e-03
-7.062647901630912748e-04
-2.097992383112803113e-03
1.618057055937643408e-03
-1.076633037597423889e-03
-5.682414792683323059e-04
-2.112468957186995730e-04
-3.471197206940226433e-04
-7.617628694482222150e-04
2.458762479268475788e-04
1.108793825439045085e-03
1.732460719542123703e-03
-3.124831456935685476e-04
-6.311775298730637387e-04
7.198160412409700787e-05
-4.091603437184256216e-04
-1.334104286456216134e-04
-5.402544306823657419e-04
-8.152305777059207659e-04
-2.184216082030060371e-03
2.005443760907360540e-03
-1.109891622485079544e-03
1.840270932567081253e-03
2.810983711108526635e-03
1.641748734194496163e-03
2.004851080417626753e-03
5.821222934452606251e-04
-5.817932013022918299e-04
-6.641489881814781988e-04
7.273770601507259514e-04
8.465188442290886434e-04
1.243322944254088812e-03
-5.853721520099426298e-04
1.792465583174687174e-03
