-1.938450401630587711e-03
5.173953433446760704e-04
1.151729385657342857e-03
-7.065550978678425062e-04
-7.903057178612884690e-04
1.414027905161686699e-03
-8.428686756360347304e-04
-4.527961750839304736e-04
5.860216508681646407e-04
2.610504318352992658e-04
3.137210495402121754e-03
2.332569331237493646e-03
-2.277545488749344559e-03
3.442869956632210390e-03
5.610613567759259283e-03
-1.872025377458924177e-03
1.134602829331313222e-03
-8.731206486314078237e-04
4.956408052857911445e-03
1.624053275729616091e-04
-4.793500761554546005e-03
-1.965234993887903132e-03
-7.778466006292466487e-04
-3.639593226537452854e-03
-2.710090997033563417e-03
6.013655416855424087e-05
-4.179678367014267757e-04
-8.861617754029442202e-04
8.620476171301756380e-04
-5.395427290747869305e-04
2.451682651116335061e-03
-5.269674834763925751e-03
-2.561841147332642211e-03
-8.369087454691267807e-04
-3.304067594032421284e-03
3.482597628063682695e-03
1.614960234195268567e-03
-3.039346201866981959e-03
-2.352333599123488956e-03
-4.600571406937363820e-04
4.673367722826664186e-04
-1.004054768988568670e-03
3.303054696986295214e-04
-7.425468602822299629e-05
1.932801985972912090e-03
4.163225155031485803e-04
-1.202162833929460535e-03
2.373877568190088227e-03
9.475539072084350695e-04
-9.613424136145408503e-04
-2.109027047964260031e-03
2.613441596786749560e-04
8.252483105755014032e-04
-9.013186918668127752e-04
8.303033901748556496e-04
-3.824362949458645373e-03
-4.346036948433555820e-03
-3.891721419137243038e-03
-3.190643245734558521e-03
2.733536171216056476e-03
-4.129442150820873680e-03
-4.247323378921626612e-03
-5.334753896679536415e-03
1.376541074538198536e-03
-1.227807870380339663e-03
3.033070532344946026e-03
-2.239483434809997914e-03
-7.475103487898852699e-04
4.487296615244430048e-03
-4.071859000439314973e-03
3.679926675321297178e-03
8.864635526174682867e-03
8.491077370290555032e-04
2.432916314900348664e-03
-1.975456247098540414e-03
-3.624779546281099631e-03
-2.587539661982300818e-03
-2.718188598439173938e-03
-2.736200050642649626e-03
-5.076954364142698475e-03
7.256860250027326494e-04
-4.349006537317349780e-04
1.362377937892989086e-03
2.941666571169907602e-04
1.841534810932621540e-03
1.707835377236991640e-03
-2.956701693369934224e-04
-2.506279397029068188e-03
-3.233744670302435287e-03
3.578250234527221153e-04
-3.550116885863048577e-03
-2.452926049716130756e-03
-2.732285089288517322e-04
-5.107923482788982728e-04
2.232731819347932769e-03
-3.443600320326832553e-03
6.677113851505546557e-04
2.604649754235048445e-04
-2.711415439153399849e-03
-2.031575531104628737e-04
-1.810358019031790009e-03
2.010423387844303446e-03
1.730176051980774439e-03
-5.465210355059682903e-04
1.399540753590135939e-03
-2.775956055763661914e-03
-2.166316739022874308e-03
3.413824585475133417e-03
-2.991308829549704269e-05
-1.809571844957255692e-03
-3.101609085272252330e-03
-1.098418569782336858e-03
-7.112293990440995929e-05
7.248232307593346641e-05
-2.998914866662448497e-03
5.153129733893529281e-04
-3.411914944444874895e-05
-5.938029349140878151e-04
-4.714188094387207809e-04
-3.190357897662229707e-04
4.963685049704030187e-04
-2.639778600389081293e-04
-8.599105430261500590e-04
-1.738223347406194852e-03
-1.358018247111759773e-03
2.489491042444621095e-03
-8.196157333424481739e-04
5.865451890572814971e-04
6.538377510499007597e-04
-7.281747417246681739e-04
3.506076054807224845e-04
-1.975740078380556087e-03
4.708675014969020871e-04
3.127892315964133935e-03
-8.211840246619241720e-04
-6.411832414502311502e-04
-2.040303784641343040e-03
-4.179726962623932967e-04
-6.627087788063466952e-04
-3.975304038442570125e-03
-2.473778308062468158e-03
7.082145984848367548e-04
9.277047650986979454e-04
-4.133010079318377716e-03
8.426653948011952183e-05
7.849849130942375538e-04
4.767510095974697811e-05
5.303436013143188275e-04
-3.196557746469896356e-04
-5.984965610252331166e-04
1.094639492238231411e-03
-1.737356650131082229e-03
6.319406530948651866e-04
4.830895397615753021e-04
4.410272880548241113e-04
-3.500693809808141693e-05
4.424206763684334926e-04
-1.837035277371404157e-03
-1.220986812676259914e-03
-5.600999472487554458e-04
-1.254205269875996378e-04
-1.277297406382835523e-03
1.394030221018132494e-03
2.884636611136685630e-04
1.738351014529352723e-03
-2.141696390762688924e-03
-9.939772186164986569e-05
-1.509558032382879835e-03
6.329241307901988618e-04
1.494891703872360065e-03
-1.714461337466731232e-03
-1.069375628539671278e-03
-8.172991645987347708e-04
-1.114533580334182853e-03
1.654852811668346797e-04
5.944141036935521490e-04
2.706566600814555752e-03
2.000674068218161238e-04
-1.951545560434954580e-03
-1.949247156559238536e-03
-3.905018561487778699e-04
-6.053698584586344978e-04
-7.137169197990790874e-05
-1.486515100872545228e-03
2.487617817050103049e-04
-2.538331431638338794e-03
4.314156088990351960e-03
-9.873595600054386589e-04
-1.813042742532832482e-03
-2.493287394547676929e-03
-1.358995236556620532e-04
-1.660517258691677264e-03
7.908715889037692395e-04
-7.904851380569374690e-04
-6.947626584382942576e-04
-3.532234404806934482e-03
-2.185153568618682964e-03
-1.332498152868938530e-03
-2.789838904634621766e-03
1.265653514125039680e-03
2.684937665622975662e-03
7.267289169877719007e-04
-2.449820587849062519e-03
1.666384774745045599e-03
2.554118107692120057e-04
-8.829057125656768375e-04
1.718602768028830484e-04
1.272867963583463680e-03
-9.725337985444996568e-04
-1.566915616141992729e-04
1.159978510479467385e-03
1.802045745433228548e-03
9.560728314212146482e-05
-1.059501739667779736e-03
1.909753498595385826e-03
-7.125269231658988697e-04
1.698161816489887751e-03
6.176025581748026839e-04
5.650573253645832517e-04
3.810414833315415510e-04
1.302466310472159220e-03
-2.851717423132744587e-04
-9.422249282274852960e-04
-9.426127914554190048e-04
8.915089913706417775e-04
-3.320597558866177296e-04
1.256182865415144666e-05
3.644418473210135536e-04
-1.059908785030521522e-03
-1.609058534124484349e-04
-1.571504073720799907e-03
-1.694094377247636497e-03
-1.203605984209535655e-03
9.740665973577573291e-04
-1.645539684430838184e-04
