7.764874083229451928e-04
3.477275355835194150e-04
-1.944841486156982831e-04
1.809679850295757054e-04
-5.307114261631905739e-04
-4.766886789675876790e-04
4.425842105938464417e-04
-4.103107315175788181e-04
5.713004287967151035e-04
-7.812571670645973359e-04
-2.491798986824497481e-03
-2.200260242056617261e-03
-1.967530105972695783e-03
3.691613969629609950e-03
-3.231644927338753626e-03
2.278896123043672346e-03
2.054026555555308762e-04
1.848358810327057440e-03
2.063437402867391354e-04
3.110544939299738059e-03
-1.114591120079706874e-03
2.719912789243601140e-03
-8.356839843614373474e-04
8.643851030806103033e-04
-2.755344830797175695e-03
-3.821599705873824629e-04
1.621210930647436601e-03
1.280254155133476361e-03
7.624124648955528990e-04
9.249206053093641296e-04
9.090823808200237032e-04
1.715321507185264610e-03
-2.354227473703390285e-03
-1.834999743585570260e-04
-5.055540743368062062e-04
2.132388293631907669e-03
-3.062170397979666621e-06
-2.406341721741755112e-03
-4.674282649217063879e-03
-2.346562599245019011e-03
-8.984847273437354372e-04
1.861926395060578077e-03
-2.067106288673991373e-03
-2.870830056016304872e-03
1.223565833820288882e-03
-2.355802973233199048e-03
4.573210634919693397e-05
3.566422456327495512e-04
-2.520992387501795086e-03
5.203457172592945669e-04
-5.667992712326763716e-03
1.609479601109775702e-03
-3.756051536227104654e-04
2.330696648555344135e-03
-3.508265164687323669e-03
2.799306489631798317e-03
-3.799708163986101556e-04
-7.757447794516271347e-04
3.798854207523759191e-04
2.778156782359312692e-03
-2.334156119989736888e-03
4.250679130812892357e-04
1.198475798109576535e-03
-7.243311299296516063e-04
1.566316297539116931e-03
9.158864800825460700e-04
-1.337182307447193266e-03
-5.328436294566726107e-05
-1.807847819511736209e-04
1.632859014083641331e-03
-1.634115685899348389e-03
1.435901552442846304e-03
1.710417322461008733e-03
-9.785794860514272255e-04
-1.253596890597639089e-03
-5.383702534986115062e-03
-2.589959943174083290e-03
-1.225817168751367186e-03
8.970664351358559698e-05
-2.033295301482995320e-03
-2.465165312672170771e-03
-3.263872377442509232e-03
6.868068265148869508e-05
3.279931519364241970e-03
-3.063035936346355896e-03
3.273062080787387390e-03
-1.192530529942968870e-03
5.131842933165491885e-04
1.188240152568575958e-03
-1.130421483065812121e-03
-6.720403566157476596e-03
6.388858664336564790e-03
-8.067577791565893599e-04
3.633388604280731338e-04
-1.118748453457554196e-03
-2.053461780293376268e-03
-3.137804541604773730e-03
6.516576976278705500e-04
-2.955536902818926750e-03
9.007902122973169331e-04
3.391668652008484773e-04
1.538208292276638548e-03
1.013788421759225043e-03
-5.553721686579939781e-04
4.000485381384961286e-04
2.721024548806697842e-03
-2.947709250233729317e-03
8.640341222883526906e-04
2.521104652538048259e-04
1.222204729825117180e-03
8.210289274953368405e-04
-2.006351294201990645e-04
-8.700207543889570050e-04
3.609906715399655063e-04
-3.999610166276651099e-03
2.239761862474151828e-03
9.630579385531108996e-04
1.746626397321318462e-03
-9.522896226667466575e-04
-3.721838930091647245e-03
9.198419557813010189e-04
-6.528513899690248194e-04
-9.969013922762159745e-04
-1.372631493024522274e-03
-1.904873439116328221e-03
-2.118932313332083824e-03
4.509026878737845689e-03
-2.903178849541501565e-03
5.226216507952186931e-03
-5.619584974615249133e-03
4.394653872519442106e-04
1.216019980122263339e-03
5.382823200360077257e-05
-2.489412688365225156e-04
-2.947209100550981717e-04
-2.185808498359768405e-03
7.312522511650902972e-04
-5.616770223138356846e-04
-9.030779383402626551e-04
9.246013743295235883e-04
-1.259827121818674111e-03
-1.820432286399946160e-03
2.248659641738199114e-03
-1.749599003060837944e-03
-5.504850940500108066e-04
1.592998289503302174e-03
2.091099075677816353e-03
-4.821419100736421557e-04
-2.199419483736387518e-03
1.991092417058676085e-03
-9.679545957561353246e-04
-5.799847648004254324e-04
-9.083238765512554594e-04
1.570756599877939832e-03
-1.597175674359119051e-03
-1.676715080179138565e-03
8.500341196946766421e-04
1.853482830339538926e-03
-1.766703056742018529e-03
-8.451711551816942390e-04
-3.414620744538815955e-04
-2.950513150243221170e-04
5.133586492299552781e-04
-6.846177223117345077e-04
-1.717332893983547363e-03
1.074823534234609817e-03
9.004841370751462707e-04
7.842134036369029487e-04
-2.837937871746186859e-04
-1.103015632879006521e-03
7.037296191078009928e-04
2.019994948737129331e-04
7.498281314986697185e-04
1.206603912459849643e-04
1.356130238035233655e-04
2.915511116590791462e-04
-2.027967976852093911e-05
-8.073061476569181986e-04
1.616630614091476377e-04
2.044479813316424821e-04
4.518973439231422306e-04
-4.685018685611500510e-04
3.001326968617579281e-03
-4.313492669112721300e-05
5.676037829326027219e-04
-2.123509760011216708e-03
-3.413568515887933138e-04
7.267709499932438564e-04
1.139749439616920599e-04
-3.354994803280925315e-03
2.184691699623005252e-03
3.006174435619868648e-03
1.844135415323537336e-04
1.153963621005950476e-03
-4.413999995668169921e-04
1.241151506845593290e-03
7.379865912265551721e-04
-7.776002614459391529e-04
-1.168200525692600442e-03
-2.818643747973180696e-05
8.135244127593071334e-04
-3.013409559439940866e-03
-4.675915871873689671e-03
-3.553353711763145798e-03
1.653856372836072551e-03
-1.465935149440852729e-03
-1.893571032913310024e-03
-2.963463332648752892e-04
-1.041365431059344294e-03
-2.741807807279051951e-03
-1.363494102693807702e-03
3.366657228304087987e-04
-1.716824328774181152e-04
-9.135637140672118756e-04
8.325403779615876947e-04
5.038292916205588598e-03
6.705674115477058481e-03
3.472780522118758349e-03
-2.034437183076747823e-03
-2.035362275334737844e-03
-1.419660505831820112e-03
5.528622522803152296e-05
1.193931984143825750e-03
2.636943052149237719e-03
-1.279832904105427955e-03
-4.045644242591118350e-03
-1.753970237825241149e-03
1.382641196930870474e-03
4.888271314670892230e-03
-5.018813226706398019e-04
2.793569336110415628e-03
1.969085068673280797e-03
2.354639807436689942e-03
-1.757647584488360474e-03
-2.550049939058818965e-03
