1.872169880384200462e-04
-3.040136669633370487e-04
2.228333964616113967e-04
9.767376284897594588e-04
3.232326885672881056e-04
-4.800778936669065672e-04
-5.918385488018805887e-04
-4.680951660150505260e-04
-8.184261116870866900e-04
1.021255916394396123e-03
1.422687253062737819e-03
7.891329783509359159e-05
-3.182396928939547343e-03
-7.766968512350015457e-04
3.380508119749284332e-04
6.156834324769375156e-04
-2.446182406749422100e-04
-1.314033844943254077e-03
4.100336927017175152e-04
5.790835032650739136e-04
2.037680377524859511e-03
2.484123903661836306e-03
2.483627169296237155e-03
5.667592684330324988e-03
-3.780018914591671501e-03
6.749020769420131013e-04
-1.002483055123265954e-03
1.911810554139949103e-03
-2.512409355940947893e-03
-3.799030654002557954e-03
7.788449731910272213e-04
3.068494820831216751e-04
1.421566376164749282e-03
-7.331180403730730996e-04
4.738684997131349772e-04
9.919126209617663403e-04
1.824622408829288701e-03
-8.436432739002135042e-05
2.218500851710733610e-03
8.188871463437154882e-04
-1.132851495093401212e-03
-6.985154009009031894e-05
1.483887402661556798e-03
-3.122883532618714666e-03
6.411435954588982238e-05
-1.352284978707364539e-03
-9.467267627552418364e-04
-1.794688608205688299e-03
5.830758753581649819e-06
-3.000068798987063842e-03
-9.432616900244758518e-04
-1.295216498207514381e-03
-1.241988582205914632e-03
1.543957251731711746e-03
-8.667065231539009158e-04
4.505327253489285061e-04
-3.146483144230242382e-04
3.222871648544771146e-04
2.330782531569631187e-03
-3.134155189933934479e-04
-4.601651971625238605e-03
-4.266297394942711839e-03
1.073765753486269001e-03
-7.369054966217611011e-03
-5.317663302173354298e-03
2.510271795792234310e-03
-2.668588807972771537e-03
-2.301320802302536835e-03
3.474080527003833418e-03
-2.899996731440932299e-03
1.306034830978404981e-03
8.777867947937817612e-04
1.813003004605993960e-04
-1.519045406320122197e-03
2.600496423034493604e-03
1.011325663120889726e-04
-1.479626142382328528e-03
-2.625186231478646420e-03
2.765899310334881539e-03
-2.807178426967349731e-04
1.604895737039262584e-03
2.942982475371063930e-03
1.653679895203035745e-03
-1.295872119788124078e-03
-3.682064287160700250e-03
3.203053261154633052e-03
-2.548601972983236680e-03
-6.526907855217736450e-05
-7.538090705959799411e-04
2.480149661154988465e-03
-3.826128275264284060e-04
-1.134443452122356217e-03
-1.571902456733099496e-03
-8.368221862253993372e-04
-6.774480293632583350e-04
2.815380011383571742e-03
-1.167383466779790737e-03
-3.873414503606828485e-03
-3.377913754786221446e-04
1.741401458194000813e-03
1.866174670216512455e-03
1.230780543231299899e-03
1.652880189487085762e-03
-4.593424348385081991e-04
-1.144545182328737272e-04
4.238948292829883529e-05
1.943568676293352167e-03
-1.365432264262464966e-04
-6.009703533232040691e-04
2.330123653066295891e-04
-2.082942293339110768e-03
2.914536884594982349e-04
4.172158790832780368e-04
1.057508773173105156e-03
-9.093757339359269257e-04
2.164062491833411688e-03
7.984420280301553555e-04
-8.350733448406648992e-04
2.067283030236740683e-04
1.360495685047876909e-03
3.180509902509515022e-04
2.790402086917729944e-04
-4.690173661176313415e-04
9.321196928064442912e-04
1.170874837407278419e-03
1.698235688202496705e-03
-7.623033968134684596e-04
-5.922572784014913183e-04
-1.133049432513040750e-04
9.668124198138719786e-04
-1.551034287428988342e-03
-1.604181099955218244e-03
-5.034425333803078419e-03
-1.047043988200208834e-03
6.512581389512340710e-03
-4.860675132097743399e-04
-2.003684287306567793e-03
-2.785694775365657547e-03
3.064438047945021708e-03
1.622421311786524743e-03
-2.784956416882968140e-03
-3.644350905476438380e-03
-1.604883111740962548e-04
6.304849248844879989e-03
-1.032964054943058931e-03
3.996354475238018782e-03
-8.460728859958746616e-04
-2.910876791163942261e-03
2.620307862866259451e-03
-5.353666886086715267e-03
-5.224207931594023954e-03
-1.911659561431192133e-03
2.970247632413768567e-03
2.370179337740959801e-03
-3.176059890609749317e-03
1.570524291825813740e-03
-2.890644560929804281e-03
-2.893025029592852064e-03
2.743405350992775618e-03
-2.121572763681145186e-03
1.290935528519233043e-04
-1.660242666499975144e-03
-1.159446612959938189e-03
-1.868000549213819691e-03
1.657912013150154677e-03
-1.631159402183879597e-03
-3.312075177301002267e-03
1.015682970149858842e-03
-3.519149986503515657e-03
-2.031900303910255581e-03
-2.019315848376971364e-03
-3.268135837081261649e-03
7.211360971809249168e-04
-3.517473164727738088e-03
1.125761114940975870e-03
-4.205367505635533121e-04
-2.326135449046265024e-03
-1.425479665831873690e-03
2.189978498898744776e-03
-1.108273160769728373e-03
1.407904959132504292e-03
9.583293465218919701e-04
9.769116351911711574e-04
-1.588819854950496678e-03
-1.260034876364048324e-03
1.491779490914929627e-04
1.126231711559250214e-03
-4.682666010943500813e-04
2.189883682051719897e-03
-3.256411761774436137e-04
2.203667966061488917e-03
-6.132332538232328060e-05
1.238889744582358189e-03
-7.922442544992997805e-04
2.115027137695668462e-03
-2.767791347067854947e-04
-7.674542345511293747e-04
-5.203586716993411753e-04
-1.015586107910866837e-03
-1.853203226236352233e-03
-2.104503578916794195e-04
7.112467528398819195e-04
3.526438942687225276e-04
-4.046538359365535833e-04
-5.983911089241731587e-04
8.419120865669587868e-04
-2.644199876951390266e-03
-2.454085519481199323e-03
-2.288175348478199787e-03
8.970662774581356427e-04
-9.028358665957112589e-04
-1.975406059524396993e-03
1.834943943372646831e-03
2.682240332398378151e-03
1.997927456305536795e-03
-1.408409926786053452e-04
4.718230906597871985e-04
-1.092357522816285020e-03
1.757433097057538307e-03
-5.478089198521930291e-05
-3.094287251995419576e-04
2.516727873487941552e-03
-2.353782028668769625e-03
5.009939467917361904e-04
-1.635240155154492380e-03
6.236195464997041672e-04
-6.437721852387372472e-04
-1.879960468563065049e-03
-2.156729233318527283e-03
5.057449532481418002e-04
3.067058623012309387e-03
-1.435318509086916166e-03
6.470003669608387830e-04
-5.828394180136088967e-04
-4.444533872177080201e-04
