8.996463077631052961e-04
-2.370964522086729896e-03
2.004474942402732687e-03
-1.310332401857958358e-03
-2.054199863216052933e-03
9.791875150952928774e-04
2.700678357983551416e-03
-2.395110329290242417e-03
-1.358083385124792030e-03
-2.490000975683552640e-03
6.621206008712517826e-03
-4.713505461836481163e-03
-7.957662186569936045e-04
-6.654759454161215905e-04
3.019707638933979456e-03
-1.905523318401102255e-03
-2.896238916199188329e-03
-3.125717564053157559e-03
-2.734748915594099623e-04
1.213783331304210272e-05
7.611095076005297989e-04
-2.216312058006384648e-03
-1.290661626858663523e-03
1.365849804408536452e-03
5.150075946823803874e-03
-7.334773812524084634e-03
-2.530648672627887341e-03
-5.288339875066327966e-03
-5.215594450227927469e-03
-1.995813140140978176e-03
1.573426185729761718e-05
4.116615861322071293e-04
1.537047424530233386e-03
-1.898993864965416428e-03
5.767700397419632530e-03
-1.509699541150965598e-03
-2.176008167040460999e-03
-6.591725421840064283e-03
-2.956674059763836088e-03
1.965857805089433162e-03
-7.401058912459544410e-04
9.403518070602514970e-04
1.414965868208769868e-03
4.686965835664000206e-03
-2.996441928678816001e-03
-1.694511688439934724e-03
2.314038926520453707e-03
1.957359250544188790e-03
-1.441965447195714617e-03
-2.001939811197312770e-03
-2.257267008547743110e-03
-3.582195744337408807e-03
1.207809872404205309e-03
7.668292863098353368e-04
-2.611421636657581744e-03
-3.590548865792668725e-03
1.899107407410156965e-03
-2.962931555499828239e-03
6.418951017947796024e-03
2.128886327742372832e-05
-3.107757513738747777e-03
2.375048136452523589e-03
6.188417970818791553e-03
-7.970899369149325731e-03
-4.005539338129197836e-04
3.371661162127117476e-03
1.557313747721459241e-03
1.993446720206571311e-03
2.343877941881588201e-03
1.736079889742955492e-03
3.409677383546074088e-03
-2.621924548471586593e-03
-6.050896827157086801e-03
2.916537653170727003e-03
-2.686724704460313144e-03
2.484563324684668870e-03
-3.274136637203685189e-03
2.154722000172093217e-03
-3.052418431986987733e-03
4.350349112391100466e-06
-9.118643136942880707e-04
2.168612692294565308e-03
1.955176677455126161e-03
-2.234499849987072080e-03
-2.401419089743588118e-03
2.574067530157415993e-03
2.752293270782862119e-03
9.022856879470155010e-04
-5.245363261767962623e-03
-8.457707096357746507e-03
3.449550935151984941e-04
5.746276828231068612e-03
6.235864864446090915e-03
-1.659274786062316445e-03
1.497830793288430513e-03
-3.273847986389696895e-04
-1.275533228967410055e-03
-1.521793719752673820e-05
2.232036857138543478e-03
6.151491129855877170e-03
-4.628105375577606755e-03
-1.204599824821529644e-03
-4.221792534159294306e-03
-4.377845842610391183e-03
8.107910145259720558e-04
-4.865258910367594586e-03
-2.542223033569803326e-03
1.602901126676908004e-03
-3.828359758028138451e-03
1.466080773539720590e-03
-1.200421529127250822e-03
-1.001834516228355043e-03
-1.099988083990225242e-03
3.468569044053589241e-03
5.632912202759685245e-03
-1.679353549037847270e-03
-4.589838472541025137e-03
-6.324181652170575256e-03
5.871849309613387177e-03
7.043434678365971145e-04
-2.821407016349003049e-03
-5.583938795865577964e-04
-8.468119813669868542e-04
1.296879140809339796e-03
-8.015621279150115033e-04
-1.199712512187794478e-03
8.785857257991937274e-04
-7.875221572693687569e-03
6.664596395272242083e-03
-3.037862577431055776e-03
-6.148380232879562370e-04
3.491944796661951116e-03
-2.736135568114196528e-03
-2.817414200962816122e-03
-1.857580852555119986e-03
1.148177821216704673e-03
1.151285863018073827e-03
-1.866776725741329992e-03
1.690084730978962156e-03
-2.218345728222676644e-03
-1.188021193750053803e-03
-4.197589112365225465e-03
-1.823295397310987880e-03
-1.896300210060014157e-03
-3.561914929007889506e-03
6.903030534145320959e-03
-7.081481781108358263e-03
-1.000519226966464564e-03
8.973943479064432072e-03
3.465677113692242160e-03
1.612132453563038751e-03
-5.928466919121496218e-03
8.046436058869503583e-03
-2.320908058322962778e-03
6.065208871693314067e-05
-2.394204300854139815e-03
1.536086391261964976e-03
2.614302146191986023e-04
2.266612096918253685e-03
-2.479296649536559712e-04
3.121670534116243205e-04
4.687464910182554886e-03
4.554316653085244831e-04
1.927320104269328576e-03
1.634288420460107069e-03
-2.013857286929814951e-03
-3.622780408175109955e-03
-1.648892950459683289e-03
1.380605186943928680e-03
1.763330445991779117e-03
-8.193044572030141375e-04
1.763905800990316249e-03
-1.056122862095049695e-03
4.544941780195676769e-04
2.364068837645235278e-03
1.346998782419327537e-03
-4.552358078597351122e-03
1.251999816156676481e-03
4.811305222276260752e-04
-3.210914870643408105e-04
-1.605490428534997634e-03
-2.753112913930314074e-03
8.834803167457790920e-04
-2.880632357474960815e-03
2.595832091393397798e-03
-2.400976721287287688e-03
-2.473909370046449042e-03
9.354166180281422299e-04
-1.698530414262816287e-03
