1.843808664749515581e-03
7.541191601850785612e-04
-2.307449367978314531e-03
-8.715426090118346672e-04
2.847831261936412985e-03
-8.250142923979861395e-04
-8.517425580386681766e-04
1.318071088353703780e-03
1.310175668537378246e-03
4.458088299522431838e-03
1.081658179806233152e-03
1.184431103409732929e-03
-1.788415730194917565e-03
3.370679485193283243e-03
-3.281890420964050925e-03
3.787699421244320082e-04
-1.633072692985545636e-03
4.126978748503540295e-03
1.082956484343593380e-03
-2.382552309622020697e-04
5.570685385833958232e-03
3.816028622604835698e-03
-2.911457783873506577e-03
6.642168140893103985e-03
-3.243109853403258313e-03
-1.021624098116679985e-03
2.976156355882788283e-03
1.218646736961782277e-04
-7.531236465622492349e-04
-8.259294915875869210e-04
-2.059500503731426062e-03
-1.936968449553039175e-03
-2.131313325738091145e-03
-1.388522280461181512e-03
-2.370019225612447680e-03
4.384219457952804114e-03
-3.549462467060324634e-03
-2.769024083649874492e-03
-8.152765635840052887e-04
-4.762010941436753755e-03
-5.833382946405494575e-04
-3.638019755203461547e-03
-2.350863655400050982e-03
9.377532480168141631e-04
-3.206465663751232719e-03
2.993891701371043101e-03
-3.960768845006225184e-04
2.727802757979753273e-03
6.773459671875365143e-03
-2.404962446191592426e-03
1.063480904250254863e-03
2.456286308408071883e-03
-2.421141535687176827e-03
-4.735438643327075107e-06
1.002015885997328869e-03
8.388615327758506624e-04
6.204119784016848315e-04
-2.916378804720449851e-03
1.428359392402083622e-03
-3.412796331155362305e-03
1.579911143306813714e-03
-3.368612324121126201e-03
1.984612433162615767e-03
5.101527781205391840e-04
9.668179065595755334e-05
-3.703746034677387212e-03
-1.283551309267036205e-03
1.529246855837579789e-04
-2.323095479516235594e-03
-2.654270546929715733e-03
-5.319176494290871367e-03
-1.429624516454081323e-03
-2.669377385466954484e-03
-5.220834042452990494e-03
1.594188513266811070e-03
4.310325613999670818e-03
-3.434867989543954891e-03
-2.575840497067856632e-04
1.212524504512220826e-03
1.338970160597693871e-03
-5.041060106012691666e-03
5.891616517533854007e-03
-2.118084336604618423e-03
-9.478588929556049569e-04
-2.492039155500575670e-04
-2.001713875388998285e-03
2.539795333602252667e-03
-1.979001853197284722e-03
5.542395061545440493e-04
1.736152564962798036e-03
2.749378808842988268e-04
-7.793922856471001111e-04
-3.514849824215902571e-04
2.870890293198678517e-03
2.355160512294555107e-03
-3.122845989597057906e-03
-1.228485405926635701e-03
-3.773061884895581044e-04
-8.785620322573926616e-04
1.591991913444448781e-04
2.022749021408443496e-03
3.821663938966080119e-03
-1.402403537676243572e-03
3.507084710836143142e-03
4.642102329590720657e-04
-1.719079824597322375e-03
1.558901514652812461e-03
3.084960807832396335e-03
2.765536967266726646e-03
-3.028053692779857087e-03
3.053110788121790424e-03
4.555453286824716103e-04
4.339254503294978573e-04
-2.308386906620846050e-03
2.988425959213416878e-03
1.053315675999886474e-03
-3.321566220225748958e-04
2.655598712743989596e-03
-2.678740047863568778e-03
-1.512906216137542819e-03
1.415025856110997725e-03
-4.727551764488999208e-04
1.548948556841864147e-03
3.704009080106873252e-03
-4.080772283397321974e-03
-4.121225597055958555e-03
3.277005970266808673e-03
-8.674857478436502666e-04
1.908469872542704849e-03
-6.058143526872829428e-03
3.712334760783795630e-03
-1.865754701081055256e-03
-1.202662386735093561e-03
-3.372738806344694265e-03
-6.439876244482379414e-03
4.189028015116001355e-03
-1.243173080071695562e-03
2.758918883551085555e-03
-6.762544458307577326e-03
3.344818322933402512e-03
3.139076798755123434e-03
-4.880385465472337320e-04
1.195720626017120897e-03
2.404816071229041053e-03
-4.226342874671029301e-03
-3.463745101103098828e-03
3.394079536641434348e-03
-2.869046982124400565e-03
2.642173006256123922e-03
2.080173156639234400e-03
2.351719577203290968e-04
-3.069440097083272513e-03
-1.378772811870377464e-03
2.149331755301505352e-03
-5.325305040480321148e-03
-6.150150761318714729e-03
-3.984156224187494072e-03
-4.535109614521038932e-03
-4.701692738841922042e-03
2.053416992967830104e-03
4.712214052028349670e-03
1.393864674594165768e-04
-1.102232708842606221e-03
2.993369830957004225e-03
-2.174685019796553705e-03
5.701964851475746152e-03
-1.304235250247555910e-03
-1.805369487508740002e-03
5.261771521646506529e-03
4.769976087508801844e-03
-3.237768015940193853e-03
1.207602433629055951e-03
5.953485897195652521e-03
-2.522810158187563639e-03
-5.788061991038976305e-03
-7.021586853250139613e-03
3.671743245634484856e-03
-1.784903132023684096e-03
-3.540141752278539930e-03
8.862429007761551611e-03
-6.928288605961594598e-03
1.685167146173860778e-03
-4.085517690178007942e-03
2.373105627158111387e-03
-2.577843682207874194e-03
-5.869546606682975350e-03
2.971344659410873808e-05
1.157817003825189692e-02
7.702152452265361750e-03
