1.619758679530594559e-03
-3.506367675476230295e-05
9.742034248726654617e-04
2.852381187180138764e-03
-2.814493980234419185e-04
-2.104802995429428357e-03
-7.449550492127981691e-04
2.380582326899137544e-03
3.529551178353649036e-04
-4.776913028818282649e-03
7.349131427370422104e-03
4.372427370402688358e-04
6.261653682057847971e-05
1.742169498972183459e-03
-1.988378247679657446e-03
4.421063940768377512e-03
-1.261538013556986679e-03
-1.148013875987086499e-03
-8.387900952527589790e-04
-8.047832582701527643e-04
4.595631836343326386e-03
7.748684975242089816e-03
-8.486272411339012764e-03
-2.343985237730342175e-03
-2.467494325815030101e-03
3.655125731289657690e-03
6.181829185420005535e-03
-6.810774725998839513e-03
1.621797566940521565e-03
3.332507972956562283e-03
-4.246900664146097994e-03
-2.906798388104820351e-03
5.449340599710634885e-03
-7.941568957484409011e-03
4.196503810630200851e-03
-3.633508235241573103e-04
-3.481283776320360374e-03
-6.139316550986937846e-04
2.769927139959409666e-03
-8.684066099110900093e-04
-7.750494504936319452e-03
-9.720892510850271014e-04
-1.816885669802837614e-03
-1.059097222829835129e-02
-3.929412744412070363e-03
-2.743087545853877679e-03
-1.299733578784452838e-03
-2.358715464610120719e-03
2.010515570085227334e-03
-3.254412503577859789e-04
3.814803798291843402e-04
-6.230526417208005459e-04
-7.395708576243102683e-04
-2.381349288957290602e-04
-4.958294695856209702e-03
7.684153990743131405e-04
2.985859710215630226e-03
4.235199979734188998e-03
2.046599101260889071e-03
2.197357144686302045e-03
2.634370791614569062e-03
3.684029293322245956e-03
-5.244725705092542073e-04
1.133103829860615227e-03
-8.660606949782915891e-04
2.174016226818081213e-03
-4.877395707808699428e-04
1.986735299305651334e-03
-5.469242371558150594e-03
1.769807409018678930e-03
-4.410954561247688865e-03
-1.322043043850627949e-03
-1.274468835429280614e-03
8.117039947273181925e-04
-2.038384133494705597e-03
-5.024676348901883135e-04
4.562561554773358896e-03
-3.815312091490328725e-03
3.262828942399400873e-03
1.797337436771057019e-03
4.381758306494234020e-05
2.468686472993155811e-03
3.458976207053760313e-03
2.208477925446526897e-04
4.544396717499317798e-03
-8.481802073511484318e-04
1.932378022286046493e-03
-3.128189502094342635e-03
2.160769542667805108e-03
-4.419944550597120284e-03
4.438204709530138049e-03
5.641693962882182766e-04
3.315562531018414767e-03
-5.642082023118550563e-04
2.992855685737363155e-03
1.099224801471060672e-05
3.081437597705594892e-03
7.843382128197267777e-04
-1.513025181835600703e-03
4.162459415403281515e-03
-1.117344559522114554e-03
8.009561088337160397e-04
2.930871580326448937e-04
1.130256273488567135e-03
4.897114414059202878e-03
4.696737611663022623e-03
-2.645561383529750326e-03
-9.197846180623683084e-04
-1.418726931340517276e-04
-2.626459902174958696e-03
1.168520537727465785e-03
2.753738508728972509e-03
1.388549745613197421e-04
-1.306163811084431548e-03
-4.675139341392017117e-03
2.513913688424894780e-03
1.313139653000459754e-03
-1.008156615316951974e-03
-2.849162580810428100e-03
-4.879263069787413698e-03
1.684876641912957549e-03
-5.215384690467302683e-04
-3.836655601549854647e-03
5.623262998025244444e-03
-4.239210694538912694e-03
3.138691844865879391e-03
1.772189721955153398e-03
5.321248779804717971e-03
-1.057591911246185366e-03
2.307642310856526224e-04
4.175167559628422190e-03
-5.270975064107908878e-03
3.640680865180419799e-03
-8.220757940271725475e-03
1.241495015503405863e-03
6.362272894340893856e-04
-3.316113480984760574e-03
4.700932504145387443e-03
-3.087910520582947110e-03
-2.955932596473717297e-03
3.468215980343014853e-03
-9.247472546502537522e-04
-2.271926122585346021e-03
3.282452447364482637e-03
5.704156354066818556e-03
9.262339142706158598e-04
-1.392851006366541806e-04
-2.192593591309180878e-04
-2.450617133077254064e-03
-6.052567857426530834e-03
3.425243576201802108e-03
1.411630685016686043e-03
-3.448740832814520957e-03
-4.728271599112402086e-03
-9.248320238264835357e-04
3.688630684067051736e-03
1.997623454494046585e-03
-2.666527832007226703e-03
1.277891082565281618e-03
3.273819511604107897e-03
-1.316919678820856676e-03
-2.119352765708384847e-03
-9.116921434561772470e-04
2.095289760420692305e-03
1.607415759700180427e-03
4.763095795275708311e-03
3.020621731383106232e-03
8.820377995370240563e-04
-7.667237810360523834e-03
-3.891598459334404082e-04
-1.790164757863057588e-03
-6.219021019111907727e-04
4.860377150400971551e-04
-9.500423431042157290e-04
1.054848527423776034e-03
3.115766484841118924e-03
-2.687444147009075256e-03
-2.388233709966179619e-03
-3.955101909224772658e-03
1.188760657515338911e-03
2.171808268806680806e-03
-1.504501787484205768e-03
2.362586149386763554e-04
3.857396491462209386e-03
1.910060913876824359e-03
-1.980250099172643427e-03
3.733135457001521967e-03
3.663177283603694882e-03
7.862937460011125293e-04
