6.807816969185129024e-04
8.946095893733555524e-04
4.932194588529623894e-04
-1.521437668075232121e-03
2.227371660034732290e-03
-1.190401187756720330e-03
3.590118182609913625e-04
-1.220113529595167300e-03
-1.297238185668350740e-03
-5.363412432773370653e-03
-2.256322775433028827e-03
5.707156017351393447e-03
6.147530286097852882e-03
-8.722525112882087428e-03
3.598348618728095145e-03
-3.442939766016478009e-03
9.700853464268720857e-04
4.995562758912242343e-03
4.988108152707235524e-03
-1.470259639051356773e-03
-3.236878388854375348e-04
5.343649890089756903e-04
2.087117169042774882e-03
2.041073938472809032e-03
4.964584504722530447e-03
3.994892208357996542e-03
2.433437587707499032e-04
-2.475307421934883241e-03
-1.255720237656533442e-03
-6.256708790519726433e-04
8.915346652946225942e-03
-1.161982988260590322e-02
-2.541790395817726620e-03
9.904843146766898962e-04
-3.401594428517443723e-03
8.295429590153476432e-03
2.947835657090248744e-03
4.402840217582842247e-03
-7.528444888397519200e-03
1.475614956218477755e-03
-2.119788121147810154e-03
-6.302263252256362289e-03
2.735538900880440591e-03
-5.504967488861675466e-03
-3.399868144448697695e-03
2.822630632077102156e-04
-5.280058083849789759e-03
5.188868259138727096e-03
-5.419261336597213513e-03
-9.531404314385013513e-04
-4.780074515507130514e-03
-9.398074468959013300e-04
-1.849360735497477789e-03
6.100690788636450824e-04
2.686082379175159813e-03
2.398531496494300287e-03
-1.594824281318207339e-03
1.141692702943931747e-04
1.460320481538752210e-03
2.680728904976477280e-03
7.659292213823250609e-04
-1.171325469672915114e-03
-1.596348854531453448e-03
4.827025237497416027e-04
1.548299751761567219e-03
-2.533410073962561165e-03
-5.007085566858682051e-03
2.024624625237687187e-03
-5.435903144209347330e-03
4.491108693102699098e-03
-4.321913704646285909e-03
2.068707182682751229e-03
-1.203274297848959309e-03
-5.761094812898116032e-04
-8.292424267089280659e-04
9.255229969432616881e-04
5.781399788743951662e-03
4.716886126587999627e-03
2.119462062592428111e-03
2.310309992707644360e-03
5.790386691936310129e-03
-5.514994460692077861e-03
-1.824767928075139668e-03
-3.426547223615232941e-03
1.402678552146076557e-03
1.477937737352042619e-03
-2.050985735674686332e-04
-1.234311288632972212e-03
-2.011694333499806399e-03
-2.744830521579598708e-04
-1.095365667540964616e-03
-6.582924722696984919e-04
-3.184696013536767508e-04
-2.845192031998802339e-03
3.747044433059119970e-03
-4.458110094760267929e-04
-2.084462206260684781e-03
4.400048561671904453e-03
1.917897895395959638e-03
-3.566395402005155275e-03
3.129238775772074082e-03
-1.198336683180541802e-03
-8.340682405698865594e-05
-1.627328964563709004e-03
-5.961377746785285212e-04
-2.809815972270038580e-03
3.919558104827744645e-04
1.372923446940266115e-03
2.059090310662221282e-04
8.600119419579380173e-04
-2.675523411828598964e-03
-2.080250302126449957e-04
4.775955169931777114e-03
2.027209722703172999e-04
-1.997076060219166865e-03
1.782820597844970859e-03
4.950874869043987020e-04
-2.954899109258072622e-03
-7.523544103953483473e-04
-1.426277728766535934e-03
1.250398839052570916e-03
7.804924906268724972e-04
9.655698987581809402e-04
2.081661192098686625e-03
-3.530475877338432305e-03
-3.698704557817807602e-04
2.687808354472936111e-03
-2.697918591998009746e-03
-1.694742023321722541e-03
-9.963610287466641985e-05
3.437507004294367615e-03
1.087414898283211358e-03
-1.237830877167624260e-05
1.475146948446935452e-03
1.091190637763666876e-03
-3.079431743640044928e-04
1.627165639498034033e-03
-1.504350340253794108e-03
8.325586750979584996e-04
-2.630504367779477101e-03
2.380889715622125054e-04
-2.473810513419465382e-05
2.955589685364918683e-03
-2.915870084212404071e-03
2.899304866161475994e-03
2.053431257617632615e-03
2.697484325663747698e-03
-1.075174614612723267e-03
-1.637263926708181459e-03
4.274469299628710223e-03
1.423661936339146736e-03
-1.460995361900440260e-03
2.841635064236432487e-03
-4.057919633246490076e-03
2.030041207732966035e-03
2.389799172868918142e-03
-1.099360448299969810e-03
-1.382792930861514481e-03
2.279772479533805681e-03
-3.408570609271468869e-03
1.033248249611107674e-03
5.503724525046556348e-03
8.243669657956827820e-04
-5.439192195452928827e-03
-1.934070873507024715e-03
-7.097455169680535157e-03
3.302166536620629051e-03
4.936655715002188395e-03
2.609531342371930723e-03
1.654581866778681402e-03
7.651728443174369600e-03
-9.254534325177706400e-04
-7.432122348689985079e-03
4.336608539496997899e-03
9.958701768379930788e-04
-4.486728115111371547e-03
6.746902445619827864e-04
-4.333039873001721595e-03
1.581066445075536868e-03
-3.473186703978078157e-03
1.591770764908686468e-03
-1.636881046478632327e-03
5.137258283856991313e-03
3.393054543509753862e-04
2.612747000193768945e-03
-3.330963592767796156e-04
-3.691210236588262326e-03
1.513265439479613257e-03
2.206587073246229266e-03
