-1.509210718710009887e-03
-4.340874606027121056e-04
-8.091342367467487060e-04
-1.103387425851245921e-03
7.702198327550777244e-04
2.064489129016166321e-03
1.381312947149754018e-03
-5.361739658431279466e-04
3.627567881454132935e-04
1.229888313310258975e-03
-3.847652093049448805e-03
-1.587684799509863709e-03
-1.401866346273311983e-03
2.512250108653169955e-04
-3.585568306402669644e-04
-9.683979351846597108e-04
8.278146622952743542e-04
5.291368383531114706e-04
-6.479252570348593672e-04
-1.257478168662851939e-03
2.075900797287941277e-03
-1.850939821785510747e-03
-3.378036415812637853e-03
-3.277786391571689550e-03
1.282186543040885309e-03
2.103824773175204214e-03
-5.280009626751099158e-04
-1.518292392834532669e-04
-1.029261197020526260e-03
-1.109220109645342022e-03
3.704690097300226102e-03
4.225235202772576436e-03
7.870535586352024561e-04
1.217143276840148853e-03
3.001600475657891648e-03
-1.879467271652865250e-03
3.237508553137018446e-03
-2.096902892677666910e-03
-3.434360445062185040e-03
-1.418743005831007043e-04
2.825119902493242099e-03
9.602091918297434503e-04
-1.514306921052433526e-03
-1.999865041490888392e-03
5.220252380963368802e-04
4.760766457190351809e-04
3.222811957251080391e-03
-1.782173968971553996e-03
-9.855644594433466202e-04
-2.100948327390601660e-03
-2.281689823478842780e-03
2.626856975157356670e-03
-4.863427400545190901e-04
-2.490744384375438193e-03
2.232818900779400418e-03
1.627670737130544002e-03
1.898281187508319128e-03
-2.222483725821225475e-04
4.235869337193318152e-03
4.621282077935879098e-03
4.606951849073104982e-04
-3.108213843893504851e-03
-3.767287907002322880e-03
1.045236800749731231e-03
-9.319462254083711247e-03
-4.668791334827539219e-03
1.646057614085682727e-03
-5.624018884388559507e-03
5.919210612933921770e-03
-4.441979688076465142e-03
2.353806135501807211e-03
-3.227363732435788255e-03
-6.271154155250642558e-04
-6.121438855036271699e-03
2.024598289260215889e-03
-3.657199588888449264e-04
2.559222213445248341e-03
6.639850269485597775e-04
-1.309283978054503117e-03
4.021602668747087210e-03
-7.048075798079785417e-03
-3.733271514347850581e-03
3.272321565147377591e-03
3.003004240154576437e-03
4.224819983265104203e-03
-3.829536964180334235e-03
-2.686875550865703340e-03
7.586258336769042794e-04
-5.437969904340824411e-04
3.110249237710114439e-03
1.051854407016557816e-05
-1.960708347818479989e-03
1.246214854257788034e-03
3.044958333437257358e-03
-4.338404225578069485e-04
-2.573122845698702643e-03
5.197466607110571429e-03
3.621090961138380675e-03
-2.730816635264535046e-03
4.004982359353853778e-04
-4.808027786901508671e-03
1.965653578957364186e-03
-8.465977357922108365e-04
-3.606645999432547909e-03
2.657533497441511277e-03
9.228219983858228193e-05
-4.150309200266436710e-03
4.091388146694438553e-04
-1.331578793710611053e-03
3.264486189290935394e-04
2.001693737650996844e-03
-1.795439222985299949e-03
2.370957654946218712e-03
3.169733186872929339e-04
2.455646005443650869e-03
-4.216626111588001220e-03
-4.060985016976483182e-03
3.433663997568705151e-03
2.417137444434036585e-04
3.225488198783926265e-03
-3.680366039994124785e-03
4.543790804762148222e-03
4.273227764793404056e-03
7.200738799360598477e-03
-4.547865799744286232e-05
-9.799252405757546101e-04
-4.465702621562276688e-03
-4.560908981299128563e-03
5.762212491471461898e-04
-1.449378148743778118e-04
1.360129320504998261e-03
3.251687967385109151e-03
-2.691333790636919829e-03
1.861174889712380754e-03
3.003954108928161282e-03
1.321404089289046190e-04
5.119247016293041949e-03
4.050765585696457921e-03
8.954742041022831960e-04
-1.940356984456083778e-03
5.293818715348810183e-03
4.865820873103441843e-03
-5.463406187353078876e-03
-1.416281070817356023e-03
-4.687198406386138341e-03
2.795867661000163516e-03
-7.677041316105666716e-03
2.446444954600160947e-03
9.485182944790051737e-04
-2.118372937704348508e-03
-2.513367692744497041e-03
-8.602606402780813748e-04
-2.153051449660972963e-03
-1.472404451881087093e-03
-4.422350529306838182e-03
2.484642175750660566e-03
-2.268712372400105096e-03
2.261907787342978642e-03
1.588894441904474368e-03
-5.228402355047327525e-03
-3.915457757811848655e-03
-1.119385739945061992e-02
-5.237184075538781590e-03
-7.656192494062654536e-03
-5.484962685559962442e-03
2.384014586370560886e-03
-1.612203724282445204e-03
-1.039317432198289199e-03
-5.858515475173345019e-04
3.900510060512513231e-03
-5.856228127671047994e-03
6.270352861196802977e-03
-7.289229251176538270e-03
7.062710033326186467e-04
-5.125055692390105208e-03
-6.986241008849564536e-06
-3.133910895304078872e-03
-4.177028567303297385e-03
6.884355575065667816e-04
5.099300019402364017e-04
4.977587607534113842e-04
4.324063381203595985e-03
-5.926006927133275690e-03
5.923167182734979941e-03
-4.014929941040925937e-04
1.069659344327886881e-03
6.390294749931056629e-04
1.394136234462721349e-04
2.659733073586290769e-03
