1.168210529078156108e-03
2.653237625875614920e-03
-2.034226530006625483e-03
-1.247989272116576580e-03
2.144587172859944123e-03
-2.044092659430364438e-03
4.181520224254001855e-03
-1.921336215880212195e-03
-1.098626287883365564e-04
-4.058101946648943309e-04
2.826423967446027585e-03
-4.615816866256382614e-03
2.513490069463730509e-03
-2.369223052940102551e-03
-2.001298618734973726e-03
6.415689888388600125e-03
2.895328464796894079e-03
-3.348781447544938068e-03
4.594300561833448635e-03
-2.439083100641399170e-03
-1.518330660480220889e-03
8.906189960604129997e-04
-5.430079992861653986e-04
3.752514625065244119e-03
-8.369813769494951518e-04
1.356810961530533974e-03
-2.674753558832095382e-03
2.303096915447002627e-03
3.664276033423370139e-03
-2.356359244393898926e-03
1.017953857213075089e-03
1.157651682561445074e-03
3.307753725948913044e-03
3.946852717641484258e-03
2.420618101327986398e-05
4.608729933298553669e-03
3.563456638960730682e-03
3.174733614150524168e-03
3.877605444776028622e-03
-5.071806688278535395e-04
-4.460292060014524633e-04
1.649252490308788718e-03
-3.617248012665546988e-03
2.821973077202833725e-03
4.767681232981091626e-04
3.428538269387324585e-03
-6.126388398658598943e-04
2.788634041883408972e-03
2.938018833567606573e-03
3.258872872459367236e-03
3.161779734109359218e-03
2.309265802100261605e-04
7.175542670658461089e-03
-5.289194587279237927e-03
2.077778128642901196e-03
-2.489117533525884822e-03
-4.630470815936956809e-04
3.847937994287947173e-03
-1.869326735707810792e-03
5.035205145471000759e-03
-2.449431698366373155e-03
7.564316690274351315e-04
4.273078757615102197e-03
2.526451487061986967e-03
1.412963228421381572e-03
3.358487513129094614e-03
2.498375282822102271e-03
-3.226046173231918494e-04
-6.826057369535330245e-03
-4.229523596802771922e-03
3.854692771925814342e-03
5.699060373327413838e-03
4.834103592338875183e-03
8.067340499393622910e-03
5.817215962032464688e-03
-2.457526655637431307e-03
3.686111503872019357e-03
-3.879308136069608095e-04
2.837818113159599077e-03
-5.446903913873922401e-04
3.684364335009608898e-03
-1.396567224019183229e-03
1.783760066946939865e-03
-9.052992722829728955e-04
2.279756978405115576e-03
5.646785108445970605e-03
-3.127547515317492290e-03
-4.680922920742025713e-03
5.888021580500225373e-03
-2.175748603967833563e-03
-4.184826268873355869e-03
5.222929964992834191e-04
-1.154580742114406922e-03
-2.457197637432316940e-03
2.465120435391779385e-03
-4.924230263113150118e-03
-2.133580955462970399e-03
-2.874822442113765270e-04
-4.083436672001621200e-03
7.813911012245360749e-03
-4.238505737313181913e-03
2.874524841937174321e-03
-1.039465508927661479e-02
5.817964714830505674e-03
3.244674933274988883e-03
-5.694173707329243806e-05
-2.428767507949676323e-03
1.234820360823504944e-03
1.108560035042415988e-03
2.043150550995160664e-04
3.529531840408043752e-03
1.892113233516127179e-03
1.841681993580456585e-03
-2.764820660007160768e-03
-2.963102719902728152e-03
-2.987927882675727679e-03
1.169526292697106945e-03
-4.411408948545657294e-03
-2.033506169677409738e-03
3.219324446433443135e-03
5.588065770883060860e-04
3.972275734912358337e-04
3.092831160624999291e-03
2.636616066752313792e-03
-4.739525037959923040e-03
7.779919033357578576e-03
3.740156816056660737e-03
7.549875270012050207e-03
6.279803012561851333e-03
-2.455053482451863191e-03
-1.074982782298727468e-03
1.048495528433368091e-04
-1.636516432952361648e-03
-1.220364817199032226e-03
-1.533779567498954602e-03
6.245045677249320710e-04
4.959841397531435277e-03
1.279911118842200083e-03
-3.884377347764073236e-03
1.436500316348722234e-03
-7.317501645688808537e-04
2.981760322377745992e-03
9.172804889830065648e-04
-1.600550418286464122e-03
-1.127147172212945078e-03
4.116154128170310968e-04
3.081948921125574406e-03
1.958492678326620180e-03
2.238804546240488660e-03
1.504624627425787953e-03
5.215513393408959263e-05
-2.843928342366671379e-03
-9.390701267478150085e-04
1.183651020933486255e-03
3.615190773099735601e-03
-9.010630096017378235e-04
-2.228167174756616378e-03
-2.232516556557402956e-03
8.350839387949392212e-05
-2.409554613395289806e-03
-6.413504520767128198e-04
-2.147306312392866217e-03
8.734809821415501219e-03
1.647110285024468677e-03
-3.026038481554845470e-03
5.917316019998326501e-04
1.992405868997012414e-03
2.859194805370469765e-03
-1.672974680871395971e-03
-1.535466869060643849e-03
1.272577715950799510e-03
-1.293195531524794903e-03
-1.060142521866137464e-04
2.258643169321507185e-03
4.306799608187823931e-03
2.644402278478614099e-04
-8.126083619744465473e-04
2.714232950478348387e-03
-1.634304787850552861e-03
1.846219247953286447e-03
2.829878382863358285e-03
-5.545470724782483422e-03
-3.882341726601265357e-03
-4.947648932156504566e-03
-9.628856962753266956e-04
-2.211474650574217927e-03
-1.166005392343402464e-03
1.614174187774135120e-03
-6.927893718005913965e-05
