5.645570087961230459e-04
-1.147365949195117271e-03
2.584937557960335745e-03
1.679448369226177896e-03
1.047879060004920345e-03
-1.793608282395710253e-03
-1.466635958626693204e-03
1.990040460522111108e-04
-1.115572348117508565e-03
-2.212667845443205220e-03
-4.704002268659924048e-04
-9.210028181273285540e-04
-7.821557145977652741e-04
2.253158167638113357e-03
-1.616985342608308947e-03
1.037842413999437354e-03
-3.355221132383216505e-05
-1.989443832546737741e-03
2.850100187666282196e-03
7.074157323280923487e-04
-2.070807788352818386e-03
-1.161561161658384786e-03
-1.496046284734459976e-03
1.581272386471452816e-03
2.374538789052017557e-03
3.021587386435512987e-03
2.317601326325880243e-03
-6.335966462651947302e-04
-8.154167817018394488e-04
1.377480698022172552e-03
4.554077858417205932e-04
3.164877532363153420e-04
7.808175068548291057e-04
3.621356358850893499e-04
-1.768324350187841336e-03
4.487002593994825764e-05
-2.676471607295570314e-04
9.863415762188592565e-04
-2.772619921155554650e-03
-5.219343505261760802e-03
9.248685368862887045e-04
3.910378704341311781e-03
2.506734607048753324e-03
-3.363666936320785627e-03
-2.866036711460303189e-03
-2.139254725235404005e-03
-3.044220342717080668e-03
-2.640377670161748102e-04
-4.502170730370041681e-04
-2.517553153990481022e-03
-5.110133394042902684e-03
-3.228921267597769512e-03
-5.291688879449935740e-03
4.968670518157759249e-05
1.515103779633400006e-03
9.267885358380582818e-04
-3.522374155445122043e-03
-2.057800996607932718e-03
-1.713606968632082209e-03
-5.656795137052887321e-03
6.312949616723371581e-04
-2.197606616178288466e-03
-1.022629017267935288e-03
-6.047192236320944863e-04
-2.274232251503724260e-03
-5.435878706056297520e-03
-2.970746446809401781e-03
1.313938982517840913e-03
2.502183429496152890e-03
2.876319353000932749e-03
1.223989257819374336e-03
-2.378953493877489309e-03
2.572952272778870442e-04
2.887934900944774935e-03
5.797134188989115818e-03
-9.378733999491550496e-04
-2.430591697295172732e-03
7.593929793928885438e-03
-3.888539750861269529e-04
-3.371171870375659955e-04
2.910589223074055206e-03
5.756081119808157016e-04
-1.877571701417335209e-03
-1.848354567299977146e-03
3.978464424578478410e-03
-1.885678661319637080e-03
2.862741987266423805e-03
2.921606261975275443e-03
-1.835353898677447200e-03
8.547592002214464413e-03
-4.049423048083526655e-03
-3.607504680021728256e-03
4.196781785332408601e-03
1.018871282020423043e-03
-2.041227990798981113e-03
1.121288115054603230e-03
-1.089564009754113430e-03
1.521210209834243350e-03
4.015416423367196286e-03
1.291174352592347214e-03
-2.510647839034000663e-03
-6.591300990247626326e-04
3.535773220548447428e-03
1.249437464221148878e-03
4.279348185227475378e-03
-7.268433904375900048e-03
1.612754641247892340e-03
4.101023126974115765e-03
4.899461798746283445e-03
8.943113649095591226e-04
2.714161991310169242e-04
2.215476382544850041e-03
8.105047835069496181e-04
3.243355279492943829e-03
-3.865711225841882061e-03
6.460866417370363102e-03
3.505215905086736788e-03
-1.831134678590941572e-03
-2.082962890946066323e-03
2.110085131246241565e-03
6.472722039274851798e-03
4.246386951486528019e-03
-4.471743281995990606e-04
-1.707855076785290676e-03
-1.130283426307511583e-03
-9.668005089156899714e-05
-1.744110340604931300e-03
2.069315428412889755e-03
1.166120161658991405e-03
7.103059067314019918e-03
-2.745139096068794585e-03
-1.495249615868859527e-03
-5.624026422093283788e-03
-5.592079718010409392e-04
6.610497851937348259e-04
2.789380569380030261e-03
3.138605924686741280e-03
1.163939898113741048e-03
-1.515519598560516367e-03
-2.011608158322914907e-03
-5.948155982245797828e-03
4.848452124539743592e-03
1.876265049672105412e-03
-7.535333141777542793e-03
1.187478376967646826e-03
2.614730396970952643e-03
-1.350345097211537405e-03
-6.221116948362330132e-03
-2.259396437720608344e-03
4.707831210731344695e-03
5.028908464459989035e-03
3.729876896547656018e-03
1.088582546582062167e-02
5.300486330681660960e-03
9.252920950076670814e-06
-4.541301110141489870e-03
5.969846351624417957e-04
-1.802186083898589574e-03
-5.797771699768310312e-03
4.187043627151238595e-03
-2.004707667396204377e-03
-3.737181027830016079e-03
-3.441217434001703386e-03
3.195155434023511879e-03
-7.116975431240060148e-04
-7.175740760505616711e-03
-5.027324765626965154e-03
-5.175553563187432725e-03
-4.960286264618867132e-03
-5.741578442013568355e-05
-4.524652410193160355e-03
-3.377565440033357316e-03
4.371885483463947421e-04
1.226114598803713365e-03
3.981736107412934926e-03
-1.421599954789970564e-03
4.771099646946968219e-03
-6.695713101523522500e-04
3.466289403069868283e-03
1.742173755768017902e-03
3.886313693118179785e-03
5.012768109308109350e-05
-1.254032169937907906e-03
-8.276162108881971900e-04
-1.653533376489067569e-03
3.799285114106257764e-03
4.917536951718349224e-03
5.899377694325833726e-03
5.903707428580113464e-03
