1.750108643240090751e-03
-5.877335351681669488e-04
3.270558010145010932e-03
-2.220653485984624455e-03
1.757630989728115587e-04
-1.911924912153061917e-05
-1.081665140595515799e-03
2.090845598503776950e-03
1.488959399908409975e-03
-3.113579956814621890e-03
-5.140633584531839953e-03
-6.185298478835883585e-04
-2.760924307977643492e-03
1.728780623113954605e-03
7.100775050051346023e-03
-4.367192299089147321e-03
-4.301878458396107829e-03
1.636880625230968623e-03
1.066144539971993974e-03
3.879760859784728982e-03
-1.808088712528238464e-03
-1.864261150277987081e-04
2.639991001783414080e-03
2.527274770612159514e-03
-2.108910793815054786e-03
-1.164882992418698679e-02
4.931038006085011402e-03
-2.371884099988898556e-03
1.757471596838262656e-03
-2.326633950680510703e-03
-3.429262605668707657e-03
-2.091630725497727571e-03
1.416798693610971322e-03
-1.346030287927317852e-03
-1.977942802469954096e-03
-2.324031125040541997e-03
8.419629830899870481e-04
-3.467644951658599341e-03
-4.019627072401312819e-03
-7.851805838443229454e-05
-2.311426977855990730e-03
1.558266015274027477e-03
2.603445610880905994e-03
-2.383587963976399517e-03
-6.854225173314316922e-04
4.083360007068520536e-03
-1.174058045831108399e-03
1.073467512654572263e-03
2.980127025542576684e-03
1.442376730236260554e-03
3.060577209697242299e-03
2.688854442767315504e-03
-5.853289388817685857e-05
-4.114963539691380255e-03
-3.676841412858528318e-03
-3.410619066863369159e-03
-2.156385183394233206e-03
-7.662861735251683300e-04
-1.662780561873451832e-03
-2.161161028051191129e-03
-1.612784711472747606e-03
7.418079615754114529e-04
-6.118092358395469006e-03
6.610738544936260730e-03
2.931153696183066201e-03
-9.499415651279371131e-04
-1.758909394443565607e-03
-1.363251086778032896e-03
1.976816520207301878e-03
-3.338563812970746399e-03
5.996787774066685266e-04
-2.671575751669726714e-03
-3.932157448877890730e-04
3.690161405000195235e-03
4.899274676728011205e-04
1.596965084786756712e-03
-2.128103771917689169e-03
6.689876652230506999e-04
-2.284460003143890406e-03
2.062390508835133199e-03
1.808528173126599864e-03
-1.758234770954214109e-03
-8.775414257897405082e-04
3.686450911564269784e-03
-2.187470605498972095e-03
-5.127152857701452668e-03
3.123064694263184751e-03
-1.133101011794855964e-03
2.072922843060141763e-04
-6.153302157717034995e-03
9.331921461076298635e-03
4.086083833278966564e-03
5.477507923413393008e-03
-6.418051360836267254e-03
-2.950960544687788664e-03
-5.980582505275357924e-03
-1.301003988111794872e-03
-2.317768374864405574e-03
4.765760258678302698e-03
-3.398231630833183255e-03
-2.576228597805307712e-03
-3.338091850101092880e-03
-4.776590552744808087e-03
5.453344845797321663e-03
-1.925881584663030827e-03
-1.901850076645162290e-03
-1.270321427811773240e-03
-1.176076000644983273e-03
8.554926777626395374e-04
-3.295740373447128817e-03
-4.958588391493698455e-03
2.471131113275526654e-03
-4.361934571418743523e-03
-3.290671980309104513e-03
-8.390031922722447980e-03
-3.490896665462505689e-03
6.649233356589391748e-03
4.154857295812434091e-03
-6.810808355539319566e-04
2.106741983089706078e-03
4.868313469294138253e-03
-1.880299262336562185e-04
-6.352838998493710648e-04
-3.677600317852707315e-03
-2.873271223651457321e-03
4.470519990911106913e-04
2.764414958756851882e-03
-2.402651268325220121e-03
2.937249841986628272e-03
1.371276184748388078e-03
6.199040615368308672e-04
-9.885107526627150653e-05
1.034936553434116649e-03
6.507691350442511074e-04
-2.172429016855607214e-03
-5.451977866502037001e-03
2.637574569843373611e-03
2.757082912393573563e-03
-2.154960818695553226e-03
2.266556010302855657e-03
-1.945174134240378614e-03
2.412091344847415268e-03
1.383637432123818777e-03
-4.711805352546737796e-03
-2.789733059481686148e-04
-6.123243266885701475e-03
-6.650512398900418690e-03
3.982833566666181720e-03
-6.466091115102733100e-03
-1.538807084328320260e-03
-2.199278204412026625e-03
3.690437911980258643e-03
-5.761476913939700146e-04
2.264124959762657107e-03
-1.674908348665831576e-03
1.117056099603632151e-03
-1.770322800066631173e-03
-4.442631204657143500e-03
-7.367211960985404345e-03
-2.875310091535389790e-03
-5.176833949700618970e-03
-4.210706701093991822e-04
2.992368105013975838e-03
3.983564603517301982e-04
-3.435957964968735893e-04
9.529542435064145738e-04
-1.545257879593309831e-03
5.804782266321531969e-04
-1.602523190787003178e-03
3.302109381870952515e-03
-2.192182810344276041e-03
-2.161583211229191760e-04
-4.945432647692201561e-03
-7.111183724225333003e-04
-1.092175148263591208e-03
1.421574065901689155e-03
1.082395472674311252e-03
-4.092037962727087912e-03
8.123809219381331742e-04
1.672789163089956734e-03
1.915736813128008200e-03
4.054247204633910050e-03
2.960869491093903044e-03
-2.958946046121589245e-03
4.663666296198335512e-04
3.473797159802746812e-03
-1.918318954994884190e-03
-2.955680735689351438e-05
-3.779077348041421465e-04
