-3.555142737310504385e-04
1.289435464269001515e-03
7.377049091133904132e-04
-1.817355374848117272e-03
-9.410017907429545254e-04
1.497351743579739512e-03
6.833977648307796313e-04
6.895514000933578025e-04
-3.958565664314931667e-04
1.307364094015775729e-03
3.576640734728294552e-03
2.612173501194755589e-03
-1.757214728634195729e-03
-4.550867481414377219e-03
-7.616327312786976868e-04
3.063960250192402941e-03
2.522553677294902316e-03
8.863677742335363680e-03
-7.373661372426102757e-05
-1.803328328971766153e-03
8.418462759270528431e-04
6.766654366477172378e-04
3.937670926620586353e-04
-3.625962813701122476e-03
1.122357468675368522e-03
-2.626170953517725434e-03
1.000775625296935296e-03
-4.929038754635615451e-03
-4.796684508994773256e-03
2.552296968584146820e-03
5.055606583058192688e-03
-2.309139680605800868e-03
5.217227518850786616e-03
5.714755137906974867e-04
-4.109571150176664737e-03
1.235198121181521483e-03
-3.939845068000659377e-06
2.583612466811415799e-04
1.816959352841967601e-03
1.303341559468065153e-03
4.247026297917524951e-03
-1.088864544165801763e-03
3.738224406563071030e-03
-1.477558382790119607e-03
-1.221803550173036291e-03
-2.899387783209178299e-03
-1.676735277063217365e-03
-1.133570445673663099e-03
-1.573102190183705640e-03
3.427322852021799475e-03
3.742753341456143013e-03
-1.003864275733437963e-03
-2.865046087695447257e-03
8.132375442464226346e-04
-1.467085521396506616e-03
3.750728027593555960e-03
1.310129397991465243e-03
-1.742191252830960517e-03
-3.829056749651287613e-03
-3.834945949634691389e-03
-2.369385435969713349e-03
-7.027279491442044168e-04
5.319205904701876375e-03
-3.670626554905228722e-03
-5.334108495379422978e-03
1.401374736445710556e-03
2.306512066208525353e-03
-3.781745072894626518e-03
-1.312240364123317977e-03
1.854666795332755858e-03
1.237421308373952617e-04
-3.537448225150210653e-04
-1.065322263486184317e-03
5.819762640330047691e-03
-3.134877102338151297e-03
-5.508365334979803754e-03
-2.218456356452863480e-03
5.622130293517101605e-03
7.853397089235002225e-04
-2.841387109070711136e-03
3.287750082411407000e-03
1.074247941053780436e-03
1.791912026546192650e-03
1.268339379640669867e-03
1.085647741531912827e-03
-2.268296815137368569e-03
-4.529532537023942852e-03
-1.040994508598299707e-03
-3.723408880970266455e-03
-1.265360931070779382e-04
-1.423155658704727648e-03
-2.523644083262525147e-03
1.250946509088036833e-02
-5.692137245365293079e-03
-5.627735015606579426e-03
2.861006155147297492e-03
1.787191740776984282e-03
5.105463947028531305e-03
2.737419254928671539e-03
4.596678686901349911e-03
-4.934204665311657523e-03
-2.279790181492408196e-03
8.240134819274499457e-04
-4.257800784031122096e-03
8.586484857466783471e-03
3.643749603267592511e-03
-7.744587730855379730e-04
-7.400523040852420402e-03
-5.315361161324192937e-03
-1.348373720216049492e-03
9.139310852444786732e-04
-5.170195194609400469e-03
-5.158838243786575788e-03
4.812059040604079602e-03
-5.933765918048285095e-04
2.295074357845157560e-04
1.701902683969928800e-03
-7.739823942033620006e-04
2.328851082142737328e-03
-7.063503176907116399e-04
-1.915522909319175527e-03
1.366484079832865637e-03
-9.992322449522096292e-04
-3.267896080885155513e-03
-2.982657535676759130e-03
-9.041990472259607255e-04
1.520686287865955074e-03
2.102531630975514824e-03
-5.268123493484907658e-04
1.244604836659351458e-03
-4.430324161633658088e-03
-3.119155192518064182e-03
9.640831868321648296e-05
1.568852485628674997e-03
6.958908717666942127e-04
2.598134805051717337e-03
-7.002333101472179959e-04
-2.228483055389262474e-03
-2.519589938111542037e-03
1.440481162846959408e-03
-5.923464903742068841e-03
-3.357930757587215473e-03
2.262187060103181251e-03
6.879950919394045399e-03
3.108711076486711609e-03
-7.073084762068555277e-03
-4.267875656472480510e-03
-2.054004541266592210e-03
-1.397660882040113655e-05
4.278889221845934981e-03
7.996632697828717599e-04
-3.833638778047627951e-03
7.301189043025391873e-03
1.724475543219447342e-03
-1.813800908273123774e-03
-2.262288945458533831e-03
-3.979475516408539850e-04
-4.006186592313464023e-03
5.156145879438582720e-03
-1.840576381250059318e-03
1.606881627287760255e-03
-1.677242341878739957e-03
-3.721704585498704799e-03
-5.740284990656162800e-04
-1.636194585998263906e-03
-2.994941782423521902e-03
1.483658512982626108e-03
-2.997514423791568846e-03
5.678220098671884347e-03
-1.995974632387848870e-03
-2.355565702423833944e-03
-2.629026759903562837e-03
-1.135256369540006737e-03
5.118949830816020390e-03
-3.596621016743626275e-04
3.714293085509998409e-03
-2.676498510200965488e-03
1.194338214211515363e-03
-5.070125364549487798e-03
-6.047153597620713973e-04
1.370893208829019705e-04
1.032398729014589707e-03
-1.613374227928007299e-03
6.932503933089065665e-04
-2.834471193035683224e-03
-9.423206957701929423e-04
2.446314456334799155e-03
1.338507905984893725e-03
-3.961595543133939780e-03
