2.445453923002504065e-03
1.353465202908587812e-03
2.315424194180815479e-03
2.327500836610067172e-04
-1.474807509915539985e-03
1.500079485542276606e-03
-2.769185422338329419e-04
-7.711898724669848668e-04
4.195717201233055893e-04
-1.735490916274658050e-03
-4.167715683482544654e-03
1.103391220295053907e-03
-2.748834270086069741e-03
-2.621591512573520893e-03
6.852000585810244298e-04
-1.296432488231134047e-03
6.304170411560018703e-04
4.333181835860748857e-03
-1.328463323547898756e-03
2.098722328722212125e-03
-3.144847996931683567e-03
-5.816033081129166719e-03
3.282353267956706309e-03
3.855232624449914623e-03
2.471220037668826926e-03
-2.544201772213223762e-03
1.297671782657601729e-03
6.940267085476578687e-04
-4.290169088388168239e-03
8.612466458478085837e-04
-1.036453677904241102e-03
-6.392880765221650241e-04
-2.706524629423864349e-04
6.252992902439107785e-04
-4.597679923965369841e-03
-6.637775449543171840e-04
2.477127332323119085e-03
1.330325143758324729e-03
5.180646778696014476e-03
-6.610601107551279318e-04
-1.133199603070786116e-03
-2.213274301073962520e-03
6.850868884955154487e-04
1.368513207542049756e-03
7.527951630247023580e-04
-2.269115283172518788e-03
-3.415731793782265154e-03
2.871280679107455092e-03
-1.403571731645042236e-03
3.165093032015514705e-03
-6.324833248947616185e-03
-3.637680379684549766e-03
-4.466100574365728347e-03
1.610744583048029019e-03
2.837646467893366938e-03
-2.655740612647053498e-03
-5.197614071964106255e-03
-2.045540718720896371e-03
-8.193143687447076648e-03
-3.900688727935725832e-03
1.875054074009515660e-03
1.194583160121056318e-03
1.116498594473339968e-03
4.870667405513279713e-04
9.768489531267615395e-04
-1.900151233565666701e-05
-5.515739690977799689e-04
-1.444895994716674124e-03
3.084594451632977508e-03
-3.361986193295104825e-04
3.582121766294696277e-03
-3.310245135674240793e-03
4.396451795162643200e-03
-3.689764293834619721e-03
4.489159480161791782e-03
-7.736323282705365222e-04
1.561247564680755479e-03
2.158685365136710286e-04
1.533409788063356226e-03
-4.957298014670980316e-03
5.344670366166293617e-03
-2.123151256919171039e-03
1.245021653920956681e-03
-2.739678197961508462e-04
8.259125879977758170e-03
-3.609124080933977848e-03
2.568003956339581654e-04
-8.062485326198177288e-03
5.779564197681849244e-03
-3.943218363786043894e-03
-3.019416957234135734e-03
-6.135335509459229801e-04
-5.393720638954680032e-04
-1.530878500891935624e-03
1.340867717774206318e-03
-3.791937086668493127e-03
3.439089357668427202e-03
4.024089317624371040e-03
-4.494320143414802168e-03
5.294732346510384532e-03
-5.252845248005335796e-03
-3.723619993678857574e-03
7.148537639806387288e-04
-7.280812957645605397e-03
-3.766669668366395048e-03
3.127733351463168729e-06
3.931866766827102583e-04
-5.380708792780294859e-04
3.147562940473929219e-03
1.942268366858336927e-03
7.090901532594157293e-03
-9.442942686295027928e-04
-2.931383126553238887e-03
1.566191702245443797e-04
-1.838794249853023402e-03
3.045257378104248430e-03
1.402249123679171015e-03
-6.024711079607351395e-03
4.499939302380298427e-03
-8.586347498218734747e-04
4.627264889872841069e-03
-1.530818515553326788e-03
5.402700225675498118e-03
2.959544522542023724e-06
8.087507240116489915e-03
-7.475229437819264251e-03
6.280011835231375655e-03
-3.851175133358170077e-03
4.049315879580510369e-03
3.619542575848697617e-03
-2.198769198357639933e-03
-9.016657508983898619e-04
1.007984445534495328e-03
-1.553861297048214282e-03
2.110571564190348787e-04
-1.035527407699710252e-02
1.010178262305220544e-03
1.858043450511490937e-03
-7.041924142589427865e-03
2.489505717814804054e-04
2.091814313432562456e-03
1.967946199879591380e-04
1.056491636523872353e-03
-1.238072002436929131e-03
1.450280309418336628e-03
1.586523665657874147e-03
4.947059414157533967e-03
-1.169900495244376951e-03
-4.125439620037868980e-03
6.768266919159841985e-04
-6.157945951673253829e-04
-2.962805059275744140e-04
2.053202894472792774e-03
-3.056234831880606188e-03
1.885923761328992757e-03
1.838101570338108960e-03
-2.170466714292808297e-03
5.121896246677755393e-03
1.501078612595557922e-03
2.783056791491472955e-03
3.065492778223497319e-03
-2.202947101713301215e-03
1.052847018738942890e-03
2.988608206128843831e-03
1.543437985227516041e-03
-7.403584372955101210e-04
-2.155613144840201265e-03
-3.245160053647431521e-03
-1.751912474498299160e-03
6.732834800524195801e-04
3.145981431230559025e-03
-5.751945182091807758e-05
-3.126284000363469678e-03
-5.467167700986905014e-03
1.144669540215956889e-03
2.687528448939594493e-03
-2.647149641629114106e-03
1.779570224329782085e-04
-1.146534776220704734e-03
3.111499879106876046e-03
-1.282383543237266101e-04
-1.494107370804683777e-03
2.554876877151286696e-03
4.975941668269299491e-03
-2.754231900898764657e-03
-1.996454020672355258e-03
-3.493117954321657299e-03
-1.912893596429868096e-03
-3.791655448847183058e-03
