1.072286472128643675e-03
-3.566300789722231298e-03
2.833768088885332652e-03
-2.183057711448195895e-03
-1.682765344688084627e-03
2.512652146350470139e-03
6.734640578323939589e-04
3.920205289683629038e-04
6.842496390611895471e-04
3.536705093906173866e-03
-6.089025678345222738e-04
-2.885988920676733991e-03
2.675187319794302895e-03
-3.673581106032066355e-03
5.854690340680631343e-03
-3.989052948802131356e-03
-3.241276799840424761e-03
5.358735084420748924e-03
-1.367678330559844680e-03
6.290260179445924908e-03
6.014427494132998549e-04
-1.095079648078932637e-03
4.602069670582526438e-03
-2.756798462539201792e-03
9.728743893265731331e-04
6.361640382820919933e-03
-4.811856301857810221e-03
2.156325619401295614e-03
4.828080983569076230e-04
4.167873136137338380e-04
-2.709834308119460876e-03
1.886288483614229246e-03
3.317971965843659679e-03
-9.584936163982148453e-04
2.878273165787664616e-03
-2.028999745877397578e-04
-3.841137651638407407e-03
-3.779467331692251361e-04
-1.248940945397768133e-03
1.484134133545957730e-03
2.967940629998544726e-03
-4.603217576137426013e-04
-3.202823678124775992e-03
2.752842379815823026e-03
1.479995597311932346e-03
4.784466049653496181e-04
1.003484990020945015e-03
-3.733289278159365618e-05
-5.939376255136555229e-04
3.411398698208244207e-03
5.076684902050931925e-03
-4.459261247120115124e-03
-1.578320878093100862e-03
-4.599479662016278127e-04
-5.277849503220164579e-03
-4.198780666638866552e-03
7.234080986361247391e-03
-2.341554507912971641e-04
4.243540182664653874e-03
-2.024550774870581289e-03
7.287921509076031486e-03
5.312932782816808149e-03
2.020448913513120826e-03
4.153196935243594866e-03
-5.185949794951435002e-03
2.411206282049411544e-03
1.362584779811280345e-04
1.539906083813193105e-03
5.728106004582921235e-04
3.869299333230789839e-03
-8.056584400130181040e-04
-5.508823547669152148e-04
3.417404404905473115e-06
2.243604482145677829e-04
-4.735157458562802568e-03
-5.182632128793629792e-03
1.806250767871634246e-03
4.587724511910714828e-03
2.794382589731114839e-03
1.047897307334739146e-03
-5.666259473416055152e-04
1.933072362682334558e-03
-2.299103732158825145e-03
-1.293176305201023790e-03
-4.932708920510185495e-03
5.145416980585736620e-03
-5.316663310162441205e-04
5.536915442728777143e-03
-7.681541290278504422e-03
9.746266327142332278e-03
-3.333045066553467790e-03
3.555305217462178397e-03
6.241043710915400921e-04
-1.200455882955572600e-03
-2.621192767371858384e-03
-4.733608713824418238e-03
-1.784239990301009996e-03
-6.506030543958103707e-03
6.877066963762252984e-04
-3.616781106333377769e-03
1.937500685021775401e-03
-2.041447174015439698e-03
-2.314249530781325569e-03
-4.278752645518431384e-04
1.061452886853799004e-03
-7.250248338445677235e-04
-5.708378603129473511e-03
6.320545647764381526e-03
4.374328129628104501e-03
-4.897545187080783484e-04
3.358538711794919335e-03
5.121634433836235942e-04
2.379997082722106957e-03
1.906786108502814313e-03
-5.870296338766346246e-03
5.940236217319007188e-03
-7.741508655572119837e-04
2.124374495496387898e-03
-8.068243121875758733e-03
1.372729737494085165e-03
-2.843081896005413434e-03
-6.439154746505471689e-04
-5.753744238550208105e-03
-1.347113592382025637e-03
-4.294366131897357493e-04
-2.588960015548602295e-03
1.423386642380107666e-03
4.110531123616735505e-03
-4.489087969035374624e-03
2.429506150908360140e-03
7.377491939244476375e-03
-5.632108349259807092e-03
-3.551850747761291314e-03
1.795922643000900281e-03
6.183213115057043874e-04
-1.729641305225182446e-03
-9.813707213338922122e-04
1.187331863892698066e-03
1.457574444187961478e-03
6.825609929486775151e-04
6.145184866292616351e-03
-7.805405651845872053e-04
1.859683108087213654e-03
2.526547220225907470e-03
-2.132014254291403257e-03
1.805892520838809495e-03
-4.530207474362129075e-04
-9.722453935958829362e-04
-1.871109706982743972e-03
4.557141579425019913e-03
8.475033715839542028e-03
5.091787274181776637e-03
-2.010676956563548293e-03
-1.934614943784481855e-03
1.534176833894714941e-03
-2.761331207809259933e-03
-1.344410574426234970e-03
-6.784407921384940027e-04
1.052295262848609598e-03
-1.445024147376483895e-03
5.321449175972024510e-04
-1.892462090332029754e-03
2.539356089636287533e-03
-1.952732893502620842e-03
-9.877317394485106081e-04
1.991214285511546528e-03
-1.932933968774433247e-03
-2.973419944398536952e-03
3.012105947466634827e-03
-2.168021899600914171e-03
1.607163236558582830e-03
-3.141338074202592017e-03
-1.170958610744054227e-03
-1.064677170464789621e-03
-1.468381953192816067e-03
1.464455017854407112e-03
-2.367956203600361884e-03
8.804235926858211807e-04
2.412279119219542091e-04
2.055420527347226727e-03
-2.013118112229655195e-03
-1.541983899803106833e-03
-1.849270833912993210e-03
-1.696008517752745342e-03
2.517239513933464904e-03
-2.080518686743065577e-03
7.835028831432642961e-04
2.718133914986952705e-03
1.188239955834384087e-03
