-9.988778092634026124e-04
-7.642662768089858796e-04
1.068968559906505276e-03
1.134653211145839318e-03
-1.372890182213908549e-03
1.614717719662277359e-03
-2.081032385658941001e-03
-2.523510347926535315e-03
2.016270888364926021e-03
3.131363160778237800e-03
-4.536802806924889798e-04
6.388171528155253904e-04
1.984824302273668765e-04
2.122839716396869841e-03
-3.640301266357515771e-03
4.305715778277244624e-03
-1.098791765094051919e-04
-1.601329145833818622e-03
-2.659414052759103211e-03
3.010853576871635930e-03
-1.833746394675449037e-03
7.479655622908321262e-04
3.981928966772653282e-03
-1.260084171464360145e-03
-2.977428196976027348e-03
1.443950460626821242e-03
9.780954484349120397e-04
2.792497986539728503e-03
-3.173290331842150164e-04
2.435670878456785635e-03
2.038174210693486765e-03
4.645617724250196705e-04
-1.416710626943331513e-03
-3.933878843722873712e-03
-8.358390780752755246e-04
1.722406952671985247e-03
1.465342508631664684e-03
7.340952674689882936e-04
-9.761863894995027272e-04
5.278035826506720200e-03
3.371967806748667673e-04
1.609654883265548668e-03
7.872315786165159186e-04
8.323777645841798530e-04
-9.150225429742654118e-04
1.185384929371154084e-03
-2.493179625773774260e-03
-4.489022293209780738e-03
-1.402863766320143588e-04
4.495006851580923141e-03
3.690290403887907210e-03
-1.146288463441530025e-03
-6.279894436224365932e-03
-4.657750467844497082e-03
-2.584311433500693402e-03
5.607660452654838514e-03
5.091663125484541556e-04
-1.183338090104214813e-03
1.769702667929615647e-03
-1.116667041712924788e-03
2.451944757821976351e-03
-1.449916508435996525e-03
1.615759781748282243e-03
7.284353795045699553e-04
2.119348616446145930e-03
-6.711509825411654008e-03
4.967255262959076236e-04
3.094428088558975019e-03
-6.228913122460299047e-04
1.605022675665455283e-04
1.251555516472242259e-03
1.333264179092309145e-03
-3.958126736753784895e-03
-2.491632875193667402e-05
-4.688529908161515915e-03
-2.050517808539936791e-03
2.145349926991835731e-04
3.202328270010704279e-04
-2.070669005212048049e-03
-2.322405420487321653e-03
2.280201001659189642e-03
-3.902029894144112918e-03
-4.173354523222508501e-03
-1.929930790517218799e-03
-4.869383379074311569e-03
-5.137847718181051161e-03
4.897717682114384290e-03
4.696117872339023586e-03
-7.378545148805881922e-03
-7.631329273015069817e-04
-1.022953305073477388e-03
1.563972052581465285e-03
-4.616711398710982429e-04
-1.277736583350823829e-03
3.180218744567441837e-03
-7.372053492141189719e-03
4.990162533472266605e-03
-3.012604707705871659e-03
4.234608261521057362e-03
-3.062260799020536609e-03
-1.173257176438686393e-03
-4.571445287557340288e-03
1.049369153687082241e-03
-4.886708125143792190e-05
-2.832828662388447386e-03
4.980412472424672332e-03
5.130925991430499919e-03
-6.353676416456618264e-03
-4.568404107934052188e-03
-3.030807578627111448e-03
1.289719340847699175e-03
-3.320056968355594544e-03
-6.663413223916998633e-03
-9.122151254084793354e-03
3.486205482438842706e-04
-2.514960825322012667e-03
5.357526968307110967e-04
-2.235902953475033417e-03
2.878769338317208222e-03
-7.321929971935157815e-03
1.681167133649268423e-03
6.552162373646383195e-03
-1.624618218592807249e-03
-1.820445393988976823e-03
2.274947802438564200e-03
2.060485018503521986e-03
5.257481907436557800e-03
5.024560644414976206e-03
2.595988252689501296e-03
2.992391565651161389e-03
4.053176325487259021e-03
2.365318054261772961e-03
-1.976267060215441441e-03
-4.099513106700178149e-03
-5.684893341013416181e-03
7.770869036514868947e-03
2.379455119576918617e-03
4.417356176203798834e-03
6.398639711166299697e-03
-1.965256522461944228e-03
-1.683510758500274132e-03
-1.886423772436372596e-03
7.210306846211904678e-04
1.099076170988455862e-03
-1.887694933757075658e-03
9.183436480697854576e-06
2.767116363208147389e-04
-1.936247515225974179e-03
-2.941367992789048307e-03
-1.831632646415473045e-04
-1.107031535983263055e-03
-2.294957547693907401e-03
-2.655439657018465890e-04
4.574547888770960137e-04
-3.201136092448794972e-03
-2.207599362803732129e-03
-1.178275850639551233e-04
-8.497612428237996804e-04
7.595191767046932533e-04
8.568965168844457298e-04
-1.390627350486660927e-03
-2.286966013933360627e-03
-4.440371732245305438e-03
-3.596503793936237092e-03
6.166429358713481843e-03
5.062912168956493902e-03
-3.541273236618092905e-03
-6.015050361947271718e-03
-1.677694972654076178e-03
-3.810613731813110132e-03
-6.317389748601990804e-03
4.337794500447618960e-03
1.241373025382064331e-03
3.730748476770633700e-03
3.209981599114744132e-03
-6.907425669744817354e-04
-2.153117065762005181e-03
9.958478775824878074e-04
6.361239951159353101e-06
2.566100516082568911e-04
-4.306611046690131048e-03
-3.496482908200513034e-03
-7.184774419115225652e-05
-2.878062635967850239e-03
8.983302949509079085e-04
-2.951671333823257561e-03
-2.440355958808601480e-03
1.690454279165124266e-03
8.340354827593713521e-03
