-8.270910257743820451e-04
-1.078731698370092099e-03
9.501796903409078085e-04
-1.753971815664927747e-03
-1.972192904962783691e-04
-7.450098288695132086e-04
1.803596581640390557e-03
2.004135407615487141e-03
8.664013864340037617e-04
-3.352550694540917982e-03
-3.988778606718920011e-03
2.138939007819118041e-03
-1.513298703987799206e-03
-2.438537754518895016e-03
-3.672390179070547222e-03
4.020725338457945865e-03
3.206158732677963624e-03
1.536943473025398181e-03
-8.383540334738946937e-04
-3.173342861031345184e-03
-8.403554168477061061e-05
-2.597927262212740545e-03
1.360869557594473860e-03
-1.315049021552508902e-03
-1.566428009005786919e-03
-1.403387156100194917e-03
3.783101002742422260e-04
-6.313419125718810164e-04
7.613766816470684574e-04
-1.106765632384178557e-04
-2.365405488573508151e-03
-2.181034740084777847e-03
9.510177822577436805e-04
5.979025788636979514e-04
8.943962286777953343e-04
1.450957397986597569e-03
-1.180552163098748343e-03
8.932739262848670434e-04
-3.787629554919390859e-04
-1.052808281465373273e-03
-3.945152328318615731e-03
1.413656461694092793e-04
-4.663741389870870724e-03
-2.419600172584490585e-03
-3.325997535975936184e-03
-3.554288514305043063e-03
-1.679031828748288628e-03
1.932060928509720266e-03
-9.306602338235991109e-05
2.868248904007916593e-03
8.640919156764528385e-04
-5.276720134618619572e-03
2.321453596616800466e-03
-5.556264362796958269e-03
-3.040954731858810760e-03
5.667667169813609719e-03
-7.165719858539942996e-04
1.542854855239087853e-03
-3.334854333931205114e-03
-2.630970417442452837e-03
-4.938332315559133649e-03
9.327242890637483163e-04
-4.481123861364552706e-05
-7.449170557990829073e-04
-4.182415566073178874e-03
2.075260982577661374e-03
-3.298742314992766152e-03
1.346050881949928781e-03
-8.158669740519321548e-04
4.882200462829281579e-03
-1.091889870837083184e-03
-1.984443860838427682e-03
-2.307351804993857183e-03
3.481754071080931170e-03
-2.769336719496960121e-03
6.719757471616166072e-03
4.974017948993330815e-03
5.019636132664628478e-03
-5.870056604167116741e-03
3.862167841973934701e-03
6.814728704842823795e-03
1.112452224811006935e-03
-2.504613309320276576e-04
-3.471615407327944321e-03
-6.853839728304999233e-03
1.988002530746611589e-03
-2.942466469684440564e-03
-1.587685113009283276e-03
2.002062752717029964e-03
3.134229309721421456e-04
2.345699339926229660e-03
2.432570686954268861e-03
-4.415410986999682760e-04
-1.158498492834549205e-03
1.096153245872394594e-03
-1.284131180073211538e-03
-1.294950581724777948e-03
2.497081009629868904e-03
1.696338836940572544e-03
4.130056191638416946e-03
-3.461818720773715205e-03
3.451958561613983597e-04
-2.213093011548392195e-03
-2.013562665459705994e-03
5.975750648454170727e-03
-5.328563542980923814e-03
-5.972603362881997828e-03
7.125321019461511828e-03
-5.873825348151455635e-03
5.551194047687939281e-03
4.387387897899598828e-03
-5.782645913306576086e-04
3.863440503335317973e-03
8.910169107615481532e-03
-3.352269587752768933e-03
-1.880937721144598090e-03
2.438147133676795211e-03
-2.271120741917808609e-03
-4.210450728300383239e-04
1.714104359229103860e-03
3.268648168541809715e-03
-1.124252602191644270e-03
3.400399302508458517e-03
3.088150585960726564e-03
8.264160965938463759e-04
1.472702859695290266e-04
2.511072051417519158e-03
1.991635910842181906e-03
2.221486135857901265e-03
-5.513962489862945203e-03
-4.870850790955506306e-03
-4.383523827230130163e-03
2.240410831745256841e-03
1.350442798905857359e-03
-5.328335255750830252e-03
3.880584482100276223e-03
-2.323349176529731532e-03
5.141849169608238464e-03
-7.409389574343993104e-03
-2.129488287138305881e-03
1.193078820797712977e-03
-3.054613225600332979e-03
-1.163316899009545661e-05
1.911979789952909141e-03
-3.728155751406357198e-04
1.980903859449350667e-03
2.907951851925844305e-03
1.876032721630018028e-03
2.475917706745632725e-03
2.486352993681986354e-03
2.592325601946559796e-03
-4.016587482039995875e-03
4.171086775734059518e-03
1.079157908272476620e-03
1.650680134216194438e-03
2.234792820865813025e-03
3.388747585139099613e-03
-5.073919644158390342e-03
-3.902831780619189350e-03
-1.111784371486344066e-03
-2.240184772412962249e-03
-2.548715083001377047e-03
4.662721663267310312e-04
2.228004570274691627e-03
4.203200161140520016e-03
-3.095748475912643658e-03
-2.444487270865389542e-03
2.948200480256566065e-03
-7.880133064685172902e-04
3.601026682223399446e-05
-3.752128091284092238e-03
-2.400845935453786890e-03
-2.516217484146222524e-03
2.552776055092118457e-03
-7.992776165741601480e-04
-8.539799966568295932e-04
4.828303787240579084e-03
-3.026194526877346719e-03
-6.323461151270335506e-03
-6.648741982536269905e-03
8.567451846097487228e-04
-1.431637568964930218e-03
2.579561076092981922e-03
-3.169994956953504917e-03
-5.653057595202316647e-03
-1.298766401162533340e-03
-4.930418722593484827e-03
-4.622982092883194498e-03
-8.702871891191479164e-03
