2.041003338034366342e-04
2.495421072355130405e-03
-2.134112490775727424e-03
-2.197963353101324048e-03
1.256269858002257312e-03
-1.795280681001223955e-03
-2.439674121402299421e-03
-5.971599421759914064e-04
-2.652044341316731491e-03
5.826523732119797197e-03
4.258648567352812594e-03
-1.248900461952056522e-03
-1.688570489628668687e-03
9.127634610103751945e-04
-8.792757661454664048e-04
2.960475509577323110e-04
2.540342640092268481e-04
5.703155376261232574e-04
1.806824557490302463e-03
4.632529112452330139e-04
1.177020774640780316e-03
-1.323984790325109665e-04
-1.263428983148010519e-03
-2.930759959311372755e-03
6.689290609624629069e-04
-1.267619907933128631e-03
-1.565398091647357418e-03
1.768960563326767588e-03
1.468800855024510969e-04
-2.632391633834041660e-03
3.275258051094371431e-03
1.408501302592846550e-03
-8.606398311939517315e-04
-1.314926472221541716e-03
1.893975675014644439e-03
-9.975884225085736908e-04
-9.104141001425323024e-04
-3.666322273172091788e-03
8.583420610906646476e-04
1.902322036346966146e-03
3.744491245561635661e-03
-9.757502538296086454e-04
6.933441353190126491e-04
-2.185426242529925692e-03
-6.729742402095387948e-04
-3.161321702973453676e-03
1.469172970722279828e-03
3.793082027438318357e-04
-1.170075622154238956e-03
1.193293041658174958e-03
6.765875358767672008e-03
6.831481722413357358e-04
-7.985581102410771112e-03
4.022749272838601481e-03
4.853895994998418291e-03
-3.666883221645922657e-03
2.667396562356658899e-03
4.969122494408607232e-03
7.027175136244357030e-03
1.759192642769052961e-03
-9.021666890203056902e-04
-3.084139997047401303e-03
-1.164618651201515314e-03
1.693966721646237813e-04
-3.085206767011277034e-03
-2.294964098858293979e-03
6.275646615622010142e-04
-5.761590276450548678e-03
2.640091538114234821e-03
-3.797113603550549346e-03
-8.602536049635735663e-03
9.562282079947484470e-03
-3.533060045872845646e-03
6.137714234456039496e-03
4.358394004631308168e-03
6.456735056590417153e-03
5.912008532662040190e-03
-2.443622459173771817e-03
-3.952616898274644713e-03
2.083318825559450410e-04
6.467081715358929603e-03
5.183858590218326859e-03
-2.123070826180369249e-03
-4.648952960624096360e-03
-6.090625422468003841e-03
3.518771569122099672e-03
-3.409050927274484034e-03
1.409249157724304976e-03
-5.077367811830109162e-04
-9.747257931256970249e-04
-4.042465796312388177e-04
-1.855097094290898002e-03
-1.570628364486111560e-03
1.793341856066686126e-04
-2.615846835311142968e-03
-4.156429100367536010e-03
-3.080059099511510152e-03
-5.604049445555974980e-04
-2.583593360835858502e-03
-5.316047071486417440e-03
-5.494820630164474508e-03
1.876843549999211757e-03
1.115623800499328765e-03
4.364419800830529085e-03
1.278473720851244604e-03
1.487326381913770543e-03
-1.797954401480228448e-03
-4.538315217975034087e-03
2.019884903154085809e-03
3.503655084533747674e-03
-2.356295719475755453e-03
4.038093124393669388e-03
-2.137937780066341293e-03
2.700608283476303370e-03
6.153432116771452879e-04
8.885113069621789058e-04
-7.329851223207316854e-04
-3.681783921921967691e-03
1.229053019536174678e-03
7.336730247537784182e-03
-1.449168560164649068e-03
3.355302980330561414e-04
-1.089529863800174072e-03
1.057577679747685956e-03
-5.595360474239387955e-03
-6.991444542511647889e-03
-4.947835244304567281e-03
6.228534289623499697e-05
-6.178029424914628469e-03
-7.024194558046963121e-04
-2.502942734343509799e-03
2.696362110511349528e-03
2.356106986280083655e-04
-4.593962954715448237e-03
-3.594890015447202978e-04
-3.735868907592697005e-03
4.501416509586971849e-03
-2.481323987655219016e-03
-4.381242505310325303e-03
8.463907423953275378e-04
1.170361442741525704e-03
2.722186840695836000e-03
3.234224531533261369e-03
-2.199598903588742874e-04
-1.205077871012312117e-03
-9.141856951278134677e-05
2.366093184024043502e-03
-1.157735261602727342e-03
-2.814542361277990335e-03
2.088114902430182628e-04
1.994878437792021227e-03
-5.597196588357370231e-04
-2.792668688528471103e-03
1.112016965898325691e-03
4.603657244685606913e-05
-4.913683782999662790e-04
7.720898543247311981e-06
-1.339530995684730863e-03
2.898713125129692442e-03
4.573066802026751199e-03
-3.024973445992749921e-03
5.345576196155616376e-03
5.495317297774536362e-03
-1.416111954796200282e-03
-6.778191821287575742e-04
1.489026356012059090e-03
-3.636142564481002499e-03
-3.189856505181930171e-03
1.501973931471020955e-03
-2.331347209399179526e-03
-4.035234493187945734e-03
-9.764678827201518163e-04
4.922561046845656471e-03
8.642427339356392431e-04
1.287313479408641040e-03
3.280490916855388975e-03
4.140541750825614542e-03
-1.232462610084138948e-03
5.733638364703196565e-03
-3.466441265703609081e-03
6.463729208622166506e-04
4.687845605601289440e-04
-5.651422148224055989e-03
-2.829696819988108264e-03
-6.074605184387149928e-03
-3.782727094688994977e-03
-1.153192741403750391e-03
1.569058086339850111e-04
-4.510142659390415504e-03
