3.675902232418985088e-03
8.149917785591901439e-04
-1.999457637215066360e-03
-1.178883333861477454e-03
2.976651441571950417e-04
7.921112768565074114e-04
2.168564337882445813e-04
-3.711342021829083966e-04
-6.503730687654171770e-04
7.465860739807484749e-03
8.517300943867260610e-03
2.434414722523092767e-03
-8.228463500721528573e-03
-1.121540366699743567e-03
-4.565036458311967985e-03
2.808381564352049886e-03
-1.223117993232343548e-02
-1.007913069217071566e-04
-2.309151327370011046e-03
-1.014799620029648193e-02
-2.955430899950976906e-04
-1.771556490477610435e-03
-6.637426654165183917e-03
-3.580401223254594482e-03
6.445198340151862479e-03
-9.212664321970897609e-04
4.784633928246132678e-03
-4.123047376566964586e-03
6.933809444973178075e-03
2.067483299899513377e-03
5.785408768319747581e-04
-5.726488413515596829e-03
-6.636574013914011555e-03
4.850090792099995664e-04
-7.241246842328244275e-03
7.315812327239970894e-03
-7.399304759106844001e-03
-4.246166271929732207e-03
1.569275970306170664e-03
-8.373491378612105476e-04
-8.375931258260763124e-04
1.109757310995037455e-04
-5.075487363726934910e-03
2.453157353662901996e-03
3.606541266070274320e-03
-2.661674047294131009e-03
2.541689568116918714e-03
-4.051836612637259999e-03
4.128906065238143776e-03
-1.321720678791353607e-03
-3.837565336436067186e-03
1.901096723364702895e-03
4.383863729335579773e-03
-4.452277576973317358e-03
-8.491238054878714114e-04
3.452221135226852394e-03
-1.516306012727368455e-03
-2.753231894396296255e-03
3.405465506689442021e-04
3.212157075621380458e-03
-1.004581125451684031e-03
-1.728856825860419300e-03
-8.509283426218586547e-04
2.514066135751193403e-03
3.215428366072877950e-03
4.407131289744038228e-04
3.497550392315785313e-04
2.014118498791539827e-03
-1.329775009116137370e-03
-5.005559503586686811e-04
-2.682747817311540578e-03
-4.190691127776335380e-03
-1.368489105353650360e-03
1.469954434028248767e-03
1.470360401647184678e-04
4.539818476193683595e-03
-2.895194824813101847e-04
5.866815779320111966e-03
1.453139590102735116e-03
-3.190397660209234269e-03
2.183621278723732635e-03
-2.090052595978909682e-03
-3.042511412359502875e-05
2.495965903577067172e-04
1.074952932761098073e-03
-5.814770577853126165e-04
-2.054786063141291527e-03
-6.789893824612625549e-03
-6.198453007874940319e-04
-4.744664551536562948e-03
8.443968701530762998e-04
-2.686808466701108046e-03
-2.263637619118931237e-03
-1.122832758069663506e-03
4.537397114077382394e-03
2.664129912638342826e-03
6.908487229713992017e-04
2.848988566446359651e-03
2.131294293385351327e-03
-5.525495886477818294e-04
3.054434767861049452e-03
-1.100295646501247768e-03
-2.608475688468069736e-03
-1.344234323463676557e-03
4.675042213513148914e-03
-6.938732680799464952e-04
5.819752606780437612e-03
1.892046722505793567e-03
-1.134303656176829369e-03
-1.619648526514142406e-03
1.471561791582074548e-03
1.977959171205326445e-03
4.026966101768512767e-03
-5.126332089576774104e-04
5.158940033241124739e-05
-3.088719383405900748e-04
-1.846670754337232344e-03
-1.616758344811115898e-03
4.842635904040823620e-03
2.576269277199860243e-03
1.575159282082950769e-03
-2.055723252310173374e-03
-2.824791531876148266e-03
-3.795391506286329114e-04
-3.319563986819751549e-03
-3.600354840590995844e-05
3.168665967727219302e-03
4.631954830201661408e-04
1.694612906679640509e-03
-3.458054506601751770e-03
-2.871538242736095415e-03
-2.615813470238883241e-03
-2.023864270606789799e-03
2.436781188286094458e-03
1.118218969387282068e-03
-5.129113241223867518e-03
5.525121518782665940e-04
3.590220361513343002e-03
-4.817616706998781610e-05
-4.100748945892049996e-03
-3.876759278022820282e-04
-1.401409705727139649e-03
-2.007363162654188585e-03
-1.543220750388452208e-03
1.667814399067290166e-03
-1.342434802334045111e-03
-9.800184880998166759e-04
-5.481095155419307696e-03
-1.212649770124891698e-03
2.802873584308725966e-03
-1.209422532740699789e-03
3.910363817912963953e-03
1.460478870905621137e-03
-2.090890879798655295e-04
-6.125886457554455462e-05
-3.721725411327295088e-03
-4.159606183590263372e-03
-1.059288813990133136e-03
-9.017282801736662464e-04
-3.845448943837226699e-03
2.604352481044277211e-03
-1.975959550687952926e-03
-6.816876394450714855e-04
-2.133258718640406587e-03
-1.340854788386675652e-03
-2.714684022249730789e-04
-2.211473267443117389e-03
8.331148727548045219e-05
2.649048136951389232e-03
-1.807516481315053899e-03
1.029297753649356661e-03
-1.097404128833139860e-03
2.057473538542686775e-03
-1.192833119359200172e-03
2.597720699498447857e-03
1.582755812941946325e-03
-1.366288607584852880e-03
-5.414781563488210540e-03
-2.370281209555349759e-03
-1.785637330853384261e-03
2.462568223481997713e-03
-4.477001390392788827e-03
4.834462667950940933e-05
-1.384376111912155854e-03
-2.182411347658734890e-05
-2.626648715143076358e-03
2.258713672522557041e-03
-3.766676809610092127e-03
8.943444931646446884e-04
