-2.903133720300609430e-04
2.786337000142993098e-03
-2.539237532228306744e-03
-4.022956825343973778e-04
1.685990818877704635e-03
4.264867445094313279e-04
-1.517290044829260011e-03
1.078365282949454197e-03
2.049750826907667262e-03
-3.928537378748346120e-04
2.563767468493150740e-03
2.983785852405388545e-03
3.105044003120708065e-03
3.114153061540760915e-03
5.093845052206950191e-04
-1.920889819016615872e-03
-8.404731209087920943e-03
-1.085292188858369769e-03
3.742573183214468243e-03
-9.170341006858335337e-04
-3.896671535157835895e-04
-3.163033164896886500e-03
3.835886670829442499e-03
-1.137732840678499710e-03
5.219586562773618522e-03
2.960196174405411995e-04
1.895236684448966700e-03
1.092774581351780460e-04
-1.004562713693853008e-03
1.960735462231107031e-03
2.197806295317228636e-03
2.406116613118737015e-03
1.473004842481631963e-03
7.009327654927779202e-04
2.484975868401414090e-03
-1.098482178609225734e-03
-4.610825228920339101e-03
9.676152744969719307e-04
-2.123937963973780360e-03
-3.355672694896356684e-03
-2.261155624518017965e-03
-3.745971902993053444e-04
-2.271396695757257542e-03
-3.518072705540127316e-03
5.961022419453826122e-04
-5.855403605470008675e-03
1.764904607302658981e-03
-3.032432927674942776e-03
-2.686799973328516441e-03
-9.074413519306024321e-04
4.248888188357353296e-03
7.571117534653327291e-03
3.964015860155848878e-03
-1.435214269497043366e-03
1.811518954907781779e-03
-3.934491747542682733e-04
-3.673969280989487340e-03
1.686860138897646301e-03
4.113249601809889494e-03
-6.503389849050834675e-04
-4.206791481479698648e-03
-1.055547604858131059e-05
1.753032519409136215e-03
1.248979096532731783e-04
3.315499689160440158e-04
-4.338040006486384818e-03
-3.287718002730463229e-03
-1.991658620828758077e-03
-1.250710819732410786e-03
2.745375242788930005e-03
1.829769347898818664e-03
2.823129187517491078e-04
-4.188828236247803781e-03
-2.971501395032846368e-03
4.296867921825226833e-04
-4.576664080345883953e-04
3.795161969668336206e-04
-1.476843285859165368e-03
5.149927019088086470e-03
-6.820252954782923902e-04
-2.039010910934198686e-03
-2.117564468289254327e-03
-5.805302236993012920e-03
-3.963358590939562200e-03
-1.099889012873706169e-03
-1.253078030805042896e-03
-3.183443144286950219e-03
7.647110704040225790e-03
-5.060025616086192808e-04
-1.286824738697099147e-03
-4.169529725668905118e-03
-7.733242776514365376e-03
4.816464723749440922e-03
-8.980139552417536674e-04
-7.936552876279678523e-03
-5.134351700056261764e-03
6.483850432919898051e-04
4.065770133234205587e-03
1.176624186083472879e-03
-8.535423274562817242e-03
-5.605111441192034590e-03
5.181769230317959281e-04
-5.178841889268916317e-03
-8.381519012419971770e-03
-1.918922898721898106e-03
-4.485755104131196845e-03
7.791973619523872956e-03
1.764623926606235420e-03
3.510164808997838417e-03
7.039003098922995937e-03
2.497613069104222001e-03
-1.402954656827696926e-03
1.193921561634665382e-02
6.070035262762091266e-03
-2.014136662640748400e-03
3.231644775626587793e-03
-1.740601072161129999e-06
6.181629240324032276e-04
-1.767266860046600102e-03
5.800052187118687934e-04
8.687642309299571826e-04
-1.966192769836016836e-03
-1.482970139800568108e-04
-1.025792678579185661e-03
-2.411239099254871166e-03
-1.414115692932343526e-03
1.480335017222981012e-03
4.965751990874314042e-04
2.137619827256470682e-03
-3.244361542396311318e-03
-1.928129600767959466e-03
-4.963640871796978207e-04
2.617481563625981018e-03
3.177130315489200101e-03
-2.158781765897806355e-03
4.135956367596328905e-03
-2.900962067813119688e-03
2.194168938746411147e-03
-2.006440165506603174e-03
9.074423524355193027e-04
-2.426246584890197865e-03
-3.021057654193826450e-03
1.843668395994102222e-03
6.804109424523128048e-04
2.299201454810027596e-03
5.083306687861959342e-03
-4.028427743408538944e-03
-2.888883013299186047e-03
-5.435661323866627578e-03
-6.103282607712647587e-04
-1.699707336197088135e-03
2.722041696585839055e-03
2.084825503849390381e-03
-2.957686841564842722e-03
2.675378064485634238e-03
3.847251560987148111e-03
-3.154149679178859175e-03
-3.374926221478455248e-03
4.721101313723277616e-04
-2.440478057067685044e-03
-6.742900161514069502e-04
-2.165706270218745264e-03
2.475991784605726395e-04
-3.879947104897571550e-04
1.683215959310233089e-03
1.621674042578990496e-03
1.062552750540864946e-03
-3.912878093648703543e-04
2.689186133737547172e-03
-8.808524662395287577e-04
-3.573273009100168610e-03
-7.511811352585998558e-05
2.336209359657553421e-03
3.212033223186762463e-03
-1.955903964875323024e-03
-1.473511173836676222e-03
-5.105606702814904745e-03
-2.509308115099196258e-03
-1.577986897778583869e-03
2.485730307153832981e-03
-1.210777275419986417e-03
-1.059953555837237112e-03
-4.345129347848625430e-03
6.601073983757308090e-03
2.868898201868913880e-03
-1.691683091936977215e-04
-3.813681095441689463e-03
-3.132536046437393645e-04
-7.541437100274624768e-04
