2.114196332897251909e-03
-8.125805460643967465e-04
-3.804438023916884687e-04
-1.339200721887621104e-03
-5.332876209671141192e-04
1.089413619013949325e-04
-1.262357843803927531e-03
1.150026346258065579e-03
-4.526997811158477679e-04
-1.670839329703172668e-03
-4.255390833053631565e-04
3.079011055260895240e-03
3.737533572541770852e-03
3.192393483621608656e-04
-3.208420970164182952e-03
-8.416439417052044760e-04
2.549215900306009940e-03
1.098278958614618949e-03
-2.605641909694698163e-03
4.750725741955591497e-04
3.206158312119358322e-03
-2.348539370235469635e-03
6.471348730466496783e-04
1.025805889852383587e-04
-1.350569077211824856e-03
3.789178198848209959e-05
9.931110911678840865e-04
3.044665296247306852e-03
1.706323389149149794e-03
-1.970958149913392549e-03
-2.918700717361337633e-03
1.103376389301036166e-03
-8.106617401515299731e-04
2.201525847573114307e-03
4.586271968245324467e-03
1.563689451639140200e-03
3.023326194715179969e-03
1.415138303370888336e-03
1.128710682389012484e-03
1.336867027206656679e-03
7.285003325008146229e-04
-1.373283004546169868e-05
-9.038957618251654974e-04
-2.006114496532411355e-03
-1.170357446722019527e-03
6.469270368650340507e-05
-8.350145350293218700e-04
-3.507403089447758311e-03
-8.968706175614049245e-04
8.236159928923743106e-04
2.828355148132082400e-03
-1.740721813448018991e-03
2.348974990547831893e-03
-2.060206900196601913e-03
8.437515093821252449e-04
-8.266339071566554050e-03
4.210957192031468399e-03
-2.153362281329485126e-03
5.416650729858890189e-04
-4.602816864762087484e-03
4.647677165844684571e-03
-2.992276866495253464e-03
-4.659857456072001233e-03
8.037251507544781082e-05
-3.749498238592102652e-03
4.369442059029022413e-03
-1.773699191710813132e-03
4.156586842355930976e-03
-4.748186388656849485e-03
-1.624253699742369064e-03
6.960458027230114093e-03
2.352359718977502202e-04
-3.336009003172969289e-03
7.937268348238093671e-03
8.288685212242534808e-03
-9.640624291374769780e-04
3.353503231928491903e-03
1.959283908943727608e-03
3.168225584194636884e-03
-4.309319698799597004e-03
5.078036833047964993e-03
1.056883188556982282e-04
-7.012132797627460522e-03
-5.556726541792054476e-03
-2.271303184846929987e-03
2.180941600315021260e-03
1.765814583816016029e-03
6.548675577898136629e-05
-2.445148246389621666e-03
-2.762264049957570584e-03
3.093887535763325874e-04
1.166219548377588587e-03
-1.151741378572577763e-03
-2.547937381425407002e-03
-1.830405868229697565e-03
-7.081775924803658138e-04
2.148171634512614260e-03
3.989852726136745571e-04
3.069112593238716106e-03
7.895150696863051940e-04
2.492708184766570696e-03
5.644628894917533149e-04
-3.305853359823362602e-03
3.136174938423007090e-03
-9.868306970103669137e-04
8.417976352750208249e-05
-1.458730544570876119e-03
-1.160144453514338819e-03
1.746727216239791483e-03
1.835604230530680061e-03
7.996532462699880136e-04
2.291706039755037495e-03
2.226257143901772158e-03
1.883143051211929328e-03
1.398535697921962856e-04
-4.106553289401530284e-03
-2.820104936528564695e-03
-2.675721120437189564e-03
6.630317539041923232e-03
1.947920997261514808e-03
1.693128563872147666e-03
-1.304106942075423286e-03
-3.436039551922641811e-03
2.767738654253153446e-03
-6.097419554987711576e-04
-4.293286069251513377e-04
-6.096083260936818781e-04
5.529325934089309239e-03
8.168908499503317946e-03
3.327730875319548712e-03
2.247306230955527836e-03
8.348708144095131701e-04
-4.597982883918711253e-03
2.953954061014399217e-03
-2.202151428238291030e-03
-4.549908441710337655e-03
3.512792791616207305e-03
8.025577751965917370e-03
-3.135766921714069552e-03
-4.212267498170553862e-03
-2.294118005263687862e-03
7.741857069708809680e-04
1.058288201290696461e-03
-1.218629208260359415e-03
-9.347126379692208969e-03
1.090730043737251059e-03
-2.406722350443080399e-03
-2.523261285427954442e-03
3.740673469589414143e-03
-6.319884047361020059e-03
-1.925905916613709521e-03
1.870308851720540663e-03
1.958659231737349977e-03
4.532966486678424375e-03
-1.906825906609242770e-03
-3.035489774607030584e-03
1.968684986070817072e-03
6.090713530018030536e-03
8.826598221985953660e-03
2.261384523856164032e-04
-4.210590690014839703e-03
3.706065155805816740e-03
4.037130825612834928e-03
4.291097227158336205e-03
-2.929843769418434031e-03
4.470641505617850564e-03
-1.601246124787894390e-03
-2.102565042650521385e-03
-3.362632966899464088e-03
-3.598274582407203024e-03
5.026352410759820678e-03
2.310385427862286485e-04
6.881275781139712657e-04
-8.827806917924376807e-04
-3.253845148573145975e-03
-4.619848175272466104e-04
4.247977531160745598e-03
-8.053206226776352507e-04
3.482858124987992746e-03
-5.384277709811522740e-03
2.061671420427566188e-03
-4.880985030627935095e-03
-7.146331862282734489e-03
-5.733235253142885714e-03
3.235059131365117333e-03
-1.932896492472537713e-03
3.596750666583056668e-03
-4.504752353394678968e-05
2.789812951883227101e-04
