1.049021919330024892e-03
-1.097204257394101564e-04
-1.011310341169849173e-03
-1.401342899366939511e-03
-1.914053822908671739e-03
-3.739445647717102705e-04
-1.673358816857123182e-03
1.123047294120108758e-03
1.010917684114350738e-03
4.059660873152140526e-03
1.647244555323142904e-03
-2.870722666677133885e-04
2.834764605550699895e-03
-1.088851099192527727e-03
-1.952573746858761883e-03
3.323943225870360386e-03
1.506862165108163992e-03
3.226907546144890376e-03
2.587484487330897996e-03
-1.756736583145329178e-03
-9.226234478392846645e-04
-2.873624160422570597e-03
-4.040691143378480864e-03
1.110026264400851813e-04
-1.698100748596467497e-03
-5.311764517336096773e-03
-1.331243601025779892e-03
-8.112754237968501257e-04
-6.988790356539217354e-03
-7.108293063451748750e-04
-3.149219416315258285e-03
1.249211501622560184e-03
-2.293022315219155494e-03
1.273148140955825776e-03
3.496916877803795450e-03
2.621088289233021364e-03
1.680814099981198760e-03
5.890798654933825096e-03
7.059597461899423144e-03
2.711042286800234048e-03
-8.699993517129679839e-04
-1.110238083227463269e-03
-4.751669856093446165e-03
-2.542869747480766204e-03
8.553247973447792576e-04
1.866520988533135975e-03
6.599925106204428257e-04
4.922968867376331138e-03
-9.624560875569264872e-05
2.412536935574481449e-03
6.307904038842735914e-03
-1.523890007871204957e-03
1.851799357073818106e-03
-7.284936460443145953e-04
1.217737077422344780e-03
3.276385526342571862e-05
1.726674849198352624e-04
-1.799231963999926203e-03
2.322328539009864325e-03
4.459642211194215209e-04
-4.313277402313984120e-03
-2.241698525009197442e-03
-4.073966041994355088e-03
2.750011390195672770e-03
3.303974283164670851e-03
8.629529976695942371e-04
1.944731991651020954e-03
-4.636247733739994568e-03
-4.993187418307565512e-04
-5.415418727295504171e-03
1.186111712393591493e-03
-5.993279186112096014e-03
-7.980581468692868417e-04
-3.590365721519031030e-03
6.025210496054021021e-04
-4.892567626565618409e-03
-7.645860129896560504e-04
-6.196328423775033698e-05
-3.114627232804610246e-03
-1.399890776023433652e-03
-2.668442447490999587e-03
-2.620775801977315387e-03
1.970196294652935744e-03
1.027611839461584770e-03
-3.902066936833010081e-03
6.622426227885268649e-04
-2.051130871321653684e-03
4.834221310663766721e-04
-1.084149837271121538e-03
-6.451208224376284855e-03
2.913759103792964381e-03
3.966190336467776030e-03
-2.754804392229464206e-03
3.766010251158678247e-03
1.194202255328239998e-03
1.592899845042264947e-03
-1.115079618085169358e-03
7.955470294843432081e-04
2.495119547554225934e-05
1.143981778884335361e-03
-3.456563539665959660e-03
-3.270296748143101950e-03
4.154248158382821757e-03
-4.757248617804757385e-03
-6.080556789335142586e-04
-2.481443908772810753e-03
-2.721692925325247796e-03
-4.665391329408992774e-03
3.438995625204817851e-03
-2.479137465943130180e-03
-5.192940766346390699e-04
-6.546799319882366916e-05
1.883645844339581956e-03
-8.806916631412495559e-04
2.283203515469317546e-03
2.715237696620712189e-03
-1.404709228646354099e-03
3.502637830125128211e-03
2.929549200152192605e-03
-5.838949575213493769e-04
3.334451141478759258e-03
-1.190248692905893991e-03
-7.473469286882991917e-04
3.731984725432509458e-03
-1.982752499310718158e-03
3.724674852877756133e-03
-3.042542097759693212e-03
1.726991000682237239e-03
6.936130304587008162e-04
-9.293510082798721490e-04
7.273677688843851194e-04
-1.293802259693977623e-03
1.311322525316049089e-03
-3.204843132001872728e-03
-6.029992439490239635e-04
-9.009922102807808343e-04
3.883313567458149154e-04
2.785481842432490762e-03
-3.302844836794764649e-03
2.801821723565586699e-03
-7.175677128204522616e-03
-2.893852528475203845e-03
1.915124735456939743e-03
-2.605959147844366230e-03
4.773031942728311709e-03
1.042816698432898036e-04
-1.054843065045947114e-03
9.626003117439862686e-03
-3.592143050158826210e-03
-1.369498800944428645e-03
-6.169473982015581670e-03
-1.756030835055296616e-03
-5.916959536352428030e-03
-5.225827732346717720e-03
2.230437597678415051e-03
-5.538875579378341706e-03
-2.128072883312735405e-03
-2.848336386213151227e-03
3.753345048961863155e-03
3.696947908308828232e-03
-4.880871068632789724e-03
-3.889111623498817897e-03
-2.718412208434071997e-03
6.747399361285728175e-03
6.953203153353362809e-03
1.050356127640336788e-03
-7.432727737027467895e-05
2.644650992439709532e-03
3.976243205044828304e-03
-3.937344921413575278e-04
3.105436197512814744e-03
-1.995844740066151680e-03
2.422005259961798693e-03
9.636545596944272925e-04
-9.397844985767514307e-04
-1.841839033766327850e-04
6.932295013560612479e-03
-4.321871559882554080e-03
-1.077039397581220845e-02
6.675973710441831209e-03
4.013278983102887623e-03
2.275101744092874849e-03
-4.038585348363845501e-03
5.925079481085532285e-03
5.168980374997398687e-04
1.429975308173360524e-03
-1.189646981448140789e-03
6.043651531789902623e-03
-3.303458658669179530e-03
