9.730708883387632598e-04
4.105968150716950843e-04
5.943168902843515636e-04
6.067258661483844765e-04
1.105053836208854052e-03
5.697140104355469855e-04
-2.817204843007215485e-03
1.050215608157852813e-03
4.571986361835124143e-04
2.273043172554088838e-03
6.568208476014632084e-03
2.564445536755152744e-03
1.252659307087490570e-03
-9.759972328693695531e-04
-2.137830997908834411e-03
3.650148059427713379e-03
2.781874041787307274e-03
2.651024443557280837e-03
-2.773794567293994765e-03
7.706571230087663066e-03
-1.755799328413728882e-03
5.992617208433697815e-03
-5.880785808604478649e-04
-2.392710661925909199e-03
-1.525007744198889677e-03
2.441557167208443721e-03
2.883013073096702111e-03
1.794437738222085313e-03
9.933092297538408978e-04
1.037361896703221757e-03
-2.730822681721043269e-03
3.252748437778481185e-03
-3.538149006921563131e-04
4.331957552275369095e-04
1.605607779644118794e-03
1.597391107206729043e-03
-3.306830626586677695e-03
-3.846213458787995352e-04
-4.323007232016934007e-04
2.354210454281588719e-03
6.206759322964854574e-04
-7.270378913668117810e-04
-2.556042285513007890e-03
2.624686129739811115e-03
4.326815538001686952e-03
-3.439055436910016302e-03
2.914281348591327581e-03
-8.527527887435169211e-04
-2.284992013986384546e-03
-1.615542056914903756e-03
-5.599229451265662263e-04
-2.807520283695021015e-03
5.488029388206525257e-03
-6.661480735940183799e-03
-8.185966486065968106e-03
-1.204156190556716216e-02
-1.109064044028656689e-03
3.943704797193239506e-03
4.436738602488878198e-03
1.408847541358856578e-03
8.391622286735886393e-03
-3.318975432814256273e-03
-1.987221931043170898e-03
-3.083796473265710452e-04
1.176216922254839882e-03
-4.900901215392106103e-03
-6.333286288644616492e-03
5.099502346489601448e-03
1.368386511950797808e-03
-1.683002647665526093e-03
-1.442178534340948781e-03
-5.263260264626345650e-03
-4.977196213133865295e-03
-2.286860165238985677e-04
4.323997320191899467e-03
-3.972126148011132299e-03
-4.552075927667007492e-03
-2.117468079797866186e-03
-5.607877607977826764e-03
-2.414746194285125915e-03
2.411886813880347469e-03
2.951869996927362905e-03
2.686820369006976805e-03
-1.495518239869578778e-03
-2.506785964214094508e-03
-5.347903888343236850e-03
-4.813052813855005913e-03
2.730391460146507684e-03
-5.747163008274325897e-04
-2.922914179170470542e-03
1.804851145971949375e-04
-8.822384858585024430e-04
4.147632445976942930e-03
3.562955110643034259e-03
-2.665641925913130733e-03
4.532292207009363041e-03
2.358947966359415359e-03
2.527892201423059988e-03
1.038149580886052513e-03
-1.131762877689871760e-04
1.796691087380674365e-04
2.290572624754601185e-03
7.092540078670989904e-04
-3.076151425317243289e-03
-5.650030683702005931e-03
5.994131854960323006e-04
-3.642828768014641765e-03
3.560922028676849634e-04
-1.828870150122355537e-04
-5.693467008608875347e-04
4.897113766910783823e-04
1.468622285305751403e-03
-1.143920329493566855e-03
-3.259905746467531024e-03
-4.001327731785968463e-03
-7.566914561226626909e-03
4.174018235846655399e-03
4.565765670293202294e-03
3.619028174027519220e-03
1.071897936734865579e-04
-6.630869337373279659e-03
-2.031614071296633257e-03
6.839560110017731641e-03
-1.052224590033192918e-03
-1.589903859535124215e-03
-2.705346643547911108e-03
-6.931287903825446729e-04
-2.710247828970708314e-03
4.054777704232253970e-03
-5.176060043566426197e-03
3.013780849142333896e-03
5.317532307125231311e-03
-6.435697138781191172e-03
-1.102429778243308161e-03
-2.233821953747222675e-03
3.142584874629714489e-04
8.687427540266229710e-04
3.650826275749292135e-03
1.106838773105709404e-03
1.022648368122714736e-03
1.205408482157245597e-03
-3.825743504506509424e-03
6.049337653595125187e-04
-3.180088803152284881e-03
-1.643068917189685662e-03
-7.357052680368070686e-04
2.264238951429768752e-03
4.510709776632143043e-04
4.347076427886720912e-03
-2.813093256458319875e-03
-2.039192560895507558e-03
-3.231380306565825519e-03
-4.649002552755476976e-03
-1.646362979014606535e-03
-1.451269188300406557e-03
-2.001922955628164438e-03
-2.656571530830431627e-03
9.753026243233300615e-04
-1.501529442465206492e-04
-1.442493412522047542e-03
-3.212942709111287799e-03
-3.082568524069692097e-03
-9.226377163377276567e-04
-2.632482122467116967e-03
2.019525686894889805e-03
-1.790220782157921032e-03
4.389538326883555934e-03
5.375607617800204352e-03
-1.717600505272572813e-03
-4.021037995453971732e-03
2.044574937594570083e-03
2.101051626435478190e-03
2.984410718026790643e-03
-3.207963617265322497e-03
-1.517959137348818177e-04
1.287936466069734181e-03
2.981654037519530266e-03
-2.392058576022268370e-03
2.066183350384020057e-03
4.191789544994762337e-04
5.715284082280635159e-04
1.321501576189074633e-03
1.729298084392951167e-03
-2.637434724889577316e-03
4.660022762409177233e-03
-2.538925712023796296e-03
3.101775647110594468e-03
1.337310700028190771e-03
-1.022372796461535547e-04
