6.277907902743002418e-04
-1.982497401648200108e-03
-1.097525176190600107e-03
1.724315659614463446e-03
3.446019235057037563e-04
9.997683927435677565e-04
4.619846998786991308e-04
-8.785436715227088258e-04
-3.316000866851711226e-04
4.012360548272983843e-03
5.531549014430158645e-04
-2.597021311992789381e-03
-2.702488663881717681e-03
1.770293640980654878e-03
3.929419299711260443e-04
2.297651874688227611e-03
-1.464763872120488459e-03
-1.750376643034280873e-04
-1.893631422340580697e-03
1.513623119143633075e-03
-3.420752245022168781e-03
1.173178969130698714e-04
2.132736931790626820e-05
4.838721833413918102e-04
2.531731653432454151e-03
-2.203948553527681868e-03
2.074537264872953861e-03
1.516614265244549311e-03
1.171165302147965988e-03
-1.820478558982368362e-03
2.542160926677719274e-05
-1.930889368465288315e-03
-8.255063367279183830e-04
-1.989617503344630247e-03
5.113195498293507922e-05
-2.211131374074751504e-03
-8.580136939972854470e-04
-1.198287616108998808e-03
2.328577757819354221e-03
-7.277695866938743274e-04
-2.442371368407286487e-03
-2.381205066912133340e-03
1.755043958228796625e-03
3.490370777964264207e-03
8.240883104317726828e-04
-1.096178330375454594e-03
-1.774448192710623368e-03
9.156142669693325244e-04
2.827985742093487229e-03
6.631152723358243496e-03
-3.612376283901456639e-03
2.771231534739831276e-03
3.672794741190132332e-03
1.627326716962726287e-03
3.042739975239446091e-03
-3.701915867203633623e-03
3.656475709812751287e-03
-4.750912598887099131e-03
1.683018790965706444e-03
-6.665137676126222082e-04
-1.584719206745704165e-03
-5.505119734656828585e-03
-5.938933622079245293e-03
5.086295361756888560e-03
4.211497431544950301e-04
7.061383712405238169e-04
-1.667694419203871433e-03
2.882203736913655379e-03
-3.216725749410851223e-03
2.685303431552854645e-03
-5.669504560243540485e-03
-6.750964709412222466e-03
5.097790569819033585e-03
-8.777112757976485505e-03
-4.160049680209278525e-03
6.733741661823216141e-04
-3.452719826808471875e-03
-6.969898789796077909e-03
4.019948446036930231e-03
-1.683665959397235038e-03
4.135907216450711819e-03
4.002680925340202679e-03
-2.164492562090923784e-03
2.998841185209349188e-04
4.516584858955714418e-03
2.178314930067456795e-04
-4.130513362643840024e-03
8.417268598111162913e-04
-4.096431260950560843e-03
2.993127254993969456e-03
3.385090671573496354e-03
-4.971697530388220938e-03
2.908441703501745031e-03
1.008544348575936452e-03
-1.531057155986396490e-03
-1.296349309451879294e-03
3.109428537579607583e-03
2.734339203873581339e-03
-1.726652125900411802e-03
7.125216424838316624e-03
6.187563404129852937e-03
4.187582969634337689e-03
-3.758328519882863337e-03
-4.978409624497406524e-03
-5.699100106745255342e-03
4.624513072080640302e-03
-1.851065549656192135e-03
4.355317654754269942e-03
-3.011974744850189067e-03
3.035515810337929593e-04
2.337670384852694443e-03
2.242861978676209428e-04
2.174348256659052077e-03
-1.513341077338383172e-03
-7.253051969739221809e-04
-6.217995541713186710e-04
2.400291056031388006e-03
2.465610332336195046e-03
-6.407127712044746390e-03
1.992378885744444748e-03
-4.544648411198456452e-03
-1.897492664169315437e-03
-2.551294796135126112e-05
-1.895259545030682311e-03
-5.006314520013676640e-03
4.214889739070280111e-03
-1.295695572680791163e-03
7.726182522071400709e-03
-3.074543257939547653e-03
6.942196773478941790e-04
5.336112504872197494e-03
-2.853601287664275094e-03
-1.532765667408432725e-03
4.261345452855488936e-03
-3.269206506816800528e-04
-1.080295566732252487e-03
2.065502957742508007e-03
5.245570046402664444e-03
-3.279821436746268096e-03
-2.196743059448919445e-03
1.745583702390600747e-03
1.319948266129492833e-03
2.787895748205287093e-03
-1.572710790449053167e-03
6.978289805998481865e-03
4.247816029918380018e-03
3.877550792974663370e-03
-4.447274298558033089e-04
8.557209974363041288e-03
3.607678454792120643e-03
-5.096810713545969936e-03
2.585597317066802309e-03
-2.538972135691295023e-03
-7.575583849571914221e-04
6.314827930762510755e-03
2.292834546102049103e-03
2.671176887043554861e-03
-8.238944878142394519e-04
-1.917972761377323811e-03
4.516563727251436504e-03
-2.606714345362490335e-03
2.144941161835201959e-03
-2.479529219035505726e-03
-1.174477149421253742e-03
4.015196282168275246e-03
-2.131807233791318656e-04
-1.280732351576897507e-03
-3.253992229282437476e-03
1.501397647648860286e-04
-1.966427636826797217e-03
-7.984989228395015636e-04
-1.096708462023900967e-03
2.534575837098786838e-03
5.505453997912051816e-04
3.951922162682116983e-03
-8.007522380087842701e-03
7.022354756052564054e-04
1.707074583701444215e-03
2.355216665686603859e-04
-2.803917325116574676e-03
3.535976523214247672e-03
1.162125204047249763e-03
-1.313346750105340213e-03
-3.167090271681803366e-03
-4.271370126358573806e-03
2.622654083745185136e-03
3.615778484469676229e-03
4.366438547037916965e-03
-2.557161296583786679e-04
