-2.176759570724696893e-04
-4.675705701009148514e-05
4.042187151107143220e-04
2.734254400140449619e-03
-1.549699244924856740e-03
-1.156855607797978649e-03
-1.440093664415008617e-03
3.330952227593044325e-04
2.301556965890086404e-03
-8.769148311815835352e-04
-2.062583928952780796e-03
3.055091067016931297e-03
-6.721941336123453447e-04
-3.493237381373003221e-03
-3.010886578082087026e-04
-5.606221384313513946e-03
-1.298506197593698834e-03
4.025612169556800485e-04
5.277639078335908708e-03
9.891703154097811288e-04
-4.783664077680277113e-03
4.248207238328853552e-04
7.616663595496523482e-04
5.436575576609461481e-03
-7.204472803960624595e-03
-1.107313020484438108e-03
-1.929823776670686747e-03
7.102333089275222368e-03
1.005399673565256468e-04
3.550093711408596354e-03
3.602236753427916389e-03
-6.895880014743237946e-03
-8.534622315704287754e-03
-5.250232286221010727e-04
-1.182857057703793642e-04
-1.009936073022120158e-03
-1.847558545653114881e-04
3.208670031758543983e-04
-2.946601620318039638e-03
-9.162052538285281322e-03
-4.050542215152445197e-03
-4.877657696944199921e-04
7.897990506881011688e-03
-6.520978646489468704e-04
-2.693771001144084146e-03
-7.073205679041021056e-04
-4.624675874057279645e-03
1.695863357182907040e-04
4.453121853472525823e-04
-1.722417148931284798e-03
-4.365583320889454902e-03
1.157365524300567631e-03
-2.755316295391592538e-03
5.337535267866288201e-03
2.657884311429392372e-03
1.554947456560751111e-03
-1.037171859933874252e-03
-9.923449723598610703e-04
-2.624630628978780276e-03
5.838018087683376559e-03
-5.865549532197385295e-05
-2.396115307490126120e-03
-5.368666962390218969e-03
1.001268612729063487e-03
-1.220934174163841894e-03
-2.070532001742757776e-03
-9.930370899712507183e-04
8.389465822353623812e-04
3.260879782682902378e-03
1.637726801832109762e-03
-6.620672658767721118e-04
2.750154676572984583e-03
6.385144249124079588e-04
6.348915910749162832e-04
-2.663501863266411456e-03
-4.662862904443861208e-03
9.586993415055362292e-04
1.564855246673186196e-03
4.934115238977960019e-03
-9.587936917409258181e-04
-5.265222041613528336e-04
1.311094766372652249e-03
-7.080985620171471179e-04
-3.725160502193884714e-04
-2.819222087860015404e-03
4.029642593874587474e-03
1.265738847248141412e-03
5.058397291884407417e-05
1.420015651669576107e-03
6.921357248547301173e-03
4.156056214022225276e-03
-1.135857300373443665e-03
-2.814894194111993916e-03
-2.111435119599085457e-03
5.022683381617576090e-03
-1.990725157556673917e-03
-4.517625623729280403e-04
3.308906560678218610e-03
-5.051410133473227364e-03
6.026036542369840902e-04
1.628047724078417321e-03
1.766959421037094316e-03
8.015159868449182141e-04
-1.618362164173649210e-03
-6.197995174321152545e-03
4.166298581072414714e-03
-3.551759537517323439e-03
4.897772837131764839e-04
-1.544553668875895801e-03
-2.977710504505476190e-03
-2.843890369500484856e-03
-1.568081285511769424e-03
-2.523504855328792800e-03
1.419320294495575452e-03
3.465945270642250154e-03
-1.180953391567438841e-03
4.474840338254523243e-03
-5.486528761083133430e-04
-2.817780579983137235e-03
7.937708842104808328e-04
-4.673388580686666828e-03
-1.560804841742096868e-03
-5.167007089962150079e-03
-1.157185105831372773e-03
-1.424345098384704068e-03
-1.151307925817194027e-03
-9.788540736348787154e-04
3.327841744423910755e-03
2.960661776772770520e-03
-1.208247459332496701e-03
-6.779530461891206897e-04
-4.003103713636861453e-03
-8.559874407876196661e-03
1.122445892604462042e-03
-2.519520162901306946e-03
-2.518748373316428025e-03
1.048034454853478872e-03
4.616790610021722328e-03
5.460284184040469207e-04
6.350984673298950937e-03
4.622902579396019791e-03
-5.874033017556463954e-03
-2.817630448900230143e-03
-1.884535768145936948e-03
2.439094494368854605e-03
7.481570072105193448e-04
2.098653504842433286e-03
-1.615619637214277000e-04
8.676822435483282515e-04
1.083720266931174903e-02
-1.987238008308124700e-03
3.413449288624811158e-04
-1.723159560096419697e-03
1.042290887966079108e-03
-3.591430940143915899e-03
-1.865253472290806383e-03
4.916451653715526657e-03
-6.440642625697688434e-04
2.748585094154003608e-03
1.454021017871445917e-04
4.016224592658233783e-03
-2.036614496404257936e-03
1.436003492597581364e-03
2.592794408986155534e-03
4.562168943710638190e-04
-6.711496894357652128e-03
1.039695135050367142e-03
5.829755631931004753e-03
2.661307450731714448e-03
-2.232601443158181015e-03
2.419313005354456220e-03
4.979372091770919127e-03
6.712060577232662004e-04
-2.276061600127505212e-03
-3.156072206819953308e-03
-6.371415370283315576e-04
1.179134434012416585e-03
1.763716967271469868e-04
-1.168989413742955747e-03
-1.042246029499097103e-03
4.008028364925841458e-04
1.256993415983214920e-04
3.374857896758317113e-03
1.758918918233290125e-04
2.205471707396705529e-03
4.129749644833248697e-03
1.987420440039158482e-03
-4.537324966962630324e-03
-6.894837627451848305e-03
