6.831804780368372484e-04
-6.274789855774690278e-04
9.098661688849723648e-04
-1.916411354526927372e-03
1.522924453728700164e-03
-6.346332278521760444e-04
3.464623972075712467e-03
8.859485933753814997e-04
1.282690642257411709e-03
-4.711306210949024915e-03
-1.460992400673035265e-03
-4.455239224311332256e-03
-5.913913829197778825e-03
2.828148171532843865e-03
-5.935541491866859649e-03
-5.809434839492062276e-03
3.755026226049637192e-03
-2.307891298311680328e-03
-2.173699651364941875e-04
-3.838936714448755623e-03
-2.432852875537404400e-03
2.273175283990606368e-04
2.646592546244859803e-03
-1.583539535556944405e-04
4.318842783323487058e-04
5.941297955043746241e-03
5.404874208424777920e-03
-1.188920931553042381e-03
-2.098021727677922520e-03
-9.312600031092711393e-04
3.760396547368124402e-03
3.108759004222260455e-04
-5.773130911518881657e-03
-3.366038162938918450e-03
4.672042564340564245e-03
-8.525102134471430199e-03
5.288422099502755082e-03
-7.246034147504927699e-03
-1.583690691894910300e-03
-1.161020746137594005e-03
-3.930129417677573171e-03
3.522111756742225819e-03
3.945648902813212594e-03
4.430299531475024970e-03
-3.597618284796507467e-03
5.589367591926702131e-04
-2.054035490910220089e-03
-2.350408171567115452e-04
1.217138838842001490e-03
1.247691227399488336e-03
-2.167301624802626253e-03
-2.580230679640059706e-03
2.535098898947289389e-03
-1.734082178651104303e-05
1.916129490396787554e-03
-2.717511923891020799e-04
-2.670456911767078809e-03
-7.338039259557893601e-04
1.078897051210427494e-03
-3.071152635029187391e-03
5.456414261409211911e-04
-2.071754721627001514e-03
2.905129414828410556e-03
3.069484826157742405e-03
1.563639533628386619e-03
3.165774095722751879e-03
7.996769233293737119e-04
2.672633680904127132e-03
-1.091782003739147572e-03
-7.358180353589692003e-03
4.678168247000317678e-03
2.166119294272940150e-04
3.117975124548726194e-03
1.111870799833676983e-04
-3.229151770171201537e-04
-3.206310996960037071e-03
-7.841453862644190854e-04
2.361398947611007253e-03
-4.619597750904212209e-05
1.313808207892024418e-03
-8.074307477078589926e-04
-9.140849129851616591e-04
-1.034346460037201048e-03
-2.453496053025923493e-04
-5.154933655169320486e-04
-2.103522559379979433e-03
9.366750748233064992e-04
-6.079787065434399777e-03
-2.887008659654725744e-03
5.380362159625516442e-03
-4.184026263894934962e-03
-1.326786045227589623e-03
4.272724001440041650e-04
-4.201905409295365532e-03
3.267306853326909771e-03
-4.004779435126182893e-04
-3.851581025656418151e-03
-5.028827357584417408e-03
-9.190676089854092753e-04
-4.555827844409599675e-03
-7.274224651757917742e-03
-3.000827133140656668e-03
8.294516347567896380e-03
9.340182914787492977e-03
-4.722688742701514064e-03
8.617851819794716426e-04
-7.916346147909642753e-04
2.589283228840295620e-03
6.478436291592102421e-04
-3.348992587479530155e-03
4.228695003361273262e-03
1.884578589293278922e-03
-1.437622403830342212e-04
5.151603135736543141e-04
3.911334022914627478e-03
1.556539388493649589e-03
-1.852694514496709775e-03
5.100821512762907829e-03
3.560101905314922506e-04
4.295967446145578308e-03
3.681789743429982487e-03
8.121542973073848102e-04
-3.676554788888149964e-03
-9.789562570532890379e-04
-3.265281697502670291e-03
3.229618451079688864e-03
-7.337554993065720406e-03
3.463295875877278607e-04
2.343607890863207577e-03
3.949611910541802988e-03
4.850581308366508186e-03
1.125053755367887154e-03
-2.884155381818279910e-03
2.379544113794954292e-04
-2.323380940194683716e-03
-2.193463967283208055e-03
-1.113354649440247883e-03
3.610502834237383843e-03
-1.650248208314249957e-03
3.805747063045742133e-05
8.567655797708743221e-04
9.589565866660565126e-04
9.521319762708901338e-04
2.827080199186567458e-03
5.529571561346517498e-03
4.307164027830968044e-03
1.312512395693631994e-03
1.286817381286874682e-03
9.127968608293342972e-03
-2.268048363559851434e-03
8.142556352424662166e-04
2.837635166021925184e-03
-2.398155893315931982e-03
-1.525323258900637127e-03
-4.842581721284992119e-03
-5.524322766329103711e-05
-3.115333324738254485e-04
-3.778983830423713382e-03
4.872213509431976008e-03
6.967936376996114109e-03
-4.935620875462684055e-03
-1.863647837152051416e-03
2.655808063307743983e-03
-2.581632889939285396e-03
2.587193978594207622e-03
1.762442156527067481e-03
6.678005529549547971e-04
2.565220307586116300e-03
3.321527025342588604e-03
1.950050124597554543e-03
-5.101766747123052481e-05
-1.903612806798729877e-03
6.841492042537068285e-04
3.827679357376151766e-05
9.575110159364945027e-04
3.005443534275421217e-03
-1.368671340944636850e-04
4.473904392540606258e-04
-7.447330690934818309e-04
3.142649789828800850e-03
-2.725059422107140635e-03
-1.343134138237632338e-04
-3.593547890300922282e-03
2.862767778944060298e-03
-3.367798057174885458e-04
-2.631418801001681601e-03
-2.874370203183463767e-03
3.322255917694439515e-04
1.292596541961791223e-03
