-2.267881266333916096e-03
1.486176242019655262e-03
1.400326672076128171e-03
2.370220140824228286e-03
4.280352975356802205e-05
2.777847198826287854e-03
2.269062159916566176e-03
3.065111225987403841e-03
-1.483016050886776325e-03
3.083301864064457777e-04
-2.167697063076868061e-03
3.008144892268718035e-03
1.503587444844274720e-03
2.289988247814568091e-03
-2.121746434958474928e-03
1.068146494277275212e-03
2.987821101412189290e-03
-1.677992379370468962e-03
-2.200446960892506079e-04
2.195548427823081506e-03
-8.361662434610648426e-04
2.224451589831284831e-05
3.977584054895792059e-03
6.024836210859079756e-04
-4.689920197301007329e-03
5.411391310730916679e-04
2.935045975617887101e-03
-4.997248978743911037e-05
-4.050365108314551120e-03
1.944288481902337008e-03
-5.280406015864780485e-03
2.517900125221322500e-05
-1.330833257408968505e-03
1.651824956310329624e-03
4.059719519776958281e-03
-6.768764005774940019e-04
8.209906045105817406e-04
3.645300999395370903e-03
-1.455245525836629424e-03
7.103184359809027425e-03
-6.029243366891019404e-03
-4.683089623890301055e-03
2.723283959802499585e-03
2.179161522197912287e-03
2.469533155573354431e-03
-3.984846000818691690e-03
4.311753277551604729e-03
-5.480694064848458781e-04
2.534473952633431210e-04
2.265882513852738884e-03
6.153351985299649858e-04
3.450226409225235977e-03
-1.136799195250911328e-03
-3.976302550442415850e-04
-4.127618848559229392e-03
3.770614312219410739e-03
1.816994356200430044e-04
1.662280004052736149e-03
2.748197773205881232e-03
-2.903951151862588470e-04
-4.051051361228856463e-04
-8.563317332331667805e-04
-1.590455161490950554e-03
-1.787276844318721461e-03
6.923927411726281400e-03
2.063951382328302439e-04
4.393050412029143349e-03
4.972132107817753624e-03
2.183874204411144406e-03
-4.499010665881301822e-03
-1.567536967622342944e-03
-3.200602579407210019e-03
-4.063518798586994614e-03
1.736668090678813656e-03
8.228026828573124438e-03
-3.198190095542282046e-03
4.198766374874414974e-03
-2.697846112302389014e-03
-4.420421282134413821e-03
-4.360884589902376714e-03
-1.421145096165699279e-03
1.644267892102318704e-03
1.972564132107897973e-03
3.220203589190079145e-03
-1.864621878292973840e-03
1.066604028405835052e-03
7.455328847496751378e-04
-3.811277383471559153e-04
-9.867711802317958528e-04
2.536899956544532830e-03
-6.463580696135068880e-04
1.843828098986406575e-03
-2.616309089045146946e-04
-2.764090029089161064e-03
-1.650450982379291550e-03
4.587399659371870072e-04
5.918385714538041548e-03
4.773852341158584651e-04
-1.157261099062076255e-04
-5.645758871012958443e-04
-2.430689530955662449e-03
-3.828961272533685373e-03
4.333471848726905577e-04
2.690147367400583744e-04
3.261220228108962713e-03
8.709450064152468368e-04
-6.993942471330451618e-03
2.129829044254033348e-03
-9.605115786310836328e-04
2.179824451641890464e-03
-3.799463289850333724e-03
-3.713885707215068728e-03
-2.021996050210426391e-03
-2.069807671569241141e-04
2.107426880073338775e-03
-2.313395570270313818e-03
-6.492799054981725389e-04
1.947514574436366545e-03
6.762104476804656206e-04
-3.701790207821860790e-03
4.732287048370072656e-03
4.212257142657131401e-03
5.281720050150477686e-03
-1.030019190781034924e-03
-2.710714143215884817e-03
4.443263765562632632e-03
3.873033049022348365e-04
3.971450876642299184e-03
2.137971576540445822e-03
2.962565951236470572e-03
-7.638661644525101407e-03
2.472163413076986990e-03
1.155460911160732015e-03
5.705773669258571226e-03
-1.891990498727487121e-03
-4.099746010470426208e-03
-1.750927944542915015e-03
2.016001343661692757e-03
1.514132557534809563e-04
-3.551085206838084361e-04
-4.955183869678293947e-03
3.275382635437781680e-03
1.654596467583623878e-03
-1.228836222846445584e-03
1.071475601944920676e-03
2.008234974753968314e-03
1.736833257168864456e-03
-1.971790102503802062e-03
2.072100676434680735e-03
-1.995154311907138423e-03
-4.687931970596131460e-03
-1.405505697268956368e-03
-4.206468995570132943e-03
-1.804162534200406563e-03
-1.207412433198027301e-04
1.855767664258396689e-03
3.828962729038933054e-04
-1.921073966239299430e-03
-3.945147827536597926e-04
3.413462649870355366e-03
-1.725944902582402136e-03
3.533030141935441203e-03
-7.190948373675152411e-03
-5.630996597800831715e-04
-7.099459869564811454e-03
-8.652816238744705235e-03
7.135749420870110722e-03
-2.639693649981041026e-03
7.723924913562119250e-03
-1.179059639688086235e-03
-2.035731309020862977e-03
-5.439292524744164872e-03
-2.742687384641854988e-03
-6.499290812206617515e-03
-8.596238748254039427e-03
5.122755277300578003e-03
3.455601164754514704e-03
3.919881082318853183e-03
-1.993317991831699762e-03
-3.036750264897609551e-04
-3.795590327022231071e-03
-6.344001386738277624e-04
-1.524755129399462316e-03
2.477294636173171544e-03
3.030459622167498181e-03
-1.057501197896648874e-05
6.719134730569010540e-03
-3.640150824312489235e-04
1.910977012439755941e-03
