-5.686732196233810674e-05
-3.452019530889396427e-04
4.935439223249103626e-05
5.461409284468724153e-04
4.190895731939340066e-05
2.170458447483419081e-04
-1.672181033545222441e-04
4.206442568611685855e-05
-2.608605563912785017e-04
-2.879620451767288454e-04
1.458470779060389889e-04
-3.625270324128979072e-04
-1.812465902443298720e-04
-1.182191168776030015e-03
-4.868819339902251018e-04
-1.284202588719018327e-03
5.374184809283187722e-04
-1.053866529716365833e-04
4.371412280190860933e-06
-2.786477915353738431e-04
7.546797123782173584e-04
3.723206951982902646e-05
1.764439797348861440e-03
1.568284878659063995e-03
2.348285094660528417e-03
-4.333868957035671033e-04
1.819168212056699587e-03
-6.914896105937501413e-04
-1.722216425242442488e-04
8.921909952824105859e-04
1.126966894628230354e-04
1.603242898151724220e-04
2.740174894000206064e-04
-7.549183513049038258e-04
-4.755315195366126898e-04
-1.145989262602648483e-04
-2.498673732783745442e-04
-3.396468127789389131e-04
-2.249450025552191066e-03
1.089015741991832160e-03
-9.438011537730179451e-04
1.212792978045667321e-03
-3.346374687817536324e-06
1.356133747875500116e-04
-6.814848214491379822e-04
7.345273285344974682e-04
-2.868153442398148193e-04
3.289835781959281791e-04
2.341773811455231469e-04
-9.353729673263419270e-04
-6.304153192482886674e-04
-5.174083753646369598e-04
-1.921747366472764966e-04
5.895842396288346636e-04
4.288147025109925389e-04
-4.910892208235980144e-04
4.424859857237324590e-04
1.230541159209146010e-03
4.300660723348042691e-04
-5.390685486894504044e-06
-9.094734503089425305e-04
-7.645472550485314450e-05
4.592397036663867270e-04
1.154555802332817190e-03
-1.047507890156913063e-03
1.920534360744326663e-04
5.695897977760928108e-04
-2.170823589286323190e-04
-2.142455299714860547e-04
-2.255085544224210011e-04
4.815178444005415045e-04
2.012598977826415695e-04
2.124281480482524426e-03
-2.143228047397051188e-03
-1.198404804823969324e-03
1.063672534613765682e-03
-7.532941156447579313e-04
-4.839305931423359573e-04
-2.223867643368311131e-04
-3.320245425776244220e-04
-6.948653393901827553e-04
-7.469948661967273657e-04
-4.338005634586441367e-04
2.283082944522072289e-04
-4.099405035915421329e-04
-6.737448464906769976e-05
5.466224928600821450e-04
-1.458666140892598542e-03
1.904313207784119480e-03
-1.161919662337022657e-03
2.975102038860740015e-04
1.896398277413147235e-03
5.229455634090071940e-04
-2.351096766578405735e-04
-1.366195791782013171e-04
-4.085121528361962623e-04
2.580718248336837930e-04
-1.102624318763591876e-03
-1.072649573328638643e-03
-7.751090274726046576e-04
1.277425863183014976e-04
4.404834018500048006e-04
8.087987320931915199e-04
-5.361173854895537067e-04
-5.992296223005131543e-04
3.928836433573835475e-04
-1.541012773045687058e-04
1.289042085491627675e-03
1.562743149663806423e-03
5.061761470707674569e-04
-3.642385131785648059e-05
1.050510309016507420e-03
-4.546655912484167468e-04
1.494350669984634153e-03
7.738646295789784442e-04
5.506748479765092349e-05
-2.761789069307636949e-04
8.108274690312803614e-04
4.327758022243753514e-04
-1.495956091540993481e-04
4.185112793886798803e-04
-3.881847909002685308e-04
-1.868233259322413166e-04
-4.099651199457474355e-04
-6.613448002151471182e-05
-2.154129924708781215e-05
-3.917066816187511537e-04
-1.886707542190334947e-04
-9.167965649063392313e-05
3.186585949769780426e-04
-2.965266151693735845e-04
3.370518410586944734e-04
-3.769538810098414089e-05
-8.635814412763747998e-04
-1.553716397529009510e-04
7.843087981139135537e-04
-6.055594951845275856e-04
1.305676808346450349e-04
-2.691176964140830634e-04
-1.780232000264620818e-04
-9.094900185964356924e-05
-8.230720930901140370e-05
1.939318024601336852e-04
2.000291331219390147e-04
-1.407713031861700559e-04
-2.239046929330737706e-04
-1.107239756960020776e-04
4.798125197464881504e-05
-5.991535505131129470e-07
5.260977190215541846e-05
-2.918250471060979991e-04
-1.339930867347143028e-04
1.714412358253203928e-05
-4.697545580656628701e-04
5.125535460047621382e-04
-4.136868452227287986e-04
5.431885037984707188e-04
-3.986432179133073106e-04
-2.286093894329637203e-04
-2.902478515359068248e-04
3.029493530044788407e-04
-1.555627790386564051e-04
-8.410337635138310803e-04
-9.385176812194252023e-04
-7.954532879308816133e-04
1.553020485552246638e-03
5.507607215866850087e-04
7.243967602283035755e-04
1.841425039984864644e-03
3.969508891955829275e-06
-3.661892998804535315e-04
6.867549431256850028e-05
-1.828456022315857500e-03
-3.745704519234893670e-03
3.062585600703760652e-03
2.472011043081179769e-03
1.593768830411520761e-03
-1.500187624373604299e-03
7.838643494775290573e-04
3.197952447536992653e-05
-4.980797291405881979e-04
-4.680943688367341119e-04
-1.234181771156168429e-03
-6.530426383621506289e-04
-1.749494087570250623e-03
6.684334831910201426e-04
1.209139279373753079e-04
-2.363173501770877603e-04
9.811938712811316566e-04
1.466816187655314808e-03
-1.198851336712182135e-03
6.882117569313775905e-04
2.417284579504769108e-04
-3.575483881429068799e-04
6.799880462419278983e-05
2.428347082624463665e-03
2.340772076073426716e-03
-1.023113482373250475e-03
1.351973554476336176e-03
2.017015813728089291e-03
-3.043187784770505998e-04
1.747111343020822877e-03
-3.060885982292537192e-04
5.757660022253158682e-04
4.203504381720039960e-04
1.633074400632604766e-04
1.016505223456500278e-03
3.881934367135269964e-04
-2.116750016132315677e-03
-6.736483461179741238e-04
-4.963535245644968164e-05
6.934284422428174015e-04
7.444222529272273483e-04
-1.691321436353237747e-04
-1.505457530954650881e-04
-3.558557349129663392e-04
-2.624576890402126480e-04
3.063171867631422928e-04
-2.008198222852214702e-04
-4.722711196206548718e-04
-5.599870738179522564e-04
2.865218909997817981e-04
2.444209374228786553e-04
-3.713180289443115587e-04
-4.752118145817672877e-04
5.767207722406341992e-05
4.118391395816590008e-04
-4.021599770908257528e-04
1.044109660362808477e-04
2.770556220543454349e-04
-8.727007767047525869e-05
-4.881519696550544745e-04
-5.354064907976521836e-04
1.207133160258759162e-03
-2.242343872637215466e-04
9.035599362006233861e-04
4.273556021283563748e-04
3.633641434728041388e-04
-1.720439864252040036e-04
1.311523614998533422e-03
1.285721736151652092e-03
-7.216070324343880522e-04
-2.693673890847719538e-04
-2.074703391946619048e-05
1.404789987892861194e-04
-3.712394635095865483e-04
-1.036630823548993351e-04
3.802649249850725897e-04
-3.615825948249889825e-05
4.763391510913971325e-05
-6.821372653223104323e-04
2.499150163508799278e-04
-2.319371026581141723e-04
-6.178311962539930922e-05
-3.371143701636206331e-04
1.511293349559242262e-04
1.540209136823406078e-04
-7.337809121784795181e-04
-3.388659601464995134e-04
-2.101328611005666923e-04
-2.468101781162727383e-04
-1.365731203795921740e-05
-6.193359640981769892e-04
2.043051517152204679e-04
7.846487680647322438e-04
-2.983907358969531778e-04
3.979923142945519256e-05
4.586565726798684192e-04
-6.317971499849201226e-05
-5.791580934092368073e-04
-5.330401448080228106e-04
-7.718088807326209692e-04
3.547979479551389309e-04
1.181437079360401766e-04
2.810987975368320433e-03
-1.084532450457216480e-03
-8.086137766486282670e-05
-1.700084979295821174e-04
1.114624017300176306e-03
-6.749250961447976829e-04
-9.505865009275145383e-04
-7.305107443600539251e-04
2.149579033192185532e-03
2.117465737220106808e-03
1.129385526441025649e-03
1.314597114164274636e-03
2.331261444358330350e-03
-2.272329413827528250e-03
-3.025353893576691530e-03
9.650199244573509595e-04
-8.128382947241973643e-06
-2.623135723477743389e-04
-6.487191041458822060e-04
-6.584420142185258475e-04
6.990683798569151646e-05
4.271004372515901465e-05
-1.300142979596769161e-04
5.147797768353536791e-04
1.025565973983262000e-04
4.356355843818239364e-04
-7.676972786636884435e-05
1.978172716978380088e-04
2.245285848613662151e-05
-1.754988712816598902e-04
-4.792201467418447320e-04
1.418976347705176570e-04
6.246013757721258913e-04
-6.983295258131699433e-04
-1.205602741379128751e-04
8.261277398711983381e-04
6.961944756652516759e-04
-3.417168423510889928e-04
6.199365881895303612e-04
-4.774662582201217296e-04
-4.051041593379026162e-04
3.960097496575655800e-04
-8.032244266363810148e-04
-3.623224952824342819e-06
8.848048595804423010e-04
3.552804048630320158e-04
1.449447670868818209e-04
-3.876954959553372579e-04
6.364628719627114187e-04
3.459884772422301452e-04
-8.809064180037145262e-04
-1.049852791743449872e-03
3.467476580915270792e-04
7.702280663730712903e-04
1.404515475971268102e-04
9.665770287003584813e-05
3.577893883048556762e-04
-4.384189968906728645e-04
-4.809135589389411191e-05
-9.390792860238050355e-05
-4.820398152141647659e-05
6.410775907573606613e-04
-8.396847811764729472e-04
-4.409604196953972573e-04
-4.195324465266743810e-04
5.979545645595659136e-04
2.728940107710962340e-04
1.014404210684619924e-03
