-3.547998720733890770e-04
-2.302093429881861835e-04
-5.020014976753524061e-05
2.730413004192107926e-04
2.381534166922877929e-05
-1.217263529680090754e-04
2.026484259158480293e-05
1.645491300019655994e-04
-1.348670795948407229e-04
1.983299561910255738e-04
2.902851168230156470e-05
6.040657668561217052e-05
-1.667529360191105300e-03
-1.178455147922571238e-03
1.674405222932342791e-04
-1.562991258939867281e-03
-7.817271911096309060e-04
2.402317221902163479e-03
7.807291081192136134e-05
-1.282560322617729703e-03
-1.349159419826536114e-03
-4.066338256224267432e-05
2.107506477731237692e-03
4.144255916576126096e-03
-1.872281173643930343e-03
2.719036371855674487e-03
1.279023064561009325e-03
2.481097451597198906e-04
4.006270956114586085e-04
1.035698309145052917e-03
-6.762001859316861280e-04
5.272473577787846824e-04
5.282384411065195766e-04
1.338003367929871401e-03
-1.108890354879869594e-03
-2.267217320114807248e-03
-1.723946168474881687e-03
2.696452606943420334e-04
-7.118533204730311719e-04
-2.389871860479374937e-04
-7.422660368311141113e-04
-7.378695363509727963e-04
1.556997547332657401e-04
-6.725426634032813508e-04
-8.547756037614856863e-04
1.484238721694330519e-03
-3.985237286406853510e-04
1.192231291815146242e-03
-2.171594101417405288e-04
2.095864521258386515e-03
1.722487095742433923e-03
-5.442344432125953077e-04
-1.242090868298957422e-03
-1.769929073774829291e-03
6.632905714328223663e-04
1.804684336355674842e-03
9.746850791648582453e-04
-1.858855734961028746e-04
8.755516082222982843e-04
-7.779714156544619355e-04
-5.609493182062745206e-04
-5.053743825935602977e-04
-4.659161483557987585e-04
-2.472890252317602733e-03
1.880810122903314816e-03
-7.630097924162746728e-04
-1.822242374815391574e-03
2.091269888995113402e-04
-1.704605511086957519e-04
-1.607163234754979176e-04
-7.000194362634623883e-04
-3.427429046401222991e-04
1.768844385868985954e-03
1.247672386131622570e-03
-1.567120111626094190e-03
8.519426671625714544e-04
6.924145849285361911e-04
9.976518301435104716e-05
3.531719700130249245e-04
-1.499097225016257650e-04
-7.043818974659313411e-04
-3.201389202054149359e-04
-1.285301874773123925e-03
-7.456420306020599765e-04
-1.777177434823065151e-04
-6.394425267662935024e-04
7.412764940225337329e-04
2.062119804943440902e-04
3.058473233726951993e-04
3.724857183902299893e-04
2.018065424953362631e-04
3.100693523121440874e-04
-3.422997867126503844e-04
7.010146202550092669e-04
5.872382331111896032e-05
2.908329044108213363e-04
1.038570789356643118e-04
-1.549234482203864756e-03
-4.687720747188543714e-04
-8.526112924120986302e-04
-9.744782589452242886e-04
2.206320727350248828e-04
2.103973308681534302e-04
-2.614464125011453058e-04
5.468425728717989012e-04
-1.302237508464803174e-04
-2.707761062925009214e-04
1.280902085646710422e-04
1.833459826909900373e-04
3.737629100743840478e-05
5.747205782373317412e-04
2.446311177095818103e-04
2.671023433388015271e-04
1.253286738470821109e-03
-5.215078924917099235e-04
1.199590588132985400e-03
-7.033589471933800012e-04
-9.022282932395720920e-04
2.452753665505743620e-03
-7.550893860242873987e-05
-1.359900258557409031e-03
6.764353093603698653e-05
-3.053951902700549463e-04
6.311762739438188038e-04
2.715288853538784194e-04
3.760713753162861722e-05
2.570760097022570809e-04
1.325339240680014795e-03
2.182210300872711314e-04
2.758075260386021470e-04
9.500763921850482194e-05
-2.222223487041683518e-04
-1.984411644886991842e-04
-8.354596153561829859e-05
3.125113205917461333e-05
-1.419069270370977955e-04
4.817306480129969243e-04
7.872061066540700543e-04
-6.110466151295765791e-04
-7.728585657501483273e-05
1.987670497404838362e-05
-9.184337125761780972e-05
-1.351689062002627310e-03
1.310264760609838896e-04
6.677386835112471362e-04
5.692814434593434922e-05
5.147039585875183175e-04
6.634963016494104925e-04
2.428714828222677076e-04
-2.846551080052014395e-04
5.086004794723965761e-04
-4.211158838467948611e-04
3.324648166334530060e-04
-7.463382951717397341e-05
-4.563017080687720660e-04
3.064295638652103995e-05
-2.583124369376256372e-04
1.006162373963640552e-03
1.072556169864602752e-03
-1.070958261045284023e-03
3.058912509213356596e-04
-2.293706468198400471e-04
8.014955321477555987e-04
7.962875616436542337e-04
1.536169151486066085e-03
-9.289108703616159174e-04
3.228425664379550768e-04
-1.370417522630358121e-03
7.471381479835410584e-04
6.208900616379728560e-04
-2.539837115932789928e-03
-1.963366257821709104e-03
6.052111398774192614e-05
-3.461255135353297359e-04
8.645334948779013649e-04
4.020547534120939392e-04
5.273975087434311501e-04
1.125281536729242542e-03
-3.882194823846131884e-04
1.374990281193178097e-03
1.358809759272435662e-04
6.880638960689381680e-05
-2.124767951041751490e-03
-2.339074895709923022e-04
-4.935632224136787599e-04
2.665499260341375621e-03
-5.097540359554010494e-04
1.641754615639955399e-04
1.237349666246709712e-03
-2.077253523578271005e-04
-7.875019382963761643e-04
-4.998329742629907795e-04
7.777777760038106928e-04
7.313782942933529010e-04
-2.595730642185950445e-04
1.083446013140566171e-03
7.151801442175749956e-04
-2.008987101211430568e-03
-1.870001357777374609e-03
2.036631878694566879e-03
2.341758011076617695e-03
1.326638985589956212e-03
-3.151924568280333556e-04
5.030970816886586429e-04
-3.023570884239348464e-04
1.140445040519148931e-04
-3.657591743768218531e-04
-1.821961455307937979e-04
-3.057567768358767854e-04
1.375921856130227748e-04
-1.859517938391134855e-04
4.109250867135224032e-04
-7.900679192070351239e-04
-2.630282824171171476e-04
1.021753094593959375e-04
-4.534467779044442379e-04
7.092212677131287159e-05
2.067846154923361657e-04
6.169093496821987906e-04
8.613992203836921954e-04
-6.582667113742398041e-04
1.823026744302265272e-04
-1.746385025080026744e-04
4.717301212964565061e-04
-1.952257673910074982e-04
8.632484353136058808e-05
1.211075877170330267e-06
4.385563817249853820e-04
3.301581973201481689e-04
-1.141733252285636772e-04
6.423398880989536616e-05
-1.077339850349974510e-04
-4.749768087170462387e-04
4.585963180605050421e-04
6.541968037680494957e-05
-7.055346720278187671e-04
-1.161654453675589746e-03
3.095259986864069981e-05
-3.916172316616644047e-06
-1.161838084428240330e-04
9.406519053725928450e-05
-2.885693165921434733e-04
7.308503245511896451e-04
1.717981801404881899e-04
3.730733985436079708e-04
-1.616939347481892507e-04
-5.190786795280017725e-05
-4.771120870775868625e-04
2.873335230312655097e-04
3.308739364718159747e-04
-9.763742953297235806e-04
1.291284493896525801e-04
-1.217063349047944925e-04
1.924420578521233180e-04
3.695519717666601142e-04
1.411777666276908610e-04
-1.143342561309535193e-03
1.552262961036296603e-04
2.572116504771397908e-04
-1.413704892245980173e-04
7.042935445008979703e-04
1.397276055672710572e-05
-1.945265754044555586e-03
-3.729605804917597838e-04
3.831452067698329095e-04
-4.552833300524959789e-04
-6.701102239360791184e-04
2.494415424031285822e-04
2.193462764297778955e-04
1.960421369959645715e-04
-1.845093919220232011e-04
-1.650541686655709395e-04
7.099691977438418311e-06
1.700536252421498901e-04
-2.288457839077280456e-04
-5.552200946758538979e-06
-2.904547379433662386e-04
-5.781813633248020874e-04
1.320604077070310924e-04
3.824072797451207582e-04
-2.763887040750867227e-04
-4.955605433236224942e-05
1.123000388898556020e-04
6.545742747001636827e-05
-2.046075180113180998e-04
4.376902946025698973e-04
-2.080088395176273768e-04
-7.667316090824700221e-05
-8.548189123842125611e-05
-3.536160455734579954e-04
-3.851307269557103846e-04
-4.850267602515146294e-04
-5.181500210900600277e-04
-4.217272240672574743e-04
1.067823908798723421e-04
9.707685587864444158e-04
2.859002621758331914e-04
4.271400392556722872e-04
4.172137772030562442e-04
2.072538053745978117e-05
4.607384987868081675e-04
-4.682353949420582293e-04
3.695265440498341674e-04
1.125364439751377763e-04
1.894094431734187004e-05
4.647397490630958221e-04
3.273882976630290080e-04
-3.838169848684966920e-04
5.650718830151060194e-04
5.207291922987004494e-04
-6.476627563786309730e-04
-1.899473368872585301e-04
-6.715977093271280817e-04
-2.677574916992876545e-04
8.375023765594031308e-05
6.123295842731260813e-04
1.649075649908435075e-03
7.068974528653725400e-04
3.483146218533738746e-04
1.056284669400394896e-05
5.979637150448051256e-04
6.922223953400822184e-04
-7.776691688381113902e-04
3.673455216560664750e-04
-1.268686430138577523e-03
1.783513207639019936e-03
-1.575551771105992331e-03
4.537296192573539379e-04
3.460028705320300187e-04
2.439204252136576692e-04
4.973303140037324500e-04
9.407319830013636738e-05
5.548359852699620218e-04
-8.284564570065782555e-06
1.036644800178056170e-03
8.541564990228076807e-04
4.676922445149467224e-04
-3.252844413650163237e-04
4.891784187286850241e-04
-6.283485214062446049e-04
-2.868198617508634367e-04
1.807739053919810179e-04
