1.821611586131334777e-05
-6.394066046477929043e-05
1.536348969557107549e-04
-1.867231342681317905e-04
-9.359750365101000624e-07
2.370553680364261093e-04
-1.966156005555977923e-04
-1.640160157034504585e-04
-2.977666047867899655e-04
-5.221959502979433334e-05
6.671539686675372147e-05
-3.047270607883588418e-05
-4.601109221425905968e-04
-4.870985160397133386e-04
6.266290881161828280e-04
-1.484544389242911850e-04
-4.836527629112496334e-04
5.620793228090845270e-04
-3.950757707534466290e-04
2.685682630460043655e-04
3.084376428086570534e-04
3.575092470635852972e-04
1.866439923383315512e-04
-4.176496877901551504e-04
-3.782071032080126446e-04
7.099078971918820584e-04
4.605783312959023943e-04
-6.781915143015042422e-04
8.112056366343261583e-04
1.064329617004141281e-03
-2.758184048077624460e-04
5.090890785710975490e-04
-7.336164520562268474e-05
-2.818728645483297508e-04
-2.015348493852598928e-04
4.485021449646679650e-04
-1.296901781516966419e-04
2.998849525035745395e-04
-2.347934002786693545e-04
-1.061234673913722960e-04
-5.859289287835295693e-04
-5.673405848704634203e-04
1.037950849759655377e-03
-4.582836712270196345e-04
5.587421299021063086e-04
6.935344069660562228e-04
1.082090688680043943e-03
1.164072029728314392e-04
1.438717276772742638e-04
-1.203764076736995193e-03
-4.589070429576878516e-04
8.917083136012206833e-04
3.019304228879715001e-06
6.455530114136051319e-05
3.803959458992772595e-04
9.082019314991812567e-04
-4.158120137212253779e-04
-2.694009542406930707e-04
-1.725634506407532911e-04
-1.279837188046514590e-04
-2.127152520372688854e-06
-2.331673297898779139e-04
-4.282658230369168245e-04
4.941426077556863123e-04
-8.509105738590061821e-04
1.059807731925598619e-04
-6.326154553600025262e-04
-6.460553455366499455e-04
1.991795558764658275e-04
2.700913338585451116e-04
-6.648108408099043937e-04
-1.005200527752836805e-03
2.064379204652164602e-04
8.949096357326297808e-04
9.201111882311467476e-04
-7.835012965616335728e-04
-1.110255394814722244e-03
-9.051685228139110103e-04
-1.653684952780411091e-03
1.945851965768594181e-03
-7.376443905825872966e-04
1.535885297058503518e-03
2.811676761193748699e-04
-2.743443181161021871e-04
-3.767551429185524744e-04
2.839843316803572623e-04
-1.933957084118447976e-04
-2.723279980738327788e-04
-1.559135104708062600e-04
5.969261470843217291e-04
-1.098400428231184264e-03
-2.919729141479088350e-04
7.376179146251924865e-05
-3.474179629667833915e-04
-1.725845532982322713e-03
-4.794237836412905916e-05
-2.014024867652173742e-03
2.133264868890871312e-03
2.088787274102550488e-03
-1.093679958287624996e-03
-3.033649532627049478e-03
-2.622069599158547738e-03
3.136977686842583237e-04
9.440507588465750033e-05
3.646165710666590828e-04
5.399799258677442362e-04
4.875807429363564140e-04
-1.828655845265761404e-04
6.326709009054494156e-04
-3.554920118572953147e-04
1.610448057065526893e-04
-1.109121716415854180e-03
-5.379385723224040534e-04
6.968646601734201839e-06
7.891813831009547326e-04
8.957297912756073763e-04
-1.435150213865351047e-04
3.347861442663322952e-05
-3.737696713684797228e-04
6.742672565694181775e-05
-4.447571523255057762e-04
-9.927039045168980938e-05
-8.023205309408916507e-04
-3.351410920166247973e-04
1.003990853400267081e-03
4.385222571221905471e-06
1.557420418651234671e-03
3.857106758641841633e-04
1.718527459702839510e-04
3.199164332666825186e-04
7.361831032278871845e-05
-2.955675952488601285e-04
6.001400564905852371e-05
-3.528261516029897508e-04
-4.936359757714802983e-04
-5.458129635656530328e-05
-6.483386386593280445e-04
-4.772652299461136284e-04
2.356952058867014719e-04
4.342324314303682635e-04
-3.403559150926220968e-04
-5.214131974074696875e-04
-2.535416733274019493e-04
-3.711459877958227563e-04
-1.331897564914240242e-03
1.409514994100859956e-03
-2.486746530915307979e-05
-4.135604227926511405e-04
-1.225252639154850978e-04
-4.226852354825387514e-04
1.937033991608723632e-04
2.328374388110425225e-04
2.802445071744047640e-05
-3.289903135748684158e-04
3.239623325369386450e-04
-3.025015865222024924e-04
3.181165995575652313e-04
-2.907602443559589574e-04
-2.048312548152114569e-04
2.569754173457759923e-04
4.171641575984728250e-04
-2.068221861880811087e-07
6.914626156760271970e-04
-4.575894442626940689e-04
-4.999978354572235073e-05
-6.032991734484580279e-04
1.081440754352161384e-03
4.117849207173235630e-04
3.698100090409583963e-04
1.380591442904596539e-04
-3.338298782022086587e-04
-1.505994148161247947e-04
-1.140940938501994580e-04
1.517650013355281995e-04
6.566776268246623128e-04
6.682750506246669690e-04
2.367874413329238413e-04
-1.482124698528376663e-03
2.352990342665873006e-04
1.016579821027982240e-03
-1.104467736169807658e-03
1.412728525446514888e-03
-1.162629566517562121e-03
1.700412886855754519e-03
-3.959457681706303814e-04
-1.814060979190270902e-03
2.144878866983983539e-03
2.722453628918154538e-04
2.623113993336631858e-04
-4.085459604359964117e-05
-2.430998191378403329e-04
4.525311918788471155e-04
2.337721640479436158e-04
-5.897185001608667374e-05
-1.931140638168781410e-04
-2.497251831069806534e-04
-2.796686370883130464e-04
1.277270506059915165e-04
2.452361941109268981e-04
-3.868665512928249543e-04
-8.194175297210167441e-04
-4.534862589632071350e-05
1.004506283590762047e-03
-1.015465196893983657e-03
5.203784622418765543e-04
-6.490071663759699148e-04
8.347537478329814214e-05
7.063918944678474528e-04
6.800337882975277578e-04
3.890337631137849453e-04
4.022994272190581495e-04
1.042614761531934818e-03
-1.329233110162357295e-03
1.678846720514062373e-03
-1.862475435535119192e-03
1.595210721425044387e-03
-3.183357696677021134e-03
1.699330998783212584e-03
-1.192257945193347371e-03
3.507996163350510406e-03
-9.292872869148116740e-04
1.379492961100292842e-03
3.567732252893502797e-04
-1.283987032325626873e-03
-1.098747978799856232e-03
8.237924763503771692e-04
-4.918131811815162034e-04
9.569835184271249144e-04
-7.898097812018259247e-04
2.303879335297629610e-04
-7.949035250949692578e-04
-1.344256968416719048e-03
9.383318763983232013e-04
1.925651942783079265e-03
-1.153999336550050802e-03
-4.658110178965976182e-04
4.433923549010281343e-04
-2.858044271691304343e-04
-5.418413987848708395e-04
4.286306436056756385e-04
-8.996866478831505083e-06
5.430165563628741804e-04
-8.261208179440081636e-04
-9.801565600554222168e-04
-7.956313834911857600e-05
1.964586446718265438e-05
-6.248583133073326058e-04
7.022280311845713633e-04
5.805735366932838083e-04
-6.760448126867303782e-05
-1.100785342214394801e-03
3.209053626151299850e-05
1.790703471147407915e-04
8.620553568427293282e-05
4.518113452275728079e-04
2.394450523619091561e-04
-1.658689827469481419e-04
1.055736626971889408e-04
-6.716162423682825499e-04
-3.333322071485932678e-05
2.569333315453113954e-05
4.197461224343396603e-04
-3.796953496878925096e-04
4.926847224248710787e-04
-4.018960669437403213e-04
-2.906177380536702215e-04
1.700491330116750768e-04
-8.996551424231122220e-04
5.342058324590234254e-04
-5.232967481166447699e-06
-5.353934903780977221e-04
-6.805140825167024657e-04
-8.374341303183857133e-04
6.898064650758005184e-04
7.835181547558354000e-06
2.113479164307743765e-03
5.009004357599263846e-04
-3.193700245081072678e-04
1.031193503255785777e-04
1.782862892984100910e-04
3.532452216438504867e-04
-4.053154858203475517e-04
-2.054839761871797674e-04
-3.900617710623343883e-05
3.352853081772260877e-04
-2.089602339725473963e-06
-5.024618711989479970e-04
4.782147351979772849e-04
6.422686147235920004e-04
-4.677388746641972304e-05
-5.779381337556600395e-04
-7.015662538208388430e-04
1.264091205541291191e-03
3.009376153435386163e-03
-1.487408318501138617e-03
-1.673555534203719419e-03
-3.653401407325734037e-03
4.964140639611446838e-04
-1.643095270514047810e-03
-5.233736124292973167e-04
9.740681689914764373e-04
-7.169605420796245623e-04
8.431278646789628099e-04
7.934236450084915194e-04
8.895708666984095559e-04
-3.539358017533887147e-04
8.742562377047327280e-05
7.339027429383620160e-04
9.107922760764745104e-04
-2.202035236421628558e-03
-4.882151800056936330e-04
-8.497907160639565092e-04
4.218384067488493462e-04
-1.067898676565981692e-03
-1.609313369261049925e-03
-1.560656116860989744e-03
7.445881919352427215e-07
1.625862558844968239e-04
8.942133284388377164e-05
-5.507684922524035348e-04
1.174493707285122375e-03
-6.536167342222622915e-04
-1.002137460729325301e-03
-8.959453312536676045e-04
-2.067214168470108034e-03
1.120305891731782208e-03
-8.532871038985850387e-05
-2.955981672116448104e-04
2.378086082524994717e-04
-3.824822612081821066e-04
2.300944162046806608e-04
5.259344924363700382e-04
-4.098859358672748130e-05
3.372018516944952837e-04
-3.088761452116416768e-04
-2.392783662703198413e-04
-4.821647676329282378e-04
3.497249079268694165e-04
6.405591612561577535e-06
4.327590655687131734e-04
2.223840654773320293e-04
8.028147247723289599e-04
