-8.735274321515176148e-05
3.961281018625767902e-04
-1.601518696941052846e-04
-2.952623253286208336e-04
1.369631173778079497e-04
1.991217497260365629e-04
7.572302016652499414e-04
9.640643161583835894e-04
8.734248656983396245e-05
4.253034023809934647e-04
1.081622699537879411e-03
-5.602705873969043653e-05
2.520580041380015646e-04
8.693954484985938610e-04
4.615927592939960398e-04
-7.020933735065632312e-04
-2.303854567032028139e-04
-1.468542596805668722e-04
5.052629893900199192e-04
1.315894472307467024e-05
6.593119510965865689e-05
-2.385054817459545914e-04
4.096500936467541523e-04
2.135377338795785794e-04
-4.856821346439476055e-04
9.621074608992255192e-05
-1.040093972580966248e-03
3.817706087251336936e-04
-4.056320436574950539e-04
-2.291884941880988514e-04
-5.774229266604217516e-04
-7.053398087003131265e-04
3.092636684099329763e-04
5.437570372593811187e-05
2.747670464566001367e-05
-7.098226353373296568e-04
-9.878856517626065370e-05
5.394893150983421509e-04
1.789397065606513791e-04
-3.240001568850215362e-04
-5.284449190009574029e-05
-8.074246999460729982e-05
-5.160645708320686772e-04
1.379295333438254655e-03
-5.995746526950499877e-04
-4.006391697148528998e-04
1.980932539680679255e-05
6.152662920697259900e-04
6.737814168307854155e-04
-1.980962562394701350e-04
3.757203766164504970e-04
-8.382331500861984292e-04
3.348779605009636761e-04
1.596760422354238408e-03
-8.681865089288525773e-04
-1.416821473287897338e-03
3.490166829837511862e-05
1.374005666144296708e-04
-7.576317744450230141e-04
-1.966264327265269257e-03
-6.784527368702458804e-04
-3.632894595399770187e-04
-4.421323258158937702e-04
3.764343584270821576e-05
-3.846543584085442241e-04
7.118082812106788825e-07
-2.235139141713432385e-05
-1.574806519638620916e-04
4.061864113650124784e-04
-1.164489376496325324e-04
-3.981575843490237077e-04
-5.815170383677289726e-06
2.621746263751819207e-04
2.968780304062461914e-04
1.235503526059380131e-04
-4.356380265542336575e-04
3.689091290141000229e-04
-3.225323464047711274e-04
-1.302635836395605728e-04
5.355258842430119480e-04
-1.832583571450920642e-04
-1.990550982670141657e-04
4.614836629906682785e-04
-5.877631551774766695e-06
9.851099882112581481e-05
1.620955516151501084e-04
-4.711563592899500864e-04
-2.457301681358874763e-04
3.771834248890387580e-05
8.627987976194190960e-04
1.172888966463616299e-04
-1.977934029872251143e-04
1.011572452677693857e-04
-4.549412362982163254e-05
1.403978489702573367e-03
3.383666929250471131e-05
1.768607393327240951e-03
5.129476957053441706e-04
-3.916108844386400820e-04
-3.624499374537908493e-04
3.093554192979306675e-04
-4.486970238332864901e-04
-3.789205782722611143e-04
-3.666510574217913447e-04
-9.602568990464084358e-04
8.305698285390038401e-05
-6.347617150839952350e-04
3.957626717877347306e-04
1.666324390906532681e-03
-1.423598685429465016e-03
-1.245614514232088691e-03
9.805659324370954999e-04
7.502998921926985526e-05
-1.999601213890087655e-04
1.058929578945255084e-04
7.650138854799169719e-04
2.202084093877643058e-04
4.394854800875552114e-06
1.792009258620174436e-04
3.271541730677205470e-04
-2.187169830892789397e-04
1.393486299266087809e-04
1.707751215289023562e-04
6.492667473759704787e-05
-5.368866849701017796e-04
-3.704482537319652357e-04
-1.056903936486853980e-04
5.461922845444239908e-07
-1.628600773650898349e-04
3.068574129973331162e-04
-3.137630021175335597e-06
3.967016344850078906e-04
-1.097246937984186271e-04
8.553054250255310979e-05
4.275633488853135418e-04
6.740076538546886946e-05
1.096082207789772788e-04
-5.123471220896193582e-04
4.732899769668356114e-04
2.351547171632545688e-04
6.787256252272684271e-04
-1.303647990525209552e-04
1.587586233410131110e-04
-2.366894358820575495e-04
-2.285833959911044667e-04
1.703530521630782597e-04
-2.695561531726399962e-04
1.062130674401265840e-04
7.497281229131336796e-05
-5.467491410673039082e-04
1.242695921093869241e-04
2.097869074027607051e-04
8.550084019231877217e-05
1.189619078897077574e-05
1.492107341774072046e-03
9.856655225979375160e-04
-5.647870229647203744e-04
-5.349059358702244857e-05
-3.592967593425286854e-04
-1.028330252380409013e-04
-7.487629181150557540e-05
4.156501353666178103e-04
1.149409852681669602e-04
8.467267814884005869e-04
3.122976615917223329e-04
6.116702283851328846e-04
7.004321158558351980e-04
6.245744395970185365e-04
7.032665841352597194e-04
4.253133604657300987e-04
4.046593091319310750e-04
4.434626789841143116e-04
-9.487343607109656679e-04
-9.908656833001437420e-04
-7.626954946034316448e-04
6.234027916973405034e-04
2.481697319296522104e-04
-1.862608530486069541e-03
-8.356033681707814888e-04
4.503579366829043337e-04
-8.728084177506328966e-04
3.227722138845804355e-04
6.087458958839159754e-05
5.895794215671430792e-04
-3.127066258702960165e-04
-4.430359240439810239e-04
-8.189677126494630767e-04
-2.237911108832472962e-03
1.366805840361126623e-03
-3.938215609865224087e-04
5.252033098822192969e-04
-1.358044964774774701e-03
1.923457646876159353e-03
1.437494097046183687e-03
-6.991119100870996301e-04
-1.825001438923415332e-03
8.071263047046158651e-05
3.250475292883114962e-04
6.181485870581617447e-04
-1.988795387704436822e-04
-2.759343215755565796e-04
-1.085806490104897670e-04
-6.088161698266581412e-04
-5.524513502174387760e-05
-3.813551997413955124e-04
-2.652808218473452317e-04
-7.505747906886782147e-04
-1.147548997251897433e-04
-4.941430713006044742e-04
4.348192178616448744e-04
-3.425681143107516370e-04
-1.505531214085651336e-04
-8.959413282334228968e-04
6.740482856001169150e-04
-5.841127875538706634e-04
-1.298735417707457191e-04
-4.112558155698957624e-04
-4.171777701228782500e-04
6.497602100386488944e-04
-7.942795675627084835e-06
-6.809952675251061205e-04
-2.436921999645564121e-04
9.249466819087583591e-04
-3.399267475829804899e-04
-1.768014616987735469e-03
7.040295142095842325e-05
4.111625316087799643e-04
1.204170062732836570e-03
-6.772889665726490246e-04
2.035771453994019049e-03
6.818747745897495030e-04
1.329791314782354352e-03
2.417031419601249566e-04
-2.692794094924621097e-04
-2.742251417113800144e-05
-3.073609582960059248e-06
-9.450896406393025973e-05
-7.157187891563664009e-04
3.363536465734308736e-04
-5.946700461592338213e-04
5.934926333824614309e-04
6.361497118314551327e-04
7.739253166432966125e-04
1.960295134922758906e-05
-6.846030427092229223e-05
-3.982338366627638710e-04
-1.020261894616081256e-03
-1.005321706952768345e-04
8.215013334129003504e-04
1.677844207735692042e-05
-6.533219864654078420e-04
7.226054760870877463e-05
-1.600515332091677345e-03
-2.103260719575384438e-04
-8.579214957158398918e-04
-1.067180733546816643e-03
-5.139817707319705928e-04
-1.961522310445542802e-03
-2.489284186160148089e-03
-2.094422047583042838e-04
-7.571153143241783840e-04
-5.977196162315730676e-04
4.303327111295862737e-04
-3.999583617962134937e-04
2.297360462330925470e-04
2.134842712342354071e-04
4.310340930838368152e-04
1.349781743257997234e-03
1.235211443973272373e-04
1.228480479916948739e-03
2.166848021653828660e-04
1.602523160392475300e-04
-8.287933086943612832e-04
2.217270644423662517e-04
-6.049379652874232885e-04
-5.832853427519384950e-04
-1.009854515278377392e-04
-5.792479319064167999e-04
1.895043781162007593e-03
7.107960473337684721e-05
5.205403108450695196e-04
3.934362550229693681e-04
-7.770842608627824815e-04
1.879544234222821830e-03
2.125980570692521856e-03
-1.047995628846318684e-03
-3.877541549857089196e-04
-1.413033815814609940e-04
-3.131075102268284752e-04
-6.170997887838880003e-04
-4.176291926322266666e-04
-1.332185112199972131e-04
-6.658986410235237042e-05
1.087847235951943606e-03
6.494042967521148702e-04
-1.098016230675722934e-03
-7.912703091144496995e-04
-1.760556948912582768e-03
-1.985468508703341385e-03
1.403459207096718810e-03
-2.471685783964818351e-03
-1.923610880324411101e-03
3.730619386210667736e-03
1.629387987128399140e-03
-2.724672242993065913e-04
4.824360075264737778e-03
-9.876706747908876177e-04
2.048667816847740653e-04
-8.791742623726836198e-04
7.116190084154396011e-04
-6.625817071385574309e-04
-2.180701934433700506e-04
9.241618726781321812e-04
8.100692184223072718e-06
-5.890330273170019419e-04
1.376777713454524011e-03
1.119634788850606792e-03
-1.072029825262433428e-03
1.390421988556953502e-03
5.779938459409605716e-04
1.291631891901318758e-03
-8.932029675242860074e-04
-2.767811509825244209e-04
2.979367971205644896e-04
4.660183687198806465e-04
1.428588479415692208e-04
-1.289033072341333257e-04
-1.212885536629685485e-03
-1.042861542608343852e-03
-3.811931662100748967e-03
-2.210647206181216677e-03
1.584398500289524100e-03
-7.894365877041233451e-04
6.748169799892226499e-04
-7.075257559341345699e-05
-6.152455298689732920e-04
-7.726020872445848748e-04
-9.147077174044065603e-04
1.168342413663152292e-03
-1.663647671141373573e-04
3.356191680010291579e-04
-5.461730320810105404e-04
