-2.845682214872905479e-04
-3.846943047008249419e-04
2.389489412455603646e-04
-9.106341942137274664e-05
-5.118969036570949192e-05
1.075891945855172169e-04
-2.355944843105089548e-04
2.415971976256468833e-04
6.088278293949515255e-04
-1.508997673507627042e-04
3.536787145964022448e-04
-1.368216931727498547e-04
-1.854087219384457355e-03
-5.589420781415010715e-04
7.272803174440202511e-04
-7.256576261901284989e-04
8.800322546162245817e-04
-1.125356176042236226e-03
-4.366507510974237472e-04
1.724309235508723892e-04
-2.689322730151245521e-04
6.702267165881345369e-04
5.337478353984259974e-04
4.857092359283254001e-04
-2.251113147759108829e-04
-2.458227250790965147e-04
2.464810381619101558e-04
-9.882491240174031896e-04
7.001651663819911811e-04
9.180309627190290801e-04
-4.237562311576195347e-04
6.178573334882679017e-04
8.211999694071857054e-04
-6.988971517859963968e-04
2.009454722879205316e-04
-1.346159973684602656e-04
4.405157147197830787e-04
1.781904822506594904e-04
-1.157378282693389670e-03
1.760859824983412078e-04
-2.679234499140527260e-04
5.935848718936422193e-04
-7.399285684984817368e-04
-8.956291501037337230e-05
6.927582805605816269e-04
-6.484733199625916829e-04
-1.472155425834582171e-04
1.222628398370243603e-03
1.667257853251572159e-03
1.389412150122220236e-03
-9.729146647047745827e-04
-6.724701479231697974e-04
1.702951342257030571e-04
-2.352696665174256428e-04
-1.322003563746906234e-04
-1.083848622129011713e-04
-3.938459395050888327e-04
1.758469919228339469e-04
1.626427896021338220e-06
1.681614733995394362e-04
-5.497914465068334821e-05
1.482009379483029533e-04
-1.555847342809528336e-04
-1.401795854756667415e-04
1.163404508296843082e-04
-4.429017006424220033e-04
-1.739008642190599204e-04
-6.256329239275625932e-04
2.861298607128833285e-03
1.230483169004819785e-03
-2.826108382575202881e-04
2.259261451099069378e-03
-7.556906258640368624e-04
4.847131875333399913e-04
9.108193267878760511e-04
1.426391276848576776e-03
-7.891601958912883383e-04
-2.177056841830735459e-03
9.357088580358998656e-04
2.237713951390217591e-03
3.645967123340496194e-04
-2.183963738713612553e-03
8.992774531829079510e-04
6.736013619400189889e-04
-3.316210156479387165e-04
-7.783239422982485799e-04
5.706792508530584207e-04
1.687725906450661655e-03
1.382390771647390567e-03
5.652558577515426124e-04
2.579038488642021888e-03
2.274131745614961248e-03
9.607502737066117527e-04
2.195087507394347971e-04
-1.357812748888156040e-03
4.699107562949455933e-04
-2.153941062972950134e-03
2.512105671745850505e-03
1.108477609274011037e-04
-1.759130450723584349e-03
4.375369535882644295e-03
1.428547822180241920e-03
1.951693337564172528e-04
1.116050678911533704e-03
-2.955589909192528057e-05
-7.378504311126840359e-04
-5.740172996749225891e-04
-1.640278933804789358e-03
-3.643951389265346610e-04
-3.437644266497578262e-06
1.359211370879911777e-03
-3.890576914885077284e-04
3.606387550002099055e-04
-1.049030742294243057e-03
1.216527853448156780e-03
-5.045671861927204576e-04
5.672895799279303228e-06
7.217804374628347740e-05
7.497715651817404262e-05
4.927481012090733411e-04
3.098038716630213186e-04
-1.178437094748747266e-04
5.060130373335666124e-04
1.019729031429143177e-03
-9.913968114058958891e-04
-1.970432236083356683e-03
2.904411606448012873e-04
8.358086813022374498e-04
-8.555505890083281743e-04
3.148449502088200439e-04
-7.379023457876582965e-04
9.720333804978255983e-04
-3.061856376939784568e-04
-1.816565291754363906e-04
8.290620617403036095e-04
-1.117902674367948898e-03
-1.245295983282444612e-03
8.733586761930485715e-04
-1.212478286660069503e-03
4.236785922908946930e-04
-2.463377766017491676e-06
9.044914655211740151e-04
-1.157514379617368252e-03
-2.324291707122248807e-03
8.551583044331622870e-05
-3.895233626562809727e-05
2.647348817212959084e-03
-2.048065122986167808e-04
3.920150899839959556e-04
4.583163234977965920e-04
-5.904535149385527014e-05
-1.983952771435798144e-04
7.396570004155197334e-04
-4.575355395619656797e-05
6.264234536449669985e-05
-1.508369861734415777e-04
-3.237816957266199057e-04
-1.256118949022375737e-03
-4.503642280815734844e-05
-1.500424111152765850e-04
-1.236666210607791387e-03
4.488272257049849253e-04
-2.771383498415102144e-04
-7.223732455081634989e-04
4.906390983732904871e-04
-3.853771393886948208e-04
7.873018468257153612e-04
-2.098051778124332899e-04
3.087701728817334379e-05
6.951681827241955249e-05
1.422560456694462263e-04
8.724687802496612632e-05
-8.124060366457155425e-04
-5.844783336134182867e-04
-2.469122124779715884e-04
8.429589062981028514e-04
-2.189565511259759334e-04
7.792204296710061959e-04
-4.389242339157434789e-04
-4.505110629177753296e-04
-2.821716309243193057e-04
3.021297186501374936e-04
-3.635592829572402733e-04
5.170002294169089626e-04
1.113415501244355461e-03
1.948385171243097638e-05
4.595703911021241763e-04
-1.260931301731141232e-04
2.701116604397343305e-04
-3.350982532750334153e-04
5.479166478093743572e-05
2.218565097508238117e-04
-1.425861491809294029e-04
-2.354149005115202574e-04
3.118129015257130928e-04
5.288059035312873621e-04
-2.512790578406681250e-05
2.747679268228464839e-05
-5.465731609533739331e-05
1.482205986496009612e-04
-8.013459054633567105e-05
-2.323159657826359399e-04
1.815807499580410688e-04
-2.252345043243288451e-04
-6.332548464394906337e-04
3.963722837584892863e-04
-8.659329222232201289e-04
-3.051882445100699798e-04
1.177695884291125655e-03
-8.931125984298351420e-04
1.434799369652582906e-03
6.556788901688934915e-04
3.391429482946270273e-04
2.152805174537627229e-03
4.551347539518519562e-04
6.489104138275680715e-04
-8.605386214384238251e-04
1.076289308716565788e-03
1.388252981210729830e-03
8.305679164783457335e-04
-2.410145617754124153e-03
2.636049573736178042e-03
-2.701560063310887768e-04
7.466792956759886143e-05
-1.206479864690033381e-04
-4.299343213309018085e-04
-9.915054370119043129e-05
9.854371709262896468e-04
1.463155380655980966e-04
-1.941808969358697207e-04
-6.425468718049569174e-04
-2.160618477305676862e-05
-1.690001260444549448e-04
3.293461365425013731e-04
8.185484588882655996e-05
1.951376533236966410e-04
7.381288827045470475e-04
-4.650662897914613174e-04
8.007667033800482809e-04
4.791159667558626020e-04
-2.302695087815644190e-04
8.564085715378263065e-05
-1.467351861302016889e-04
-9.853642775581786099e-05
6.339460742421114598e-05
-5.001883962470628740e-04
-1.509277452308442386e-04
1.442488679892083838e-03
1.755836633122910149e-04
5.931330313474751404e-05
-2.035637697556020621e-03
3.035774214255065832e-05
4.951546696017411026e-05
3.111674376372296756e-04
2.310293223474529429e-05
-9.528420333613646647e-05
1.286376129944428255e-04
-2.383021126028355536e-04
-6.614590685343675635e-05
1.436631025194436010e-04
5.434470264351447255e-04
-6.199983397954211999e-06
-6.694240056438611986e-04
-1.915383334196734842e-04
4.422778189299205473e-04
6.122113489976988877e-04
-4.151478427192560735e-04
7.906157212169377798e-04
-1.435366924327793978e-03
3.004063739873516904e-04
-4.965630620574767746e-04
-1.201306056120981635e-03
1.850839712153307852e-03
5.778319527165454161e-04
-1.037913416527164005e-03
1.305364248887387960e-03
1.509907997990550012e-03
5.598999025060381516e-05
-4.449819210352347885e-04
-4.057091855728752914e-04
-2.759692254673689775e-05
4.221970924333485423e-04
7.096601239200157202e-04
3.933278704588848325e-04
1.726909431167232014e-04
2.071534415134411910e-04
4.624615088630238779e-04
9.370532916456095467e-04
-6.535959206505209673e-04
4.803189543902000396e-04
7.355353865584778788e-04
3.004441453109223375e-04
-1.723988476334746252e-04
2.140262680146068190e-04
1.576373612098336914e-03
1.702751470023222127e-03
1.706851352888231988e-03
1.839787785399705621e-04
-6.706777993955128411e-05
4.009126766660062267e-04
2.145782243692374137e-05
2.180385436213681783e-04
-3.048362035946451101e-04
-3.497960654277026266e-04
-4.334757096225769603e-04
-3.462305212996986633e-04
-2.862571823663790445e-04
-3.015692485846003653e-05
-3.778977273890995591e-04
8.746393437000550693e-05
-5.408120359472168813e-04
-5.413239464271155186e-04
1.600092751951974327e-04
-4.788770170269883290e-04
-9.951195799115237876e-04
-1.736249164817364385e-04
5.177187198069087585e-04
-9.620887811228694521e-04
-3.278535804836736733e-06
2.356266208803659565e-04
6.764558812225777247e-04
1.108546508692337867e-04
-1.278020424674200474e-03
-5.312107036413112916e-05
-4.822125108416821848e-05
3.776242378430334778e-04
1.144243504796528229e-03
3.685222082494402410e-04
6.952052729807901897e-05
-7.749523275279432194e-05
3.713215143760527966e-04
-2.453146019694776181e-05
2.223921557332313994e-04
-4.439328666898589908e-05
-7.170541834386392338e-05
1.365926984010815918e-04
-3.510422830242054489e-04
-4.994462678626113931e-05
-5.348230525920310164e-04
1.783117309291762419e-04
-1.354420374015452349e-04
-4.472713814236760848e-05
