2.625369869689743842e-04
1.252756053753439523e-04
-9.783964530249031628e-06
3.313907681135460043e-04
-1.448922369555033225e-04
-4.224054985704061161e-05
1.603222169179994733e-04
1.072098879175807588e-05
1.854392176438543526e-04
1.417876520046117757e-04
-4.028576647786646881e-04
1.940019822284197080e-04
-6.710336076564538252e-04
3.092196881206656003e-03
2.660908999195835904e-04
-1.400476499160484749e-05
2.881508140405104283e-03
1.501424409120032458e-03
8.444809482129476052e-04
-3.372484664198268679e-04
7.920153900599039443e-04
1.255084191682316131e-03
2.325957375168920694e-03
9.819064608804848725e-04
8.743998086449857043e-04
-2.203886576136359059e-03
-1.838657702099355702e-03
1.212857773896404987e-03
-3.809603905497413760e-04
6.968975371498403737e-04
3.079537387881221848e-06
6.803198813831312771e-04
-9.857543933652955590e-04
4.185382090789482564e-04
-6.683490010599813609e-04
3.789743837562809512e-04
3.568655164948685682e-04
-1.080971090736574085e-03
1.075638466514048139e-04
-1.720068365306585923e-03
-7.202543595090149303e-04
-7.725761955507155646e-04
-2.513154935198266566e-03
-6.611200018750073779e-04
-2.481336173604298690e-03
3.919223491775689181e-04
-2.588075429160098095e-03
-4.129595194286385710e-04
-8.968932245247734003e-04
9.648970631447673432e-04
-1.030261622217869873e-03
-6.336445595723816425e-04
-7.295125541216046982e-04
1.313176404903408428e-03
-1.730745610081985911e-03
1.114805626323414536e-03
9.824750996833437613e-05
1.425595020894334427e-03
-3.347254796824176656e-04
3.256775362025528643e-05
2.130818552617496069e-03
-2.234112178328299947e-03
3.125981949274862174e-03
-3.006304732891752936e-03
-1.278930636810175347e-04
-1.238767739760055072e-03
2.853161992357448277e-03
-2.577417860955422751e-05
1.151436085135326996e-03
-2.842766354270912345e-04
-8.666531676627720103e-05
6.229096363075749309e-04
-1.342534446911754827e-03
-1.263252684979443907e-03
-1.886455433954153959e-04
-3.885134823440899066e-04
-8.813317224942548078e-04
1.491263355086479584e-04
3.112673149794715956e-04
-8.838195534122028261e-05
-8.515486665330332340e-04
1.647903711678386782e-04
-2.423426470092554898e-04
3.240013749406748383e-04
1.636889864162763199e-04
-2.984785405714933545e-04
-1.843508740574912154e-04
1.366813020453143390e-04
4.990534283490468325e-04
7.647393489511224033e-04
4.486184883817884270e-04
-1.350313356897056625e-04
-7.733637057016381870e-04
-1.152590609966224876e-03
-1.385825327167857076e-03
1.568014406825562557e-03
5.179652113287893257e-04
2.240318240513209107e-05
5.983028541162413753e-04
4.409260980467964979e-04
8.162881239881344042e-04
2.197793349532174223e-04
-1.428134746750123934e-03
4.670638310814564584e-04
-3.846179002616336535e-04
-4.688330796261236085e-04
-1.414919330027522831e-03
-1.331358130335117632e-03
1.062166198632952772e-03
-5.843516704430658541e-04
1.680619269615644647e-03
-1.214129478276804869e-03
-7.175150204444329886e-04
-1.293498743960284133e-03
-9.617939395235312243e-05
2.798745749819637856e-03
-1.653556877851774382e-03
4.172338499584496321e-04
1.621964827580784979e-04
-8.960524060916188745e-05
-8.671520413523411963e-04
1.024687500817819110e-03
-1.977066753080348549e-04
-2.559794137448534652e-04
2.499717369336305287e-04
1.878077271275516031e-05
-7.906856520668075687e-05
2.293556999929161858e-05
2.556728304388627233e-04
4.063332256460971720e-04
3.962190575124108585e-04
-1.210075059607014214e-06
8.131277626047007110e-04
3.649264611180439853e-04
-2.495270779621867668e-04
2.692438147452538041e-04
-1.500755655513932895e-04
-9.567857958716046579e-04
-8.112727101758717037e-04
-8.900364210907798406e-04
-1.122920062699634671e-03
9.748880501812935901e-05
1.096640266385865044e-04
-7.366144158672818191e-04
-1.458930191437901439e-04
-3.179058778829413627e-04
-8.542171070437453654e-05
1.165395280128399974e-04
5.528640228762422663e-04
7.459210835975153874e-04
-4.889165916964207477e-04
1.902808040548646011e-04
9.120949214906258555e-06
1.746270711144325803e-05
1.142965872427302782e-04
-2.417969372015483967e-04
5.817249244457528470e-04
-9.100675493795345669e-04
3.722923486678986226e-04
-7.946421346785459026e-04
9.077805036240907399e-04
4.531485870966879483e-04
5.034521660596752782e-04
-9.344838567582960807e-06
-7.570990081358496427e-04
-6.049271487260628275e-04
-3.466645893924038060e-04
3.609189278536623541e-05
-1.379060630310233200e-05
-3.230713567810831089e-04
5.660936638951337896e-04
-8.394139989476149838e-05
5.097298963139113275e-04
-8.350227233241695919e-04
4.674767381052077398e-04
-3.430741339060962964e-04
-4.927441498227988449e-04
-7.279005060044382402e-05
-1.631949490049572696e-03
-8.033239519962928794e-04
-1.387481365571128144e-03
1.608494487392603950e-03
6.297695030349179405e-04
7.682263894596885658e-04
-3.253654199336111449e-04
2.424926824183856299e-04
-1.649915694854119184e-04
-1.203445962455224928e-03
8.220906879716712067e-04
3.329780024090858389e-04
-2.900127957063887733e-04
2.886509443275764178e-04
2.566143739633993705e-04
-3.420950690309588430e-04
-4.615231714608026203e-04
-8.606017047265920872e-04
-9.144049203497348543e-04
2.794944672885304386e-04
1.158467983337251083e-03
-9.942891711768465490e-04
1.201192241598152523e-03
1.125319641138354271e-03
6.619388727153010035e-05
-4.547242984372196784e-07
-3.864964639396538051e-05
-6.631912699533666405e-05
4.657400136966710993e-04
-1.403838718291959412e-04
6.215299843517345683e-04
-1.588177124374789802e-05
-6.354066251957983785e-05
8.245111373782269522e-05
-3.333869107632149767e-04
-4.842936736248570055e-05
-3.847507054440447196e-05
-2.743321535353919352e-05
6.400192684989141007e-04
-1.044338520462283665e-04
1.982358287410479296e-04
-1.589340275227101918e-05
4.660230194993448269e-04
4.138936712312345245e-05
1.909714815690857000e-04
4.810846155596141356e-04
-3.315186107269703451e-04
-2.386842603850229986e-04
3.787192785468144834e-04
8.120243665191760694e-04
-3.839958607575929677e-05
-4.466789144018703519e-04
8.875653277474308020e-05
-2.075380598411558520e-04
6.364037838228040378e-05
4.816513194240101782e-04
-8.519111170202236529e-05
-3.771266701201355775e-04
4.273986550824713441e-04
3.296587138047081381e-04
-3.856327229337472729e-04
-1.342530578042553096e-04
9.724249848536371994e-05
-2.221175089538682550e-04
9.478873027472363650e-04
6.448520613894752210e-04
-1.035455825391444658e-03
1.991037166909447715e-04
2.200766577773936546e-04
-8.383414241433898592e-05
-1.437383065881115861e-04
-3.107437329733416247e-04
1.672400662906394322e-04
1.925736104687455694e-04
-1.531215376342322319e-04
3.065677216172907099e-04
1.540359999381609642e-05
2.674724619719534113e-04
6.976957368499425195e-04
4.770297715755063566e-04
1.898905003157685099e-04
6.320882926315272965e-05
-4.500438410793023428e-05
2.435766149668906842e-04
7.462653439111591245e-05
4.146586847077100044e-04
7.060545018577052542e-04
5.206073600073410747e-04
6.951916849823746734e-05
8.001718079384608374e-04
8.954457582701063484e-04
-1.450981783840385778e-04
-2.490551056284305152e-04
8.681713749822430031e-04
2.412366176598742889e-04
-3.052317901364709870e-05
7.495819152240275610e-06
3.656426465811876865e-04
-1.434341171653767482e-04
-1.081028118298190977e-04
1.307319290582074336e-04
4.721429380508717819e-04
8.135201346352805485e-04
-1.209678865031329554e-04
2.759133225247917850e-04
2.646478507489532887e-04
-1.937230152886959837e-04
-7.063599793199660409e-05
-2.156056560891946169e-04
-1.214682433134913809e-04
6.791916364014945412e-04
-3.162593214630529496e-04
-5.759104677677072794e-05
-5.007699812360096297e-04
-1.289959595853338689e-05
-3.478112958202825571e-04
-8.207340994769236800e-05
-4.658880621603363084e-04
-2.158073131251322572e-04
8.838475375240676789e-04
1.181650320342314759e-03
-7.738933048636376967e-04
-6.601704208912364310e-04
-4.041254330162803547e-04
-3.246021257471203513e-04
-3.004112915654065779e-04
3.469303425472827079e-04
1.722930533931858266e-03
-1.108397760563172236e-03
1.677116652264948196e-03
-2.335644095232787369e-03
-5.783404414934036801e-04
3.375079293531463255e-04
-1.623487673928909270e-03
-2.813953622152320228e-04
-9.175207332964495062e-04
1.619890796014701877e-04
-4.685605486986307746e-04
-6.627936880413415202e-04
-5.565990312929625398e-04
-1.644239994952628956e-05
2.130264612284590202e-04
3.563692121930356468e-04
1.941332276350112972e-04
1.422933977677521818e-04
8.855670133067691796e-04
2.957724529621204757e-04
6.060034470731453550e-04
8.224991708853170462e-04
-4.520352082629094589e-04
5.422424193145133041e-04
4.454090046014850973e-06
-7.602019145152018017e-04
-3.309035187627288590e-04
1.563857467463430689e-03
1.367119594561528456e-03
-8.801996460546310371e-04
3.793449928469608333e-04
-8.206672006477726700e-04
-1.709395520429479081e-03
2.275236622124797133e-04
-4.448781520079389562e-04
1.684956711792954913e-03
-5.903223730307046368e-04
