9.336427176795172585e-05
3.317642511478047186e-04
-1.641336487821123998e-05
-2.095909062159434223e-05
-6.859977555937878807e-05
-3.142846152046312853e-04
3.392653811848408095e-06
-6.890026405119608740e-06
1.540361232963447056e-04
-7.684155746101538321e-05
1.732201774345177266e-05
-2.614682832541474571e-04
-7.174716029690273713e-04
5.811233535631808072e-04
8.776276412912076828e-05
3.406188190883714531e-04
-1.787192024892213075e-04
3.521774796009394335e-04
-4.650535293797001721e-04
4.772695557320338645e-05
3.192538277595095104e-04
-1.675653685368241853e-04
6.162644250616793702e-04
-2.249655761728992526e-04
8.422877276748040338e-04
-3.637172402012404633e-04
-3.465118768050788763e-04
-2.436733724489463548e-04
-6.670573381331656527e-04
2.710154669476049242e-04
2.917614854799198561e-04
5.315964310919892109e-04
3.018241200361659188e-04
1.415868388850904578e-04
-4.090671998217756001e-04
2.568662903085843722e-04
-6.992471538338395015e-04
1.511686758251615942e-04
-9.086036675007675377e-05
5.816420324464070509e-04
-4.806965756905795105e-05
-2.038716718253869684e-05
-7.431865809360063951e-05
-4.011178959895335319e-04
3.620737390872008112e-04
3.639843691188275479e-04
-1.375159943324723712e-04
-5.549717376575130038e-04
4.838114812703733325e-04
-2.433220026785145543e-04
-1.730618686030394450e-04
-2.688016177956897043e-04
1.644062893746856086e-05
-2.184711131395867861e-04
-2.565738604724235230e-04
-3.007207075674012435e-04
-1.261210075040203348e-04
4.984640794200294756e-04
-4.343022085085943050e-04
-4.541227290773492201e-04
1.516441983258324687e-04
-2.976590265353163474e-04
-1.176597925414602950e-03
-8.949173099715362423e-04
4.313326912632590732e-04
-6.581115969550443848e-04
5.456039743761680483e-04
6.274683058684095427e-04
-8.520615407904091844e-04
6.748240037593818868e-04
9.767071774399044021e-04
-8.578626306073899898e-05
-9.991000350528524924e-04
-2.041426044585278442e-03
-1.692507765930110998e-03
-1.085334114725207931e-03
-7.958815285131694457e-04
2.719186692758746374e-04
-8.503140416541488979e-04
2.471399667956803575e-04
-1.695776419532174647e-04
6.970605155278194326e-04
-6.550641221825892566e-04
-1.486295029710689582e-04
1.304269050958384692e-03
-7.662110970117727874e-04
1.399581747125233210e-03
-2.827927734482685196e-06
-4.363742450689917451e-04
1.683441869308364644e-04
-1.070957977101856442e-04
-1.576951784056524614e-03
2.724675533248087475e-04
6.451009726174648795e-04
-5.898634857867504936e-04
-9.695582848896788943e-06
-8.632278036323267484e-04
8.412778524399619094e-04
1.288716297464224557e-03
-4.712482946942869971e-04
7.095820386841083767e-04
5.011951513267283442e-04
-1.116329403929984076e-04
4.617811489287001309e-04
-3.081720457089559377e-04
-9.149161012479119302e-05
-5.094718382835487520e-04
1.695826146023731351e-05
-5.548496177813401356e-04
-5.550991011796554530e-04
-3.166485136024731000e-04
2.768481652187321988e-04
3.135250944947840911e-03
1.825450502684120404e-03
2.133433117706349125e-03
-6.110565803704597109e-04
-1.308276662558327573e-03
-1.949693027613260158e-03
1.134926206993659920e-03
1.075233434738308812e-03
1.107672593946657565e-03
1.372129860520713640e-03
-2.048162415584285319e-04
4.238959134020622442e-04
-1.647303274137172624e-04
-2.034576059818497015e-04
9.738972227565436150e-04
8.994127846933501610e-04
8.284758384747400095e-04
-4.156154573757123746e-04
2.843698524545108168e-04
-5.884906880065102685e-04
-3.570681230605712180e-04
3.027305508481437611e-04
-1.614667145505034043e-04
-4.706901031882714529e-05
1.231828582885728370e-04
2.785842471378416731e-04
8.579769328940226513e-04
-4.418416275111630405e-04
-4.469541650885336132e-04
-5.064550244627698109e-05
2.330649863009172709e-04
2.179402200111422159e-04
4.269449872807555861e-04
8.150673950659579692e-04
7.838340668037199624e-04
3.465518183422582250e-04
2.658320421813385260e-04
-1.547114428321308584e-04
-1.483917436237064988e-04
2.005763131511824468e-04
1.552585674307601282e-03
-2.681550893193083073e-04
3.764262729173952437e-04
3.454158316085316699e-04
-4.364152489609905510e-04
3.625115690517816336e-05
-1.400793341092928428e-03
1.924739391717625748e-03
1.645772360230814027e-04
-1.959663857267995683e-03
-4.166578246703162665e-04
4.637485286886987336e-07
-7.740217219414999164e-04
-5.213999147725959698e-04
-4.955198910481199833e-05
-1.484269426841501680e-03
-2.538968820998082731e-04
9.848749950858679025e-05
1.254521964910097764e-03
-3.789671649257704881e-04
1.058009241181421812e-04
-8.695071463100899605e-04
-1.796196693157508942e-03
1.192671063057920179e-03
-1.608088905275293886e-03
4.281368190439336090e-04
7.026879609797021886e-04
2.982429639519458206e-04
5.650338997695361631e-04
1.346910209816990379e-03
-9.340298580784452782e-04
-3.292611805439820717e-04
-6.087980129773990163e-04
8.090055448382461444e-04
-3.525554302154222620e-04
-4.173062581012389953e-04
-7.447079856095301315e-04
-3.454050707831834771e-04
2.552217245039763724e-04
1.615836583814931238e-04
1.421894253060687792e-03
-7.561075374729940655e-04
-9.298097028673442703e-04
8.646462707253349739e-06
5.403855382575938754e-04
3.461163631925179892e-03
-1.061324743616600362e-03
-2.952623407129640904e-03
-2.893344497644112501e-03
1.785454814371867155e-03
-6.979651065807607538e-04
-6.442538237173099235e-05
-5.844037920700942412e-05
5.332460027664957152e-04
4.935638144216356309e-04
1.239601841428553033e-03
9.026623261491857142e-05
-1.990918147685436033e-04
-1.339925988408864578e-03
-3.302423996646315358e-04
1.134590632842890495e-04
6.009172551501583458e-04
-1.682098075235053953e-04
1.128052437937278286e-04
-6.801472359845541415e-04
-5.694633553729738654e-04
-2.788318845868850791e-04
2.586336315808098157e-04
-1.297572667919601175e-04
-4.597838949645081680e-04
-1.120401268684689686e-04
3.151087573133440670e-04
-3.966762308604965671e-04
1.076069531072732886e-06
-1.420131644954039218e-04
-4.948259056281675708e-04
-6.491964076205258708e-04
6.170109530702371815e-04
1.631274463969603291e-04
4.903061688295092153e-04
-1.863680680597053045e-03
-2.015191593767165588e-03
-1.380428257909601828e-03
1.567867138300002659e-03
9.807395044896429891e-04
7.087002697655649629e-04
1.331779771074438406e-03
-4.720317440031873945e-05
-3.683157978301964666e-04
-9.903664611973198202e-04
3.119378513486828269e-04
1.393586043910486456e-04
-8.951477378712548329e-06
-2.628540899295027291e-04
9.903665026314496019e-04
-6.880829492071991859e-04
4.136458137515234960e-04
-3.313084873777238384e-04
-5.471089639778851802e-04
-5.448851978216752174e-04
-7.585109938318838137e-05
-1.753069701789790021e-04
1.993840496622894046e-04
-4.142998904353109059e-04
-3.007003008256665054e-04
-7.853574584611163834e-04
-8.377269063390965016e-05
-1.018200967491371877e-03
-2.944098552637247840e-04
3.064263584399259032e-04
1.040398237009330235e-03
1.447398156680624118e-03
-2.001339395779817756e-03
1.531200442210099407e-03
6.204362657672838656e-04
7.008966535052701952e-04
8.551083996389036070e-04
6.813733628722490505e-04
-3.862133593738713701e-04
-5.750450802102066077e-05
4.114094846152669739e-04
6.212322677000277175e-04
9.374663953378005541e-04
-6.111802434411461610e-04
-4.356008111575804666e-04
-2.477937480154322053e-04
-4.700878628871929055e-04
1.607263554663883179e-04
6.223499334242846032e-04
1.375236168226561889e-05
-1.570785532593194263e-03
1.216733944101300183e-03
-1.148750865651537029e-03
-1.746433748323823515e-05
4.184858714517455253e-04
1.550150914108948830e-03
-2.568188303905668754e-03
8.654929155259083809e-04
2.192429328998126998e-03
-3.348917472566876989e-03
-1.001404846388653211e-04
-1.156582138744391647e-04
-4.286124011526429864e-04
-7.955149883567296160e-05
-6.155712376391323090e-04
-1.889858435454415538e-04
8.998252424067893689e-05
3.117122525724969203e-05
1.739859141589070559e-04
-5.269520349648552763e-05
3.273304536753908998e-04
-1.673137683358393035e-04
-1.506139050997009601e-04
2.144724570239500726e-04
-6.770451926210921791e-04
2.388997415910692785e-04
5.736015839829955052e-04
9.790097878627980910e-04
1.238221703737795972e-03
-6.286584733760183265e-04
-3.880129788536938718e-04
-2.322010285260582465e-05
2.539842883137399202e-04
2.432791384581131384e-04
3.187563824373922561e-04
-7.923018396889533270e-05
-1.960552663225676427e-04
-2.452573244449812707e-04
-2.126355597712118047e-04
-1.643441825172185669e-04
-4.841449621047356068e-04
-6.459223102381119472e-04
-1.955486655808021373e-03
9.917599924965418094e-04
6.619278480613468218e-04
1.413540527741500018e-05
-3.960524534002910890e-04
2.494296074056283580e-04
5.294609952334213259e-04
3.947083800822226017e-04
-6.904239189467814217e-04
6.983740663658421621e-04
5.084477195750261710e-04
-8.102926737614613364e-04
-1.372923824317101056e-05
4.212352009823470316e-04
-2.413992649909095945e-03
1.563782326575973835e-03
1.810823740862298843e-03
-1.433334228897979647e-03
