-3.143515757282812242e-04
7.486328010836172176e-05
-2.583326393771987069e-04
-1.205453820685997079e-05
-1.833565284783399173e-04
3.760235725830490637e-05
1.003242109994413318e-04
-2.174292643437818575e-04
-1.822611926786318610e-04
-1.747793171028599985e-06
1.641102772136883100e-04
-1.110370893780560910e-04
-1.095328629296430734e-03
-2.519026744944425321e-04
-1.125847761750485955e-04
6.555500341111673108e-04
2.812359578149752418e-04
-1.133060650336514862e-03
-1.435538389956188092e-03
1.010196074373508968e-03
1.360402760257640184e-03
9.030266282807976374e-04
1.983590510730361297e-04
-6.574905338052323793e-04
-2.671617327510110440e-04
1.130630410322863450e-03
-5.751456643348422338e-04
-2.865602856263248184e-05
-4.436802602135202266e-04
-1.985714959432987507e-04
1.188694646306678328e-04
5.020419474751928665e-04
-8.547365650620493806e-04
1.799210717145059842e-04
-1.616246442481421080e-05
-3.750763472027696934e-04
-3.033921653104262482e-04
-1.374946302836330602e-03
-2.083465006974522145e-03
-3.344739336498403362e-04
-1.363794248494032413e-03
1.507177270444139041e-03
-7.507398707487739162e-05
2.053493568523236665e-04
-2.533462752259316685e-04
-4.432898829731017837e-04
-6.702077693974501857e-04
-4.848687990030230936e-04
-1.092929302654859587e-03
-3.960096481317496682e-04
1.059200397565874694e-03
-6.870356710743664433e-04
-3.709254365165300251e-05
-6.520713257343964311e-04
-2.428885926758435928e-04
-4.794901356919454237e-04
1.303261819377365765e-04
-8.047834442131739444e-04
-1.002560663588545221e-03
-2.713914426744293978e-04
3.116402239204635696e-04
-5.817488221056640223e-04
1.080618713514927033e-04
1.524982187751433625e-04
-2.398291450992414569e-04
4.278949507387284196e-04
1.733833381269049101e-04
-1.787577773881050434e-03
1.055676345968404282e-03
-1.696508782863088375e-04
8.908488670635243516e-04
-1.281266693846428481e-04
-7.180397589967151559e-04
9.567763496883941289e-04
-6.573897566371670687e-04
6.298138597968833303e-04
1.383946855398066168e-05
-3.044270882007710319e-04
5.900625780425887461e-05
-7.394314630669021776e-06
1.622016321085513208e-04
3.949893354792667036e-04
4.194987267022340610e-04
-5.052446888268785283e-04
-6.696605816848021412e-05
-2.675699589060565541e-04
-1.981940794289199064e-06
6.243085688953818255e-04
-1.398956719177191785e-03
1.338297120793386155e-03
-4.301896515636881866e-04
7.452871287022517317e-04
-4.631192056181458912e-04
-3.249235604699143138e-04
-1.914005179731896665e-04
1.161358697463891115e-04
3.202985962238246538e-04
7.047265336474921099e-04
-5.952206141902073160e-05
5.804636855263322899e-05
5.327702199229620130e-04
4.201765313401049679e-04
-6.877386029025960327e-04
-1.862292036578000378e-04
-3.800213333099951361e-04
9.403493366007263958e-04
1.183210780327554359e-04
-7.309646211679798628e-04
1.946098545177844601e-04
5.111229377432793255e-04
-2.280029207367929237e-04
-1.066834974698359057e-05
3.269643529426726012e-04
-4.580223356982631193e-04
5.353261766644473165e-04
-4.639437468122906648e-05
-1.742264181362423818e-04
5.085034901414067299e-04
-1.530889973505267405e-03
-2.407243002264445567e-04
-1.304810686681044706e-03
2.223063565416644877e-04
1.614251412302876985e-04
6.485621034344206306e-04
2.099772397713832483e-04
3.555483521130360126e-04
-1.054147960994650029e-03
4.722226540780646116e-04
1.709171023060536605e-04
-1.647036274715508964e-03
2.156378297664155667e-04
1.333983623398677472e-03
3.627536054427365608e-03
3.101279952632030306e-03
2.179806605492432079e-03
-1.914970908276308979e-04
2.237604140581005412e-03
1.001523577985807475e-03
-1.167822146692604299e-04
4.459473259180463806e-04
5.578444556189258823e-04
1.215050784527141672e-03
-1.098187945139531560e-03
-1.512902205759135421e-03
1.587457659638289104e-03
9.038146335830683515e-04
2.120584772470194862e-04
-1.436280500892662482e-03
2.106697749483399645e-03
-1.157084120479338158e-03
-5.527006850096210112e-04
-1.288060687337761953e-03
-1.406980371150448432e-04
-1.747079524041593554e-04
-1.282330377083797926e-03
-7.941088596485607444e-04
-3.290572431476809214e-04
1.123130111869453522e-04
-1.540917161934411402e-04
-6.222154436542375521e-04
4.379848894521403985e-04
1.576249584507999997e-03
1.909283154855885936e-04
6.626551167066890488e-05
6.341450130420478231e-04
-1.580696232654187072e-04
5.804494089706975024e-04
1.126833638511265173e-03
-2.938878200836741463e-04
4.752817922367841286e-04
-6.360689568951447687e-04
-2.200412978186407098e-04
-4.349248088615340763e-03
1.090757203594403630e-03
1.210725019229997972e-03
1.723870305684109278e-03
2.231617924508465744e-04
-3.191848521171531772e-04
-1.308566657221764092e-04
-4.715976612010523293e-04
-4.750192560906671456e-04
2.208366844413203224e-04
-9.230768786323258548e-04
-5.952614165950796460e-04
1.367145464356828545e-03
-6.888742718575885425e-04
-6.971674240181960445e-04
8.200930063272367861e-05
4.134466443158703363e-04
1.081789022654249238e-03
1.046623738481063407e-03
4.045758892625508658e-04
-1.736954822551186207e-03
-4.514827864884665958e-04
-1.256676648755750754e-04
-3.550364337270551195e-04
-3.537096333099103303e-04
3.128957482652020700e-04
4.865170521884542459e-04
-3.305027081367747379e-04
-4.378831692468688206e-04
1.193029580588678661e-03
1.149137891704499925e-04
-2.915156220210543504e-04
2.122920011076353793e-04
-1.473229667502278276e-04
-3.962316168264226569e-04
-5.900987140217278659e-04
-7.804743044895853148e-04
1.428981317688753300e-03
5.356837424772588341e-04
-1.593615142222446759e-03
2.195921364949521759e-04
4.774172975525780085e-04
5.251002449088364263e-05
-6.795096961253435826e-05
-1.396132990705512217e-04
3.456360851525850384e-04
4.498890984436283865e-04
3.946359688704157592e-04
-2.503768836803231057e-04
6.128625872663518012e-04
-2.041596989980861191e-04
5.848694613760486267e-05
-3.174620040980770386e-04
9.889668648560788467e-05
-2.413016124174500847e-04
-9.186550703345744472e-05
-2.420880294175505661e-04
4.704059340524814853e-04
-3.464688023860897038e-04
-5.869803721505561069e-04
-3.705200218616344068e-04
-2.754982053536209866e-05
3.836067644081341617e-04
-2.818373052798500158e-04
-5.316940960531292993e-05
-2.699844406241440732e-04
-4.445582036933059203e-06
-2.426472130776622868e-03
6.514847038281134923e-05
-4.560545155642750908e-04
6.583979000860121168e-05
1.403582421356987394e-04
1.303204809192989443e-04
-1.566406418343352369e-04
4.252551720935158363e-05
-5.626549564211010598e-04
6.976886995729707523e-04
6.223693592973023091e-04
1.220763806961203135e-04
2.593066868689598218e-04
1.068272963101177172e-04
-1.533138618119505529e-04
-4.392402573150428380e-04
6.925398057506353122e-04
4.900125376471911555e-04
-5.718582392193222608e-04
-5.026468229706507586e-04
-2.775790112868758595e-04
-3.496685874095213338e-04
-4.744368956766707528e-04
4.706379872715204366e-04
-6.195298221188311931e-04
2.562541158721373278e-04
-3.025648406145361080e-04
3.872328301349554545e-04
5.199113848806426186e-04
8.471931798167579375e-04
2.870383438007672455e-04
-6.679054311170418015e-04
4.249696222158207267e-04
-5.947405662744047151e-04
-3.012683014094367107e-03
4.186574112804920442e-04
-1.754660315603563583e-03
-3.024519087828856419e-03
1.824235513767674839e-04
1.767102458249966614e-03
1.417066928708798912e-03
1.547858341015955538e-03
-2.318190457523015922e-03
-3.528198534097105594e-04
-1.574623994645455664e-03
-3.257288742820756188e-04
2.605194262848218797e-03
1.879695399772309894e-03
4.715222735900262202e-04
-1.712143444218841137e-03
2.025952617264673537e-03
-3.881911175597939145e-05
3.190359564245240083e-04
-1.999789689650120295e-04
6.216448897957987550e-04
3.677248056112229053e-04
-2.912769878039826342e-04
-4.201082045911171429e-04
-1.855205162189769064e-04
3.849232017421991324e-04
-7.871807081967911496e-05
3.523431917553812381e-04
-6.616205572148541438e-04
-2.611279385746684474e-04
1.660767970709514240e-04
-9.602179077321762620e-05
-7.274222727320213498e-04
-3.068895697806782279e-04
3.367762026492485128e-04
2.704798593679144051e-04
1.008449819252454579e-04
6.285117339285074866e-05
-1.966999975697371241e-04
3.407782994348850588e-04
8.863168602091837803e-04
-8.690668442214687095e-04
6.821765027174244876e-04
5.508011989424515566e-04
2.172816015180985640e-04
1.716544605143534102e-04
3.557229055274855624e-04
1.462634922415397085e-03
8.259898529645072485e-04
4.164080125824847520e-04
-1.467097640772362902e-04
-6.603945244718262319e-04
2.258613043325251887e-04
2.232872601037535229e-04
8.509291432014421839e-04
-2.342374366493708631e-04
6.012427308282260794e-06
-2.503204352175056996e-04
1.441129231376751124e-04
6.959549509909009751e-04
-1.179697574114940191e-04
-1.694014365023844627e-04
6.793252350086689568e-05
8.309539117820958403e-04
2.336540464919508288e-05
9.931129786409799551e-05
-2.742484025839116222e-04
-5.917371592621106097e-04
-8.170458657388762259e-05
