9.449510190525937307e-05
-1.927322492330560248e-04
-9.331394239400863354e-05
4.322703143547295909e-04
-2.734041365690834482e-04
-2.168451477868407772e-04
2.734863520770092877e-04
-1.971858714236474379e-04
-1.215852075940786279e-04
3.207665188098950538e-04
-1.851118516122029676e-04
-4.056527132843434805e-04
-9.866159469993612385e-04
-9.622312908051220857e-04
-5.988291825227485925e-04
-8.010606430655487593e-04
-1.564804353790266603e-04
-2.029652076481470687e-04
3.553305369262499224e-05
4.613812263833723545e-04
-1.296487355758077053e-04
2.016654836748863172e-04
7.729874743157518673e-04
-3.703609246739185954e-05
4.995613386760399408e-04
-3.284492448919233893e-05
-9.708495058326230493e-04
-2.896382021818087239e-04
9.022797704397846682e-05
-2.024733801159293986e-04
-1.431575536862813246e-04
-3.235426141776606202e-04
2.099536813161333127e-04
-2.470169818181263874e-04
-2.921176171203321531e-04
6.131782536183606096e-04
-3.048088437905170579e-04
-1.082224910896935908e-04
-5.325405645367593203e-04
-2.130863999775780960e-05
3.243890724886882838e-05
5.218282354019112938e-04
6.935445048514350566e-05
2.675152603574997664e-06
6.792219279203824193e-06
-1.771162143021820957e-04
-1.844171813649508960e-04
-4.811909376731097229e-04
4.883030620833665953e-04
9.891077259359340337e-05
-4.857248561161377529e-05
-2.094695417097446305e-04
5.557991166308273332e-04
-6.625401053550121315e-04
-2.554768318336832927e-04
-5.407650295416342387e-04
-1.065617640652729908e-03
-2.446615742649557593e-04
2.767704522018679864e-04
-6.022661901600500159e-05
-1.747354926441925028e-04
-3.002084362488898731e-04
1.356371016229097589e-03
7.502094940337911166e-05
2.027455246352035181e-03
4.266396538491736218e-04
3.133335201962628456e-05
1.187940414313511626e-04
-7.635933157447748817e-05
-4.249657314296756373e-04
-7.663790845842653212e-05
-2.158515658382149374e-04
-1.496319662526230353e-03
-1.015524784131946728e-03
-2.911406153927892522e-04
2.421558190344363839e-03
8.088771708821598230e-04
1.579257467933866549e-04
2.738026097659292829e-04
-4.131067126554181833e-04
8.102106861471919440e-05
-8.137119759498292549e-04
2.597924180209571052e-04
-4.176042583580152879e-04
8.871254814332706106e-05
1.424924283261138009e-03
7.918557011351797003e-04
1.363403399448173767e-03
-2.439648521675767353e-04
-1.674140853499651123e-04
2.180928617168328705e-04
-1.168063273000247843e-03
-2.468599723226197603e-04
1.004256050259930795e-03
6.019217007976466376e-04
-2.472787127502275176e-04
-9.379759702939051902e-04
-5.681027701450801177e-05
4.125914884964336461e-04
-9.612143986749431589e-04
4.740985459510557937e-04
9.441370393847501848e-04
1.680929670178274915e-03
1.748585440943168897e-03
-7.389220086921152080e-04
5.591184132430737077e-04
-1.815799721721451584e-03
-2.187221303477848855e-06
-5.157551474443948123e-04
-7.641612157924015979e-04
-6.073511057494464238e-04
4.506874317545324794e-05
2.742052206349902474e-03
-1.718468471191092342e-03
-8.557222390047006374e-04
-3.453417883577827949e-03
1.628848453175741088e-03
4.410979917016962892e-04
-2.806696657983017915e-04
8.265653852326231704e-04
4.627709266319092137e-04
2.495031977519313797e-05
-2.905520554928862388e-04
-4.860303882548062688e-04
-2.061487631114270142e-04
-2.613428675594969722e-04
-6.929807926354624695e-05
1.062996178220006649e-04
1.255966552599155632e-04
-4.190921156060343805e-04
-8.668270525638197181e-06
4.629193138840333727e-07
5.793626708907442585e-04
2.626967043266722687e-04
7.503673282596505208e-04
-2.659950549933807703e-04
5.901566235884888895e-04
-1.797488087879397795e-04
3.025785617552366902e-04
-2.586202870573574720e-04
-6.280295852422596026e-04
2.809698901592712515e-05
-2.820545497581389218e-04
-3.242975926468196152e-04
-5.023178896973319292e-04
7.217019318127550968e-05
8.621623370742517332e-05
-4.253457037209205536e-04
1.421723735105556079e-04
4.188574403246879711e-04
9.234399492361131806e-04
5.771301898065329299e-04
-1.535603197286745122e-04
3.820669474246347549e-04
1.973099167992824101e-04
4.202299896970163886e-04
-2.062765332037149878e-04
6.841115492324110125e-04
7.966000874395200984e-04
-1.843513481692159216e-03
-7.835377725705048061e-04
4.054119277726326437e-04
-1.472676348391699190e-04
4.366218429703255886e-04
7.816328680593586471e-04
6.509024647451168172e-04
1.118684140099835593e-03
1.206784098247862995e-03
2.887157952529602616e-04
3.118806367341428985e-04
-1.938071344042200902e-04
1.149496611693944615e-04
1.260374014484851989e-03
1.180779627622632324e-03
-8.268858113734914739e-04
2.861113072683011066e-04
-4.485435227384707057e-04
-8.169881607780429432e-04
-7.280855865467690058e-04
-3.246083424280046185e-04
-1.351489536236799745e-03
-9.736920902217963299e-05
-6.562178339130449092e-04
4.163404215106236207e-04
-7.113145018463706663e-04
8.321557074660909225e-04
-1.210679620908638402e-03
-1.925307610269494244e-03
2.340106079984217817e-03
-6.761359957207137977e-04
1.630488357453383766e-03
-8.712699240675633901e-04
-5.115710430215774285e-05
1.173305357074075307e-03
8.481932766043019786e-04
4.471982096303457935e-04
5.208333102156698351e-04
-1.707558801669050233e-03
-3.935974368752748892e-03
7.534615776899917378e-04
-9.477906152123196769e-04
1.252389801200934176e-03
7.940845778844644247e-05
1.571175125970006466e-04
9.255154237313766919e-05
1.751121777438909488e-04
-1.173349117250125696e-04
-1.429802508116941300e-04
8.912630296992899443e-06
2.860171991263662302e-04
7.851285304955101050e-05
6.719540137987605258e-04
2.369197325011208888e-04
-1.482415429489534488e-04
-3.663286342436784305e-04
-2.659797425896730304e-04
3.459613149894281937e-04
-3.961515082590052859e-05
5.104631863017644155e-05
1.320025424725709471e-04
4.088678296561767543e-04
-6.735178368696432410e-04
3.769665223049670807e-04
2.068956747277466465e-04
4.923330230542100885e-04
-8.444249432798095999e-04
4.877764420228529311e-04
6.869232320375705638e-04
4.556909766496366749e-04
4.681239853970383573e-04
-4.550008342222761656e-04
-5.447022921366308348e-05
4.171502814432527387e-04
-9.522113852283317723e-04
1.008528791009696347e-04
9.234232781701520992e-05
2.877668209074369255e-04
-3.302175595511327365e-05
-4.192375520433819794e-06
6.735699923157180413e-05
-2.467090908623352464e-04
-5.946442536751070373e-04
-1.967578553721150033e-04
-3.361515171632347906e-04
-2.803388961403127113e-04
-8.481955292152162657e-05
-3.082004997637808794e-04
-1.469135672362112974e-04
-1.093472142071398546e-04
-3.307533412526257508e-06
-4.464838815648514061e-04
-3.153754342321885180e-04
5.391656657146672894e-04
-3.262210823837499067e-04
1.340325892613945281e-04
-2.575763177855422133e-04
5.396411024745080380e-04
-6.288955280584377174e-05
3.234597285746911455e-04
4.610167751544776800e-05
-3.862940027076967766e-04
2.456711275463530227e-04
1.992237099806549311e-03
1.244832359513239027e-03
1.815789288519164451e-04
7.711730474327565046e-04
6.185284478270303664e-04
-7.647637823508240539e-05
1.394479028035800362e-03
-8.077425477145700611e-04
1.039726556831574054e-03
8.508153060111329829e-04
-2.199520171372093601e-04
-2.399288911686134427e-04
-2.534233965140331038e-04
-6.883945536718506049e-04
-1.451647081044704125e-04
-4.717349720965382143e-04
-1.126840242445008126e-03
9.688483267491854525e-04
1.632958698231521592e-04
2.934035676395517923e-03
-2.629731443730642894e-04
3.530658097389279362e-04
-6.389124763091698920e-04
-6.722028225676686007e-04
6.343907682803141259e-04
-7.086842826619143892e-04
-1.504244335382901206e-03
2.525324482433033966e-04
-2.743833418607354718e-03
2.205457786785521360e-03
-2.473007467418060793e-04
-3.816258479942633364e-06
3.064747038922301407e-04
-5.302993958068009895e-04
-1.870733729630891397e-05
-1.017575890513610498e-03
1.134548194912069781e-04
-4.782885264320435180e-04
1.049248309697891485e-03
-1.242083745951842342e-03
-1.100842399984975955e-04
2.710074194103463262e-04
4.440365070334958931e-04
1.549312805047049649e-04
1.755135857366667143e-04
-1.620582840393791852e-03
1.292479429666410764e-03
-8.584987428232442866e-04
-1.568891680511725088e-03
9.196300099383974925e-04
-5.405566887054422641e-04
4.720969839395692267e-04
1.428797575382910467e-03
1.321836764101653539e-03
5.693138252703437100e-04
-5.082177713532564853e-04
-2.974063368817897015e-05
5.076946584388655455e-04
-3.487126311632499651e-04
-2.245072388786121395e-05
3.147787460960792738e-04
1.598557660738049847e-05
5.008606196977509039e-04
-8.428689538739794589e-04
-8.854560138026565689e-04
6.206663899797531039e-04
9.440472168388235313e-04
-4.980530208083234177e-04
-1.249999459255327246e-03
1.041947147820806475e-03
-5.294919331454318997e-05
2.936102083617607092e-03
-2.602260461826088125e-03
1.492186261364333334e-03
-2.328687173740912140e-03
-7.244451179513657904e-04
-2.319464710179125391e-03
-1.207445875281656748e-03
1.651449687292077346e-03
1.087099500420976583e-03
