-3.489409423499545285e-05
-2.095359277610065070e-04
-9.071442377762598637e-05
2.061898820143699749e-04
9.259704475494418420e-05
7.438352791077356308e-05
2.261845968170515776e-04
1.263093733125703229e-04
5.263003783352351422e-05
-1.651571529268133342e-04
-1.972738107754346980e-04
-2.365163687989041321e-04
2.276107138743029847e-04
-5.256112336384312399e-04
-4.375971291133859626e-04
1.112963276479310816e-03
-7.402075964965449978e-05
4.754025471395421551e-05
7.122640812321571731e-04
1.450694460597864088e-03
5.554674574832082641e-06
-7.531231381667240123e-04
5.863194394887902717e-04
-1.525532908336642681e-03
7.761269525306707965e-04
7.485019666659296434e-04
-1.367094370919898216e-03
5.545926742136128009e-04
3.087957586909079503e-04
-8.553548932587223439e-05
-1.103196617322012735e-04
-1.520058211175109592e-04
-1.046111270001691320e-03
-7.462805290070203895e-05
-1.003022053386580861e-03
-2.453425605264645008e-04
7.300213744067022247e-04
5.531376680314847166e-04
2.786940259483752422e-04
-5.283235241230214898e-04
3.480875110857997289e-04
5.159540005243434813e-04
-6.963912940605977925e-04
-3.538960110808682933e-04
-1.149917748697439849e-03
1.209561191361467961e-03
-5.529268432314384755e-04
1.472957434275392881e-04
-1.237353887338819511e-04
-1.016019955264898492e-04
-8.508930167598215306e-05
3.492142116758759182e-04
-6.878369400844558564e-04
-5.542731308445677352e-05
1.228671238336753843e-04
1.034667983437412823e-04
2.041801777926540936e-04
1.993748100360209449e-04
-8.293805898814199189e-05
6.870209892874913279e-04
2.735659822977873010e-04
9.722987757380674174e-05
-4.219566276221272533e-04
-4.010481733759611704e-05
1.154596834019029595e-04
1.607955223644785304e-04
-3.033345875075731828e-04
-1.597528212412655576e-03
7.304554887031770730e-04
-2.396681640810165788e-04
-1.201393915367413414e-03
-9.609284849647535759e-04
-1.971023318561412625e-03
1.460143326479016032e-04
3.608691388090676591e-03
1.083119730947696259e-03
-1.804909145786805528e-03
3.728355926357765707e-04
3.841600702858206560e-04
6.504097748854823988e-04
-9.627543656274773149e-04
2.669721805333397742e-04
7.939676831743541340e-04
-1.551603477691150665e-03
-5.904458297693878326e-05
5.725778472565535475e-04
6.173064359474587709e-04
-4.710625734647234724e-04
-5.699293830264249737e-04
1.189477773229395859e-03
4.321751942960030892e-04
-5.455996457997084334e-04
2.774573383038627847e-04
5.977180945556554185e-04
-1.606344219745534921e-03
-1.535123409578531464e-03
-1.349612512105420386e-03
2.790476353874422658e-05
-2.915679535833148590e-04
6.437407214313599227e-06
-3.473116159212915038e-04
8.747817281996355049e-04
1.801513760865231201e-04
1.162966589315805876e-03
-6.523216100142777835e-04
-4.423371686320330372e-04
9.052646673982654756e-04
3.024506461610327809e-04
8.036070122247794762e-05
2.955397260441428205e-04
3.325966886222627805e-04
-1.203939083022306051e-03
-1.801915679224616183e-04
-9.548335578121924707e-04
5.347468134104832894e-04
-2.335978557075262468e-05
3.351913416451987138e-04
1.604188516924075691e-03
-1.384537120777086386e-03
3.051354209323681697e-03
2.108475271427765526e-03
-2.496984891924725319e-03
-1.024636476081685569e-03
4.694098081087892541e-04
6.091773095130739420e-04
6.417860723045952379e-04
-2.686717863314772026e-04
-9.259618213144116023e-05
-2.559318448280661603e-04
-1.382326006283491216e-03
1.667504489716213970e-03
-8.601277831046810632e-04
2.772555002369445467e-04
-7.452279183391959192e-04
-1.502126531325288729e-04
1.020666661477746210e-03
5.867458853013658064e-04
9.485371591045313640e-04
1.342928994705722915e-03
2.031442274294653887e-03
-5.488999408411298752e-04
7.630510833814157547e-04
-3.828310727152369158e-04
1.510148157722780314e-04
1.103840909015530548e-04
-1.825263402100687962e-05
-3.281178049430210947e-04
8.714838890098345432e-04
-6.508452390373910572e-04
5.347578935339075256e-04
7.856289258384648337e-04
1.488642881388174829e-04
2.640058899152269490e-04
1.072396781733109001e-03
-7.908749099589429442e-04
-2.390057012631006277e-04
3.671130322282692817e-04
-2.344952141035010792e-04
-9.658179675443168003e-04
4.743533677544732531e-04
8.263108638649510574e-04
2.690264027605131550e-05
-2.319600939599960286e-04
-4.977180702825305218e-04
8.362607468943785045e-04
2.766502886804605554e-03
1.144398047297443417e-04
1.437385135380048759e-03
1.516995679858163621e-03
3.793213580307782003e-03
1.672240056676187799e-03
8.879909643113532763e-04
1.880653340987072488e-03
1.343145817136892021e-03
1.222888487907279782e-03
-9.857921269129260068e-04
-4.211797360191036699e-04
2.065784945418262537e-03
3.598317275915328094e-03
1.574788797005695958e-03
1.110504116147040124e-03
-5.970497237888992533e-04
-1.243698321509736861e-04
1.008851703542805456e-03
-8.667334864004756258e-04
1.937538927058554314e-04
-1.698840419469605011e-04
-2.488908815142196543e-03
2.445351635870480957e-03
6.170109540837024264e-04
-1.912290085164289766e-03
5.401182964323236963e-04
2.116134048697441029e-04
2.714436466034792113e-05
1.463598309109727814e-03
-1.669273732772808938e-04
2.253873762018465243e-03
3.427250749655689588e-04
1.783749450884654754e-03
1.336573414076545809e-03
-1.440387925064468607e-03
1.435986327783843894e-03
5.181580082627606555e-05
8.928288571297843821e-04
-3.127396737291850463e-04
1.162202769982463569e-04
5.525134433374508710e-04
2.558961111899268176e-04
-4.163933022361173276e-05
6.280908896311484374e-05
-3.219063899712118482e-04
9.668735548734067270e-05
-6.281497295449456602e-04
-7.145554918811993644e-04
1.062492747729874360e-04
-8.738109583202117439e-04
1.689794731795525161e-04
1.227387886035094825e-04
-3.199898617722238416e-05
2.070747480136163148e-04
1.455929728112650263e-04
1.609035539225027971e-05
-6.485363178788766626e-04
6.531497299991675368e-05
-1.867820205959825491e-04
1.419683293293057356e-04
3.614184158327442297e-04
4.084849587540188040e-04
2.294652523605148766e-04
-2.050993065874807811e-04
2.779160419891848750e-04
3.082428399344321404e-04
4.909407336719108072e-04
-3.031815304995325098e-04
-1.070438129856111215e-04
-3.798584688411103653e-04
-2.539926126361025777e-04
1.006992933482958640e-03
-1.060313941195001124e-04
-6.967338616964595735e-04
6.113147520077201014e-05
6.956009934913108062e-04
-2.864385631964130874e-04
-2.233708553712368918e-04
1.514930827826618072e-03
-4.428389235920809387e-04
-1.235027265481836471e-03
-3.232926093657701718e-04
5.759772387291695484e-04
-4.758107637525927719e-05
1.648238906684587764e-04
3.393170847687177654e-04
7.824833997771589097e-04
2.046515083937302474e-04
-2.026735904151889502e-05
4.647179535895014867e-04
7.632795075317494373e-04
-2.857866382561528493e-04
8.281899922650112680e-04
8.470598468411003317e-04
-4.949633437432428111e-04
2.834447188638217598e-04
-2.537345831774850155e-04
-3.420624563682179205e-04
3.388297347783354708e-04
-1.447552207045950474e-05
-7.784185154081561635e-04
-4.033054560366374506e-05
-1.580632948158528254e-03
-3.214294773964592529e-04
-4.966666060841557276e-04
3.757640465276420526e-05
-2.250767454495747062e-04
-1.552368537090513707e-04
-2.656105962264280378e-04
-4.487033309391333250e-07
-1.275922432189937944e-04
2.252728099877904027e-04
-1.439758576385428827e-04
4.385438979215280984e-04
2.904511958745529068e-04
-3.994093854400597492e-05
2.671991367066591503e-04
-3.070392748451160119e-04
-1.330986459944870479e-04
-1.063758521409394192e-04
1.848631747528862426e-04
-4.082483633356226546e-04
9.269165987896519033e-08
-7.857933294924097998e-05
-2.502421276871003345e-04
3.641744517579133993e-04
6.363169381554119417e-05
-6.458928778254187071e-04
-1.337746786287969192e-05
2.611044783468130189e-04
1.972711664354318993e-04
-1.003628726283031444e-03
1.074182583606878884e-03
5.167789540646571022e-04
-1.112454129665006730e-03
8.604822814400706630e-04
-4.729914131298449211e-04
-6.969203477440616976e-04
-1.133049364617594269e-03
1.530776741946663472e-04
1.714294585269686335e-04
-3.252279581578083932e-05
-4.318612653220184967e-04
-3.901644899122300061e-04
9.527914658929198706e-04
-1.950948631852778524e-05
-5.090477205358787582e-05
4.671920363635366480e-04
-2.537509551437363620e-04
-3.981038060603119422e-04
-4.091198581054068784e-04
-4.183145340894776475e-04
-2.612577387964962390e-04
-9.243037717518630078e-05
1.267380664991630743e-04
2.259679702022058330e-04
1.794613807896877134e-04
9.926283535685638689e-05
2.484668817412706305e-04
2.298213952064652715e-04
-3.810543392560861967e-04
-2.312198816244539525e-04
4.997753295893454448e-04
6.756604836207597779e-04
-7.336495152992147657e-05
-5.011287892003325707e-04
3.772540287998572372e-04
-1.618694752389483781e-04
-1.457303021168787442e-04
-5.899637281324671785e-04
3.887355569102217390e-05
-1.361272033540236357e-04
6.014429104863851716e-04
-3.595279542290318931e-04
-3.766149729082257126e-04
3.894293975714006070e-04
