-4.508139428499869766e-05
2.511920399245224180e-04
5.855758368537207435e-06
3.615660513681690099e-05
-2.273489575217881760e-05
9.529536838117785857e-05
1.175993021740364677e-04
-3.117358300876176165e-04
-1.834557319350068436e-05
-1.953095546456687316e-04
3.072248033218188262e-04
-1.318435971507423787e-04
1.352966096655964633e-03
1.047905074232503625e-03
5.189053344388436500e-04
2.890639828072726243e-04
4.372819550998438077e-04
-8.298480509814763111e-05
-3.965240853772973952e-04
4.023019512115765016e-04
-1.369805456123168079e-04
2.852550857336129636e-04
-2.693183852492548594e-04
1.699475485224137308e-06
-6.301673139144199024e-04
-1.960368416128790427e-04
-1.417328885065997739e-04
-1.947536478537762242e-04
2.502211640163064113e-04
7.551033044347201873e-04
-4.498143826607603783e-04
-3.593870754214860256e-05
-1.051678838793715810e-03
6.037562766971444695e-04
6.940668820666622430e-04
-6.323354405759807912e-04
5.813043616139841347e-04
-6.199819416802346836e-04
-6.244985299873900440e-04
4.825111738707887812e-04
9.465650845512809221e-04
1.091883191657922695e-03
1.920604079734281912e-03
-1.138875035709370053e-03
-1.322715230849410683e-03
-2.609933042536186640e-04
-4.790471324820938948e-04
-6.313678807397212541e-04
5.559890020459184535e-04
-1.344099388986069667e-04
-4.743299901624587031e-04
2.874264032733791227e-04
3.657648898565419443e-04
-1.400039438812668551e-03
2.810804333928486397e-04
7.476769050873160365e-04
-2.113608794500689307e-04
5.095186237031123057e-04
-8.013711881231894932e-04
2.479108238811797366e-06
8.387090188313177808e-04
4.360732077486891120e-04
-1.449328533912436125e-03
1.929632716017830232e-03
-1.343258467425036129e-03
-9.666133856416226494e-04
-2.104997762368394053e-04
5.707617750551460047e-05
-2.159784006111009581e-04
7.467010827689347235e-04
1.850232742851581512e-04
4.070297060725016226e-04
-1.183330950023264608e-04
-7.843682658776962927e-04
3.080405249041328394e-04
1.903955493128832617e-04
-4.416499172787692845e-04
-4.561898328174683278e-04
4.272699515631941036e-04
-4.901519712647169590e-04
8.851659716119014351e-04
-8.032417553121410682e-04
3.308997491884112913e-04
6.245100483169634901e-04
-7.584438472213226408e-04
-1.148591637948787785e-03
-2.244732565954088649e-04
-1.578090599590927347e-03
-6.835823829944343054e-04
5.818716389451007530e-05
8.400798187341359125e-04
1.153272541805948521e-03
-4.482566188489651407e-04
-1.722639084502211419e-03
1.259905449373531543e-05
1.722007535118094158e-03
-8.312085000173227408e-04
8.309105504681117650e-04
1.228169793029001500e-04
7.218035891611304731e-05
2.576606899315179999e-04
-8.079929778177887597e-04
4.951788845526997312e-04
-1.296332012779176834e-04
4.248691839048681414e-04
2.797776609154561944e-04
-1.566357073721888829e-03
1.345563052459802702e-04
5.536314822605830971e-04
-2.871333320282009642e-05
-3.000794360004572798e-04
-3.184074867248536204e-05
-1.204952961111444574e-03
1.962314395327506621e-04
-1.261545465628697909e-03
7.416109774993798025e-04
8.731155658920514715e-04
1.743194406269344711e-04
1.854243249467195755e-04
-5.356312509657842956e-05
-2.221982015044649721e-04
-7.097715385895673860e-05
9.786679282983296849e-05
2.030423839028341220e-04
2.792432807626697824e-05
3.565592286318081464e-04
-5.762641506355577897e-04
-8.256058487633944004e-05
1.225834151325998472e-04
9.161779072104653948e-04
-1.886136926721053745e-04
-6.667912230337455720e-04
-4.067275912557233742e-04
1.309827697080105831e-03
8.705000491025893621e-04
-7.569760865745239417e-04
3.042148580239661384e-04
-3.998209984808222240e-04
-1.259123995586090795e-03
1.314935898645183589e-03
-1.050597045546055111e-03
-7.850926498279086436e-04
-1.868908332793177066e-05
2.604240821632814807e-04
1.705594766080558149e-04
-2.511020999923180915e-04
2.545467298318636979e-04
2.324811014967894198e-04
7.448650080281603216e-04
-5.782104909646554412e-04
4.515558934651563746e-04
-6.921454136845399873e-04
-9.033677426074843478e-06
-3.966431523416175282e-04
1.689047427205190872e-04
-7.074048706845650740e-05
-2.135402576100597406e-04
4.749386564847611907e-04
7.272760210176529034e-04
1.595072562559299171e-03
5.139199500477446543e-05
-1.264949317967332173e-03
7.406589588450457839e-05
1.543904157175038415e-04
-1.624094372396237625e-04
2.251436786300071383e-04
-3.930166181463648706e-04
9.422292467508877354e-06
-2.382695520734979383e-04
-4.260069867487118606e-04
4.390778703939715350e-04
-3.123564148873681835e-04
-3.474941591651746963e-04
-3.036173517258366445e-05
-1.485872189447693976e-04
-6.379764759798660411e-04
1.710202019006590052e-04
5.430619783692979680e-04
4.057395757737980235e-05
4.393880892253837294e-04
-2.167770387460493664e-04
1.653283979440597169e-04
4.131340374900201406e-05
-6.614126921711838700e-04
-3.130083841273988707e-04
-4.024020058133574457e-04
-9.915644308600564090e-05
7.172622538496006058e-04
7.454765919734284633e-05
-3.085268245183853640e-04
8.514915702048374583e-04
-6.869071272764839229e-05
1.669022024812771832e-04
-3.629214902035683742e-04
-1.929406451677191680e-04
1.165372173124679599e-04
-1.960192312696373872e-04
-1.054629554998125218e-03
2.125897994356580601e-04
2.970641217075083163e-04
-5.886997258760847535e-04
-1.001868796678501757e-03
1.813047895851810083e-04
2.877081371019526925e-04
-9.915211950276928165e-05
2.183155026326487585e-04
-7.672401423260978267e-04
1.103471263197434760e-04
-1.046500283084009914e-03
5.775123758478285232e-04
-3.197573662610055144e-04
6.460466806708630447e-04
-2.916051958268742043e-04
-4.079068325392763770e-04
-7.970265653064799536e-04
1.135333292282626359e-03
4.549497754218458849e-04
-2.016161410679510511e-04
-8.046461177052645689e-05
1.949472760564741232e-04
-3.737212155405503417e-04
1.039993782212805530e-04
-1.182298378386406872e-03
-9.615281363807868858e-04
7.035563958834405423e-04
6.434015055691305477e-04
9.427942719609408006e-04
-2.258289136817005568e-05
-9.103607875678577498e-05
-1.793964029440034554e-04
4.000436325144349171e-04
1.361036011863239162e-04
-1.933850713075591066e-04
-9.046844626792635005e-04
5.580905547157351699e-04
1.077479700368372349e-03
8.706513121729882610e-04
2.726518226828486590e-04
-9.846021356947681422e-04
-7.504568657110306795e-04
1.595717374390190693e-03
-9.364299422801947506e-05
-2.052472186369042224e-03
-1.238455434430695478e-03
-6.441920720637776896e-05
-4.987507086436777622e-04
-1.341219253559712337e-03
-1.476454350597069468e-06
-2.275228843960713722e-04
3.468128873032693782e-04
6.121306658694536059e-05
3.414145829570102006e-04
1.158942224978565770e-03
-1.587222716364420803e-03
-1.023016487349405262e-03
-7.557295929750935210e-04
1.399828163036432541e-03
4.534458087031058575e-04
2.023334999392264262e-04
9.027972542158530357e-05
-7.412340339904635589e-04
-4.148301501016878989e-04
3.059340402102049810e-03
1.583062342039546306e-03
-3.655405485839517839e-04
-1.669552122156060152e-03
4.951103195067309629e-04
1.662359759839812136e-03
-1.119278970109427928e-03
-4.364946513719391869e-04
-1.958039134904319446e-03
1.218888600653083914e-03
-2.356436204987466835e-04
1.383455101219572398e-04
2.973265203903922827e-04
4.293316966099009206e-04
8.251781060206771071e-05
-1.129563601357029805e-03
6.258958426063574191e-04
1.993504921256099511e-04
1.411645973261006727e-03
1.967362508637769442e-04
4.017975915601722280e-04
-5.110885510637363464e-04
9.670625632962628567e-05
-6.815567061240747305e-04
-1.231680650295236467e-04
2.584455220950533736e-03
1.215870706542262602e-03
2.888834800371506764e-03
4.847653127196946063e-04
2.640559353905520129e-03
-1.813945737949395189e-04
2.398758496053888525e-04
1.391935021125371378e-03
3.106977128786348228e-05
-2.685061976591823774e-04
1.892526442073954760e-03
1.118445247724356249e-03
5.111867321506085400e-04
-2.299723506522062186e-03
-6.232072949722959089e-04
-3.339705435890101244e-04
-6.947359079498697295e-04
-4.262891380365510454e-04
-2.265551988924137709e-05
5.822375831363016049e-04
3.649302751817747915e-03
-3.868709140008069498e-03
-7.045610977463928268e-04
-1.794724293435929346e-03
2.701149717108523949e-03
-2.801370917594298796e-04
2.663562241148730719e-04
7.008153040141143703e-04
-7.159012305387788379e-04
-1.126226132614233940e-04
-1.885326714779464506e-04
1.183285559416995866e-04
-5.089613911624201983e-05
7.562707864524276984e-05
3.273890273810469120e-05
3.782786902398525917e-04
-2.006923207426125459e-04
-3.883737313326683237e-04
1.213150750085669654e-03
-6.260289316015750071e-04
-1.137442527625254424e-04
-1.408162544897887953e-04
-2.338017292348519268e-04
-3.000975934202194272e-06
-5.596271117200068762e-04
1.072426503910857074e-03
-1.154681729516037706e-03
-1.114178909271380151e-03
-1.519713048919652627e-03
-2.716512159818883308e-03
-7.443788632064654749e-04
5.200668352594999292e-04
-4.227115121839914932e-04
7.089260644262490802e-04
-1.066312232788543032e-03
