2.249151505125444417e-04
-3.434816392845446535e-04
5.164531290442757230e-05
-2.308222771848796972e-04
-3.776034754562500778e-05
-5.162105667842445845e-06
-3.252063604603297464e-05
1.391993703672463729e-04
2.055207527721867049e-04
-5.105023531579983139e-04
-8.049440682876148035e-05
3.292960160836358062e-04
1.590234050897470640e-04
1.055010936712897648e-04
-8.412068555439020762e-05
-4.034932815207742428e-04
-6.740924248108576570e-04
4.926995540481263680e-04
-4.103146637472267254e-04
1.231320459239903316e-04
2.720657962193117740e-04
-7.141562780993843118e-04
-6.353554258769108761e-04
-6.064039601079574803e-04
-3.553854078716857530e-04
-6.781210706632919034e-04
5.051803517403368740e-04
-6.587986729577539652e-05
3.347090026024326839e-04
-1.808411635525455832e-04
-6.881392830683554234e-06
4.695976472694850636e-04
1.126982936947231720e-03
5.411686987956595003e-05
8.431404988643202226e-04
2.504371987659066755e-04
1.249247726357746290e-03
-2.313081962152752579e-04
-1.734602741725089787e-04
2.311965429870371964e-04
-3.677359798983135348e-05
2.784091361873264141e-04
-8.758612780376983016e-05
1.743466836399343767e-04
3.468539800001078596e-04
7.015679138979100940e-04
7.303224791979274241e-05
1.079021034822744184e-03
4.852639719046694211e-04
-8.615084900478697750e-04
-9.960979560610665109e-04
2.462367921518609170e-04
8.555188701858559798e-04
6.663613264874680003e-04
2.198414344571155451e-04
3.548541256131506737e-04
3.779643796148154954e-04
-3.561127079895845017e-04
-3.625155780447943165e-04
-2.277959306871585896e-04
2.235956329639286018e-04
4.086961818483435174e-04
-8.995002831656585818e-04
-1.225550128971012202e-03
-8.111726814484678362e-04
-1.729885340076118974e-03
-1.412669104241994346e-04
9.254869665714110126e-04
-4.376655833891162630e-04
-4.494303180630670661e-05
3.384572798170028089e-04
1.686192803876764349e-04
1.550791140379360737e-04
6.950143126578797129e-04
7.521797440299788588e-04
-1.007877449880803088e-03
-1.133638334212742514e-03
4.151877073921897681e-04
-3.197751411821943605e-04
-2.999858847402704751e-04
1.494464371614722699e-04
-4.502247307359861432e-04
6.210352786936610640e-04
-5.547118107786085800e-04
-4.234938639316538017e-04
-8.303613486211194406e-04
1.356503889819746320e-04
-5.187593988688137931e-06
1.086318856245076323e-04
-3.280787440528278530e-04
5.047296740884833679e-04
-2.646641534152554469e-04
-1.244540048727903799e-03
3.719606479024217187e-04
-5.798087827120099137e-04
-1.164944206285962981e-04
-1.818225976686828704e-05
-1.901888568560012021e-03
1.359285038735068328e-03
-9.219170155551855740e-04
6.010976055976306178e-04
-5.622528217597721643e-04
-5.487447586864624936e-04
-3.976078643037182390e-04
1.910098523299093342e-03
-1.472904718407471673e-03
2.177488114011041323e-04
4.230943074370670676e-04
-5.365949744459069326e-04
3.999432588927086382e-04
2.605260208080509396e-04
8.792222477594285662e-04
-5.309283568676931211e-04
-4.099145851396023455e-04
-1.011275379434957693e-03
-2.517523775117740201e-03
2.817036919197027714e-03
2.856820595363951214e-04
-3.518567143743879327e-04
6.120918304842375233e-04
-3.319471573114782140e-04
-2.128383123843396389e-04
9.758981140193059324e-05
1.805729477564844228e-04
1.440138603217098871e-04
-3.757106135698147129e-04
-2.687413258029825954e-04
-3.930728940571283055e-04
4.982381247318396801e-04
-3.963943589191996995e-04
3.638405532294524151e-04
-3.571148620132260547e-04
-3.065209660078942948e-04
-5.391112625291676714e-04
-4.733891435051051417e-05
3.888758971740575998e-04
-9.007003799420485184e-05
2.150077017135647198e-04
7.191902650682689604e-04
-3.581345199661862340e-04
2.118121155067817626e-04
-1.640449282870229506e-04
-3.936387707555239401e-04
7.161345625835228426e-04
-4.902100764085406655e-04
2.975895603682120237e-04
3.129278540584239793e-04
1.093692782346451569e-03
-4.053899969448720108e-04
-1.102342429244405073e-03
-3.666202081588744791e-04
-1.267769567009406411e-03
-1.315796892537422649e-04
-5.045745576362244524e-04
-4.552615732566213077e-04
-8.129270225921680904e-05
-6.240397680746389989e-04
-1.610827941891889575e-03
1.016596021094655789e-03
-1.959135642102585978e-04
-1.287601240852696057e-03
-9.536864393218773012e-04
3.550963407775409547e-04
1.204835463672570791e-04
2.454198753698472223e-04
5.430762427304461782e-04
4.970070339509464856e-04
4.445527378955456865e-04
5.411008425447770900e-04
-1.396466353590039046e-04
-7.872547261868472358e-04
-4.342428447360557301e-04
-3.854969259899179192e-04
-1.025591835398006048e-04
3.503852775616896021e-04
1.714651784766396485e-04
2.958572845312139755e-04
-4.775478452717108477e-04
2.287053455766011349e-04
2.190659703633664592e-05
-2.897961098421039335e-04
-3.436929942248560235e-04
1.528800119354562339e-03
-2.162243916473095763e-04
-7.603757751153061243e-04
-9.659400346910480871e-05
7.058329668531703209e-04
1.426548893151406271e-03
1.132926072449161065e-04
-6.018479948703772415e-04
7.467442378409238539e-04
-1.064218796331390391e-03
7.735893768779916876e-04
-2.593248210870355069e-04
1.342407722774043141e-04
6.092279600161830313e-04
-1.915276000007357657e-04
1.200043933516974038e-03
1.709385530261684936e-03
-2.088430951464623295e-04
-5.391584026471094243e-04
8.156952654073784366e-04
1.764736646963869777e-04
7.539150947914860425e-04
-3.602846365809131266e-05
7.267861308081233836e-05
-3.958344575816220802e-04
3.259106242590416509e-04
-2.829869925311070435e-04
-1.584515545945338014e-05
-1.383537576728546272e-04
-2.494337299657834253e-04
1.476890588290351238e-04
-1.723767926232030925e-04
-5.696269771212085411e-05
1.745541733925662245e-04
-5.134378835500852519e-04
2.544839519516135752e-04
-3.473711891449765012e-04
6.898874216482713418e-04
4.397427584420770109e-04
6.234049624071831726e-04
-1.995751233273385073e-04
2.308801381787061195e-04
-4.900847501134286254e-04
6.203288904058852681e-04
-5.016554213242121118e-04
-5.431823366868568929e-05
-2.594003063965050811e-04
9.573744475555345291e-05
-3.121232180421551114e-04
2.142349870969870976e-04
2.767019171716895779e-06
-6.426926449865280188e-05
-2.370850320729482377e-05
-2.696536447245728978e-04
4.786645124672971236e-04
4.362927767508490958e-04
5.261001782702742421e-04
2.033226885413747973e-04
-1.093524084540468906e-04
2.599303383624812220e-04
-7.712991479695987618e-05
-1.105305407546635765e-03
2.075249991671723672e-04
4.233441385159029350e-04
-3.039881735700817258e-05
4.974985798676475777e-04
1.249224604064062176e-03
7.737320161070720677e-05
-5.692625880195085450e-06
-1.496851385615037512e-03
-8.764858454570560167e-04
2.332720030603774655e-03
-1.385367135873002498e-03
-1.227012697432774708e-03
2.663234945006937070e-04
8.072077016699545594e-04
3.654695411791415325e-04
-4.755584129010266320e-04
6.828395871659621993e-04
-8.961570819100503219e-04
-2.257038931854891267e-03
-2.238796006402506925e-03
-1.791972474694053345e-03
-9.622399396096576992e-04
-9.975543436102287005e-04
-8.184306390576904556e-05
6.170399314282849768e-04
2.844238011803719478e-04
-1.352374947829221730e-04
1.457628160691845772e-04
3.679726236583594321e-04
3.114625286568731949e-04
8.858016358880796848e-04
7.256486516457346216e-04
-1.859647416384991453e-04
1.026356525748095203e-03
1.069265842235911021e-03
-3.822544235057665375e-04
-6.742363748158945085e-04
1.943669294553708655e-04
3.887885615136313532e-06
2.343942896567635463e-04
3.661961783188627160e-04
-2.110351305412221136e-05
1.049239030709602953e-04
-1.103019211744405651e-03
-4.946560706227981930e-04
-7.428319642279006523e-04
-1.111053139356797670e-03
8.143744603982762311e-04
5.534115385450159462e-04
7.306221579913749729e-04
-8.630890272895587858e-04
4.936429746655018186e-04
4.525757655282892743e-05
-9.072760922651383923e-04
6.400147081859665224e-04
5.204748314416611163e-04
2.034256645759411567e-03
1.048333889651662703e-03
-2.718103643870955176e-04
-3.652298337462426821e-04
2.541278673235528637e-04
2.425255201103979194e-04
-3.391366947784030229e-04
5.354287862474226478e-04
7.445625874934691741e-04
1.228286424911899594e-03
4.820584295918730320e-04
1.343843538280147399e-03
1.363147408293456870e-03
-7.951591218751891208e-04
1.420560778440966817e-03
-2.419506694788465129e-03
2.450947659560128063e-03
-8.686689089976269912e-05
-6.679619694867569438e-04
-1.202130898301660337e-04
2.535507085178377259e-04
-5.897944492240982800e-04
-7.978313868858313536e-04
2.617612624135967798e-03
-2.837997632424264088e-03
1.205382046197600284e-03
2.842682837772950426e-03
5.835069167913789040e-05
1.090146955539500560e-03
8.368859104280829608e-04
9.709093336372797475e-04
1.203098503148186194e-03
-2.348866853241440844e-03
-1.776301330489385519e-03
-3.298868051646853400e-03
4.381110538763039082e-03
6.427684904237428989e-04
-1.514463375618825070e-03
7.398069810325614724e-04
1.090493477218696305e-03
-9.245434766851010067e-04
1.111543328281200393e-03
