3.284851603606282018e-04
1.861829976131187557e-04
1.182954470700011695e-06
-5.561920023136163974e-05
-4.972085916431561798e-05
-1.068974907641089336e-04
-2.011067007257497184e-04
4.005947407789327904e-05
9.487948727515517293e-05
-6.297180686621518960e-05
1.707029113270874224e-04
3.525624246068192720e-04
9.894524836493146479e-04
-7.742962658760291477e-04
6.085688175810056956e-04
-1.084867346387649459e-03
-4.366690928420837283e-04
-1.330143158935306099e-03
8.104463390068186420e-04
-5.371480296354207325e-04
-4.562789299655366503e-05
1.151711431482717969e-03
6.012981769379682935e-04
1.755631294870621311e-03
-1.824823383199710401e-03
-2.806879663386941705e-03
1.562855449742324475e-03
-1.559424273339942921e-03
8.023333089326908614e-04
-5.483588544329710823e-04
-5.925225534226005557e-04
3.616720835531064934e-04
-1.415847595120037097e-04
2.866309084779299944e-04
-1.240180203346409171e-03
1.897471992495838302e-04
1.564519227483768097e-04
1.220024116200709319e-03
-1.230059159405773664e-03
-8.636075341677143611e-04
1.385493584639939336e-03
-7.248839902532954382e-04
-1.724699170607121856e-03
2.477329524450472970e-03
-3.797219615983214014e-05
8.890407154938346568e-04
-2.628974053919562893e-03
6.696039245882496639e-04
2.198135136623260381e-03
2.474754718157698690e-04
-4.077777643971883508e-04
-1.446311723110013745e-03
-1.634392983501252363e-04
4.843118662746919724e-04
5.534453162028939036e-04
-1.876240288308619105e-04
-2.090750556546043786e-04
-6.293432905575039281e-04
-1.108128720040079751e-03
8.102925456631537675e-04
9.204333216440767308e-04
-1.288380548172217682e-03
-1.536446202447559707e-03
7.843100776493436375e-04
-3.943326655084771620e-04
3.513518740189582133e-03
3.210406847998266942e-03
6.261261851407023179e-04
-7.280121165456706787e-04
-2.843207811681425570e-04
2.502236438591715919e-04
2.826131628029038344e-04
7.788190068342579165e-04
-9.969864036653305981e-04
-2.669245873271326557e-04
1.353213047625546981e-03
1.893619793150755446e-04
-8.847509926206281738e-04
4.990768937562963924e-04
-3.827697243290716913e-04
-4.730532783034288851e-04
-1.642306610825480697e-04
-2.556656299784770174e-04
2.616782623944963193e-04
2.582984770075387329e-04
-4.763511103361365965e-05
-1.909761029983039055e-04
-6.330125899046511043e-05
7.533792822856581577e-04
4.529028173164187897e-04
3.339504268275475486e-04
-1.579304731305970251e-05
-6.670983331897977755e-04
1.714379863255180371e-04
5.660752871741449007e-04
-1.623370350401247145e-03
-1.548861465767365116e-03
-3.545591772752014676e-04
-7.269509851862282490e-04
4.565038351686882519e-04
-7.246297676431433504e-04
-8.551799104270839478e-04
1.998351158883766929e-06
4.671995940236810035e-04
-1.584351754853092098e-04
-3.704463162560625404e-04
5.427325154824420985e-05
4.391266024117243690e-04
-3.359828385608126626e-04
-6.845004817983493675e-04
4.345957427976201472e-05
5.484881016301199530e-05
-2.504841039477926842e-04
1.044040415791463962e-03
2.105733059868302413e-03
2.658881495451175946e-04
-1.974261976836719310e-03
1.149671823112437697e-03
2.435729556869822474e-04
8.655177345531575583e-04
1.031901388991801009e-03
9.410923324887454471e-04
4.018408381040143996e-04
1.278443718280134790e-04
7.711829046999826300e-05
1.909887780987805654e-04
-6.110105146604272782e-05
-4.830026427397876706e-05
2.006212370720441543e-04
-3.691830175734533048e-04
2.669783611508416178e-04
4.201450086646170618e-04
8.382119297443681389e-05
2.455543331543185727e-04
6.570948090719913636e-04
-5.334834609928148456e-04
7.051032447491125798e-04
3.130764626506893610e-05
1.538081018347689207e-03
5.767326451825129313e-04
1.551180724227587066e-03
-4.245494635496971391e-04
5.094899141604516696e-04
-6.252009479686287431e-04
2.697314926490567452e-04
6.691834696217566908e-04
6.742791581217992504e-04
-2.896705143751033391e-04
-5.308743652867145861e-04
1.384140908623099245e-04
-1.666828880033331662e-04
3.469141843177343397e-04
6.447623557719167056e-04
-1.506540374958817636e-04
5.240116986736939944e-04
-8.049061172548487150e-04
2.130708987282604232e-04
1.799652925629277112e-03
2.072130075491575979e-04
8.635921283967814286e-04
2.232730193328566742e-03
-4.702779382815330599e-05
-5.099307226759101810e-05
2.020643668810792907e-04
-4.902035297617890518e-04
-2.441992286490743489e-04
-1.587787425368183990e-04
4.689257977731258538e-04
3.978870519609997735e-04
-5.493051764955679233e-06
-1.677328506456051153e-04
-9.078759045285663505e-05
7.554735923484238872e-04
1.143397217688566815e-04
-8.911594712853642330e-04
-6.824021450907310181e-04
-7.736283690372642349e-05
1.013560824217091434e-03
-1.019968849724017280e-03
6.897641106646012262e-04
5.902997818432625162e-04
1.821687164150188887e-03
-4.255126677006040230e-04
1.202184508640332782e-03
3.379609208895383954e-05
-1.313954792488061926e-03
-1.587935987937876643e-03
-2.098038207324787749e-04
-3.037735199529295821e-04
5.666171211465539969e-04
1.629319035847103935e-04
2.906916428665091436e-04
-5.941204931320628099e-04
1.121947290275963731e-03
5.022001470175631180e-04
2.128740549862948093e-04
-1.066102092598625794e-03
-1.318207660751031639e-03
2.635195681219672150e-03
1.812386695878789953e-03
-2.121214466322663111e-04
-1.049058206674036674e-03
3.492782539452119308e-04
3.318981551875029436e-04
5.244903679792313294e-05
3.776921786988622414e-04
-8.755900545451916707e-05
3.793212019663293579e-04
-1.488279995778030737e-04
3.680915537480820799e-04
5.670974921488668952e-06
2.751596961794863187e-04
3.529990750850510233e-04
-2.347019958516542606e-04
-6.426677215991610445e-04
-5.537936565352987979e-04
-1.910224075025100090e-04
-3.707876007754777863e-04
6.256636737015955308e-04
-1.310794912161002764e-04
-9.561421146190801179e-05
-4.583261505686383975e-04
1.784507904157909454e-05
-1.119032496399070864e-05
1.424612126447715729e-05
4.613489263324556085e-05
-7.942764719517123127e-05
5.747048566658388442e-04
-4.606819200263109976e-04
9.398738972754226413e-05
-3.079442909724533169e-04
-6.176291997799120332e-05
-7.091388574037074937e-04
-7.137952245181376212e-04
1.147504733240572354e-03
5.056843280542041956e-04
3.618100248041242564e-04
9.968557669997916848e-06
3.266055345069471066e-04
-2.898606791541563274e-04
-3.979124571755171644e-04
1.667214353963586881e-04
-2.469751179093547240e-04
-5.589096239366591863e-04
-3.508643141238007492e-04
2.138495517159338420e-05
-1.258892555333298072e-04
-1.828568245767428361e-04
3.828477154417216153e-04
-2.865475842763684229e-05
4.404668328545165477e-05
5.671158422569518801e-04
1.218436890382162193e-04
7.874131687131114248e-05
-1.325797035657279408e-04
-1.580914911992426452e-04
5.035790862137028987e-07
-2.115694768078814196e-04
-8.340771413991248480e-05
-5.085014138012467020e-04
2.816307914429129955e-04
-2.317393748211976374e-04
3.737441133574682874e-04
-4.557813791642431264e-04
8.993327507974651887e-04
1.367088285399236064e-04
2.685080956381105340e-04
-7.940983167178869689e-04
-7.408918016732308695e-04
1.585650199862332331e-04
8.799219802542253190e-04
5.260631553608654566e-04
9.007122242199249807e-05
7.205297951697358554e-04
-1.573969461337193531e-04
-6.934712469568072733e-05
-8.726874836805017122e-04
-1.914237598923931231e-04
-9.265077789846934257e-05
7.624918409512165558e-05
2.059309887403469770e-04
1.780658099174216595e-04
1.739983553312643818e-04
-9.911537418739204113e-04
-4.980874528603987340e-04
-1.972254035627636203e-04
-1.430981190326370501e-04
-1.031557699287709556e-03
1.744658717828272360e-03
-5.602962170832092139e-04
6.487530796139338949e-04
-1.525828325135710579e-03
-4.344905326165029807e-04
-2.019905133869854229e-03
8.540092784678525928e-04
3.525399830301188071e-04
1.145389593063413395e-03
-4.164866616114689898e-04
1.284758349660492625e-05
-1.214474580954209490e-04
1.076226483471999095e-04
-1.788833935860346827e-04
-7.280160717185092277e-04
9.931809111184820675e-04
-5.255827537211607038e-04
6.299391579084414640e-04
-2.135733551035457942e-04
-2.998466921516818994e-03
3.443192372593221768e-03
-4.554007809303926282e-04
3.193921089609265927e-04
-1.828326725661358820e-03
-7.905401435203431287e-04
-3.724992504882224348e-04
2.270037472399831144e-04
2.427486796977911746e-04
-1.124787449046410655e-04
-8.620566846591025661e-04
3.129853155087973645e-04
-8.658118219853661610e-05
2.185565974341280066e-04
5.193973401376065580e-04
1.319622072353135098e-03
-7.933497217036050231e-04
1.155801577486154520e-03
1.854849150509704954e-03
7.306341792281301380e-04
2.380827108855964707e-05
3.639651408875032180e-04
1.410487722215586593e-05
3.308938157531067384e-04
9.801028880713573671e-05
8.734108312030404529e-04
2.330898474188483540e-04
2.865263812222198624e-04
-1.063931601739042196e-04
1.063134747238870047e-05
1.119958972819675401e-03
9.980104354259590905e-04
-3.388420170205811311e-04
1.241611024307234714e-03
1.150838362433806873e-03
