2.365396273437101626e-05
1.185180380025582867e-04
1.269333241364738727e-04
-1.086509788228480088e-04
1.230616763960535806e-04
7.459625718360141664e-05
3.626079749030397862e-04
-1.736778863327274381e-04
-2.603914243507512148e-04
1.834602208089593689e-04
-1.628256252836765214e-04
-2.050839207850709436e-06
2.409717618762622271e-04
-1.301099989439077876e-04
4.252368597095146840e-05
3.847925484792620468e-05
-1.381719524569732415e-05
3.048733559845523758e-04
5.812912505989043140e-04
-5.114997164861401961e-05
3.847515947676498067e-04
3.468890738040866133e-04
1.325952206161982667e-05
4.063711783186863577e-04
1.301769764452277559e-04
6.527997320531391315e-05
-1.127793376582419147e-04
-1.754383656653445579e-04
-1.176779683851761842e-05
2.282928668806484302e-04
1.809122153785355683e-04
-2.015902884044316835e-04
-1.935040374585401718e-04
3.882447903603472019e-04
-1.857515763520328354e-04
-1.962865949069313859e-04
2.703146112371916264e-04
8.920754002958968931e-04
6.731913359600343819e-05
1.436777854075409113e-04
6.356336884937656114e-04
-2.271719416001655113e-04
6.083043827755879682e-04
6.584631392822016312e-05
-3.392037887689235468e-04
1.940704176092194393e-04
1.569039103413541502e-04
-5.930453174369299571e-05
1.109199974655356236e-04
-2.646467323141460235e-05
1.241979015713198147e-04
4.264830838421052039e-04
1.214041833112053316e-04
-1.291910283376215359e-05
-2.158789964169098065e-04
4.424315836280987501e-05
-1.234649721395686016e-04
-3.274392454349241274e-04
-1.488158625885216922e-04
4.344988550918603420e-04
2.612398699383846587e-05
2.095217228571476492e-04
6.835485142894508377e-04
-3.482915800041875036e-04
2.546380456717521981e-04
-1.990214200312007565e-04
-4.231876191340268691e-04
9.217622526317572175e-04
9.760462496423142524e-04
9.047807155782813023e-04
2.309942586657060600e-04
4.209471128198320560e-04
2.490704086794370245e-04
6.089300032234597334e-04
2.767718214294579110e-04
1.032829028539890314e-04
-2.549883231927055138e-05
-2.405141233930838585e-04
-1.063622467696627780e-04
-1.092039543404920126e-04
8.054058658441193069e-04
1.465942216824207378e-04
3.709571031796955200e-04
-9.008147395794664607e-04
-2.532023590155159441e-04
7.013044751054450365e-04
8.737093158557232694e-05
6.312742810969773199e-04
4.070064494197965835e-04
-1.485840154312645768e-03
3.006881831621095757e-04
-1.223721932213532918e-04
9.490627112538921285e-04
9.590417315293590017e-05
-2.346302074766788985e-04
6.094241526216340925e-04
5.476935189183076589e-04
2.027062955668300511e-04
-3.917275339511912301e-04
-7.203155661761142560e-04
8.164140251080434995e-05
4.650828186007973535e-04
-2.988096736062680731e-04
3.646112043821689947e-04
-8.791992125860071978e-05
1.967066692642824451e-04
-1.597272748607516692e-05
1.096787642340758600e-03
5.556341092217701371e-04
-7.539938149778287147e-04
-4.293298634765126717e-04
-5.259218880905818091e-04
5.743696562028931599e-04
-1.407905036098662565e-03
1.616578504284762032e-04
-1.125287703608178870e-03
2.106698723437793234e-04
-2.240030238974789425e-05
-6.793931294984596227e-04
2.105032919135206592e-04
1.180780114886356919e-03
3.599993173065946348e-04
3.605364967983790245e-04
-8.565053856256588192e-04
-6.300433565245227934e-05
-1.093461831851724140e-04
2.296763230389655330e-04
1.078958681508748068e-04
-2.175276149777893614e-04
3.023218460083079451e-05
6.211750206534015842e-04
-2.863435385165549022e-05
7.302780914253681748e-05
-1.499111046773093231e-03
8.723518610575413997e-04
-1.046092098902456956e-03
-1.114287109920041215e-03
-4.310882830173128630e-04
3.284576477174472667e-04
-1.590853397882260054e-03
-7.335511383278304565e-04
1.759847903494008272e-03
4.185311285192769618e-04
-7.818570258672550123e-04
-5.598709753974097104e-05
6.012449475242098284e-04
-1.776085135597955716e-04
-2.871373262342411447e-04
-3.801017870915057804e-04
5.848784179476198110e-04
-2.105819518049792285e-04
-3.898010394309201756e-04
-7.619637280329232768e-04
6.678324767065639111e-04
1.768358631262147574e-04
1.090118867239100358e-03
-7.579270623225892916e-04
2.153849241962262941e-03
-6.839035368139707990e-04
-1.405857550069686138e-03
-3.667008596431694427e-04
3.675854067713385347e-04
-7.464822714786873217e-04
4.728559563852366291e-04
-5.890625928669145301e-04
-1.429006304717585446e-04
3.938487944421755925e-04
7.086388558051375181e-04
3.731634704027668469e-04
-4.333988696822119202e-04
-8.241834091656536493e-04
9.418823024929263293e-04
1.077853533714158950e-03
-4.682704314137636683e-04
-1.138791391141850354e-03
-1.468907417342167751e-03
1.065942254801784117e-03
-1.310842408341530941e-03
-7.962990173557397706e-04
-1.277959759653637690e-03
4.319442445704705616e-04
2.913808417195410099e-04
7.855927706044497135e-04
5.000388523673472349e-04
3.919162840552701025e-04
-1.834109047609137661e-04
4.406721278535784985e-04
4.679533933113924578e-05
2.165651927551776480e-04
3.225647357497477176e-05
3.287290204971101565e-05
4.424273711198400570e-04
-1.624083190252991003e-03
7.922736962630550460e-04
-2.725067239347286202e-04
4.371760554775385279e-04
-9.891042558443396190e-04
-1.004668012060739787e-03
-1.436017590634730079e-03
-4.573919305776524510e-04
1.219788467586089501e-03
4.648112901337862236e-04
5.042415314648328621e-04
1.519955587287445697e-04
-1.380240844082130294e-06
3.871696652247633825e-04
-1.052429042737437818e-04
-1.365454460690422979e-03
-5.554239329076228818e-04
-1.323394619593341973e-05
2.343177102130864203e-04
-1.247312335315342103e-03
-1.307946999459813023e-03
-1.581094059126697418e-04
2.029481569941944685e-05
3.964887352552488994e-04
-8.464659327067912712e-04
-3.338410324662303649e-04
4.059687802501839478e-04
2.798472006635737623e-04
-6.566099084503757444e-04
1.313530940289803087e-04
6.596435618727089631e-04
9.991532603756952274e-05
6.246102375790874234e-04
-8.190611410007800320e-05
-4.395492471150804897e-05
8.085522773124554762e-04
-1.062069178676082080e-03
-1.015051625187919334e-03
-5.419499119226773567e-04
-5.520301456878997986e-04
1.321105136623374225e-03
-1.785220579571059887e-03
5.208316327496171618e-04
8.655356381503432912e-04
2.781873508800662654e-04
-5.765491604122217938e-04
4.284224621763850797e-04
-1.464330540179564939e-03
-7.155128897563270635e-04
1.281943583602088111e-03
8.056468777460613039e-04
-4.129479978318624815e-04
-1.102752059289640501e-03
-2.974336325287602143e-04
9.165250603187561317e-04
-1.399699190064247940e-04
1.797987028742808950e-05
-2.615355360587048265e-04
1.433269276574418528e-05
-1.709380978971677847e-04
1.482176241005637844e-04
-1.572333038868539712e-04
-3.807314283857570814e-04
3.201565075900676227e-04
-2.466762851628958274e-04
1.045795248681772194e-03
1.229897554761220663e-03
9.161280344963397527e-05
-5.311257112746783915e-04
-4.599553986028642131e-04
5.310281015910826722e-04
-6.300342337078121283e-04
1.093938314666744079e-03
9.180513183577365720e-04
4.088636865889548307e-04
2.652968458561766590e-03
8.738085676484477846e-04
7.570446815409728660e-04
2.333075200390395242e-03
-1.788703310095165035e-03
-9.853528834216714223e-04
-7.049216795673444091e-04
-4.992603858531964676e-04
1.276895787753815200e-03
-7.574795163473573706e-04
8.781313159008797675e-04
-2.430120690404596255e-05
8.871898211085809012e-04
5.761505469756972569e-04
-7.083167613214473579e-04
-2.044608499847383378e-03
-1.305701240753225989e-03
3.733524064910936219e-03
1.805278165127619048e-03
-7.886428500179316816e-04
-3.140078493894517438e-03
-3.375753802229523263e-03
-6.595712310225960637e-05
-2.290706404423813007e-03
-2.645165628492256171e-03
-3.352633184610539466e-04
2.547933616832043398e-04
-8.103355876272333577e-04
-1.133563622366390604e-03
-5.844193610415181640e-04
7.425827115437081630e-04
1.882748431963394043e-04
-3.427862234270663794e-04
3.091438950810969193e-04
-7.986231127422419886e-05
6.362540410937846222e-05
1.534642784112726479e-03
-2.094616086106245497e-03
1.034258324388780516e-03
-3.318683309330464027e-04
2.725582998837476102e-04
2.322961786919914336e-03
-1.755403299205346695e-03
-1.127102797267497732e-03
1.972193729704737296e-03
-5.212255274008058731e-05
-4.466366817630281231e-04
3.583342192554987140e-05
2.180641360048193667e-06
5.592982318370874617e-04
-7.049118041935851110e-04
8.345696574228837761e-04
-1.298745764603039710e-05
7.439426344165165131e-05
4.998820308041529523e-04
-7.499872707845346882e-04
4.629824673568338090e-04
-1.478173963675356254e-03
-6.600855859595857909e-04
3.983417049203370817e-04
-5.026640725551310626e-04
2.206832166753540652e-04
-8.113190212163629922e-04
2.563799721132255217e-04
7.666581526391711907e-04
8.468775870275342243e-04
-1.729201328567888751e-04
8.116853274601761948e-04
2.699023818250681234e-04
-4.194106572967996687e-04
-1.136226172125002999e-03
-1.725294758238531036e-03
7.165549958304972709e-04
2.068917478550597999e-03
3.700885087592486761e-03
