2.202461404438129159e-04
-2.158376098299289123e-05
-1.247195093226763699e-04
1.307583533104198989e-04
2.561168060361531046e-04
-1.595113168515109147e-04
7.753781320634860712e-06
-5.493991714450885432e-05
-1.735773023880560911e-04
-4.587965277738624174e-05
1.409191995400995692e-04
1.912211243923477044e-04
-2.278207062521722204e-04
7.397909033230637736e-05
-3.519176640425035458e-05
9.505631752000716670e-06
-4.664859660652413567e-04
1.346750084850642482e-05
3.372684942294536920e-04
2.768101880136072338e-04
-7.231424302333869713e-04
-6.357891562692968672e-04
-2.445676909334585096e-04
2.181189674860653841e-04
-1.748339533919872086e-04
1.296740073771048191e-04
-2.147602444919496998e-04
-4.821227919431241189e-04
1.298182835317290970e-03
-9.492788308643868543e-04
-1.154894914442379733e-03
2.557880435013647723e-03
1.662179807881132663e-04
-2.793494775179326101e-04
-1.698368586197708822e-04
4.313611818926005965e-04
3.535941491392360523e-04
3.776236599728609745e-04
-6.506194260466357550e-04
-5.491347170862462219e-05
-2.188526572099498978e-05
-2.446462936901356352e-04
-9.849701531976307392e-04
1.159599287940322717e-03
-8.008518590771388466e-04
7.705179868238220620e-04
-1.208345030773932439e-03
6.689844843709177955e-04
-2.667924447529430071e-05
-1.011232203020511925e-04
-4.157916866366627743e-04
9.914907682962109756e-04
1.160890031441330178e-04
-7.905425838332019251e-04
-4.978508655438288827e-05
6.479984831356280740e-04
3.653634900090916302e-04
4.786533673620946283e-04
-9.159258149948694937e-04
3.848074393694029790e-04
-1.160784862395178047e-03
6.476075791912533840e-05
6.739315395309954104e-04
2.453231000320617717e-04
2.295925569751835647e-04
1.016312780810062991e-03
1.102721903900646933e-04
-3.116509809683593989e-04
-3.313556002741477997e-04
1.567380971564035169e-04
-2.507095367605044261e-04
8.352459169638029601e-05
3.413927932788625615e-04
-9.497303928595538913e-05
3.824875123027842187e-04
1.510301108746888474e-04
1.529442955189834073e-04
-1.303905527163792604e-03
-5.976347629395225300e-04
6.330176987302169565e-04
8.362221479041281175e-05
1.639025665195135013e-05
-1.813375912461659607e-04
-1.241207687110334101e-04
4.242835565728807229e-05
-7.993692220749449369e-05
-2.052977017293519365e-04
-2.861694205122485208e-04
1.202497970465486688e-04
-4.818758714493554706e-05
-2.333504442197059756e-04
-2.261993283604991716e-04
1.402063604322626713e-03
1.089263527359474485e-03
-8.050381641038661289e-04
4.368477969333410689e-04
6.664127438920001523e-05
-2.668409537890150665e-04
1.799529588927265477e-04
1.718840271742236151e-04
-2.503447541815971111e-04
-3.300604622208578556e-04
1.720964215603592662e-04
-2.719722461231319569e-04
-1.596367506723409934e-04
1.698560080386711502e-04
-1.736758572920774762e-04
5.387796659484213801e-04
4.111635714341823418e-04
-8.351839540863328091e-04
-6.110365474980778214e-04
-3.343980774726677319e-04
2.269728907181013081e-04
-6.207710204865152584e-04
-6.371324534602262348e-05
-2.663209958351385784e-05
-2.414451637430009459e-04
3.719332652572092824e-04
-1.359110216650396424e-04
1.307001618424903969e-04
4.972722171809555031e-04
3.443084302639395867e-04
1.447768672245642934e-03
-2.229920515490288295e-03
-1.895153085773228262e-03
7.510994295266091312e-04
4.472424580815783507e-04
6.214874486811246919e-04
1.025384039255082536e-03
-5.342420588426231420e-04
1.494873279646769314e-05
4.392761560739076501e-04
-4.254007696845212363e-04
-9.282827707143331743e-04
4.671674145156016915e-06
1.268959101738971256e-03
9.007679481371198317e-04
-7.647338624053238824e-04
-1.186883490680098237e-03
-1.040624112220272113e-03
2.474879615985161024e-04
2.843760478489806669e-04
-3.280129193821557229e-04
7.434881471199940241e-05
1.100856289491135807e-03
-4.288809787110978156e-04
5.273920554501348215e-05
4.490319297654015145e-04
-3.061477685535077492e-05
-5.212756007901798386e-04
-1.675441615033666093e-04
-4.348736291462549047e-04
1.596240014639884863e-03
-9.696384195483489588e-04
-6.889044611610088513e-04
-1.662079682122747292e-03
4.246866912594771961e-04
-2.261943908056635768e-05
-8.816878469865274941e-04
4.701418036285830962e-04
3.078799149570376494e-04
5.972862207866071367e-04
-6.372917553307133479e-04
1.137348579409935660e-03
7.551815501251296463e-04
-1.304211082846492631e-04
-7.889414100154110892e-04
5.084970393635711121e-04
1.409670079462907683e-04
-2.697735994218340618e-04
-3.560222025736724098e-04
1.861068230304860859e-04
-9.631627903427833980e-05
1.240414004166258585e-05
-9.265538789969200815e-05
3.058371222874721874e-04
1.452619272656997882e-04
-3.150039313907883397e-05
5.496186792646730280e-04
-8.487761897459726026e-04
-3.821114978352121018e-04
6.136776512775174571e-04
2.117550199100742348e-05
-1.786901287327182365e-04
-3.988351721678419937e-04
-9.401829572458581734e-05
1.404648128919224511e-04
3.822949378214679809e-04
2.227849353645665756e-07
1.194457398114380281e-04
-1.554947660146081617e-04
1.005190388918413306e-04
9.801468956944585614e-05
3.486116483511015663e-04
-4.608328095175338933e-04
-1.076969269442389565e-04
-6.024540012475898022e-04
-1.173217859801983624e-04
-7.508920696047919480e-04
-9.092969379019996928e-05
3.352744272317804866e-04
-1.113015543484276865e-04
-1.425839343394372542e-03
2.180959505307175986e-03
3.045422992159763087e-04
7.954674310453183680e-04
1.732130591043323136e-03
-1.369125319625380316e-03
-4.991505183211454068e-04
-9.898238877147106859e-04
-1.731374602465304141e-03
-8.903182492164960415e-04
2.007286549787226648e-03
-3.336718090299730603e-03
-3.043257281490598359e-03
-1.958081690790622158e-03
2.828156043283373486e-03
2.004333879601908307e-03
-1.158869285242078743e-03
2.321374821167100210e-03
5.044232920431509929e-04
-1.279992012823411799e-03
1.903059639788568229e-04
1.410618371811273161e-04
1.053964105598953092e-03
-6.056323739177721160e-04
1.409517905052881811e-04
-1.362393049130430564e-03
2.216872652146048041e-03
2.947341974833081468e-03
-2.275584564766120355e-03
5.303878070046642683e-04
2.128077591067575013e-03
2.012112022716696508e-03
-4.363672693903397929e-04
-7.386982516021541306e-04
1.277566229138165201e-03
5.855235755554525929e-04
-3.529429072675823744e-05
-5.553378697257240967e-04
-7.425940720009107255e-04
-6.603516829994071332e-04
2.599119866584621115e-04
-1.313284094075499410e-03
3.644911950310941837e-04
-3.044462168002284776e-04
1.471664493008660937e-03
-2.240820180667257009e-04
-6.960790572944466946e-04
-2.457439299878058823e-06
-3.661577741901145071e-04
1.241129284079261954e-03
-1.484419199833640431e-05
3.382651924470394525e-04
-7.689519005876778142e-04
1.882174037995994881e-04
-2.227588258949694496e-04
1.291163744489377059e-04
-5.924938726672292037e-04
-9.739207453015696729e-04
-5.314067009447663147e-04
-4.587663725204070911e-04
-2.554558858969360226e-04
2.418061718802848618e-04
-4.793238237998915618e-04
2.725782949574940487e-05
4.471462307272043688e-04
8.925499763388853583e-04
-6.049728058367017909e-04
-1.054592084024605445e-03
-9.136363329529959085e-04
1.071491755120430097e-03
-2.091273620523915447e-04
5.785536158169752013e-04
-4.834929358338361767e-04
5.107991858233088206e-04
4.989600319871218340e-04
-2.553931630768666713e-06
-8.788422640007604203e-05
-3.272310948807847998e-04
2.552110425667970177e-04
5.301017556115998185e-04
-2.976159411917177590e-04
-1.025893471735493927e-04
3.315111510534355928e-04
-8.165416831846102844e-04
2.884622583037257568e-04
9.777914143204486806e-05
5.315484637611531376e-04
-2.129846143705187796e-04
2.466373351070585474e-04
4.305742424436713412e-04
-2.301641056451426536e-03
-4.784864629523284630e-04
-8.035800839416143209e-04
3.822419528677426241e-04
8.522631240182703934e-04
3.126111502601268432e-04
-9.103810094811886581e-04
1.087755284894777836e-03
-7.228098108984434020e-05
-6.946484642172225988e-05
1.136890554363676484e-03
6.861691713607304382e-04
-1.787581328906781260e-03
3.527044009525006664e-03
-1.791949533913064297e-03
1.609206557315478233e-03
1.999152349810654535e-03
8.831076893331556068e-04
-4.723077753205641416e-04
1.966752955326745225e-03
2.184109884261379393e-04
2.918125205920577068e-04
-3.733199904555568665e-04
6.349371324700961135e-04
-4.113881407197756746e-04
2.936925870903144800e-04
1.116852722514213815e-03
8.602826660236808417e-04
-6.697637882821940543e-04
-3.265343887382392589e-04
3.707049258579910435e-04
4.115137201609642169e-06
1.059668247192195037e-03
-1.548731221856751038e-04
-5.352270126076595896e-04
5.672248512389693569e-04
-1.328755826961253638e-04
5.378256847904060427e-04
8.559416389284355865e-04
-1.050538978723887474e-03
4.441155237985912785e-04
1.429578094832387473e-04
3.518330212790226697e-04
6.842612317822338412e-04
5.041782435403946482e-04
5.563402056210330071e-04
1.291972619273851555e-03
-2.982944559108152856e-04
-5.097518683961965507e-04
-2.501092733114276893e-05
