6.683228726901260885e-06
-2.863797694456455623e-04
-1.589321592103905604e-04
9.470519739345722012e-05
-1.957480512126374939e-04
1.940987100417910398e-04
-9.256169494776203966e-05
-3.016350415079533461e-04
-1.630197521913847865e-04
4.860057270108023280e-04
4.939467237600430851e-05
1.029637817335944796e-04
-2.276352163555411877e-04
2.635620956720495555e-04
-1.869638646377310472e-04
4.298878208028666459e-04
-1.961124491947908153e-04
6.120353242205946035e-05
5.471684284136352997e-04
-6.202973099467732308e-04
2.255837837534116290e-04
-6.618247072491609132e-04
4.134944059060342977e-04
2.415701656930215654e-04
-3.307423484275570148e-04
5.148173815392830107e-04
1.257318603089624626e-04
1.634495699509964190e-04
-2.382620792484297755e-04
8.727790466521450038e-06
-4.733692526171323590e-04
3.151189095435197383e-04
-3.291145554566033814e-04
1.203320519242083133e-04
6.610921573536530623e-04
-5.702322803859159262e-04
1.501765840471928990e-04
-4.374309751107696275e-05
9.613671263829459985e-06
-8.322076074708987479e-06
4.429734642410645246e-04
-4.405517747258467522e-04
-1.230877012809749801e-03
1.835413626780236910e-04
-9.562705454648466347e-04
8.808228098299866705e-04
3.894967503099242977e-04
-5.244120117077576268e-04
9.213833975793245896e-05
-1.920562332518781722e-04
3.104487163084623130e-04
-3.320012985414581510e-05
-7.749603339856752640e-04
-9.016718759571871501e-04
9.643061776656609982e-04
2.723614587005114833e-04
1.633331531858092092e-03
-5.221166869020045552e-04
-1.240793203753191582e-04
6.914131469171951950e-04
1.070062417149175542e-03
1.590150633377319383e-05
-4.285680002776956119e-04
7.615709251872903197e-04
1.106863379374794197e-03
-1.189461523091648964e-04
-8.426523629075388135e-04
-5.950514418927403681e-04
-2.116318471651530177e-03
2.325829495708869583e-04
-1.034901283406866948e-03
-6.735772863427588221e-04
-5.818288083851326509e-04
4.543168102794465312e-04
1.008592010972060495e-03
-1.146354929195113250e-03
-1.566177627660653680e-03
1.248902316900499200e-03
-4.597227354055430219e-04
3.079558795006728127e-04
9.006877475690116359e-04
2.898245487112350812e-04
-4.371829387109817653e-04
2.133242259778598030e-04
9.181611332041066196e-04
1.447025728823073457e-04
8.676378544149226978e-04
4.400344886144099549e-04
4.847442888564813698e-05
-6.024558449609211143e-04
-1.053890946682743489e-04
-1.782594972303040248e-04
1.644444273007882257e-03
2.645392003192712903e-03
-1.926339667180862480e-04
4.960212004852886081e-05
5.635875831605431261e-04
-5.855409652498250097e-04
-1.709629350368139611e-04
9.276237651910341575e-04
9.350253364412758534e-05
5.742946253919964774e-04
-1.966847853295964135e-03
-2.126469035454499768e-03
8.207008029042524690e-04
2.045417872850288036e-03
1.890118359547733476e-03
-1.013459238647740433e-03
-2.041120640636284256e-04
-1.837316598146693496e-03
-3.400591105269260223e-04
4.952180712097394542e-04
6.167525583835758475e-04
-2.969453368582950122e-03
7.791846797583800767e-05
-5.953400516067592057e-04
2.294786320224158870e-03
-7.619679466935763462e-05
1.143967032403919249e-03
1.649818177778817057e-04
-1.345010117400786411e-04
-1.858308357014011212e-04
2.043382531243361150e-04
-8.747111015135731427e-06
-2.950864551668376653e-04
6.780630402463899502e-05
2.723163811276024389e-05
-5.147426333558560415e-04
3.529185914240023534e-04
-6.000323645282457140e-04
-4.734247173064361040e-04
-2.377552156590773233e-04
4.526392525075005461e-04
9.774088038740060479e-06
-3.514068204599868047e-04
2.724041846577228312e-04
-1.488333230397710834e-04
-1.220633055755936157e-03
6.171758058934993666e-04
-3.291601873298094874e-04
-9.415124814259995777e-04
2.380640945767879393e-05
-4.080326078046559699e-05
-6.458580476772636894e-05
2.578013420366736088e-04
5.460550356509586822e-04
3.116172441169243559e-04
1.517321320853511372e-04
4.812954051633165989e-04
-6.781653585299211341e-04
-1.016314551940560897e-03
-7.970331531860243551e-04
-2.809367322376084058e-04
-4.818321642291461962e-04
7.062895903071929110e-04
1.861838689747709135e-04
7.286500863226080902e-04
-9.181911086956144174e-04
9.999096777711701314e-04
-4.690373945290192653e-05
-5.440375646206356552e-04
-6.136203339855785834e-05
-3.956543781149206166e-04
-9.288152560374192022e-05
4.137934053786263651e-04
4.355648793357122560e-04
-3.605076293571846222e-04
-2.996058774996351379e-05
-1.770902941106262615e-04
5.502428048953674194e-04
9.508451542026662010e-05
-3.433895781774983251e-04
9.446311852074124244e-05
3.737454406366126267e-04
-2.453210566544174361e-05
-1.622381200677925012e-05
1.690253591756199665e-04
1.423638075139520981e-03
-9.888820860683878323e-04
9.719393208552049056e-05
1.693873855610850002e-03
-6.145170573454800068e-04
-9.407923278749841624e-05
9.514336537162044419e-05
4.569778347145743826e-04
-3.187590842597653453e-04
3.746064992961434226e-04
2.734387632969886915e-04
4.344559333249624138e-05
-3.630680594549398057e-04
2.574539713775509764e-04
-7.292984929595343812e-04
-4.968230686123671679e-04
2.966025132397227251e-04
6.968247445130127315e-04
1.037729795749355391e-04
-5.851446885528338972e-04
6.608603193689833381e-05
3.565702451309452287e-04
1.047453830675588267e-03
-1.013481559133520187e-03
7.027342391694111614e-04
-5.083354655983276377e-04
-2.271331080937607984e-04
-3.756187639422935197e-05
-2.284010679043426144e-04
-2.708349597906689415e-04
-2.647923350845960314e-05
2.356713007828176122e-04
2.569168657192823853e-04
-4.215300874615924773e-04
-3.228460741454826735e-04
2.443350754940097364e-04
-8.575454953120611448e-04
7.560706995785044637e-04
2.367058617092170612e-04
4.220764450282127561e-04
-1.166164582435075888e-04
2.471790166957682890e-04
-3.684656316155049372e-05
1.299960457540841764e-04
1.618576108665104369e-05
6.816546415600687045e-04
1.250285287454947067e-03
-9.846757966795629917e-04
-4.969977313566811611e-04
-1.218573040079134838e-04
-1.073354182224224964e-03
1.054708980078156774e-03
-2.948219986549890145e-04
6.741053227902533323e-05
-1.113530710785868910e-03
-6.192554832838825644e-05
-5.730006184205372688e-04
-1.585999161791186180e-04
-5.949257573852768368e-04
5.585984236489988780e-05
-1.874552385204249823e-04
-1.227246175869583795e-04
2.922564344772840810e-04
2.619391566544729635e-04
-2.036397089767479215e-04
3.630406632375794067e-04
-4.507622707255774862e-04
-1.425577307318593671e-03
-5.872509296327820937e-04
-4.590993532613866043e-05
-2.022324010337047501e-04
1.426562975957437946e-04
-4.819684295967740316e-07
-2.248589760106535645e-05
-8.799557358887238320e-06
-1.035823160829315095e-03
3.509256236041392797e-05
-3.750946190623457893e-04
6.228663691235573723e-04
-5.203984316276059853e-04
3.199786233845444564e-04
6.701620140532957163e-05
-3.363445514740039176e-04
-1.201087863415735381e-03
-7.399156202663739138e-04
-7.686024056586308840e-04
-1.899782557870750225e-04
-3.574634727441362934e-04
-8.711657161481610890e-04
9.229484883676768517e-04
-5.479797594510904275e-04
5.480243655380585182e-04
9.073365402090513348e-04
-1.782440756744867606e-04
-5.124624402217142392e-05
2.503569513133128738e-04
2.468943771565018826e-04
1.275337793532313241e-04
-2.159500398796632831e-04
-3.913178154448012768e-04
5.814362687070989515e-04
3.173537952394213878e-04
-1.080441293017813699e-03
2.958366548453241298e-04
6.525107277164255565e-04
4.283424736275811238e-04
1.433017207838907731e-04
3.133525807391856675e-04
-2.968977079987396186e-04
5.847654761185571261e-04
4.545524182878088438e-04
-4.547344460766219163e-04
-3.485400962979672067e-04
-1.102913408057379515e-04
1.792153463979317257e-04
1.056902432701963641e-03
8.336377710640708021e-04
4.181850407853091121e-04
8.678309430120867299e-05
-1.095297610714905581e-03
9.235853809538549291e-04
-1.752452905148137044e-03
1.958816532197112711e-03
-2.426634935947845698e-03
-2.284875331861823625e-03
3.653439011872966773e-04
2.224739872501488042e-03
-7.660518901757399930e-04
1.818115575712368108e-03
3.012791276839026436e-03
-7.766896634480494315e-04
1.893885696011822061e-03
9.312624590244175183e-04
-7.685871947918035017e-05
3.179066487487192897e-03
-6.554985202785363089e-05
-4.038657728397235832e-04
1.129817537325570825e-05
-3.897066771567629260e-04
-7.972671581903490801e-05
-6.529889024602844160e-04
6.204572259837431514e-04
3.631636046578079870e-04
-5.053596187473356326e-04
2.064258735855644723e-04
6.196632457619912762e-04
-2.967038381893668674e-04
1.755147524741025188e-04
-5.592125087812125934e-04
-1.386475377674858858e-04
1.036150415338427068e-03
-1.879274820696365689e-03
-2.248947651966286352e-03
1.681066525615115825e-03
2.699080100865371146e-03
2.237225540954340588e-03
3.044427552281281195e-03
1.848474921712974298e-03
-1.506975593321212932e-03
-1.428591293387390226e-03
-4.580081493679847605e-04
6.079333940482937321e-04
2.803097260644267074e-03
-8.481257665627309639e-04
1.652976051293340897e-03
