-3.678544420643896362e-02
2.728503422847461737e-02
-9.368646516342157837e-03
-3.895857284118370290e-02
5.465256933401650002e-02
-5.248260922081912638e-02
2.978216112749152225e-02
8.203907674904088732e-02
-3.411129522101746803e-02
-3.778338742531709739e-03
-2.603293475014163694e-02
2.854768863293532730e-02
-1.619514497375631416e-03
4.164153120251592316e-02
6.339680142744093250e-02
3.738519582623853893e-02
-4.298898675235061223e-02
3.064725232697369101e-02
3.478421808625665329e-02
3.550486590724615671e-02
4.144647435383888578e-02
3.654931028707356783e-02
1.082375808900836768e-02
-6.589437053232291563e-02
5.605102103437138716e-02
-2.281459787577991283e-02
-7.859388411564192933e-02
5.338597023694012511e-03
-5.318086439486228306e-02
5.919652720783451227e-02
1.097674042074265645e-02
7.562613183237042180e-02
-2.625069098883399139e-03
-2.822300591759781610e-02
