-7.248712648662075653e-02
-2.787114637977282719e-02
7.144557041886172299e-02
-2.927934801364393338e-02
2.798706140674250484e-02
3.491868918464294258e-02
3.788680024826347054e-02
-7.048772951064259662e-02
-4.823062458229935429e-02
6.515712403247304885e-02
-7.805627828902181320e-02
6.423534154164632085e-07
3.258977075191212686e-02
2.042388203632812017e-03
-7.214676176955028483e-03
4.392189399577467457e-02
-1.795840170175920514e-02
-1.216196115028747235e-02
8.594779770931666035e-03
2.165181029099115181e-02
6.861782520527955065e-02
-5.400174945421836077e-03
6.045704460775668324e-03
-5.481717856770106090e-02
-5.601679819741999661e-02
6.828224505376090381e-02
2.222211217538174084e-03
-6.145001136480950088e-02
-3.525112439721309748e-02
-3.402152992387040553e-02
1.361880905385653984e-02
-2.565839836350622405e-02
-1.195563093817607510e-02
-5.126678138603421586e-02
