-3.071837987678717116e-02
4.031989026217526473e-02
6.165310345523338648e-02
6.264938547869552954e-02
-2.423566289478156291e-02
4.468670618633989455e-02
9.940518827529283997e-04
9.922569834542800324e-03
-2.991628549770716794e-02
2.393430277888698374e-03
5.931735331960698299e-02
1.189069890979378014e-02
3.523772767184057270e-02
-4.243405096859587805e-02
5.789171862755354558e-02
4.313983798794680802e-02
2.825031372779617661e-02
2.374703488334982404e-02
5.630958984390805472e-02
-8.055317706372886605e-03
-4.302420152145518262e-02
-7.107691355615275430e-02
7.685794659645531213e-02
-6.068589111713849210e-02
-2.042263021175444795e-02
-2.633610903246039539e-02
-6.891186603441203096e-02
-6.803311190764267484e-03
-2.220197664079978997e-02
-1.488878168576714643e-02
2.704606616402037769e-02
5.150708490544744778e-02
3.966200094979518975e-02
6.353649889046171506e-02
