5.999231958241933033e-02
-8.494449075022217355e-02
-3.038141766627147026e-03
-6.797893872140677030e-02
-4.375312061894658100e-02
3.713131353402270712e-02
4.351181406290693943e-02
-2.798977210307273047e-02
-5.891971223455885059e-02
2.948968008703788460e-02
1.410392439427076566e-02
6.913371350176480967e-02
-4.961750032338681227e-02
4.068010277151509584e-03
2.764523568308027354e-02
5.838152106085263936e-03
1.660300453058840067e-02
8.482572304279482889e-02
-2.464049202385659720e-03
-7.018162711992161074e-03
-6.884474962533040920e-03
8.658883905126882330e-03
4.950129436278555284e-02
-6.450152999850090885e-02
2.185355417972611319e-02
-2.549222858996314303e-02
5.387362090778819584e-02
5.428291579002300637e-02
-5.510462265660329845e-02
4.013546333176788716e-02
9.998702305349873795e-03
-5.837451422533347298e-03
4.448884501363245536e-02
2.218463227055736744e-02
