7.292846990491186863e-03
2.976562558987060417e-02
6.724474394631567431e-02
-3.384513393661754688e-02
7.415903732601589193e-02
4.724891839083161620e-03
2.614357666940323593e-02
7.844803375852850424e-02
-8.466296333129643553e-03
2.101848497830148543e-02
-6.264800493480301991e-02
6.020593820162176320e-03
-4.342492090110323943e-02
-4.475900436306276542e-02
-9.160350032889251698e-05
-5.407195045424614127e-02
1.157634607709645373e-02
6.936239241055652816e-02
6.746979580475627458e-02
-3.021734192987575451e-02
-2.421404747749806782e-02
2.171540271973795497e-02
-6.822476744203241628e-02
-8.486088869795327047e-03
5.606957306531273541e-03
6.152237214003326848e-02
5.414422425271295247e-02
2.157726791047998027e-02
4.371992072865765050e-02
7.257007496488179776e-02
1.114779866247223722e-02
3.614074562437915444e-02
-1.015869027194809919e-02
-1.125340559529502439e-02
