-2.433902563539006719e-02
2.207882355648740913e-02
-7.201914640333760553e-02
6.318403472259150055e-02
-3.713042512561629590e-03
3.676443907041351475e-03
-4.491061981979028311e-02
-9.815181166948652031e-03
-7.358988915452895074e-02
2.378294641283243069e-03
3.577636838443894185e-02
1.220646462434680536e-02
6.995782290868360516e-03
-4.451049665765775126e-02
3.938815435413566685e-02
3.807874579012058419e-02
1.040590616519645496e-02
1.938848308662270356e-02
-2.043409096459581145e-02
-4.066951565898018622e-03
6.235539640147694240e-02
-7.334307720295349386e-02
7.935685199998039618e-02
2.774151077667846854e-03
-6.483492369397791943e-02
-3.560914896905713334e-02
4.091765433335413371e-02
-6.440640339906360257e-02
-3.666309025635047097e-02
1.057993921716935369e-02
-6.655354981058732994e-03
7.587079832408767655e-02
-4.493215026575205634e-02
3.403430697083893730e-02
