-4.548244829809879736e-02
-7.275506545935184199e-02
6.823219683840522909e-02
-6.050950641803266167e-02
-2.607966499765916255e-02
3.747474657012390877e-03
-4.145588958675259367e-02
8.726868852751583686e-05
4.224730344356137507e-02
-3.120227481326708074e-02
-1.535473478819414372e-02
6.650059224991840268e-02
4.571571634327917938e-02
-2.482801542998281166e-02
-1.921625659261220337e-02
-1.518985302298365807e-02
1.947687411880026295e-02
5.371803326401115852e-02
-6.735228949155561140e-02
-2.069486062109662794e-02
2.967586600462158650e-02
-3.436650364421401510e-02
5.167893037606196421e-02
-2.070978857804177311e-03
5.830458107389090844e-02
-6.494145606363929679e-02
-4.728763118150021427e-02
-1.979947090340735891e-02
-4.430159276236121137e-03
-3.671306288927082134e-02
4.139522736063684649e-02
2.380248237406847392e-03
5.409335141559503540e-02
6.679301056562583772e-02
