-5.707187673228243663e-02
-4.774867311325783903e-02
3.323965657360580805e-02
5.112061720418353133e-02
3.440283574625450230e-02
1.444218813984105183e-02
4.743531359669693470e-02
-3.453598281281623078e-02
5.152372671699920192e-02
-4.141508046701251194e-02
-4.301501421189836416e-02
8.876103975970816087e-03
-1.477487815028298394e-02
7.582839115915955552e-02
-6.714706848133553119e-02
4.581811556299249244e-02
-8.670430937109664627e-04
3.201000798341888803e-02
8.556022143552683562e-03
-6.763797005751352731e-02
6.148979888137576233e-02
-1.651316592669006128e-02
-1.150199091937121471e-02
5.448955942967551730e-02
-6.785155084130391201e-02
6.351401864827289911e-02
-2.334274032372423650e-03
3.302978929153628507e-02
2.007583847216176318e-02
-5.784728086895772614e-02
-5.053824815004233362e-02
2.486829398787561082e-02
5.712375712755806204e-03
4.130653689114429337e-03
