-1.620868858132104952e-04
6.289600226126046412e-02
1.858632908912525097e-02
4.002376834826647939e-02
-7.473498419891742330e-03
2.079245460859692127e-02
4.524113418366437073e-02
-2.921775347743441748e-02
-4.238238388590202799e-02
4.328177406029599245e-02
-6.262250490853316087e-02
-4.047068150724589947e-02
5.548364227115995528e-02
-2.589522132464869633e-02
1.918643282391112488e-03
-3.077519612731706086e-02
5.453132873792697344e-02
-2.148695886118626511e-02
-5.736561254518000863e-02
-2.870568921311207611e-02
2.976371268051347316e-02
-5.100022424843617119e-02
-6.769266631251125155e-02
5.178914385377499097e-02
-1.142170005493983904e-02
-8.626388963974374741e-03
-6.321362319232132210e-02
-5.916494817667364292e-02
-5.411259847760551550e-02
6.042080101806658610e-02
-5.114452657862040424e-02
3.322297474579843229e-02
-4.715524602145852034e-02
2.746739892534904789e-02
