-5.405527526034933222e-02
9.468455121850441816e-03
2.618119968174616521e-02
5.951877617952827659e-02
-2.413306976057079042e-02
5.643819345276623878e-02
-5.000428226101868295e-02
-6.047265498251967741e-02
6.785172325590264897e-02
2.237648640036802444e-02
-3.422280023438521723e-02
-4.437160852480904333e-02
-4.672570663575221356e-02
1.841384516412479175e-02
4.466850510456461115e-02
-5.030463658511044600e-02
-6.200581513309889187e-02
-3.823776989504820180e-03
2.567462208346553074e-02
5.977213046333915147e-02
-1.347203283972569186e-02
1.276705644982063965e-02
-1.928006319884821573e-02
-6.271576116809675361e-02
3.073742003887888763e-02
-2.366076015355087284e-02
-7.420386625886073173e-02
3.053636080893293130e-03
5.060437915408260573e-02
3.382067623328296330e-02
5.314025038939886730e-02
2.471128299720369223e-02
1.472929300373091235e-02
-5.408873304674513549e-02
