4.368488501792665291e-02
4.611528342226413335e-02
-4.255053570208141428e-02
-5.373073427381439005e-02
-5.776215224022873684e-02
1.000199189017162912e-02
3.321224301005670787e-02
-2.561492315068964951e-02
7.118082645973268507e-02
-2.867208940277988366e-02
1.581323041670629984e-03
-2.375639634546578005e-02
3.056729609703890890e-02
2.189731645915288238e-02
5.663981934816439412e-02
-6.723646216538795017e-02
6.834272796865419053e-02
-1.659212679334046148e-02
1.257931609654069742e-02
-4.040087240389414469e-02
-6.200582427726078136e-03
-1.018387071662949124e-02
-4.980766498061595798e-02
7.185873416661715286e-03
1.045998436380222996e-02
-5.188720581927661057e-02
6.057839115017104453e-02
7.326937663058878669e-02
1.984218373349242413e-03
-1.690617328846253861e-02
-3.304451292991511524e-02
-6.175323014831642088e-02
6.813753043265431686e-02
4.341252420638734566e-02
