5.859581638965102868e-02
1.837354319401266964e-02
2.691386351673264593e-02
1.954341596068298256e-02
-3.178141417408767051e-03
-7.458943261742924380e-02
4.842987896338629694e-02
6.571902737571715634e-03
-3.596630002338090798e-02
-1.631273450884797305e-02
-5.023661831889028595e-02
-1.783543235259693258e-02
4.883097700009583070e-02
-2.872411867306111366e-02
-4.056884285414614350e-02
-7.143554382601893793e-02
-2.613669046519104602e-02
-5.182075521868666212e-02
5.955846221014361730e-02
-1.338417197935111262e-02
-4.276881666348991001e-02
-3.801094862812598799e-03
-2.251996660521035035e-03
-2.481910595702184127e-02
8.774310267544614683e-02
-4.840002122521552819e-02
2.415377119406858161e-02
2.396551776052582849e-02
2.341483840783107478e-02
-5.097426033456677053e-02
5.680381333303340802e-02
-7.122529087823981087e-02
-4.938117372295647289e-02
2.562915606337445862e-02
