3.603971598787720360e-02
3.946389470662332866e-02
-4.300719357445632191e-02
2.350029190176981808e-02
-1.011112418955560296e-02
1.798569941848897694e-02
2.538330486948083692e-02
4.122305987186217907e-02
3.241905389196080012e-02
-6.007820721585331591e-02
2.907946384211703480e-03
-3.529472446483415682e-02
-4.973393090297977687e-02
6.031912127659792844e-02
-4.062801464756167491e-02
-2.777854406643471760e-02
-2.829440552092820846e-02
-4.877223127962618948e-02
-4.311596789490224763e-02
-8.617906471641757771e-02
-6.155016117099263578e-02
-4.482943474140097667e-02
-2.068465940442800258e-02
2.819991889619879316e-02
5.445827246141802386e-02
3.515130694097593628e-02
9.359597447121769179e-03
-5.841169151950435789e-02
4.857406617719094849e-02
-5.201982925859087448e-02
5.827269777922540472e-02
4.747434640217133156e-02
2.047783933888141367e-02
-4.125842287504539324e-02
