5.175293200875178551e-02
-4.640909682754326693e-02
2.173272497953760221e-02
-3.228352951321647457e-02
-2.905784133263089250e-02
-8.435737682937529888e-03
-5.469517496443072890e-02
3.751133425341929978e-02
-1.279928238063255416e-04
-1.107773994072272679e-02
-5.776894575643945484e-02
5.348728057088163700e-03
2.226043350833359358e-02
4.769613552856833555e-02
-2.707662752893318786e-02
4.013248048487701169e-02
-9.608162357133268657e-04
2.913727459031863892e-02
8.871068028730052374e-03
-1.718051587305751901e-02
1.000570387811034433e-02
5.589850270060729709e-02
6.097480655239366498e-02
7.704976834496228555e-02
-8.377008597811907986e-02
8.291806179542056399e-02
-4.432257457744232659e-02
5.809215482069854906e-03
7.952327807258964890e-03
4.293396770044205502e-02
7.765559361511974179e-02
-1.594223020112668296e-02
-5.856707822019772275e-02
-2.491797090681014890e-02
