7.367559708643779161e-03
2.146677896852310346e-03
6.420445409472839982e-02
6.236081472829055339e-02
3.946279237916661825e-02
-3.326822943961360579e-02
8.471104116378302962e-03
-3.727787134045956394e-03
6.507093266340905312e-03
-6.846808428244463562e-02
-8.371401645627673388e-03
-4.802009878539533622e-02
6.119725712321781586e-02
5.821276416169916812e-02
-2.450288412614771982e-02
-2.173623851241395649e-02
-6.083365850142660042e-02
7.067663954733967302e-02
-4.461154699386670613e-02
-3.601862892263160698e-02
-7.503586869549870586e-02
-6.215296426715657269e-02
1.330820935006781988e-02
-1.136227227719224895e-04
-1.976932993365461324e-03
1.710959254327573328e-02
4.430612305528981026e-02
-6.695768400230382202e-03
-2.884814414309852179e-02
-5.292466439671454637e-02
-5.001132330672327514e-02
4.342991939960412495e-02
6.177497426685478465e-02
2.392144044456219129e-02
