-2.354129841158836625e-02
6.374964295898369326e-02
1.449694179851974962e-02
-8.952347955682730951e-02
3.180290564596957407e-03
-6.909613054460833625e-02
6.605755698032449164e-03
-8.028981284454474177e-02
-2.686849980391341555e-02
-5.713676825557956890e-02
6.380294424192643754e-02
3.723434047531827551e-02
2.788659540211296459e-02
-2.816814707503207879e-03
5.710752869154906569e-02
-1.715465450259493277e-02
2.097549573348841609e-02
2.913652130001934126e-02
-3.661836212637300039e-03
-4.673453759866141172e-02
7.624263287266871969e-02
2.863525510441022881e-02
-3.616597684650767197e-02
1.844191790499169828e-02
-3.817390942382500180e-02
-2.434740111105374808e-03
4.505686771483118080e-02
3.377398579072263957e-02
1.037882691135841307e-02
-4.154207167477775436e-02
2.678429976864546251e-03
-4.089490892724044480e-02
4.823989547607460820e-02
-4.854150718333418574e-02
