-5.370954418880007769e-02
-1.111510541984525591e-02
2.226125447897272895e-03
3.420589682319481739e-02
-4.770961044426623616e-03
-6.359443124004862669e-02
-3.681197556188387648e-02
4.047059694497187610e-02
6.273313082881090685e-02
-3.756052306281207342e-02
1.859593985171368452e-02
-6.409167981384986112e-02
-3.407524501625772140e-02
2.121515916504367050e-02
-5.573160065090978360e-02
8.916727462523576890e-04
1.294228200618230407e-02
3.117443489379437618e-02
-2.352314463015179810e-02
-5.137376985400799595e-02
-2.294972110125789028e-02
-5.821494798989650110e-02
-4.449961383032400436e-02
-7.905775037277713857e-02
-6.646481188642605620e-02
4.244355983133395877e-02
1.859641630353273470e-02
2.437498317820849941e-02
-6.883775803515136682e-02
-1.623857708325493129e-03
-7.009187427789455305e-02
1.076110777405177819e-02
-1.423376551849555270e-02
-5.594130286758238618e-02
