-5.916824041534646944e-02
5.502570242333785361e-02
-9.668647439540380487e-03
4.096839907218575300e-02
-8.650754617525169277e-02
1.213478044782152852e-03
5.051235167984673841e-02
5.982393779580903737e-02
-5.231761485670791134e-02
6.305222110130254826e-03
-8.665761339157848631e-03
-8.041226207404994497e-02
-6.367652528516634658e-02
-5.314616410399411808e-03
-1.547854510845198157e-02
-6.740683440506202440e-02
3.047481299989330899e-04
2.785868216216140416e-03
1.844364740197944330e-02
-3.411845505415772584e-02
9.632004353827456483e-03
-5.944841998596343824e-02
-7.863965015873712605e-02
-3.603558368983724586e-02
-5.244887760490935663e-02
3.615597659057059876e-02
-6.260001630588492294e-03
3.791070884276624697e-02
1.561119969730749395e-02
-2.514115284471130085e-02
2.320433354280793808e-02
-4.355071867725494178e-02
3.041314165997636987e-02
2.738898294365146435e-03
