3.163323770881010244e-02
3.440102699696637178e-02
4.297225216705752998e-02
2.420038728147454535e-02
-4.836437288331138507e-02
3.235748683758570693e-02
2.883008144251509447e-02
-1.735430823159266056e-02
-6.589060725690409903e-02
4.533638863889267318e-02
6.896039193077729834e-02
2.354230618985105744e-02
4.388697238501629988e-02
3.762720913848051352e-02
6.529374764388522212e-02
6.813035571744406604e-02
-5.126878442062735887e-03
-2.449316640406024037e-02
-4.158289634890058317e-02
3.445620731746110166e-02
-2.021899596497181775e-02
6.788169886846846801e-02
-6.122479154971108978e-02
-6.047297788912268067e-03
1.351203330109209712e-02
3.231765262894713275e-02
-6.051948312177056477e-02
4.324659550748734260e-02
1.864819757146463780e-02
-2.708376439413501952e-02
-1.637812011523785347e-02
6.216693096998744672e-02
4.952944141166983061e-02
5.137988873193133355e-02
