-4.987915021711920166e-02
6.064673384427045344e-02
-2.770417711675083119e-02
2.310629028312973302e-02
-3.044137600855151629e-02
-3.247852753325609215e-02
8.123512148734697569e-03
5.898327914544130440e-02
-5.647412229090345570e-02
-7.594808292664521725e-03
-4.292361058924813039e-02
-2.405780749055731402e-02
-1.117902835394559216e-02
-2.649473984910040783e-02
-3.079251168207056827e-02
-5.621743384097968588e-02
-1.417283118777694145e-03
6.570393909815136491e-02
-4.917040183327917036e-02
1.817662887498755139e-02
5.344176113086417101e-02
6.294344888646914715e-02
-2.333227312148983615e-02
-2.170087313698968942e-02
-5.657234962639118986e-02
-3.174433245551321059e-02
-5.881254129157006960e-02
6.808203221015103612e-02
-5.752666584316591669e-02
-1.843673864933381311e-03
-4.633248881716132278e-02
-5.333199142091874650e-02
-5.722078159161687189e-02
-1.103743430246274630e-02
