4.991681652497723110e-02
3.868564703319704590e-02
3.260646161869857479e-02
-7.870927275715229599e-02
1.124471237912015760e-02
-3.697804884675099518e-02
-3.986977028872710702e-03
1.745502061051600745e-02
3.306641749524528995e-02
6.740508338706326097e-02
8.243340572694374258e-02
3.263316978088101616e-02
-8.206624984471158277e-03
3.952939484567322831e-02
-3.588267724940678166e-02
6.990800877058696294e-02
-1.667106204072525688e-02
-1.271070571426718802e-02
3.085897231811934871e-02
-2.724839114756886452e-03
-4.109378249252933213e-02
7.262929195349002165e-02
8.954372725141744593e-02
3.397067634031349787e-02
2.657584198308652473e-02
-3.134431115583765498e-02
2.649429756585519255e-02
3.131342864118185059e-03
-5.694868607202615424e-02
-5.860189637928544387e-02
3.827588084522538098e-03
1.222403184981906039e-02
-1.899175288920186902e-02
3.161940437569383394e-02
