-7.509524196492661785e-02
1.179080350291647310e-02
7.284532917883261571e-02
-1.411810668312085681e-02
4.007044634989068155e-02
3.525681984397253943e-02
-3.124601902929135741e-02
2.228088693518442964e-02
4.885656116633620843e-02
5.323251567565493586e-02
-2.990842874266056231e-02
3.303730720552980338e-02
1.152131695738087616e-02
5.132725509273068643e-02
-1.059742128598579504e-02
4.780521604537499303e-02
-4.102961023663976615e-03
5.925774905728139336e-02
3.491051764658637414e-03
2.842203949756635234e-02
-6.489364767064913220e-02
-9.835408920294348017e-03
2.195558709613015108e-02
2.009420337646012494e-02
-6.241783973043015660e-02
4.634713631720241422e-02
-5.159221293631877092e-02
1.914725372233380555e-03
-6.276477192783498638e-02
-8.793119973708271586e-02
6.499480770867506474e-02
4.600376058004881051e-03
-6.332569908160186507e-03
-1.773527037114296101e-02
