2.330428083036998124e-02
-8.452391525942095502e-03
-8.669857896989627277e-02
4.346959641740819058e-02
-3.914551437660917371e-02
-6.147157190480335293e-02
4.163736694722362450e-03
2.007102721258316805e-02
-1.326024211102880615e-02
-4.654451694017693736e-02
6.520997327021148260e-02
1.198401852399818071e-02
4.283898818847842876e-02
1.857082561517549649e-02
-4.645097024320924556e-02
2.695115399253893498e-03
6.584288878396336864e-02
-6.872897534582989021e-02
3.812702133553473594e-02
1.759973250244020564e-03
-6.901244882922284718e-02
-9.530019444871907358e-03
5.353213042466792998e-02
5.734229033123140057e-02
-5.392379155346727765e-02
-1.885636136360805890e-02
-9.908778272195174416e-03
6.500854087946449089e-02
2.604287068690952153e-02
-2.998046649241597680e-02
-5.798606387771193527e-02
-1.652578153067946545e-02
-3.451559289067660657e-02
-1.225239451718659889e-02
