-5.342317394534602804e-02
1.116162089579183364e-02
-3.883138062736007229e-02
-2.338897763393315080e-02
6.232880381772244044e-02
-4.945441545087658763e-02
2.029365295805499181e-02
4.927547948115683189e-03
-2.384878274165427164e-02
-1.965161512014384701e-02
4.569284999277135884e-02
-6.042971652546827444e-02
-3.388359101779350735e-02
2.288057443086281492e-02
-8.321999721169072006e-04
-7.107325294550065342e-02
3.873352004502306906e-02
-2.481311808144359699e-02
-5.151093621331304800e-02
2.004313614915062200e-02
-5.912638495106578573e-02
6.076552614705648184e-03
-6.448974401714187288e-02
5.808219266108938933e-02
-9.311862054849847498e-03
-2.663483043270477996e-02
-6.605186556452039004e-02
2.854337714654968730e-02
4.913548360764759260e-02
-1.944551702413178929e-02
4.823500960338501786e-02
6.633668607898680902e-02
4.372789685085586714e-02
6.032950215353474060e-02
