-3.409071771466535682e-03
-7.092873783122967055e-03
5.364883106502873339e-02
-3.236993894782213416e-02
-6.087035830765510913e-02
3.190959216519253377e-02
7.689052478118141298e-02
-4.308895783368234256e-02
-5.566431889749544164e-03
-1.271882345749747846e-03
-4.332760583364201473e-02
-4.556133020572237027e-03
6.785103501336579856e-02
-3.772084615578388811e-02
-1.850899276191574766e-02
4.285124165155997783e-02
1.479742190977822568e-03
9.543855063556431345e-03
4.057260493219354974e-02
-3.292773338181202020e-02
5.238024013015851743e-02
-1.942398911213335036e-02
5.721213653396801935e-02
-8.753903810992939849e-02
8.210744933483232408e-03
8.238834521145589618e-02
6.981073537690035691e-02
-1.386416717355027847e-02
-3.578748484866472318e-02
6.032464109106353695e-02
3.313986979115893239e-02
2.701578527632541443e-02
1.702113338121027247e-02
6.645908232505741073e-03
