-8.701162061143632998e-02
-8.597838666074099356e-02
-8.505594737246846559e-02
-8.439049965319869728e-02
-8.341320349187199279e-02
-8.270802232972608581e-02
-8.178801785882987285e-02
-8.117400074972086488e-02
-8.046591540983384638e-02
-7.984039716916657703e-02
-7.938594314351850312e-02
-7.909311546329365894e-02
-7.818967703620563481e-02
-7.804949121287005354e-02
-7.725926831475292411e-02
-7.637495998160843957e-02
-7.600920492185736510e-02
-7.521386922245806850e-02
-7.494429345843628409e-02
-7.398715542114990551e-02
-7.349663377568579903e-02
-7.263228969604161589e-02
-7.250835043860826001e-02
-7.201481908713089353e-02
-7.161355026409157998e-02
-7.142705093045854936e-02
-7.073723717209734474e-02
-7.027319001544855837e-02
-6.995095422658560713e-02
-6.954560079380692206e-02
-6.894829063863711083e-02
-6.873442639390103803e-02
-6.765943340826832686e-02
-6.730243293312035413e-02
-6.686372682218888475e-02
-6.668420115009894567e-02
-6.619381602935534015e-02
-6.585055391580400819e-02
-6.524629508299660541e-02
-6.487948113829489216e-02
-6.449242238552314876e-02
-6.415661291458174542e-02
-6.358228649095276630e-02
-6.330709849792845456e-02
-6.312318055004545458e-02
-6.282544593635994157e-02
-6.213357287171426824e-02
-6.167384680783956352e-02
-6.123167810558861890e-02
-6.100373426204970528e-02
-6.056538094980438297e-02
-6.040585525376267195e-02
-5.945870673333123607e-02
-5.937872452439507676e-02
-5.914910051438294208e-02
-5.887577546522316380e-02
-5.861652981252948175e-02
-5.827200424689980146e-02
-5.784588194528181987e-02
-5.738734011111285005e-02
-5.697847610076885866e-02
-5.668286928276664721e-02
-5.650566707467838401e-02
-5.608253812355730450e-02
-5.596762970129419423e-02
-5.532033346973672105e-02
-5.492222787224150526e-02
-5.472397016572662365e-02
-5.451341173563279546e-02
-5.391746457428805289e-02
-5.347790543947623237e-02
-5.330896351896213109e-02
-5.294910173499481343e-02
-5.276478176244006613e-02
-5.222177145125916908e-02
-5.191125934715010160e-02
-5.170482572962447482e-02
-5.139462976655707893e-02
-5.123559054462143575e-02
-5.075604699896633931e-02
-5.050182273000109606e-02
-5.020755670341121857e-02
-5.019004226244379308e-02
-4.966479416262687546e-02
-4.928742631289470544e-02
-4.886745403731042325e-02
-4.857321933706493233e-02
-4.839252871272953227e-02
-4.788023731936019711e-02
-4.766467459663030481e-02
-4.721335423933609166e-02
-4.700384121886614502e-02
-4.646569556717116550e-02
-4.635129009137284317e-02
-4.611989432590433979e-02
-4.580123806662395741e-02
-4.534837596002112836e-02
-4.496260779703132454e-02
-4.457817666745453322e-02
-4.412562068831762940e-02
-4.376581322957220910e-02
-4.338851509737121775e-02
-4.295719003118338153e-02
-4.294324634518996431e-02
-4.248160232960606492e-02
-4.219037253884332789e-02
-4.189325181912104124e-02
-4.172572080918447723e-02
-4.142055712020746572e-02
-4.111864436215027091e-02
-4.092892887587221834e-02
-4.048045979282785534e-02
-4.038543536065099249e-02
-4.030653042400976493e-02
-3.944216301356410354e-02
-3.921095979676373494e-02
-3.896026815157097034e-02
-3.861352329209610801e-02
-3.853120843949527780e-02
-3.817829396062850933e-02
-3.800863408395501603e-02
-3.794158631216633382e-02
-3.747604244245483079e-02
-3.704775407640054086e-02
-3.676564594950606363e-02
-3.639236727061944537e-02
-3.618786378856223007e-02
-3.583494231956024789e-02
-3.574442240319081893e-02
-3.554534348680495753e-02
-3.503184432669790432e-02
-3.471140191594506569e-02
-3.448246052974496267e-02
-3.430655885763821827e-02
-3.388233691986092255e-02
-3.339399476110715970e-02
-3.321039516966759614e-02
-3.271782653093640442e-02
-3.241514489988587405e-02
-3.224937710496943166e-02
-3.185348765617220662e-02
-3.170212010964432170e-02
-3.129146272096911680e-02
-3.120306404559822916e-02
-3.099217074569958139e-02
-3.065089187292101627e-02
-3.050046621280842057e-02
-2.988576481046176583e-02
-2.983918442397650098e-02
-2.968750094364578165e-02
-2.906296424870856779e-02
-2.890347717045313458e-02
-2.871235007050384688e-02
-2.820460702040236689e-02
-2.797405625437523677e-02
-2.768332669519341441e-02
-2.729975914098762418e-02
-2.679354063875120581e-02
-2.650175006844916747e-02
-2.640469631948445112e-02
-2.635587113719224314e-02
-2.607514106171694018e-02
-2.591627831111470090e-02
-2.555923354357286098e-02
-2.519846817579552561e-02
-2.476665537042905749e-02
-2.471633905024524236e-02
-2.430284724608336097e-02
-2.426479240170006241e-02
-2.381968549598343157e-02
-2.372682328668757751e-02
-2.345699687338003575e-02
-2.269899194072704657e-02
-2.251189427570940427e-02
-2.230214291468190710e-02
-2.217134829418394154e-02
-2.197219253351227058e-02
-2.193022261651082772e-02
-2.158395373537630793e-02
-2.112026576641515274e-02
-2.108271399777831775e-02
-2.062774723816830288e-02
-2.030884963438048252e-02
-1.990108339457781830e-02
-1.966190838265827884e-02
-1.941927518806101094e-02
-1.923509441295996603e-02
-1.917111875882666905e-02
-1.887070789707030044e-02
-1.829303955663342043e-02
-1.779109387281175084e-02
-1.771435021553659575e-02
-1.713208082146284311e-02
-1.703505397492564508e-02
-1.659535645232154341e-02
-1.644256582642178097e-02
-1.618224640045896195e-02
-1.604185959357420921e-02
-1.585645186173053126e-02
-1.571705185267125229e-02
-1.519578585448025723e-02
-1.480413372817157916e-02
-1.468626767517923482e-02
-1.427108387390482215e-02
-1.418815026033148907e-02
-1.406812999686741887e-02
-1.381262361588272806e-02
-1.333093387233431383e-02
-1.301998933487891891e-02
-1.290554093917012195e-02
-1.251714795575886718e-02
-1.201073102042611931e-02
-1.174127209070557377e-02
-1.132502482770564138e-02
-1.118231139776377364e-02
-1.096295654914380448e-02
-1.070819490008391613e-02
-1.065411706274861821e-02
-1.054944166886629883e-02
-1.015990477771703572e-02
-9.736699601551598166e-03
-9.318632003672753378e-03
-9.048071208156847206e-03
-8.804220702681848226e-03
-8.479203656130146136e-03
-8.273338120091983106e-03
-7.702769804321666497e-03
-7.346543507788924274e-03
-7.297682139353654264e-03
-7.066433975757666075e-03
-6.971251740434499661e-03
-6.534452444034036592e-03
-6.383228293596777438e-03
-6.192221085070049452e-03
-5.725745236735626728e-03
-5.440851008626250776e-03
-5.304892487950084272e-03
-5.147906144624660174e-03
-4.770984082821440493e-03
-4.607403638584759223e-03
-4.231878107333763954e-03
-3.739012684249223145e-03
-3.591136308895885847e-03
-3.160851332734360142e-03
-2.998680990287909930e-03
-2.667773494994277357e-03
-2.477282694433616435e-03
-2.276241971547767612e-03
-1.955668561872237355e-03
-1.588348832611962943e-03
-1.409913688135763267e-03
-1.067976400317340903e-03
-1.018044440703836555e-03
-7.857628067091821647e-04
-2.837842050697915301e-04
-5.400144518382114962e-05
7.214283517504006219e-05
5.860394494990512661e-04
6.362259094689745511e-04
6.874235055297746658e-04
1.122926383348138608e-03
1.408087599432757912e-03
1.594335440828674672e-03
1.825075077767696584e-03
2.531376917476107352e-03
2.746442376664690304e-03
2.880022316733035943e-03
3.008708661590886371e-03
3.137844791473261806e-03
3.491286087822036231e-03
3.621237362162241843e-03
4.040236269750649770e-03
4.282466137079676133e-03
4.853265566304333124e-03
4.990935291426144664e-03
5.081134380744952231e-03
5.298325893367353615e-03
5.379314022352347027e-03
5.911704366756954931e-03
6.051500324629341225e-03
6.147934306986128222e-03
6.290724549641163454e-03
6.748528727410696947e-03
6.884985108969745270e-03
6.928198272248400902e-03
7.701568413519095484e-03
8.044929647067220260e-03
8.612755571168549673e-03
8.945196679491694558e-03
9.277420313531199031e-03
9.464988851616487966e-03
9.567795053374768613e-03
1.000710087961392131e-02
1.012149378564631413e-02
1.046611518438295835e-02
1.074000155936140517e-02
1.096224287089059626e-02
1.125954798192945090e-02
1.147266090385663448e-02
1.175417983361577538e-02
1.220057802221023550e-02
1.232781746384212056e-02
1.273354384082752040e-02
1.292494795062756885e-02
1.303675250338977298e-02
1.326125529493776128e-02
1.353900558496473616e-02
1.376818556590291530e-02
1.422784141916819817e-02
1.442169772534502778e-02
1.456470303113290010e-02
1.477197820839898194e-02
1.507270774959283514e-02
1.521159149855818779e-02
1.571267632827233821e-02
1.595764282091928152e-02
1.662354733551478503e-02
1.677411538617965686e-02
1.711136737571523903e-02
1.745803517600985275e-02
1.763914368903212945e-02
1.785303941432669211e-02
1.802680877367735662e-02
1.842305362049504250e-02
1.886773761500749186e-02
1.900172411965644903e-02
1.922851521815639037e-02
1.965957204311929996e-02
1.976213159130263755e-02
2.007424437329936168e-02
2.036549046329271667e-02
2.066904174517977116e-02
2.120364861388170097e-02
2.132727120018708747e-02
2.161728728412761966e-02
2.179130297977907235e-02
2.208004854606961803e-02
2.213586059229392250e-02
2.257609477211185503e-02
2.272496431488102084e-02
2.294474088337914233e-02
2.318772138940554742e-02
2.348389146805344996e-02
2.382215393821897689e-02
2.413290001309961047e-02
2.462281353892359012e-02
2.495140102733050397e-02
2.508120000080055895e-02
2.538834941030593609e-02
2.563528732199627652e-02
2.610825183720874923e-02
2.625515381587773325e-02
2.666585100398299879e-02
2.706245151587281447e-02
2.727514466051992464e-02
2.766576934195449922e-02
2.795451614912286900e-02
2.798619490268694845e-02
2.819811816430442195e-02
2.857360131532630035e-02
2.870552065739492495e-02
2.933319164157286579e-02
2.948025456274610406e-02
2.960533981070509815e-02
2.996954908871096029e-02
3.052769809925522451e-02
3.056352251915521456e-02
3.090907276873258724e-02
3.135005298522823558e-02
3.142875441403550352e-02
3.149158226524522569e-02
3.188691950708263251e-02
3.234769624800942767e-02
3.251881518806777616e-02
3.284657326237890723e-02
3.306886402703432259e-02
3.365939763720143113e-02
3.374709071061511578e-02
3.441293190912724648e-02
3.452225658742912040e-02
3.470952324276205953e-02
3.497675575920553698e-02
3.522337865783591038e-02
3.539002561108490347e-02
3.576147806768723708e-02
3.598860933401479972e-02
3.621702600242034803e-02
3.636577204999114077e-02
3.673076402812036623e-02
3.721028707267647062e-02
3.769145056329717414e-02
3.786645297018376155e-02
3.794212420141872960e-02
3.834603305842795157e-02
3.876047569294150535e-02
3.912285408623374094e-02
3.951167561229892988e-02
3.988547504009860856e-02
3.994535606326259092e-02
4.023870668754253588e-02
4.062686767136163696e-02
4.069845070303623052e-02
4.132222459000039344e-02
4.155438404789497941e-02
4.183538126262349027e-02
4.211111800446917797e-02
4.237738593202342030e-02
4.262209308588792850e-02
4.291868949514887621e-02
4.349026623827505211e-02
4.403836424404938832e-02
4.420528777650371832e-02
4.437867812019526820e-02
4.467835478951779488e-02
4.510469359236080750e-02
4.537147985451264742e-02
4.557396103588540887e-02
4.587296157078818437e-02
4.624444232018593698e-02
4.650416304898323527e-02
4.665636252985810861e-02
4.715432456988745413e-02
4.739038289094545109e-02
4.790252317885310834e-02
4.815519979482370261e-02
4.866811879985028649e-02
4.913397204154154596e-02
4.920570822424832902e-02
4.943769326646327289e-02
4.984757387854555494e-02
5.013283398004660107e-02
5.040480357273922907e-02
5.074409859372358556e-02
5.101541267475949437e-02
5.143244339332129350e-02
5.164515577469042107e-02
5.197587404315408971e-02
5.234228807646871401e-02
5.310034898334688863e-02
5.327695799863398085e-02
5.371381165346791192e-02
5.434096416922059442e-02
5.452462466304427990e-02
5.457367909581446741e-02
5.474613021575361338e-02
5.512880635681182556e-02
5.530821208810567102e-02
5.569454249324645029e-02
5.599589198171930210e-02
5.656759822206364891e-02
5.684280408790419459e-02
5.694493182132081416e-02
5.734388116346208347e-02
5.757902111992584809e-02
5.820711098700895314e-02
5.846587636648819392e-02
5.860747756732485186e-02
5.916122223443772560e-02
5.958024917824886885e-02
6.000982726359628538e-02
6.033214161710462320e-02
6.065117931799070966e-02
6.101259321309693284e-02
6.142309200771328692e-02
6.206640699224036384e-02
6.238138443287183366e-02
6.264196962615239950e-02
6.336211788642139020e-02
6.397555376210693756e-02
6.415632066534114608e-02
6.511468728633709735e-02
6.543863181381841254e-02
6.561264269638833468e-02
6.625810193691236694e-02
6.639742764819671350e-02
6.683312277004616053e-02
6.709333902068502498e-02
6.730059639483912393e-02
6.786466635330611064e-02
6.816848031510269745e-02
6.873385563111994445e-02
6.934387297276739526e-02
6.993729195669363963e-02
7.054559625853727700e-02
7.065954797488567529e-02
7.106557309801990463e-02
7.159258101956850195e-02
7.189948153200917402e-02
7.208026820451847450e-02
7.264999314175814293e-02
7.328093431443775951e-02
7.346099637518668790e-02
7.435451883042629162e-02
7.498584670797772689e-02
7.557210004712491824e-02
7.612065975855665523e-02
7.657865063252757010e-02
7.697116576389116671e-02
7.767202736901507309e-02
7.787261464960433532e-02
7.862443167626739782e-02
7.885871451499366913e-02
7.919789023882969903e-02
8.029915736025527995e-02
8.109606270201102918e-02
8.170861920718899829e-02
8.279813687609925699e-02
8.324441870090144857e-02
8.381044224885728089e-02
8.539270897681039418e-02
8.564562880646295340e-02
8.817306390316713427e-02
