-8.732295328401012968e-02
-8.541867408409874185e-02
-8.436189780906810931e-02
-8.421084276059459528e-02
-8.312757656611773072e-02
-8.200984514523425306e-02
-8.127064396282952796e-02
-8.051589076152686208e-02
-7.931201966746377618e-02
-7.912321757088866536e-02
-7.876483887892693492e-02
-7.843159351864677220e-02
-7.774132047295265191e-02
-7.765661139806431801e-02
-7.677735895640584729e-02
-7.619927751296444451e-02
-7.585431305448343819e-02
-7.515587621686181663e-02
-7.464566711462156112e-02
-7.431149222527154430e-02
-7.403262224287994464e-02
-7.299627203359207450e-02
-7.256365898123057212e-02
-7.219223186827997130e-02
-7.194359281824429242e-02
-7.164331589119171673e-02
-7.116424804120977110e-02
-7.089815278184820324e-02
-7.001546512937505129e-02
-6.998412839725862145e-02
-6.937241329313825755e-02
-6.881096220210196346e-02
-6.857447459117931021e-02
-6.813117992279972557e-02
-6.799576740718521473e-02
-6.718262786360819361e-02
-6.652994243102118566e-02
-6.597827145091425538e-02
-6.584344364281929929e-02
-6.550314792879673165e-02
-6.528223629637587566e-02
-6.435310398156321443e-02
-6.427006192410256169e-02
-6.362179216650057367e-02
-6.346591682027742654e-02
-6.314587521910380863e-02
-6.290714652796773609e-02
-6.221347725363281234e-02
-6.203025188834367792e-02
-6.182366839373960865e-02
-6.113643499090091332e-02
-6.075109880801751044e-02
-6.014257628083456014e-02
-5.987925355064851324e-02
-5.950740296878498370e-02
-5.897804362497170022e-02
-5.861121265774527772e-02
-5.820318981599213043e-02
-5.805122879147359832e-02
-5.743327205863147517e-02
-5.712224266095729946e-02
-5.663825577787142546e-02
-5.621852252473764217e-02
-5.574805314798841893e-02
-5.556932540437568152e-02
-5.545783007726197422e-02
-5.495052157308144558e-02
-5.468961999266835905e-02
-5.439620635984158958e-02
-5.397887224916838450e-02
-5.375361519239151009e-02
-5.369378724534227404e-02
-5.325219775721225929e-02
-5.304927266481364312e-02
-5.266489900958039316e-02
-5.216739341141288927e-02
-5.174021875646214047e-02
-5.151641791345023397e-02
-5.120238849674808163e-02
-5.093981937030015589e-02
-5.048442800705311984e-02
-5.028654102633057371e-02
-4.988790018212288513e-02
-4.968229480992852193e-02
-4.923703451452757923e-02
-4.883455788920942203e-02
-4.876996457263433477e-02
-4.832782781238913888e-02
-4.811264370483115532e-02
-4.753704073693708343e-02
-4.735321958345280191e-02
-4.711255708717967949e-02
-4.663477058329029701e-02
-4.634650398870786975e-02
-4.613117975502153967e-02
-4.542505725034253622e-02
-4.490291614907639117e-02
-4.479676257268128126e-02
-4.460901099962456817e-02
-4.437198630413546896e-02
-4.419792429548440038e-02
-4.383733627451708026e-02
-4.357531803654512981e-02
-4.321420285966767055e-02
-4.265088082397802682e-02
-4.257689053105714883e-02
-4.238431045683374587e-02
-4.206027266231184003e-02
-4.143077538223564199e-02
-4.120984357352817234e-02
-4.065891259715792572e-02
-4.002207503550606060e-02
-4.000423934871488035e-02
-3.974892203791228346e-02
-3.934274675202596022e-02
-3.916209079340213922e-02
-3.906546216106934755e-02
-3.878462052839896229e-02
-3.853104718498160525e-02
-3.821643881785398433e-02
-3.763260167851452398e-02
-3.747354409485139509e-02
-3.723750977811318003e-02
-3.675155092920025929e-02
-3.644208967370832913e-02
-3.616979812480045769e-02
-3.610944030239941066e-02
-3.600192363626938952e-02
-3.568297197054929454e-02
-3.533737216240392248e-02
-3.497417534856250149e-02
-3.449543206040774773e-02
-3.421121047968081474e-02
-3.416920526393218971e-02
-3.403477255911721566e-02
-3.362694798696685972e-02
-3.348451233270546834e-02
-3.308883996215161022e-02
-3.282607952874964929e-02
-3.260975633797608131e-02
-3.179526048616217876e-02
-3.172608297590481102e-02
-3.150524854765957006e-02
-3.143969918513921796e-02
-3.117252755850793283e-02
-3.079837621650292900e-02
-3.040251938738798218e-02
-3.016737006606934682e-02
-2.976586908408427462e-02
-2.959881260112156437e-02
-2.915831660965858760e-02
-2.897599771732029678e-02
-2.862678540036079841e-02
-2.816774626667421441e-02
-2.766690358110128478e-02
-2.748876242001874193e-02
-2.720667638080799880e-02
-2.706867647979377747e-02
-2.669890121645306438e-02
-2.628864968236756597e-02
-2.610011029217271586e-02
-2.599714220439775653e-02
-2.553630064063485208e-02
-2.534769877283065201e-02
-2.506429111732494039e-02
-2.490125690711221529e-02
-2.475724791466540550e-02
-2.416526753359410362e-02
-2.410688739787402585e-02
-2.376350040111398915e-02
-2.361854862634267874e-02
-2.328808680788933827e-02
-2.295565984235879362e-02
-2.251802259948582421e-02
-2.243991190529707677e-02
-2.231652316051270860e-02
-2.195726347747990748e-02
-2.139806151104732546e-02
-2.092612318452702000e-02
-2.074281468231576123e-02
-2.019271621906851624e-02
-2.006471250516521712e-02
-1.971356261809398616e-02
-1.956760795272715486e-02
-1.912647036719123186e-02
-1.896321289788919714e-02
-1.851857296513089238e-02
-1.839437766097793206e-02
-1.827930183058228478e-02
-1.821865886558607373e-02
-1.792881375040735956e-02
-1.736841820557669114e-02
-1.711847943840417649e-02
-1.693783429293324594e-02
-1.655548134769182708e-02
-1.644558828367129188e-02
-1.622537009952044681e-02
-1.607415899876817045e-02
-1.564499892652790325e-02
-1.530596753793859836e-02
-1.521416918891882811e-02
-1.485633869687768074e-02
-1.441235126564676013e-02
-1.400511504926693282e-02
-1.394269518602494345e-02
-1.364892874931958669e-02
-1.331202386919388622e-02
-1.313095658768893316e-02
-1.250829643085047890e-02
-1.217218938205222485e-02
-1.204007554897753261e-02
-1.151202166372671670e-02
-1.134721673255584262e-02
-1.120628037140591893e-02
-1.067696537126695128e-02
-1.057865413796106949e-02
-1.043091984544403106e-02
-1.010865948209871065e-02
-9.766702324078842257e-03
-9.604033399196628545e-03
-9.497326861259645578e-03
-9.077283948738952210e-03
-8.843858596303088085e-03
-8.714038985124168343e-03
-8.099346874609270747e-03
-8.026790486059210902e-03
-7.838397899193449286e-03
-7.680821200230085986e-03
-7.339612120669642380e-03
-7.309869613093956768e-03
-6.690461830174973014e-03
-6.458528143571941500e-03
-6.367255924810764044e-03
-6.135908806503181760e-03
-5.828390791195969117e-03
-5.754123738268681308e-03
-4.977226568384061564e-03
-4.776784541348992608e-03
-4.424890397579948897e-03
-4.336477503952273181e-03
-4.300241854450110278e-03
-3.990619144207154835e-03
-3.568396210169355164e-03
-3.309457241308591622e-03
-3.113883340850062600e-03
-2.778602546632397575e-03
-2.666037346828432301e-03
-2.163711168370234007e-03
-1.536124051285454439e-03
-1.260193815563038491e-03
-9.982625800494817313e-04
-7.634016513959185736e-04
-5.236221114209726633e-04
-3.086554773047185543e-04
-7.933116019766164439e-05
2.797440689112136057e-04
4.439216312145760580e-04
5.656951663030211153e-04
8.404076757322480893e-04
1.021773336075498719e-03
1.445814354096835747e-03
1.730074105321665733e-03
1.953387050293051846e-03
2.267693902792231476e-03
2.365213184512797093e-03
2.714803632730367674e-03
2.947351681090602717e-03
3.321946359960066195e-03
3.478755712321948863e-03
3.848818842672651220e-03
3.989716801195632330e-03
4.170459407578651877e-03
4.254004275486056308e-03
4.398032891634482029e-03
4.968845434352352208e-03
5.106628424592239181e-03
5.219770884125839693e-03
5.320773847924964613e-03
5.616384740723694494e-03
5.979613855613298903e-03
6.438640417630842917e-03
6.895399050112394242e-03
7.084571983062858992e-03
7.176380603820711745e-03
7.287725270068603871e-03
7.827651029933950858e-03
7.983013148813583593e-03
8.535410214657621758e-03
8.569442267242573588e-03
8.700479965870096255e-03
9.063009732532925286e-03
9.293168795151162884e-03
9.638912117776801680e-03
1.009184820905306354e-02
1.039609019938820059e-02
1.071015275788551532e-02
1.092614981360313063e-02
1.129590913994447249e-02
1.151395252753623782e-02
1.179425377430008519e-02
1.203307568334971954e-02
1.233174227807351184e-02
1.261420446585922311e-02
1.271231772848866598e-02
1.289318903964466884e-02
1.321189915173475588e-02
1.349076776543974877e-02
1.397143444431526819e-02
1.410016966140527350e-02
1.432760148173599195e-02
1.454188629281625775e-02
1.481880000099879829e-02
1.505989144169786464e-02
1.530579183696259039e-02
1.563650523880262544e-02
1.588357202049256803e-02
1.600063228148574171e-02
1.651770793090722930e-02
1.675835210144674750e-02
1.695344470305176765e-02
1.717749969567671994e-02
1.757164854137835408e-02
1.766038450206706620e-02
1.811019471317928953e-02
1.843984877828638153e-02
1.874025558080578274e-02
1.888293539227202736e-02
1.936586561417448157e-02
2.000908695146216137e-02
2.015159408631856872e-02
2.045622542266866545e-02
2.075483401711030948e-02
2.126444358037524532e-02
2.140771435040872764e-02
2.154291207073239997e-02
2.177300478330788588e-02
2.196773368982106109e-02
2.218958997207129413e-02
2.223159638687682502e-02
2.260598160926261327e-02
2.296288174517217492e-02
2.354766832608162427e-02
2.385698747718615828e-02
2.418324678560691138e-02
2.422814054398265277e-02
2.475423912023102038e-02
2.481570160860271240e-02
2.495819001975151802e-02
2.515613751873789841e-02
2.563884559476250005e-02
2.603919150819875364e-02
2.632369054413357876e-02
2.634373890770989879e-02
2.696313822647583569e-02
2.706711330892632925e-02
2.725695422138069840e-02
2.771555905938257944e-02
2.779041050234428226e-02
2.811122096083121941e-02
2.830421584537090932e-02
2.881344418792557496e-02
2.894484935595068725e-02
2.907796114883396885e-02
2.918991322950429887e-02
2.974545714794912810e-02
3.002998843745079138e-02
3.040427931624209434e-02
3.061971642614430208e-02
3.075771393801431455e-02
3.087539472432796958e-02
3.126079094010796727e-02
3.143832878629089500e-02
3.190291001895853573e-02
3.225169534083671685e-02
3.265778652762013623e-02
3.301018963301896592e-02
3.350639968308707917e-02
3.376255177000347246e-02
3.401412607630881907e-02
3.421597195262362362e-02
3.434427429359331735e-02
3.483869781509225938e-02
3.515975325448959105e-02
3.519599136084686913e-02
3.554408354834717038e-02
3.625958009297070017e-02
3.633421090058646524e-02
3.682689412207828389e-02
3.705962153857622621e-02
3.751649319548204520e-02
3.766299015736902789e-02
3.779705592395039837e-02
3.821512289199539836e-02
3.835030145471518548e-02
3.878683408405918936e-02
3.915526036443050389e-02
3.939928222828095739e-02
3.948893540580572514e-02
3.966873840887964742e-02
4.045464001739856180e-02
4.053601858856681339e-02
4.081608242943787074e-02
4.103508667251633268e-02
4.139495880940831374e-02
4.172846336329844724e-02
4.208483450366836548e-02
4.215793309744420014e-02
4.289975991846996933e-02
4.335999062400309328e-02
4.368629950653109273e-02
4.383528520926092270e-02
4.398559512622489398e-02
4.436346578748356917e-02
4.454077843293945127e-02
4.460244930683196496e-02
4.494666539422622481e-02
4.561130718076609331e-02
4.582687996876570052e-02
4.623964934743091809e-02
4.647367243773287138e-02
4.656298561908507605e-02
4.698358831151274589e-02
4.731225465517768791e-02
4.756202977966051543e-02
4.771610163195692117e-02
4.840732894699457944e-02
4.849025979480111465e-02
4.904064861851128304e-02
4.973058783301535779e-02
5.005650749042789283e-02
5.031102395218208650e-02
5.063711248389874547e-02
5.097778034461414309e-02
5.123100881825014274e-02
5.139398146881963420e-02
5.164567081420192579e-02
5.189885342581233851e-02
5.232944131744497046e-02
5.277628431251439600e-02
5.328571017089106521e-02
5.343077983472084569e-02
5.390709099046368802e-02
5.408127122973669515e-02
5.447200598752242190e-02
5.463182170525845288e-02
5.510058342921368701e-02
5.543530790473411018e-02
5.589515014325734110e-02
5.632720205774330302e-02
5.703643933551201528e-02
5.731387113884088558e-02
5.768033540536177117e-02
5.797361196890660900e-02
5.851732564454018015e-02
5.864230125134447386e-02
5.890976790764303889e-02
5.923063758113671085e-02
5.970881359317101178e-02
5.986887764695686398e-02
6.045472231272394636e-02
6.070074276537965052e-02
6.096386607167206262e-02
6.122758227501908651e-02
6.139705045275276746e-02
6.161278983191505187e-02
6.253911005157185288e-02
6.274832572333458036e-02
6.290422659220396007e-02
6.319708173522690930e-02
6.402976606571360307e-02
6.436792874688816724e-02
6.466585916340666929e-02
6.485159754728672676e-02
6.563558970565518125e-02
6.577816528128167806e-02
6.592393160206587444e-02
6.648905191889932509e-02
6.676629328946274977e-02
6.807474435879215524e-02
6.822719361454364362e-02
6.884146348344521993e-02
6.957711770765946657e-02
6.970517661688462041e-02
7.014497358979032704e-02
7.043409539683539999e-02
7.128054114926719864e-02
7.207842674609848954e-02
7.238170801507609609e-02
7.294883823859707461e-02
7.329544729073554643e-02
7.407442691679540225e-02
7.451292215598638580e-02
7.497641672129065626e-02
7.534539993281513803e-02
7.597608745184428192e-02
7.631105574102052536e-02
7.658916702931629905e-02
7.684815465857851302e-02
7.742703919551489899e-02
7.810720578965095473e-02
7.821068688303386973e-02
7.929112846546103321e-02
8.026471973649267067e-02
8.060869329024646091e-02
8.134638578820475863e-02
8.167754134113397457e-02
8.232187556162746944e-02
8.323354854142829551e-02
8.354985038329997005e-02
8.418298594696381476e-02
8.562945990130656215e-02
8.642019067761980144e-02
