-8.670998634631868485e-02
-8.524380458131224081e-02
-8.339902914074727447e-02
-8.234837306419640068e-02
-8.204794018122099630e-02
-8.155535069159373929e-02
-8.090591377101497006e-02
-8.031284112153548593e-02
-7.999608995073971551e-02
-7.886306092950989832e-02
-7.838207900991998878e-02
-7.739562564269661382e-02
-7.726734992732868512e-02
-7.692123537351626406e-02
-7.613216871056595336e-02
-7.577637833968514647e-02
-7.548854766112457482e-02
-7.475450222972838954e-02
-7.421045722789289256e-02
-7.361414319152634333e-02
-7.343907903585680796e-02
-7.299380465237589877e-02
-7.247485427927007062e-02
-7.183077688629074808e-02
-7.139958222669079424e-02
-7.120509314629025477e-02
-7.090318848557097819e-02
-7.077846250760974622e-02
-7.000309423427185374e-02
-6.975708870834641806e-02
-6.927441235953998855e-02
-6.850105629778918681e-02
-6.775743909567834289e-02
-6.734957216204390251e-02
-6.719421504440650783e-02
-6.679828431717570181e-02
-6.663847360694387378e-02
-6.633961840634552964e-02
-6.605156967089922948e-02
-6.551337813165140911e-02
-6.526241887661060614e-02
-6.487751311935191501e-02
-6.430928088481561999e-02
-6.393266816362473681e-02
-6.382153416581308469e-02
-6.314468304412609867e-02
-6.286411132348777853e-02
-6.259000972446600308e-02
-6.207697974287182396e-02
-6.156029354841146412e-02
-6.113502317067746883e-02
-6.088590741517131699e-02
-6.054189980884996242e-02
-6.009206166727640297e-02
-6.006377520548758508e-02
-5.910841480976138790e-02
-5.865624482317329663e-02
-5.849648116614668270e-02
-5.809153956402160479e-02
-5.777836953290634014e-02
-5.749693153276756730e-02
-5.731234251253793793e-02
-5.688680767503469932e-02
-5.650891979642744256e-02
-5.608610049073955300e-02
-5.526413112516732895e-02
-5.507030737672942433e-02
-5.477244213287976032e-02
-5.434369532872643932e-02
-5.428824475626082419e-02
-5.407038467018661365e-02
-5.405037479316013999e-02
-5.333210266034663083e-02
-5.285632212220817833e-02
-5.225146466558019953e-02
-5.193918924793670955e-02
-5.182886996771959853e-02
-5.141422644414387483e-02
-5.075937257249525658e-02
-5.053227640824166367e-02
-5.033238313521088553e-02
-4.993850003021049755e-02
-4.944473174105908087e-02
-4.924194528911959856e-02
-4.862576258498841481e-02
-4.839680229337083028e-02
-4.813400974598428667e-02
-4.800508013572313271e-02
-4.769800746748630027e-02
-4.761299291186148891e-02
-4.724653870997948951e-02
-4.687818218394597392e-02
-4.679370955870681276e-02
-4.619430009281040583e-02
-4.609243042823538139e-02
-4.563855471938665920e-02
-4.526800150668995604e-02
-4.491638643417859150e-02
-4.485908846831440644e-02
-4.463811955582594471e-02
-4.374109950495037175e-02
-4.350686513607290168e-02
-4.318723011269423595e-02
-4.292781217430847313e-02
-4.288043950326541481e-02
-4.257233308576868075e-02
-4.230029275217467993e-02
-4.207547811145453259e-02
-4.164024592859963403e-02
-4.089895469810143902e-02
-4.078291285848983927e-02
-4.034082965018392919e-02
-4.031827840470200708e-02
-3.987877441911712867e-02
-3.954136611585026828e-02
-3.918001271515414441e-02
-3.868394665552403466e-02
-3.849292185635435487e-02
-3.837163020757805576e-02
-3.819556993238969189e-02
-3.791930991985181104e-02
-3.764097626407707925e-02
-3.742163789562906462e-02
-3.679889487335180620e-02
-3.672168612863935949e-02
-3.615913195697850052e-02
-3.612065163593478762e-02
-3.581974571001680929e-02
-3.568315381212756876e-02
-3.542414952304807213e-02
-3.534953657542393157e-02
-3.484556086621639487e-02
-3.460882686964575350e-02
-3.436063949192451339e-02
-3.408455078030230012e-02
-3.375984778626447275e-02
-3.368344711981526712e-02
-3.340200558392554531e-02
-3.315987643994661865e-02
-3.250509728765241246e-02
-3.233904870936760156e-02
-3.213460759219804314e-02
-3.181179528496176634e-02
-3.167882251590809634e-02
-3.116336870524458180e-02
-3.088423088977658090e-02
-3.041563257089922173e-02
-3.009942478773532104e-02
-2.975621636648787330e-02
-2.947945523184146432e-02
-2.925875418861828905e-02
-2.915517426914037910e-02
-2.893870261963467708e-02
-2.863392522012092600e-02
-2.815206851561942794e-02
-2.791323608560802513e-02
-2.767456767246115334e-02
-2.735642466099645967e-02
-2.689712037709751993e-02
-2.662694792482542608e-02
-2.625228295541704587e-02
-2.596965780552714861e-02
-2.591913366031535840e-02
-2.580669489559694191e-02
-2.548291216465368297e-02
-2.513706518172904858e-02
-2.466125823162303513e-02
-2.461675646897557024e-02
-2.444977983761800408e-02
-2.382272303606235153e-02
-2.357072533190577787e-02
-2.316612926075074450e-02
-2.311424135550568804e-02
-2.285640079401859981e-02
-2.239211122921245384e-02
-2.227314384366646527e-02
-2.193645741320017842e-02
-2.161302899577118367e-02
-2.131514428502201755e-02
-2.123292321285833936e-02
-2.105326019251405056e-02
-2.048623130006380078e-02
-2.022693165730797202e-02
-1.977707517458742251e-02
-1.964898526838215406e-02
-1.951021102947946700e-02
-1.914700095970672117e-02
-1.881437043200950843e-02
-1.862341456577934137e-02
-1.823780056608189509e-02
-1.790712406582841906e-02
-1.744116392586727432e-02
-1.734467648386425406e-02
-1.691110672496331374e-02
-1.663463498906996366e-02
-1.655397771671446305e-02
-1.610163741710225055e-02
-1.590012971164782990e-02
-1.560706648319768949e-02
-1.517344317094950455e-02
-1.507766464894643409e-02
-1.451298744754288446e-02
-1.440718892739298145e-02
-1.423765557834932340e-02
-1.377305270561229693e-02
-1.352758661030666922e-02
-1.335510667253580856e-02
-1.295562869864644133e-02
-1.267098992296860141e-02
-1.231103829359794788e-02
-1.198616616837976968e-02
-1.184726247006330328e-02
-1.162206210254981137e-02
-1.116899461110759488e-02
-1.071966097135738406e-02
-1.061840047044522103e-02
-1.051861446917692205e-02
-1.013245481603286882e-02
-1.002210564618531176e-02
-9.925466688618081804e-03
-9.525233115248063834e-03
-9.235419507441864490e-03
-9.060867914595186270e-03
-8.897494727542558032e-03
-8.546250571961191977e-03
-8.409063192062223371e-03
-8.018444304494267913e-03
-7.648249045044614065e-03
-7.454837880820815339e-03
-7.181993027547232088e-03
-6.943615023968640644e-03
-6.880708949543392836e-03
-6.730131360999032190e-03
-5.972480500725946446e-03
-5.840920152344928652e-03
-5.749417661083615523e-03
-5.323111690020771586e-03
-5.212195337698039867e-03
-5.028651060463010768e-03
-4.404689812383893489e-03
-4.175924306719753024e-03
-3.908953935131347091e-03
-3.520536697529846708e-03
-3.345640752349124392e-03
-3.292104895898725556e-03
-2.968020293559986682e-03
-2.572468582148976224e-03
-2.198084495398182434e-03
-1.857075784205743227e-03
-1.782669294519931193e-03
-1.630733709323525793e-03
-1.252583490952639258e-03
-9.974805946271502778e-04
-8.365301528251412565e-04
-5.957217887002636382e-04
-4.312619347617313473e-04
-1.808921034760146919e-04
-1.195626908395361930e-05
1.202740158839987950e-04
6.218143305865251073e-04
1.121764182684077205e-03
1.185986340206395808e-03
1.544664919251147054e-03
1.836691653899480024e-03
2.020847453033608552e-03
2.368030042277723991e-03
2.622759288829614420e-03
3.123499017984644223e-03
3.261836037589778241e-03
3.595294133704485164e-03
3.713276004104210624e-03
3.982338788079238349e-03
4.013228487268675690e-03
4.561620596194432969e-03
4.839147817847567687e-03
5.374919456083739056e-03
5.565674966157457479e-03
5.713348697759850804e-03
5.867687915225390169e-03
6.259520011690045821e-03
6.317930704563858892e-03
6.551946639312675180e-03
7.020200622196970906e-03
7.235531016359857820e-03
7.561024527591303501e-03
7.907650355741892984e-03
8.022912432879397357e-03
8.076161015549110714e-03
8.465496215080286352e-03
8.862100170332041366e-03
9.144782442202249381e-03
9.338299728641728109e-03
9.672466335679663976e-03
9.776317313917275501e-03
1.000360110024001332e-02
1.040120265039441369e-02
1.067824769678146594e-02
1.080240833349283176e-02
1.118186243413913511e-02
1.132170118024502722e-02
1.149714059154697925e-02
1.200156521484554636e-02
1.239447689391540847e-02
1.247304832867158000e-02
1.279626729165422687e-02
1.300416349075767669e-02
1.339556638048185720e-02
1.392076353835084920e-02
1.414958771417228721e-02
1.416865724511501279e-02
1.445886161241909801e-02
1.460175028289083243e-02
1.497716627134718786e-02
1.538411996987938853e-02
1.578613255441836671e-02
1.623684540672124324e-02
1.638959385990330572e-02
1.658504008634188037e-02
1.679062546429116107e-02
1.739228168616580722e-02
1.764602173980849009e-02
1.777392153912985689e-02
1.786592886467724614e-02
1.837248375451555962e-02
1.851009045903814418e-02
1.860744963572818697e-02
1.893256424756800671e-02
1.942714989658609823e-02
1.968721782113148910e-02
1.985495191704942861e-02
2.022122243467678465e-02
2.045714037222564480e-02
2.073554091727743479e-02
2.084430175122891499e-02
2.128477164248054193e-02
2.155916207890866410e-02
2.191216142236830644e-02
2.225123413317249901e-02
2.255532956068324532e-02
2.271777773945258400e-02
2.308522255629679928e-02
2.308714910172827983e-02
2.347776299237719008e-02
2.364238928769689732e-02
2.414409008868780362e-02
2.444559008539123890e-02
2.478839060808726152e-02
2.492042073283230741e-02
2.527177139852811866e-02
2.569089982422651658e-02
2.584792387600779243e-02
2.633530411888900663e-02
2.661055387922305407e-02
2.668156051426701439e-02
2.717664449369964694e-02
2.760891383564978430e-02
2.772508030877973706e-02
2.804949529630486674e-02
2.820206661892173464e-02
2.860850820490079896e-02
2.880605558657686749e-02
2.901698638557285645e-02
2.956014095378347792e-02
2.992634393963490916e-02
3.004227087192990961e-02
3.029058202970488778e-02
3.080152683005128733e-02
3.093883383817712732e-02
3.135523655465673187e-02
3.150605598795540307e-02
3.195726078974256423e-02
3.233069033430894385e-02
3.250495866706387682e-02
3.296378402705524985e-02
3.304479878543890858e-02
3.357433496378160048e-02
3.364453453229118707e-02
3.406224336369033379e-02
3.419574656332522583e-02
3.445466956111517542e-02
3.466173437762559012e-02
3.478199552176530762e-02
3.540672682805745541e-02
3.588233779934119072e-02
3.596117728082407622e-02
3.631496863926300667e-02
3.656253477410714714e-02
3.703761240099165408e-02
3.715568641439770392e-02
3.749997884898491340e-02
3.769922832537808688e-02
3.802443392264583111e-02
3.825862991961236775e-02
3.857647024749872450e-02
3.893140482079555931e-02
3.930229289783786911e-02
3.952867441475307886e-02
4.004382661575638797e-02
4.014311717311174615e-02
4.043189024609363663e-02
4.074163860633402828e-02
4.110991006564537059e-02
4.133677947843771017e-02
4.169685744791362669e-02
4.216718344565645316e-02
4.237517745684107884e-02
4.259162369862191239e-02
4.284164925178862021e-02
4.296327960279867214e-02
4.323872623741266408e-02
4.391289622279170163e-02
4.420739356959480643e-02
4.433340015184820959e-02
4.454467639219457376e-02
4.489323869957968088e-02
4.540638849611571687e-02
4.549145378773988835e-02
4.572776521717028531e-02
4.598462897529426857e-02
4.602403364015256876e-02
4.649149017341951823e-02
4.725478944101176720e-02
4.752789204619550789e-02
4.770306672668188364e-02
4.843693817808454594e-02
4.872034434079787479e-02
4.902344584677920114e-02
4.935961296497555495e-02
4.972580518933287369e-02
5.006613728146944858e-02
5.027302784458118762e-02
5.072252124951414504e-02
5.093617912047454510e-02
5.104653259122417241e-02
5.144844255944676370e-02
5.161841251350605952e-02
5.219537946787460025e-02
5.269126503624797092e-02
5.335298898392529243e-02
5.337894349609231121e-02
5.365900933272741563e-02
5.421006187918285535e-02
5.459926830661955555e-02
5.509429561683946291e-02
5.535518165737529639e-02
5.553998131643048813e-02
5.587531572654367423e-02
5.641605733902373132e-02
5.661765118827749577e-02
5.720934172299506348e-02
5.735801828119162921e-02
5.773115194143727674e-02
5.790081442838264369e-02
5.813658037471803458e-02
5.866836868811585448e-02
5.909057412240967255e-02
5.943734386935199676e-02
6.010092450186610424e-02
6.040841793588326569e-02
6.076541157639836488e-02
6.140821796173384639e-02
6.165113962004575149e-02
6.171804024105043834e-02
6.192352810958372256e-02
6.246582096138463686e-02
6.288557768019240046e-02
6.326004087080563942e-02
6.335247506617670832e-02
6.394585083242104728e-02
6.427793407933508896e-02
6.470558103255809324e-02
6.518207350032949321e-02
6.536384221057849053e-02
6.651766716394304224e-02
6.687799961896170875e-02
6.709941658261037167e-02
6.745073035547317908e-02
6.760330064681820128e-02
6.771193976798305092e-02
6.854762095372658737e-02
6.870478073497718330e-02
6.924988894546171836e-02
6.970055846671424638e-02
7.011747327696089827e-02
7.026478241005418290e-02
7.066474380591253324e-02
7.095995403238744559e-02
7.131174206847425145e-02
7.199177960047734026e-02
7.250076645055858471e-02
7.294622647473916754e-02
7.302292036544280607e-02
7.445626812461514366e-02
7.471435098266224206e-02
7.528167777521044268e-02
7.536598477062096679e-02
7.598905005606339247e-02
7.619253441689506634e-02
7.683905140757688046e-02
7.717838640510406301e-02
7.840944972811396407e-02
7.873313330425513179e-02
7.959043977962149130e-02
7.976496006781311210e-02
8.090954254805332591e-02
8.156318116434051191e-02
8.190750986927342048e-02
8.295097346297326812e-02
8.350972300707576457e-02
8.475887269517806688e-02
8.562027230542226808e-02
8.818060373971152444e-02
