-8.678809701819648059e-02
-8.542005412699832378e-02
-8.477072269798695270e-02
-8.447630398503046256e-02
-8.313983543451998470e-02
-8.294931638222513559e-02
-8.199195721499664968e-02
-8.173957318050199816e-02
-8.120900083865970065e-02
-8.029413194486922922e-02
-7.977829035548301972e-02
-7.873555768977993918e-02
-7.812550045252125708e-02
-7.807063879274195317e-02
-7.694245668511719149e-02
-7.595982137347681573e-02
-7.520358429036991255e-02
-7.448484539677355243e-02
-7.430723144987948225e-02
-7.423516688415941756e-02
-7.355594215320646057e-02
-7.302229669511446641e-02
-7.252558631034043690e-02
-7.212417730596638876e-02
-7.158726729702195868e-02
-7.115701484476819050e-02
-7.061823694007042518e-02
-7.034315579759893577e-02
-6.988976416950382076e-02
-6.976250306684417257e-02
-6.959456462376985286e-02
-6.875417600243405314e-02
-6.811021826020977055e-02
-6.766587474019895854e-02
-6.701073123051219660e-02
-6.659902750715561426e-02
-6.624686937909927964e-02
-6.574240539809135531e-02
-6.540681799411746100e-02
-6.485089613107368478e-02
-6.461043183421572023e-02
-6.418607155128305819e-02
-6.404343682860386133e-02
-6.358745683183368580e-02
-6.292110203022514836e-02
-6.268693454102580720e-02
-6.236533483231546104e-02
-6.190576566311330881e-02
-6.144934561130861034e-02
-6.100723983969001674e-02
-6.069923081784640156e-02
-6.060090012474423499e-02
-6.025199455820980099e-02
-5.970786234318142122e-02
-5.926075946107549342e-02
-5.893956194466317550e-02
-5.854916828272436341e-02
-5.848795745030264948e-02
-5.771374611285307737e-02
-5.720424964859557176e-02
-5.679971462677172594e-02
-5.676438053112348170e-02
-5.622065926207328590e-02
-5.598413799702391114e-02
-5.555167234235253854e-02
-5.502129197071563976e-02
-5.488794155585544760e-02
-5.477262289664230899e-02
-5.441630599641820998e-02
-5.410702944657906632e-02
-5.400823876258815243e-02
-5.359613598610177276e-02
-5.350978223554888474e-02
-5.300077824812267357e-02
-5.265473787275563866e-02
-5.219790079750236123e-02
-5.197588088351856594e-02
-5.175285470372598812e-02
-5.104220492698725159e-02
-5.088599647977047613e-02
-5.076568322202165001e-02
-5.049169636760440782e-02
-5.010311364357344921e-02
-4.987759265952964455e-02
-4.973659487564891651e-02
-4.914035612515338380e-02
-4.903655858301676079e-02
-4.854275225463877685e-02
-4.828676729951700275e-02
-4.785003271165870486e-02
-4.761274511213681171e-02
-4.720437541228262451e-02
-4.684996812589176107e-02
-4.659928107470411723e-02
-4.632990773355372127e-02
-4.593804500432001336e-02
-4.572704596362686669e-02
-4.564698106569738123e-02
-4.519558755979736359e-02
-4.468287730554332954e-02
-4.435262521176523004e-02
-4.405746863097860511e-02
-4.355367037885702480e-02
-4.330008414936708377e-02
-4.319824533322556837e-02
-4.279824882341516645e-02
-4.262211796893723009e-02
-4.231673512863138448e-02
-4.169235535393821246e-02
-4.149993808011816915e-02
-4.119928766307719842e-02
-4.099346443748062840e-02
-4.083554448547557086e-02
-4.061322902183587408e-02
-3.991594575256668387e-02
-3.967421949962322836e-02
-3.933575241327384731e-02
-3.913904264945840261e-02
-3.859998347104667132e-02
-3.857388542152703770e-02
-3.805891224989468857e-02
-3.768581884720599573e-02
-3.758513780956693195e-02
-3.704277590444851609e-02
-3.693861571296336993e-02
-3.660718617135074598e-02
-3.620736235536086561e-02
-3.606251022720009108e-02
-3.573016541953939751e-02
-3.571226566354390730e-02
-3.525357568898308813e-02
-3.486691882311065971e-02
-3.459446797855871003e-02
-3.413421787666317403e-02
-3.387738000343799155e-02
-3.353069465595431842e-02
-3.330080724999533170e-02
-3.288813810777329455e-02
-3.247489975151227753e-02
-3.240510516942442243e-02
-3.192596491206713821e-02
-3.166047107683207795e-02
-3.113048371381544124e-02
-3.082742899230225472e-02
-3.055452346049336229e-02
-3.030571252524667455e-02
-3.010158889258046644e-02
-2.983480539310615076e-02
-2.956797229363760521e-02
-2.935627372432783252e-02
-2.910112498274118609e-02
-2.874275609218561803e-02
-2.850176095270920765e-02
-2.817228862283514129e-02
-2.788886411128628853e-02
-2.751677045679138539e-02
-2.721330719618086577e-02
-2.705295942996897851e-02
-2.687462370737605383e-02
-2.664187577790426420e-02
-2.627953115276029580e-02
-2.599509040455076983e-02
-2.554797175558235975e-02
-2.529514819881089130e-02
-2.489654441985683989e-02
-2.476592546261432298e-02
-2.432386665236133810e-02
-2.423287788470870202e-02
-2.405387094675119630e-02
-2.390289189904971218e-02
-2.368296222023911698e-02
-2.328226846116600648e-02
-2.321144911207398062e-02
-2.293388818381294353e-02
-2.277489458717630449e-02
-2.195831062427581332e-02
-2.162430131870212227e-02
-2.137577205057271737e-02
-2.118945352988139616e-02
-2.098147267875673933e-02
-2.056875587789748147e-02
-2.040247460079095201e-02
-1.987064847327888600e-02
-1.977029426528084319e-02
-1.947408341806777105e-02
-1.928176814634831662e-02
-1.903501712135596130e-02
-1.846139049461420489e-02
-1.804181514563110364e-02
-1.781166349026461551e-02
-1.764983748732528238e-02
-1.741215522488107764e-02
-1.693134013683419634e-02
-1.678442710908886401e-02
-1.658525377090376562e-02
-1.644927523917506795e-02
-1.630369100835898574e-02
-1.574993361408110956e-02
-1.539370245284651592e-02
-1.531597585434357062e-02
-1.504572370793984086e-02
-1.461312185958930226e-02
-1.438652774878860542e-02
-1.411756857006453772e-02
-1.378129621221422380e-02
-1.356705273332237983e-02
-1.331956984855055433e-02
-1.310956694526291787e-02
-1.287858920472225235e-02
-1.253456237489212512e-02
-1.212363690638774277e-02
-1.171403720168631875e-02
-1.159366640743478803e-02
-1.130743083008447537e-02
-1.126460011983218892e-02
-1.092140743976705887e-02
-1.061714483768712997e-02
-1.056235542548501598e-02
-1.035543393168025621e-02
-1.005261621464232508e-02
-9.679065263788555820e-03
-9.424072146150524326e-03
-9.035077554670889813e-03
-8.713485979263382170e-03
-8.428191146719821863e-03
-8.288783119704922278e-03
-7.957782416179162363e-03
-7.457530272356090346e-03
-7.241403534853664385e-03
-7.032454907304675450e-03
-6.818631684470982841e-03
-6.489923437145126393e-03
-6.282865498913797753e-03
-6.141304054318200319e-03
-5.562111223039043623e-03
-5.496819429996786452e-03
-5.293381088464013673e-03
-5.068320267365250889e-03
-4.451240654429774665e-03
-4.198795425310554094e-03
-4.044023072379551893e-03
-3.852660007467831414e-03
-3.422690439764626558e-03
-3.106026318286871698e-03
-2.969177593870083679e-03
-2.853566677630107063e-03
-2.690213191187837156e-03
-2.430604412340405147e-03
-2.355017214305982730e-03
-1.875022037132108863e-03
-1.588553956765117146e-03
-1.281464660608290246e-03
-9.001891556129951698e-04
-7.296916657825131903e-04
-2.483529121822015419e-04
6.325640206593115928e-05
1.753272242257633876e-04
5.920917919220717489e-04
7.397229613453307640e-04
1.402664307556654270e-03
1.512080961157070882e-03
2.023998010253457748e-03
2.069317985178283775e-03
2.353517783919717183e-03
2.716754316602862027e-03
2.765927966853098073e-03
3.004217946388021768e-03
3.229995859840317698e-03
3.537163920804703605e-03
3.711193933017091322e-03
4.049532929967079690e-03
4.428288199795397950e-03
4.522258096387950926e-03
4.839211118503549368e-03
5.128678855099546956e-03
5.376641612246826733e-03
5.831483550345021444e-03
6.339939831043210107e-03
6.642245444216854887e-03
6.988869737667401105e-03
7.051223930762545722e-03
7.286151442312655512e-03
7.403440860915174934e-03
7.834323522846176752e-03
8.052634470247796786e-03
8.381168484114787792e-03
8.550024572610339171e-03
8.780072247558433698e-03
8.845892150731636538e-03
8.928808861759523000e-03
9.265738237886556733e-03
9.530840231278498581e-03
9.983328829093959800e-03
1.024031138271903028e-02
1.101430788469000450e-02
1.127049024250833739e-02
1.146066944944762640e-02
1.163272985702432441e-02
1.187541243803880153e-02
1.204592178418908456e-02
1.221757257051613553e-02
1.235937478517977646e-02
1.246933736090899587e-02
1.264347513198060304e-02
1.318764669578285573e-02
1.330507194180448848e-02
1.366429432284680008e-02
1.374127358939715611e-02
1.413894068134507326e-02
1.442078640638464783e-02
1.484298618949989393e-02
1.505625353720001572e-02
1.548667747465223149e-02
1.588845506399151272e-02
1.601037132599782489e-02
1.605434606870400835e-02
1.674812870618739083e-02
1.689308330861763810e-02
1.705036940262388834e-02
1.745260173643158746e-02
1.766443117225020842e-02
1.789647294355020679e-02
1.797081384216267508e-02
1.831327083959809199e-02
1.850535701828909252e-02
1.894748012413299126e-02
1.910808333049382468e-02
1.928845016730473816e-02
1.985057423141271121e-02
2.001689422040501404e-02
2.005999642505406841e-02
2.040624464957548762e-02
2.071088244986205029e-02
2.095295572823041227e-02
2.107270386411515262e-02
2.170742044287381212e-02
2.189603178521323454e-02
2.204706083136863046e-02
2.237819654232591979e-02
2.259166440794070987e-02
2.301013842961813563e-02
2.325091533337268757e-02
2.376689298408070708e-02
2.390625455613803671e-02
2.396822534200551344e-02
2.433982838688134726e-02
2.450908604828013621e-02
2.501600994969622668e-02
2.536672160992806471e-02
2.561199232035317463e-02
2.586460798197961000e-02
2.596542278358522290e-02
2.640177382378704890e-02
2.687053507905440633e-02
2.723541760756683500e-02
2.743454950822301480e-02
2.789442396821996059e-02
2.804351878771678755e-02
2.826381382899315758e-02
2.861409289130181083e-02
2.875782479612574299e-02
2.888994215864068918e-02
2.918941564354681981e-02
2.980898879253210051e-02
3.001635896524006836e-02
3.051575077828717203e-02
3.067688870093243300e-02
3.084861275863005556e-02
3.136067111087293552e-02
3.146292282988196604e-02
3.158581614664954240e-02
3.185011969415119798e-02
3.217314415221900203e-02
3.226173112364523476e-02
3.253618206006059915e-02
3.311775997724784870e-02
3.324159144734088744e-02
3.386930632459983492e-02
3.410243887742692853e-02
3.421705623037727545e-02
3.465669666921727260e-02
3.484330117045637137e-02
3.503942436254271764e-02
3.561941926042282852e-02
3.569982206818397147e-02
3.590629792208271248e-02
3.636367620875973622e-02
3.670213165602252692e-02
3.684714379911595977e-02
3.724878162203276721e-02
3.747818723536752022e-02
3.786639514355336078e-02
3.830863246339844680e-02
3.889085961513127909e-02
3.899597236903268316e-02
3.938705913674394460e-02
3.965758938655901400e-02
4.001070264218208050e-02
4.010638348419377081e-02
4.042736931036340631e-02
4.071336097011416660e-02
4.116203511711768320e-02
4.136264842239099904e-02
4.150917146659311580e-02
4.192966506904485802e-02
4.217329100347283477e-02
4.241137319709294140e-02
4.271754189541531604e-02
4.292219477240215991e-02
4.320023804422273156e-02
4.400193873549244905e-02
4.412578788951660586e-02
4.434399890914512282e-02
4.455453021529611618e-02
4.488109966639952653e-02
4.526850525839318934e-02
4.547510180398398744e-02
4.571165142047404345e-02
4.636183693750873386e-02
4.677228320283250557e-02
4.679319564057132091e-02
4.728996490231444222e-02
4.766904846009313579e-02
4.820020969191428362e-02
4.866340956193446893e-02
4.880908788284457622e-02
4.932718335742618948e-02
4.956060356346330548e-02
4.992863262221694520e-02
5.030762307842371467e-02
5.081567359820630264e-02
5.116042568597908846e-02
5.132610306622115842e-02
5.155869057001288142e-02
5.185394179700740513e-02
5.243282624113484308e-02
5.281400709042107650e-02
5.302054526156685377e-02
5.331927666432878521e-02
5.374231014937668610e-02
5.396649823022048320e-02
5.422901106591838244e-02
5.466432473582210488e-02
5.478128824571412009e-02
5.502031492773187815e-02
5.526997893419671737e-02
5.556846891915586534e-02
5.625465014562756882e-02
5.656329541978818987e-02
5.680256384223878602e-02
5.693087736386568537e-02
5.742079793531635473e-02
5.777351682024365470e-02
5.821284470957523854e-02
5.828993725001819365e-02
5.843790474090840292e-02
5.892387775067631922e-02
5.923512226342451253e-02
5.982891303143388767e-02
6.008266309077961442e-02
6.058757453140664606e-02
6.100339604436150892e-02
6.115213530907812750e-02
6.144307914111762220e-02
6.158895019418244438e-02
6.206592426277507402e-02
6.258227531910176555e-02
6.305411158688113693e-02
6.340826762081699930e-02
6.384675877744461214e-02
6.393700468460508657e-02
6.450147715015458472e-02
6.527262108170925337e-02
6.573625571337174400e-02
6.628684030637714553e-02
6.697885563577699042e-02
6.716389127248680035e-02
6.734035849692643350e-02
6.763530526755308359e-02
6.806767954065021109e-02
6.827382773373764924e-02
6.871118056652793238e-02
6.902418691053353872e-02
6.930556674083564184e-02
6.992195475572786367e-02
7.092727781061773651e-02
7.110614120651972958e-02
7.174490955300247275e-02
7.222737110961903462e-02
7.298316850128803990e-02
7.310680848361912620e-02
7.345145133518558855e-02
7.370226611540978134e-02
7.448344934311108834e-02
7.543363298920126303e-02
7.586242645666319007e-02
7.618313423914717386e-02
7.686182376119345128e-02
7.745683546782776430e-02
7.789801912149414698e-02
7.808195004674593764e-02
7.883910806761901258e-02
7.913701335274067605e-02
8.006500415426429096e-02
8.025070568437772667e-02
8.153152314303444004e-02
8.177573966335610622e-02
8.248545301992854517e-02
8.336489879640970879e-02
8.396809788534959074e-02
8.482415092754309882e-02
8.575694979929782136e-02
