-8.683606558389507513e-02
-8.621668631417288287e-02
-8.476331398641478998e-02
-8.461560965384751221e-02
-8.373469928797910855e-02
-8.260643407872519939e-02
-8.188400527108113947e-02
-8.070774299010964603e-02
-8.067420470458568083e-02
-7.990540265339100834e-02
-7.934931592749475127e-02
-7.863687527636029073e-02
-7.800855631728845219e-02
-7.763359311286896491e-02
-7.703378674806746207e-02
-7.667586266464647415e-02
-7.578149227032381086e-02
-7.554377384096781778e-02
-7.429518821980528320e-02
-7.395055918962956110e-02
-7.381544907120335397e-02
-7.304648880504836794e-02
-7.242803638766204255e-02
-7.218600223138051108e-02
-7.139551016119140281e-02
-7.111745880942552112e-02
-7.094498552075924336e-02
-7.054108575935977288e-02
-6.960954450222416046e-02
-6.941479858317167739e-02
-6.865337836774455804e-02
-6.810248749060089646e-02
-6.778020265425135915e-02
-6.727629746839838831e-02
-6.678144103780031537e-02
-6.647484576994619476e-02
-6.579578839666022638e-02
-6.534683153661943744e-02
-6.496177457893440033e-02
-6.471500747002079112e-02
-6.438583926936128354e-02
-6.368385945549859262e-02
-6.325120728685880434e-02
-6.314036893396882122e-02
-6.285923840185948797e-02
-6.274568519625445262e-02
-6.243849236677765507e-02
-6.193678143445514178e-02
-6.129627335280168204e-02
-6.068328888601391691e-02
-6.043693647476372499e-02
-6.029968158675132195e-02
-6.012104274062737841e-02
-5.991513072254333466e-02
-5.963396469762220764e-02
-5.944206610086050918e-02
-5.871384101911435865e-02
-5.818348728515552321e-02
-5.766385931372368379e-02
-5.743215265391250074e-02
-5.729488049567550007e-02
-5.704427859509006438e-02
-5.621706102640897096e-02
-5.593893538010161898e-02
-5.552561973398740386e-02
-5.532473336846872175e-02
-5.515440823356371897e-02
-5.489233920007043771e-02
-5.469500239592915702e-02
-5.435431258255742082e-02
-5.429258987585521695e-02
-5.375588121473713621e-02
-5.311491223586179561e-02
-5.278880264803128414e-02
-5.271447038388935719e-02
-5.259081372661690568e-02
-5.163658383958757286e-02
-5.147816149587873535e-02
-5.105941935552917726e-02
-5.091869720207475164e-02
-5.033070151494645206e-02
-4.982413677830058868e-02
-4.974676715889731621e-02
-4.946419590246504266e-02
-4.894821084672738160e-02
-4.892674211967485559e-02
-4.837672039146482389e-02
-4.817720681693148099e-02
-4.795209476357097100e-02
-4.773535439579459916e-02
-4.725901566855549019e-02
-4.671873315280235944e-02
-4.657655783643946390e-02
-4.613136273915213054e-02
-4.600277055242558283e-02
-4.559786804805729399e-02
-4.547413462393880279e-02
-4.511798171681411646e-02
-4.498654341442848842e-02
-4.477031528290977697e-02
-4.448121611723352548e-02
-4.381266560690084966e-02
-4.361217712538040941e-02
-4.324680454692522713e-02
-4.281563009600219960e-02
-4.250694443493514135e-02
-4.220672074276995284e-02
-4.170938898981160770e-02
-4.134728549744109277e-02
-4.127380695076295070e-02
-4.084394034092796860e-02
-4.038265473985083037e-02
-4.026253227002266760e-02
-3.999784153795708785e-02
-3.985086157825541014e-02
-3.927970286454637167e-02
-3.911900324995499362e-02
-3.880408135091532179e-02
-3.864001375652795917e-02
-3.841160308292365655e-02
-3.827992352218817507e-02
-3.759900742632737297e-02
-3.733427876474961632e-02
-3.707624383257371314e-02
-3.680912351478851652e-02
-3.661589093482895546e-02
-3.653747723892872973e-02
-3.579877018437305908e-02
-3.559343948799260915e-02
-3.525476777802610817e-02
-3.497607675099118768e-02
-3.481366677476301075e-02
-3.456837385394474077e-02
-3.428859706249839934e-02
-3.397374535257284556e-02
-3.350467718073854573e-02
-3.339016027223590255e-02
-3.286374245349597129e-02
-3.281445532114663638e-02
-3.256925491924568539e-02
-3.228542596798301273e-02
-3.182464142623384062e-02
-3.140965015657767173e-02
-3.117188874374854368e-02
-3.072112694693501442e-02
-3.051136805710084193e-02
-3.039397313247943141e-02
-3.023217010068414770e-02
-3.006873283556735915e-02
-2.942080079757145722e-02
-2.894033010806358955e-02
-2.881941442271387932e-02
-2.852117517572520800e-02
-2.835906928132438803e-02
-2.822428777645353409e-02
-2.763611784151286457e-02
-2.752101776273123759e-02
-2.732650255539692541e-02
-2.712089276184909137e-02
-2.683450845308405636e-02
-2.634577702251338777e-02
-2.618703271587392856e-02
-2.576536118817219015e-02
-2.564644671171172757e-02
-2.530552293468126338e-02
-2.496733072031157366e-02
-2.474856660552750276e-02
-2.452350840384619202e-02
-2.401996502045009377e-02
-2.394862071782069904e-02
-2.355487376711660683e-02
-2.334909209788526424e-02
-2.318726676375981385e-02
-2.285483335395805185e-02
-2.273935204413757641e-02
-2.226080050487397322e-02
-2.220471188074014945e-02
-2.158682629069223757e-02
-2.104905813049762903e-02
-2.070593802718810605e-02
-2.052846422503087215e-02
-2.044208499092905681e-02
-2.011219469151850209e-02
-1.993790614046776419e-02
-1.951643632935398318e-02
-1.883109801123100321e-02
-1.869034138964714362e-02
-1.849831866111560988e-02
-1.826494443505490353e-02
-1.795830711692329718e-02
-1.745662103529130663e-02
-1.735183638368570716e-02
-1.723605566478109488e-02
-1.699131781008530670e-02
-1.688569432920812227e-02
-1.668976762113379142e-02
-1.644011270942903613e-02
-1.599411339920334824e-02
-1.570783728623604408e-02
-1.549987365243059474e-02
-1.528244152182925593e-02
-1.486990140680505453e-02
-1.465284064155478704e-02
-1.427944607545362024e-02
-1.402617217306873290e-02
-1.370850036909359963e-02
-1.352984588032818403e-02
-1.306865459949394306e-02
-1.289825265637715469e-02
-1.276490428951661260e-02
-1.266370917187026324e-02
-1.251717683760995847e-02
-1.215078246888358707e-02
-1.188413569920877301e-02
-1.144088805573908844e-02
-1.109276380229086770e-02
-1.075609437383586407e-02
-1.038271684122391535e-02
-1.008366628323866497e-02
-9.914935583417628165e-03
-9.600488540963549033e-03
-9.304232837925844116e-03
-9.159747649484727486e-03
-8.726694923942563201e-03
-8.376541213987712467e-03
-8.062649938793922666e-03
-7.931113676350182509e-03
-7.748613475302446388e-03
-7.504532429393471690e-03
-7.351835094506519938e-03
-7.003014880231803359e-03
-6.693251428403872161e-03
-6.615678632898955303e-03
-6.152046976599225524e-03
-5.819962864620403624e-03
-5.812846269568430063e-03
-5.563959421575298374e-03
-5.207877398989414937e-03
-4.946949003129232081e-03
-4.541655659486339147e-03
-4.258085792965761625e-03
-3.875181216981598599e-03
-3.750356115181205981e-03
-3.290452651317709969e-03
-3.155243875692949861e-03
-2.871754424914772872e-03
-2.267788109721312947e-03
-2.059205117639200180e-03
-1.978257244540285783e-03
-1.850576884023081778e-03
-1.469834219190888254e-03
-1.318193705829793540e-03
-1.123057816898820295e-03
-8.006410376757576355e-04
-4.951472156803297508e-04
3.178570910597942157e-05
1.806083616796121387e-04
3.240016421859620989e-04
5.268755100487960584e-04
8.020060257818274838e-04
1.082749447406181151e-03
1.411627166412681312e-03
1.680261208051358210e-03
1.807295324449525618e-03
1.949993865308757065e-03
2.326746740017629836e-03
2.434507717894907400e-03
2.768954578279681205e-03
3.232587762106025296e-03
3.436791500151304291e-03
3.557734999375139831e-03
3.858971100989319874e-03
4.023194873726939659e-03
4.433498327206835538e-03
4.664708934724860930e-03
5.090571867855461438e-03
5.566521375605391030e-03
5.628149973339875538e-03
6.066953556512987532e-03
6.572323985679726782e-03
6.755380448975362162e-03
6.844781083717501116e-03
7.284094369106071734e-03
7.602706933279045065e-03
7.826759203077845312e-03
7.898925170364296672e-03
8.270785812305036719e-03
8.346752793699322229e-03
8.517376111715222256e-03
9.363659871304533602e-03
9.775367087422909274e-03
9.920281425914665926e-03
1.017155633267127768e-02
1.049413629534034186e-02
1.066491362906027592e-02
1.098598999878984232e-02
1.110553788459069276e-02
1.152695892252108938e-02
1.175861884697955960e-02
1.196705772315369981e-02
1.214518452734511360e-02
1.227445149575481266e-02
1.250896110781498857e-02
1.287216360109328522e-02
1.307778409563337130e-02
1.324148269167899593e-02
1.336992967772738898e-02
1.365551680566082053e-02
1.419863170213066413e-02
1.432092388896822298e-02
1.484124573444166838e-02
1.544750055964577533e-02
1.551095808611416792e-02
1.585940117028017057e-02
1.627496709810000858e-02
1.652970375871412254e-02
1.670311475802511644e-02
1.698531413271300861e-02
1.714400528372293092e-02
1.733908187514117405e-02
1.746170113552122233e-02
1.767703594081980467e-02
1.809924871329244775e-02
1.837528224265310220e-02
1.869837322027043461e-02
1.913432012528267639e-02
1.922836693352868512e-02
1.966390206655145231e-02
1.977901440923691967e-02
2.005427145777919501e-02
2.052020445064025450e-02
2.093147853788142332e-02
2.103600514012914091e-02
2.152002103763894433e-02
2.180447791799444354e-02
2.201813934016329591e-02
2.235585029351683586e-02
2.245455641646334696e-02
2.267839085897328105e-02
2.297391517490509835e-02
2.341153979560110093e-02
2.362203722416717985e-02
2.377058523802145704e-02
2.388434684304542241e-02
2.409594141127938127e-02
2.459312476400281680e-02
2.512799152133939756e-02
2.536379440106540512e-02
2.554369715574490024e-02
2.593235302924223884e-02
2.617203065783518107e-02
2.659855677402750765e-02
2.688299885246484347e-02
2.699113349469331458e-02
2.721806252520249728e-02
2.735925075983406188e-02
2.769645653875139196e-02
2.800596208467741322e-02
2.837136556966211171e-02
2.863005363023593888e-02
2.876635281441479106e-02
2.905680953185405674e-02
2.921674072607262709e-02
2.999479859288920261e-02
3.026902829027214650e-02
3.044647409076221140e-02
3.059902294385282925e-02
3.099732191863704620e-02
3.119986668848799202e-02
3.154523998195719880e-02
3.190692913536089664e-02
3.210428053755737948e-02
3.243246229937352815e-02
3.295348058132303859e-02
3.311622020916622083e-02
3.324826084687292765e-02
3.338543298939412179e-02
3.357019796916001914e-02
3.402768013487603160e-02
3.449510208466801536e-02
3.465727597237635432e-02
3.502912905955517936e-02
3.539078505302072075e-02
3.562446633360914078e-02
3.612485466923303495e-02
3.635025925524608403e-02
3.660307128308955965e-02
3.693098926132296761e-02
3.721108285701379276e-02
3.727945395112535615e-02
3.784732323184726577e-02
3.792694123324480415e-02
3.811242184287469414e-02
3.842184359509463049e-02
3.858230797478556795e-02
3.896390475835243006e-02
3.931705921865397135e-02
3.940035382766148009e-02
3.972991999309717637e-02
4.015956736398593185e-02
4.044774426804518402e-02
4.091051057215663866e-02
4.116906617615617020e-02
4.153643377056836367e-02
4.197359364023699191e-02
4.224942425247994043e-02
4.228348610916266709e-02
4.253783132869645017e-02
4.286957147703753662e-02
4.336147041946632891e-02
4.402361916550841248e-02
4.417247403661565819e-02
4.455227418710241277e-02
4.479528266073421611e-02
4.483712174946800216e-02
4.516977882712921999e-02
4.540272857633726594e-02
4.555772407804550145e-02
4.630627376996217931e-02
4.655126214916670974e-02
4.664012909709992771e-02
4.682716321067402487e-02
4.762615180402454684e-02
4.802893672874044423e-02
4.821308463299657510e-02
4.858183736395326607e-02
4.887601142064223331e-02
4.937811978698532223e-02
4.959917184296497306e-02
4.993345564628394462e-02
5.005576799214298683e-02
5.048610888471421337e-02
5.071663928732624005e-02
5.095007211729789265e-02
5.123567222973237495e-02
5.128820650227863820e-02
5.192806582360389583e-02
5.194723283949281845e-02
5.266197384380068985e-02
5.277859252482133140e-02
5.347055299458307320e-02
5.374828512295499322e-02
5.395626699557490302e-02
5.422129524254365451e-02
5.454920128421546915e-02
5.472018862733803168e-02
5.567673173870810177e-02
5.578860645392925977e-02
5.592004887078626946e-02
5.648528198094755759e-02
5.661820559273662151e-02
5.733906862645873903e-02
5.763637948023361129e-02
5.797402665014905060e-02
5.840242285312303994e-02
5.861871351342384101e-02
5.881723270603732984e-02
5.952244603272974222e-02
5.961520841275850385e-02
5.993958817069766631e-02
6.013017046984570763e-02
6.037903346117540204e-02
6.071995982123608998e-02
6.120124196797536997e-02
6.176346425340711183e-02
6.234455985741239881e-02
6.249626558922532354e-02
6.334866800670416187e-02
6.373330304847614480e-02
6.425735608001235943e-02
6.438045179134464779e-02
6.479855802907522055e-02
6.550207671069731286e-02
6.589791155223395647e-02
6.621993636131001670e-02
6.664898172968995727e-02
6.730440168029148962e-02
6.747885305376920273e-02
6.782796578633497331e-02
6.842052561925288101e-02
6.875583344867552960e-02
6.945837293991970196e-02
6.981444115791879401e-02
7.019739483510793743e-02
7.080745555433705374e-02
7.126522413315360127e-02
7.178314536179872252e-02
7.217766539141359794e-02
7.245773448739495359e-02
7.299790087983944187e-02
7.319420808956761393e-02
7.346704102671848535e-02
7.393565022514050900e-02
7.468761967787483635e-02
7.513483782133943689e-02
7.575149995523820790e-02
7.616619050062865826e-02
7.658596068404038837e-02
7.712906482904921535e-02
7.801863560512402318e-02
7.851944691846886315e-02
7.899531918233425321e-02
8.002355488364699954e-02
8.081328192440695446e-02
8.169281897576038953e-02
8.237779279719950609e-02
8.287080714395124448e-02
8.326470827693413512e-02
8.397410436359768748e-02
8.437673697926792449e-02
8.569869981741470855e-02
8.736366244196208664e-02
