-8.607870250783841715e-02
-8.476488771282082724e-02
-8.430259647415512536e-02
-8.370814099409940034e-02
-8.306201168047798455e-02
-8.192720013552172442e-02
-8.164949589161946131e-02
-8.097904561315077965e-02
-8.048583822965824086e-02
-7.970951277708639149e-02
-7.924627679682613723e-02
-7.878746865966601565e-02
-7.812326363011773411e-02
-7.733117193035227155e-02
-7.671943601450130490e-02
-7.607773760992500578e-02
-7.576168634442478900e-02
-7.474129082815955671e-02
-7.430053260645676227e-02
-7.370552447023534515e-02
-7.340678654296142747e-02
-7.318881586187714339e-02
-7.260230104625026160e-02
-7.217504947881465960e-02
-7.187515849158215842e-02
-7.141104866799850848e-02
-7.096423591410414011e-02
-7.024163478680582606e-02
-6.960220086362414738e-02
-6.911470811769231115e-02
-6.879611633259960501e-02
-6.835324774315140739e-02
-6.803300290877205281e-02
-6.782582371342193994e-02
-6.719119633742452746e-02
-6.671003537804738592e-02
-6.633656849032301683e-02
-6.607432711825898808e-02
-6.559835717672023170e-02
-6.541710768994292435e-02
-6.489095460991076147e-02
-6.397731909884145363e-02
-6.385278368156922790e-02
-6.365719919701555429e-02
-6.334087591593795530e-02
-6.286264329213445134e-02
-6.278019735683301739e-02
-6.242679747752654523e-02
-6.180143302050498944e-02
-6.142482960785204671e-02
-6.083189007837822709e-02
-6.065082762713967790e-02
-5.994557046445386783e-02
-5.938072990437885668e-02
-5.928834322347855540e-02
-5.874679634118697147e-02
-5.854319311513762891e-02
-5.841322506311174417e-02
-5.781635098503472986e-02
-5.743480750066679019e-02
-5.716286557696513559e-02
-5.657921254274169559e-02
-5.642042818855530495e-02
-5.612962216779465024e-02
-5.554913149206289896e-02
-5.544075146357376610e-02
-5.519693432127873584e-02
-5.492014889747287576e-02
-5.446657168489665857e-02
-5.410455446971518950e-02
-5.386526530633658355e-02
-5.369884786466422311e-02
-5.312990840744732934e-02
-5.263424870201743877e-02
-5.200224284623319176e-02
-5.167766574857823175e-02
-5.152648373059982856e-02
-5.137882355447229848e-02
-5.102996884006467254e-02
-5.029878923251282496e-02
-4.993441866921376204e-02
-4.981723246962443258e-02
-4.948039545321653021e-02
-4.939792749493634311e-02
-4.925892151498137417e-02
-4.871399589061370383e-02
-4.863683653964322173e-02
-4.820149875524756128e-02
-4.786641046984713849e-02
-4.732499657258720793e-02
-4.709698603077984436e-02
-4.688043024088579813e-02
-4.647681762468585526e-02
-4.617634973664200282e-02
-4.594349659476246184e-02
-4.576563521407181478e-02
-4.555795218853331968e-02
-4.500602180195227564e-02
-4.447853279762636197e-02
-4.426841882032690745e-02
-4.398898740730700085e-02
-4.391219584172768864e-02
-4.334396893146084256e-02
-4.303439216927897742e-02
-4.268057168260930984e-02
-4.229527526818648714e-02
-4.210808795263471654e-02
-4.196927089829656510e-02
-4.158138681571098977e-02
-4.140250045101675352e-02
-4.112020641792630410e-02
-4.066608131310479879e-02
-4.038498465059119774e-02
-3.998125516724474610e-02
-3.976373156794069108e-02
-3.942920246127771394e-02
-3.924095140238265111e-02
-3.900945340082569157e-02
-3.881311598835062576e-02
-3.806037200985357832e-02
-3.760844741059432561e-02
-3.748060080228071689e-02
-3.723236327568048981e-02
-3.675792929821544014e-02
-3.634385060254587130e-02
-3.604682956718181785e-02
-3.592138784528381423e-02
-3.570275818584208588e-02
-3.544647442352162614e-02
-3.521353776293102006e-02
-3.501306900702821912e-02
-3.466527958601303694e-02
-3.444845561076458756e-02
-3.422754575497778673e-02
-3.377269233886504712e-02
-3.373167532184722511e-02
-3.329115471092203987e-02
-3.279638748281527016e-02
-3.256948525328023231e-02
-3.223452650976497275e-02
-3.216271587273857729e-02
-3.153848181311385418e-02
-3.102009590610763437e-02
-3.097171354738803215e-02
-3.067775809896989767e-02
-3.059169113512459279e-02
-3.034824024756616404e-02
-3.023892663014609086e-02
-2.966668611120849147e-02
-2.955290689545293781e-02
-2.909990720639269932e-02
-2.894148433991908589e-02
-2.855151012798737634e-02
-2.818168751890010038e-02
-2.792795916273166368e-02
-2.764458808528733394e-02
-2.742073203572185577e-02
-2.712494217043191422e-02
-2.646723256262889512e-02
-2.633564085737928606e-02
-2.612083721240496606e-02
-2.574832837405203328e-02
-2.552491029680073117e-02
-2.534653128931412328e-02
-2.499291495702265359e-02
-2.487261113345352534e-02
-2.460089711651326436e-02
-2.444174805877136897e-02
-2.419005821266558345e-02
-2.359518949026297857e-02
-2.356531317625244759e-02
-2.306476027372748525e-02
-2.283358433994303605e-02
-2.256825302314168294e-02
-2.247031853599836329e-02
-2.222720913160272302e-02
-2.197951859727971871e-02
-2.178032101887938943e-02
-2.150765408525165054e-02
-2.111501531039540816e-02
-2.089595245239480800e-02
-2.061316457560434176e-02
-2.026474900810504992e-02
-1.988755420364894319e-02
-1.969221480115131498e-02
-1.939300476432274933e-02
-1.908269505742321917e-02
-1.902037256516562677e-02
-1.882086371430056679e-02
-1.843451527200702655e-02
-1.796500914760328776e-02
-1.789797627741022967e-02
-1.738904548531361796e-02
-1.719232391429957596e-02
-1.695621998916007137e-02
-1.661065232490990459e-02
-1.629324871909584860e-02
-1.615630608466889565e-02
-1.573691883372483821e-02
-1.546076707365703906e-02
-1.521284143081063668e-02
-1.480253039463197418e-02
-1.466222581873627591e-02
-1.426209253810141291e-02
-1.424404644880336232e-02
-1.401895036131565325e-02
-1.381556093210913917e-02
-1.366788053640265524e-02
-1.329280837026599466e-02
-1.296698999880006864e-02
-1.278359846833171040e-02
-1.227120305093385919e-02
-1.204120818837801574e-02
-1.193438392100104953e-02
-1.166050366891315665e-02
-1.142590983676579700e-02
-1.111116422968747887e-02
-1.037945077157218648e-02
-1.019128448792606771e-02
-1.012160927656424042e-02
-9.782619270593720384e-03
-9.201086126124250614e-03
-9.017877974154367079e-03
-8.808523700627757594e-03
-8.456153096353887649e-03
-8.022368145564418365e-03
-7.789282657541545321e-03
-7.710681723556863341e-03
-7.501857778195427165e-03
-7.083554025674708605e-03
-6.761474965754355783e-03
-6.567261589073299273e-03
-6.281880475387122999e-03
-6.132319366764317492e-03
-5.849112333048922703e-03
-5.672956747630558856e-03
-5.339557159085319554e-03
-5.153117517676318940e-03
-5.053385830105243740e-03
-4.581936885946497583e-03
-4.151563105232608693e-03
-4.083783212718949777e-03
-3.826072862872084788e-03
-3.429307922962605143e-03
-3.198984620346330063e-03
-2.883737926526174725e-03
-2.776170683499670170e-03
-2.419712684254992155e-03
-1.906977953444400926e-03
-1.876339908531066006e-03
-1.762653528005570349e-03
-1.336936732228507152e-03
-1.182587926855444308e-03
-5.612846638147880787e-04
-5.115197342602987142e-04
-1.027466363411243337e-04
5.986489144724284778e-05
1.913716699227750175e-04
6.413593031281559142e-04
9.301334899925946557e-04
1.016367426082787767e-03
1.449581925638865386e-03
1.697496497454147046e-03
1.963195603159033180e-03
2.260790372125451916e-03
2.458428185397628155e-03
2.718414387357363359e-03
3.188372138412010233e-03
3.472753653771260950e-03
3.744833818682270343e-03
3.990003981834820690e-03
4.340357628702573925e-03
4.378072101241386148e-03
4.666723842809522918e-03
4.823022405031259126e-03
5.074505004363847813e-03
5.337654828404801190e-03
5.662423640914167854e-03
5.890555075525307806e-03
6.065748114758176199e-03
6.431310692688459521e-03
6.638800794190806258e-03
6.825482802123554113e-03
7.248143297755872336e-03
7.496329324144000196e-03
7.869512133626363828e-03
8.032931908935380186e-03
8.216491697455375817e-03
8.463745369734501645e-03
8.621230113705071960e-03
8.754598031191872590e-03
9.209530906815479104e-03
9.721516607543582641e-03
1.006048846437511413e-02
1.012894228917970638e-02
1.034867119170853993e-02
1.080404766398261260e-02
1.097367038476447509e-02
1.102556393745346419e-02
1.147689038017781285e-02
1.178206808296281861e-02
1.189962917963766249e-02
1.207414570975766550e-02
1.254872179847118900e-02
1.268296382888401026e-02
1.289441455126320163e-02
1.340463784845670296e-02
1.374106673140679420e-02
1.437822973339929894e-02
1.449678638303557310e-02
1.456542850521411539e-02
1.473264369265193073e-02
1.499597166460840333e-02
1.542215665954263515e-02
1.571261180604939869e-02
1.587681395298078460e-02
1.645034128735091070e-02
1.647750489088291997e-02
1.677550341565232569e-02
1.699840145895866253e-02
1.708930631581906737e-02
1.742085426021857536e-02
1.762683056069052484e-02
1.788368302097267590e-02
1.867139111762476308e-02
1.909455984483825197e-02
1.922762110172256469e-02
1.941212102143038964e-02
1.977351974084354605e-02
2.021017167651635235e-02
2.034385003618239054e-02
2.053967277402607081e-02
2.080841727626954463e-02
2.101260380520014390e-02
2.134451112701242145e-02
2.164888551863911048e-02
2.180084620708977808e-02
2.201215032868434132e-02
2.246075787368392168e-02
2.269197372107049221e-02
2.323967401927146473e-02
2.329518155713163410e-02
2.338911374393931597e-02
2.372710221564885633e-02
2.420360679350086822e-02
2.422905755723377477e-02
2.446918559736103310e-02
2.467096796481526785e-02
2.481641927755572768e-02
2.546792017106950037e-02
2.556121812895745943e-02
2.590490041613023250e-02
2.637232232593709341e-02
2.660812121556390894e-02
2.676937650125844892e-02
2.702350648653219223e-02
2.757469756838311359e-02
2.805031751271464674e-02
2.818015024167139920e-02
2.844189715885414235e-02
2.858370545269656171e-02
2.869151431108591180e-02
2.931129525592611820e-02
2.935353530221821577e-02
2.965074294688342660e-02
2.997716245302412680e-02
3.013730303909147035e-02
3.029648062503169023e-02
3.105064335154076455e-02
3.154344688988926920e-02
3.165102202098374340e-02
3.188652689734086665e-02
3.226427146846120447e-02
3.253797293496645676e-02
3.291576522245490133e-02
3.297775614325541144e-02
3.348591905579745981e-02
3.375446504240734585e-02
3.396071620275312869e-02
3.424524463100304950e-02
3.454819989359057819e-02
3.469533574680206539e-02
3.531803322590025551e-02
3.547744722695989061e-02
3.593172748069732581e-02
3.623013876034420627e-02
3.650822746047008294e-02
3.691360411528978730e-02
3.698154119892084479e-02
3.713948407614302283e-02
3.773986625993174665e-02
3.791032102463331999e-02
3.849738588509786508e-02
3.873702648946305421e-02
3.882485355907280833e-02
3.934281877473810168e-02
3.965226279197017756e-02
3.992785178655874900e-02
4.001884556464490456e-02
4.024987690403505208e-02
4.085799075458287910e-02
4.115807272898753394e-02
4.148705202048211943e-02
4.181398768210125433e-02
4.197120365629462835e-02
4.234318625582641354e-02
4.261784915420818720e-02
4.274518237562008327e-02
4.366551053105269253e-02
4.398862656644374897e-02
4.437574037850745140e-02
4.453726492408345561e-02
4.465384087022287313e-02
4.492830999304695677e-02
4.530804006894187386e-02
4.556408457317412397e-02
4.618802643184991702e-02
4.650878659315909464e-02
4.671483303527066561e-02
4.708444752818748136e-02
4.722842911367314961e-02
4.736939232963530838e-02
4.776270087753059501e-02
4.788760098317380171e-02
4.823360202606247205e-02
4.881925949505996204e-02
4.898052538162172426e-02
4.931528001363346542e-02
4.981211843412238632e-02
5.003300067588054012e-02
5.046489529396444573e-02
5.068291513504608048e-02
5.082972011059631867e-02
5.117436458958545681e-02
5.164996262127381776e-02
5.227719803031829343e-02
5.248009514843315904e-02
5.321701062062626775e-02
5.336966164992115735e-02
5.347147095712845993e-02
5.381206828954481630e-02
5.430303096299884946e-02
5.453268662247702514e-02
5.487282350851060975e-02
5.494998198683624657e-02
5.514793965503780870e-02
5.603769574642564200e-02
5.622903070025380562e-02
5.654227370332697011e-02
5.721615196033848910e-02
5.729172918630963396e-02
5.776730952381663176e-02
5.808470839694252624e-02
5.839216754243183732e-02
5.872294307851573525e-02
5.907537200494639151e-02
5.933519448154276482e-02
5.969435544269966615e-02
6.014883453566955557e-02
6.072657197586439626e-02
6.083160808263020358e-02
6.120458337048100689e-02
6.139128972514580618e-02
6.199434019152315345e-02
6.218274150905528375e-02
6.306570703004213407e-02
6.320717786901085267e-02
6.343154725632051127e-02
6.385211817370828324e-02
6.401547532875447033e-02
6.451935515406587163e-02
6.470936481601034795e-02
6.530366706338280869e-02
6.542641120120828990e-02
6.591152936371993953e-02
6.676778333960377287e-02
6.699043004502702736e-02
6.718348710844466998e-02
6.778387914123376601e-02
6.834553457144634803e-02
6.836076010401684333e-02
6.878235451798128675e-02
6.961199326278366684e-02
7.002787702701450401e-02
7.047875217623240929e-02
7.101330605171812804e-02
7.132269259803099282e-02
7.178161374159100494e-02
7.249094121026997128e-02
7.300754259235676946e-02
7.334498186992957636e-02
7.363419679287430686e-02
7.456158606894168484e-02
7.518585748792876167e-02
7.542848068729163247e-02
7.601845471331013238e-02
7.632766947653299439e-02
7.664889512193559518e-02
7.673058738999824491e-02
7.726812096181301381e-02
7.792678249349538344e-02
7.933247617697340714e-02
7.949730023444663563e-02
8.105092639878586080e-02
8.169068236403360939e-02
8.198825797950064220e-02
8.215912524995144794e-02
8.278784700552287157e-02
8.379788228911758119e-02
8.414609986057179636e-02
8.566181223605502659e-02
8.674378620984832255e-02
