-8.710802279277854443e-02
-8.659477095890115439e-02
-8.557651470749158551e-02
-8.416198896809701235e-02
-8.358120617521141993e-02
-8.196862571005865405e-02
-8.183317067906235864e-02
-8.076192278335848906e-02
-8.055458836521361965e-02
-7.986858042745269282e-02
-7.907780515704042335e-02
-7.876626262430064251e-02
-7.825560783811365273e-02
-7.754140270279266667e-02
-7.676473179366276323e-02
-7.601697556840128489e-02
-7.543085543686429972e-02
-7.504319813865197031e-02
-7.461673984172227658e-02
-7.443562744389703445e-02
-7.400988377061071266e-02
-7.358947890203715314e-02
-7.312922622783563087e-02
-7.243621727926122245e-02
-7.189700938118313844e-02
-7.076415390364508562e-02
-7.047150188215597910e-02
-6.987209296948314330e-02
-6.972103459513927237e-02
-6.929084895664988641e-02
-6.919571590543391326e-02
-6.851852152825337050e-02
-6.804135051119843125e-02
-6.793398992208959930e-02
-6.753475476100866126e-02
-6.723353552994461302e-02
-6.711425588727745750e-02
-6.601192560905419504e-02
-6.581412871951873578e-02
-6.550942579812855937e-02
-6.490579552231393046e-02
-6.431162679917151737e-02
-6.406747537770901557e-02
-6.377438878881708240e-02
-6.347374068342546971e-02
-6.280702440048800683e-02
-6.228981204758352042e-02
-6.208825597913286698e-02
-6.169800660601428705e-02
-6.157551939787080097e-02
-6.130085826912184954e-02
-6.061631467207830720e-02
-6.026632658462992287e-02
-5.991575662651731082e-02
-5.944750249884852428e-02
-5.901222497751134471e-02
-5.862559698479140324e-02
-5.856876943159458615e-02
-5.831617993893956076e-02
-5.781512730172685965e-02
-5.744033376585758188e-02
-5.733740874368171980e-02
-5.606462618185938107e-02
-5.576365590608303030e-02
-5.548350796964304082e-02
-5.533146880177580024e-02
-5.485996513688951026e-02
-5.470466942265251459e-02
-5.428719243786980786e-02
-5.402459986321201529e-02
-5.373471263169071060e-02
-5.334621308198193163e-02
-5.307195053633063930e-02
-5.288897681845219911e-02
-5.241681570296743281e-02
-5.207423718432743071e-02
-5.188541035807489599e-02
-5.149564226716970422e-02
-5.123888686650096558e-02
-5.080931978916045089e-02
-5.064878297821006486e-02
-5.016732935977834956e-02
-4.995964646359397909e-02
-4.963456239106032314e-02
-4.909761934451375986e-02
-4.877586963391747354e-02
-4.821097499626778721e-02
-4.809248648605768395e-02
-4.759965117349753555e-02
-4.736269636838038449e-02
-4.720417282974433137e-02
-4.662872587965887633e-02
-4.616469791080916873e-02
-4.593380674410856013e-02
-4.581515430576512532e-02
-4.556990084673224334e-02
-4.548581966246983271e-02
-4.517414721279881112e-02
-4.487379851856715396e-02
-4.420194253965226139e-02
-4.399360545439279929e-02
-4.356213437232397262e-02
-4.323896590710798321e-02
-4.295562008967734879e-02
-4.269330179894798016e-02
-4.217299283974714624e-02
-4.203045783123012663e-02
-4.174905642884543799e-02
-4.158613322811711976e-02
-4.140930700915691764e-02
-4.120570162451109991e-02
-4.069138305651054388e-02
-4.038013907951736037e-02
-3.975883713612995279e-02
-3.968385526056731477e-02
-3.909139626445706783e-02
-3.888208810880848521e-02
-3.842062470328587442e-02
-3.839127092237539646e-02
-3.817387071585977287e-02
-3.776487533636584126e-02
-3.725324107597371981e-02
-3.690548761096637542e-02
-3.683965956553961196e-02
-3.663133733968193528e-02
-3.640350071185199932e-02
-3.590983863841450130e-02
-3.554419563977015417e-02
-3.522695829872252854e-02
-3.501020119042204393e-02
-3.462892600714312374e-02
-3.449187828908575199e-02
-3.398887298218292163e-02
-3.383637190759119368e-02
-3.340195957291146323e-02
-3.328358000026297725e-02
-3.306995581014983421e-02
-3.270260126356104580e-02
-3.249592190003029735e-02
-3.214167641742792653e-02
-3.197331386480402327e-02
-3.146207498077130404e-02
-3.116685936298776646e-02
-3.105759055391768553e-02
-3.056254163564057352e-02
-3.015093963242114136e-02
-3.010510168185690644e-02
-2.999844666302639226e-02
-2.953639180353297838e-02
-2.906719371030025423e-02
-2.860887878564340181e-02
-2.851056335014231016e-02
-2.830049620966769430e-02
-2.794916446567106624e-02
-2.787395091666725402e-02
-2.741306847846147754e-02
-2.681818002447474217e-02
-2.655961328948570899e-02
-2.638591833148718271e-02
-2.623458150839938496e-02
-2.618664519109268826e-02
-2.590049095052686726e-02
-2.546900790683934851e-02
-2.521305746796275241e-02
-2.510203020043054803e-02
-2.466178589007749639e-02
-2.429799829832987937e-02
-2.411758323599094353e-02
-2.386676134413697262e-02
-2.331979798186416611e-02
-2.321582789457852375e-02
-2.286767772843454824e-02
-2.283627276949014989e-02
-2.262731902351461724e-02
-2.230219467460235402e-02
-2.194217764900157838e-02
-2.178674828881188574e-02
-2.146718995532538588e-02
-2.130885996623162887e-02
-2.085126883007241624e-02
-2.072159046289416204e-02
-2.049705740442748364e-02
-2.012912634555730912e-02
-1.999994972269055968e-02
-1.947521247012129128e-02
-1.936624712504565402e-02
-1.895706199344390080e-02
-1.878832422429701360e-02
-1.841122557640592974e-02
-1.827176057048555610e-02
-1.809576354521684818e-02
-1.786710416856895564e-02
-1.750307150202116621e-02
-1.727007341439103574e-02
-1.703944048917974824e-02
-1.668231812630311880e-02
-1.643811280380959999e-02
-1.612640123936910294e-02
-1.584876614266917533e-02
-1.529125819728445988e-02
-1.507706305839558170e-02
-1.490535666976688066e-02
-1.472389615030719572e-02
-1.448393312094441859e-02
-1.423163526042027158e-02
-1.357557549349256570e-02
-1.337622416253517535e-02
-1.311040399622867558e-02
-1.277631330493234248e-02
-1.262289750377625260e-02
-1.237350938259149449e-02
-1.211393067998040550e-02
-1.168958582258923518e-02
-1.160227047960457267e-02
-1.140277099774357310e-02
-1.065972659856045425e-02
-1.064048565264895906e-02
-1.041775763296769880e-02
-9.901959354949821379e-03
-9.853084285422319261e-03
-9.667861453982780004e-03
-9.203287177194341764e-03
-9.023100499853815501e-03
-8.824394128743910659e-03
-8.638341843727087230e-03
-8.197083789994090083e-03
-8.069462902214620190e-03
-7.718768083412472225e-03
-7.327541828667414117e-03
-7.130196473596103410e-03
-7.082036366989185455e-03
-6.936283586467283276e-03
-6.401696250230680049e-03
-6.165775437952810377e-03
-5.896326330422890782e-03
-5.859224011721220898e-03
-5.392023672864019838e-03
-5.195995021661692533e-03
-4.847168159751886855e-03
-4.538744516720722572e-03
-4.332461321045023156e-03
-4.018061791270580163e-03
-3.607376596366063115e-03
-3.409912326325938679e-03
-3.276547378081282741e-03
-3.081043820349898144e-03
-2.865493468364915634e-03
-2.566115735979932269e-03
-1.953649563057059321e-03
-1.854700964547947514e-03
-1.568054546518925750e-03
-1.512763753211001250e-03
-9.930276468966970759e-04
-7.710181322387843180e-04
-4.235423405764464442e-04
-3.200784108572243348e-04
6.628859877541469416e-05
5.712930953268739514e-04
9.413892644711554201e-04
1.257801553709679901e-03
1.354746137248591820e-03
1.673929235328288755e-03
1.856926356836855700e-03
1.948966543616873198e-03
2.289520262692810396e-03
2.293756215276084812e-03
2.999102355591042740e-03
3.318026234344915830e-03
3.575675559351876830e-03
3.788913289884584309e-03
3.940833422177747979e-03
4.365126195799258306e-03
4.616088718017096262e-03
4.846658373868198769e-03
4.986046907444847617e-03
5.043097999482122791e-03
5.217047709136899206e-03
5.540866677989086941e-03
5.931551634906592763e-03
6.010475043263276140e-03
6.397401717542611742e-03
6.555885033545694011e-03
6.760195182419831070e-03
7.393661548376576076e-03
7.704498105925692425e-03
7.939538823258309938e-03
8.245778016779415145e-03
8.341064812619963104e-03
8.572581342770281901e-03
8.801613265640760922e-03
8.866610381521491946e-03
9.110195646754127435e-03
9.568858636972540216e-03
9.613726212323510725e-03
1.041525632320747935e-02
1.069871516333682944e-02
1.097165952367897511e-02
1.122644993615055063e-02
1.126487102298148225e-02
1.190690044590035808e-02
1.215002854500042521e-02
1.223183380068299658e-02
1.270503505012986721e-02
1.293021521088945011e-02
1.333394084245601366e-02
1.375821634081704145e-02
1.382161452657422809e-02
1.405350307786601416e-02
1.421800160796339238e-02
1.438057266414159013e-02
1.500318431887062189e-02
1.515632531217961723e-02
1.543972572575432779e-02
1.566411962880597322e-02
1.580383236857543783e-02
1.593866699673084433e-02
1.634832321504867819e-02
1.644803742559757670e-02
1.689933657133346062e-02
1.713310990390841740e-02
1.751740073519216651e-02
1.768076928488629060e-02
1.783912905383127495e-02
1.806347377789964750e-02
1.850904228781650313e-02
1.875936845908483808e-02
1.886758127612719882e-02
1.919314302025879743e-02
1.930083337612354885e-02
1.985570115479337941e-02
2.005795978157549897e-02
2.051905783241796122e-02
2.077343658258946901e-02
2.129489511320478701e-02
2.154505212509331274e-02
2.161766925208651047e-02
2.199651966294950689e-02
2.224665863486069428e-02
2.264029032220127996e-02
2.274180672065293646e-02
2.302691546929511862e-02
2.310833830147910467e-02
2.338188537997590299e-02
2.379439769158534293e-02
2.385553467297932620e-02
2.409919568701847717e-02
2.441030523444918943e-02
2.492740507935399183e-02
2.551088530321789574e-02
2.563572380593263922e-02
2.603029338980290819e-02
2.662117662278113556e-02
2.665591355816955554e-02
2.681484278715371219e-02
2.704907353744331194e-02
2.721749625939713993e-02
2.751841722884295488e-02
2.758912419434374902e-02
2.805140857743333715e-02
2.866143542202123640e-02
2.886433811286510942e-02
2.907719112945382142e-02
2.923161710326655643e-02
2.949555682986194569e-02
2.982372205928427930e-02
3.012490336353427015e-02
3.034835658774267392e-02
3.100207112923127062e-02
3.121806517682246263e-02
3.143454652656903214e-02
3.165635900342325670e-02
3.189634760631258198e-02
3.197634878932427427e-02
3.240875973499204171e-02
3.310602785918567020e-02
3.332297630299733970e-02
3.371125764697176924e-02
3.393564075680766123e-02
3.419076748303241653e-02
3.445665182437003538e-02
3.469391785072620249e-02
3.481707454114568029e-02
3.535700391538491860e-02
3.552926764600821546e-02
3.585298137250347156e-02
3.617312868789928498e-02
3.650507654487654408e-02
3.701823326853020957e-02
3.724274635277838308e-02
3.732283104029602422e-02
3.759216152329455940e-02
3.787701290660236420e-02
3.803072827789615723e-02
3.845295944295749196e-02
3.863797224347456649e-02
3.917371083517416641e-02
3.963971583569433216e-02
3.968876110330306350e-02
4.015478824141033992e-02
4.048294416741251428e-02
4.095840624933505536e-02
4.109641326586265658e-02
4.140009664179921528e-02
4.159663867194703796e-02
4.175012065074028972e-02
4.212032459014263680e-02
4.224164490582101722e-02
4.264230424074801767e-02
4.294228600032564541e-02
4.325302561609644519e-02
4.344241280238778091e-02
4.390600181925952139e-02
4.414713042621251637e-02
4.427344490898629803e-02
4.475998149637896995e-02
4.493546351545170403e-02
4.500568818871451132e-02
4.601382117660002963e-02
4.613991992793047003e-02
4.667916004771301836e-02
4.697178721996606021e-02
4.723388394383922634e-02
4.755251813889405793e-02
4.775582845787638281e-02
4.804911441767481528e-02
4.863494881663759511e-02
4.883013451088835666e-02
4.934081286620139312e-02
4.959936342811550880e-02
4.988037595675472169e-02
4.993746041926720031e-02
5.037300312246959649e-02
5.050392187159227081e-02
5.093197885143652126e-02
5.138782235276311700e-02
5.193027749517087344e-02
5.218599174517638689e-02
5.255683029442731469e-02
5.293242992766573896e-02
5.324648040862588194e-02
5.359431975586581576e-02
5.386497820246909790e-02
5.395289098425100349e-02
5.422570109628001289e-02
5.471965067065880095e-02
5.476824180646656243e-02
5.553368816371208327e-02
5.607500033870292666e-02
5.612789952762860246e-02
5.659072174782901754e-02
5.702652378215793127e-02
5.749398452619461364e-02
5.771309468888493471e-02
5.783559428690136783e-02
5.823657528684882123e-02
5.857997328154397609e-02
5.904133484612639204e-02
5.939060617614146803e-02
5.979379043606636301e-02
6.006266232996337190e-02
6.015472005322289317e-02
6.052609457438664492e-02
6.099431107420978659e-02
6.147774425397054682e-02
6.212688720099975026e-02
6.278213885519093318e-02
6.287865513182132327e-02
6.337598013421708032e-02
6.389761031447080408e-02
6.409422208029182111e-02
6.463240860139497779e-02
6.471382370265525708e-02
6.552009822272462924e-02
6.565845741828155169e-02
6.618245604496320045e-02
6.623584219355220515e-02
6.686547153249036701e-02
6.697510418168463320e-02
6.725668739351296777e-02
6.792860007942821965e-02
6.823486290467996318e-02
6.895141665870122005e-02
6.952048591543684430e-02
6.976721926309432942e-02
7.030935273724563117e-02
7.084161037675643091e-02
7.132059307586241514e-02
7.176731632390999371e-02
7.255534074515990195e-02
7.289716530554063434e-02
7.400316743757003046e-02
7.417395402789399295e-02
7.448891579224008186e-02
7.495760325038172689e-02
7.563102019076956006e-02
7.570975914741810697e-02
7.661250821725636151e-02
7.704351034776492357e-02
7.762738461926134426e-02
7.841397421282109148e-02
7.849021920943187458e-02
7.904585474012892909e-02
8.006475249886038648e-02
8.090746473764956481e-02
8.143551359724712779e-02
8.211678659102032707e-02
8.272140628906059223e-02
8.282324702114328419e-02
8.352229325512081082e-02
8.463541607407573664e-02
8.699530527538583413e-02
8.910957915896833281e-02
