-8.687199734961618958e-02
-8.405968960537750501e-02
-8.392630520170622777e-02
-8.336690494770576665e-02
-8.270883063628287069e-02
-8.203382699840841563e-02
-8.160610344072767586e-02
-8.074531940734736013e-02
-8.005837253290633282e-02
-7.925352930622235614e-02
-7.921110152230052825e-02
-7.793597693750463351e-02
-7.718272483550490948e-02
-7.701457384128425343e-02
-7.654965735829881435e-02
-7.628858884678482721e-02
-7.535075615646447122e-02
-7.495494187470484737e-02
-7.431376093308879327e-02
-7.402658983274620907e-02
-7.384905809355367390e-02
-7.304930967466510827e-02
-7.259628370456497337e-02
-7.238408958931021042e-02
-7.184300255250018752e-02
-7.159587190724288341e-02
-7.091433849969679126e-02
-7.024025039176615137e-02
-6.973118968512928562e-02
-6.954550525511626891e-02
-6.893847915743445132e-02
-6.855153142733028115e-02
-6.800275714136035099e-02
-6.759173825379874434e-02
-6.740636045808341692e-02
-6.695826288794190506e-02
-6.635340714183850241e-02
-6.607286434125449193e-02
-6.593792669110611071e-02
-6.536192700991776128e-02
-6.498147743953598676e-02
-6.455368503614912490e-02
-6.435251316393489351e-02
-6.387978035313214564e-02
-6.374860033285506544e-02
-6.293571215283678966e-02
-6.252868787476748014e-02
-6.228040535687599105e-02
-6.174276783368719962e-02
-6.107081707436937124e-02
-6.088509236480298126e-02
-6.062468153995163866e-02
-5.996741016138101843e-02
-5.983096048762346492e-02
-5.966371864581820894e-02
-5.950150795101593476e-02
-5.909098859473044946e-02
-5.866206529340720066e-02
-5.853423435437884320e-02
-5.777253097319787201e-02
-5.771290964168725862e-02
-5.738028249688133936e-02
-5.701205576880413045e-02
-5.611364200640830968e-02
-5.586198976176992570e-02
-5.554225049013186699e-02
-5.512171385833618958e-02
-5.471489989458758890e-02
-5.452995486136220926e-02
-5.392408542321742992e-02
-5.355014055057749633e-02
-5.338146286687449338e-02
-5.325115294666400018e-02
-5.310970116260107371e-02
-5.284557642368854086e-02
-5.236578411745009681e-02
-5.218856957700558630e-02
-5.182410036643905066e-02
-5.137451389504243959e-02
-5.104903763478724210e-02
-5.064110925466096258e-02
-5.029079529708309348e-02
-4.975482763230547334e-02
-4.946419454549987743e-02
-4.920980768389013327e-02
-4.906367041172985527e-02
-4.865453479629856109e-02
-4.815688541928406924e-02
-4.786812284558934760e-02
-4.763446082064426434e-02
-4.736744902195431928e-02
-4.699606413746101885e-02
-4.677130210920944081e-02
-4.616904042475266506e-02
-4.611274248446335655e-02
-4.577235054595320263e-02
-4.559178018329668874e-02
-4.515655993065277596e-02
-4.466102809204092888e-02
-4.420394083286814657e-02
-4.387858174025971447e-02
-4.384416162269615808e-02
-4.347594862885331007e-02
-4.304304975372678921e-02
-4.230534984949463340e-02
-4.204344696745462157e-02
-4.195385937491478978e-02
-4.175760334613395908e-02
-4.152568842579588970e-02
-4.136256431801852568e-02
-4.110009754094128692e-02
-4.103758678846264329e-02
-4.063100434309051961e-02
-4.027581743391821928e-02
-3.986305495036387980e-02
-3.951899813462857181e-02
-3.923486743873985660e-02
-3.895725919571369628e-02
-3.883745771066175051e-02
-3.825533395096927802e-02
-3.798789790485372631e-02
-3.768982909673933290e-02
-3.713620659957840575e-02
-3.699336249041890873e-02
-3.668906699269306598e-02
-3.640721716867774405e-02
-3.630850848866014335e-02
-3.619469854279267623e-02
-3.551192519412169069e-02
-3.521136381669057180e-02
-3.508153505593827187e-02
-3.486442060171720397e-02
-3.465914558543992802e-02
-3.419273265553914032e-02
-3.407211252578173921e-02
-3.395432668830675876e-02
-3.348988436761922427e-02
-3.298258581972887682e-02
-3.253949529422837245e-02
-3.246882296200268719e-02
-3.236996808870724884e-02
-3.184106583911500837e-02
-3.148833545433718517e-02
-3.124601129827605031e-02
-3.089714123208981908e-02
-3.070582197895073764e-02
-3.053710030245027421e-02
-3.008208282704026570e-02
-2.982336225170904853e-02
-2.926526590955820517e-02
-2.908347325336920267e-02
-2.901557712669356609e-02
-2.875661162550951361e-02
-2.815477508953616662e-02
-2.796535333791953098e-02
-2.778419442641105741e-02
-2.727780646398155623e-02
-2.720424106715802273e-02
-2.701934210146172965e-02
-2.675607811033103509e-02
-2.634124958218442975e-02
-2.603691649843583103e-02
-2.574672365649291125e-02
-2.566202900562672765e-02
-2.520289449044697469e-02
-2.497712434863437816e-02
-2.478651614203396247e-02
-2.453968596198959767e-02
-2.410440945726325182e-02
-2.367361727167211286e-02
-2.336621213293344976e-02
-2.322298342817881445e-02
-2.273203106176930124e-02
-2.250765788166779469e-02
-2.219415065813405696e-02
-2.207988838028900752e-02
-2.191527577579778160e-02
-2.125686149397178551e-02
-2.105410374033181084e-02
-2.067686268287412948e-02
-2.054023534438597157e-02
-2.034922573763863624e-02
-1.988167366892783228e-02
-1.973893148508553894e-02
-1.931814129636258773e-02
-1.915690554143956170e-02
-1.865201950505719977e-02
-1.845870752141914178e-02
-1.827646553589540313e-02
-1.807854303729001036e-02
-1.770900500057979304e-02
-1.730753142165152025e-02
-1.716459917980741809e-02
-1.677622861529474291e-02
-1.649535572549060830e-02
-1.619788419370841309e-02
-1.610359387002221684e-02
-1.581164345546256719e-02
-1.565854101618365662e-02
-1.521356707561027054e-02
-1.505909503166584854e-02
-1.487922916161409613e-02
-1.459300430447178082e-02
-1.435043648723594197e-02
-1.413879262497939014e-02
-1.365933990977591210e-02
-1.345226495828900221e-02
-1.325606719353857217e-02
-1.293447384288089023e-02
-1.257424137783642697e-02
-1.232694269634238352e-02
-1.204629086231103624e-02
-1.185030903934916960e-02
-1.150654413065273912e-02
-1.138768276970422884e-02
-1.121791774047202657e-02
-1.085032623353328167e-02
-1.040241918278339214e-02
-1.000576781597594354e-02
-9.898884961482414674e-03
-9.674637047475839052e-03
-9.419586526690131370e-03
-8.887611373698931297e-03
-8.666941249457157243e-03
-8.473403452924506071e-03
-8.277978118431752325e-03
-8.101703340462375336e-03
-7.569996970102708077e-03
-7.331277237785836787e-03
-6.999850405733084452e-03
-6.581129902016166419e-03
-6.361600508494719662e-03
-6.299989343587721405e-03
-6.187035449959406991e-03
-5.736073885735058601e-03
-5.488057099796207934e-03
-5.179565018505727023e-03
-5.007064106036493260e-03
-4.847277333320559184e-03
-4.196327504393923893e-03
-4.002888608744498838e-03
-3.935112695559321236e-03
-3.604305138457367455e-03
-3.372892468243460663e-03
-3.291010379829964819e-03
-2.902139433538365992e-03
-2.586676931166116428e-03
-2.232707386733177174e-03
-2.051432825608609425e-03
-1.897350023737904992e-03
-1.652542906622485970e-03
-1.138178426233165622e-03
-7.866262998318689819e-04
-4.664233580683824969e-04
-1.840895261221490130e-04
1.680951221956378814e-04
3.537333884074296011e-04
3.700333251953030582e-04
5.763095854454911319e-04
8.641278431908346611e-04
1.327351344089768665e-03
1.467097424196040596e-03
1.638817926119386353e-03
1.968542014773463477e-03
2.290417962008564276e-03
2.605181432624866737e-03
2.722599779740386867e-03
3.204888948973638740e-03
3.293312810184748345e-03
3.663315009470918728e-03
3.782149807914437448e-03
4.159013847792932678e-03
4.380851886337413029e-03
4.541494671636165173e-03
4.866328181234946815e-03
5.129001905531640343e-03
5.387364178556060083e-03
5.551798334616190808e-03
5.883398065075554073e-03
6.292302413991951449e-03
6.491969479695157939e-03
7.050956795170719785e-03
7.078010331233479911e-03
7.329403648297755716e-03
7.595149356213875928e-03
7.889793738833930647e-03
7.995316129339893538e-03
8.373956889187451208e-03
8.989237869892816382e-03
9.176997164773888216e-03
9.322938370249752096e-03
9.643881905949384936e-03
1.002868262304257123e-02
1.029515130592149538e-02
1.053770764103548543e-02
1.079442031723562220e-02
1.092111009454829751e-02
1.102007262244470397e-02
1.149993321512160147e-02
1.201636981530351464e-02
1.224710724813800160e-02
1.242053691154932325e-02
1.272052322446164292e-02
1.324242356103099566e-02
1.348212116606446048e-02
1.354455324828954255e-02
1.381280337608240157e-02
1.392802333523833307e-02
1.423568699107013134e-02
1.437917764572914717e-02
1.487306039207684713e-02
1.502779175030840610e-02
1.529038108600485821e-02
1.601691558045808747e-02
1.639894881004333102e-02
1.649147087785843638e-02
1.677888584465501293e-02
1.719966190538279455e-02
1.731632773341350989e-02
1.743437918097297951e-02
1.759707068852952444e-02
1.781800095069173764e-02
1.822993079123457622e-02
1.841153672924563181e-02
1.880614876880302988e-02
1.887910402253509604e-02
1.935995072760556684e-02
1.952563549830795692e-02
1.988704431656825380e-02
2.008816655737533097e-02
2.043893638550823774e-02
2.068154293210312106e-02
2.076845482630472819e-02
2.090919812807243497e-02
2.134720170295896502e-02
2.148872508172261844e-02
2.187105379341379441e-02
2.219213340879516716e-02
2.238130382802993104e-02
2.282283143469840056e-02
2.293028545803888624e-02
2.310379843321336626e-02
2.333180469144129424e-02
2.368170844276337728e-02
2.390816770798982749e-02
2.397590787714418137e-02
2.421576544880953141e-02
2.477478810656278188e-02
2.524125328622146835e-02
2.536038359779365509e-02
2.564047608121901647e-02
2.584405823417524131e-02
2.604410119649719010e-02
2.658963904759715016e-02
2.680841907000534527e-02
2.723370189425200136e-02
2.784935992345700245e-02
2.796242780099663511e-02
2.832365384320592594e-02
2.862616563198555966e-02
2.883851824237833664e-02
2.899837020400213711e-02
2.931847625966440413e-02
2.942299063544452295e-02
2.988130771908407979e-02
3.020810958602282784e-02
3.043811192182416595e-02
3.061333375570303786e-02
3.098471067180106134e-02
3.116744720003739033e-02
3.163199405420269450e-02
3.190932209138004627e-02
3.205028529890496802e-02
3.255738079457908690e-02
3.272397221047893684e-02
3.306912332383732389e-02
3.348899326980453450e-02
3.373377013554514081e-02
3.408709002507987612e-02
3.418847522551726748e-02
3.455961801479186940e-02
3.489952206860824635e-02
3.521677810555145366e-02
3.549561177561471464e-02
3.570631832087092089e-02
3.597764020865907436e-02
3.613287848311744210e-02
3.671013736592296933e-02
3.734214943767423522e-02
3.748914074649788847e-02
3.787805812989075704e-02
3.824733572280324817e-02
3.850148086575683887e-02
3.885517481721995764e-02
3.890507638828284709e-02
3.914118948864475644e-02
3.935419521325369402e-02
3.970058011519084912e-02
4.004694953491748366e-02
4.062510864799383919e-02
4.089189702240409591e-02
4.090477222729407836e-02
4.160606842056842336e-02
4.173726216048554566e-02
4.209432562254052101e-02
4.233097329107773921e-02
4.256855850398671287e-02
4.288075060304469277e-02
4.317104569387466423e-02
4.363009383417627146e-02
4.373314116262302237e-02
4.402963582781240642e-02
4.461503373061712768e-02
4.488490578891973781e-02
4.527217813497911442e-02
4.554226443433785632e-02
4.610969539491532876e-02
4.640645171057074247e-02
4.668309224511993372e-02
4.689476368872796952e-02
4.696394048669016996e-02
4.735203183347513195e-02
4.762671640412136087e-02
4.772973556466093142e-02
4.821925617419505622e-02
4.858143574817108679e-02
4.890337730775855263e-02
4.923940746444875616e-02
4.944763776503324076e-02
5.006653974692284320e-02
5.022829118145204219e-02
5.044876931504171935e-02
5.113699711338724752e-02
5.154906340909799767e-02
5.163400315334133045e-02
5.173814087985324078e-02
5.187693893349355073e-02
5.236576029512173686e-02
5.240957728221971867e-02
5.269603097895316640e-02
5.345196431435402656e-02
5.405956056848245511e-02
5.413830039311711556e-02
5.431525114483892053e-02
5.463762274640676653e-02
5.521449133177153829e-02
5.535235908956336048e-02
5.579725597407303450e-02
5.652391385510044386e-02
5.692863130923392356e-02
5.752358559637200941e-02
5.761041527183868860e-02
5.782441072181289388e-02
5.842830762526653871e-02
5.855216653981711039e-02
5.884947467611586353e-02
5.928047097974049884e-02
6.002404324020121223e-02
6.009942915094176885e-02
6.041386577545772990e-02
6.070543023081024364e-02
6.079169496373846432e-02
6.159649712039459019e-02
6.190666396032937224e-02
6.240449900288303625e-02
6.253316255905387588e-02
6.291523828604569935e-02
6.310298304725517338e-02
6.357183709351341139e-02
6.394835435111852207e-02
6.419729994933036366e-02
6.481586521157965686e-02
6.541032721441181197e-02
6.591848776877762273e-02
6.623198221784634687e-02
6.634072447084361779e-02
6.680066308985564694e-02
6.715863682282091629e-02
6.797966724178848563e-02
6.822840801628356211e-02
6.890666992355373721e-02
6.895662377861792869e-02
6.948085194718367497e-02
6.982261929207821127e-02
7.001727597718704343e-02
7.092567315305288445e-02
7.140596173052604634e-02
7.168778526879714119e-02
7.215225428396952745e-02
7.288788794495788814e-02
7.319904655242087665e-02
7.362428688431198187e-02
7.391440558540290917e-02
7.504053364925744596e-02
7.517563227672025006e-02
7.559517247331580536e-02
7.620699579973903848e-02
7.665407035220088428e-02
7.693680282098376566e-02
7.741788988308380415e-02
7.811088628291797120e-02
7.890965124544237208e-02
7.963975548863684584e-02
8.017410324814430722e-02
8.091929966090467830e-02
8.199193814363973931e-02
8.224584224749917349e-02
8.315608026186464830e-02
8.346772252037477913e-02
8.399056007806995905e-02
8.678185155545294072e-02
8.713725168094969831e-02
