-8.727472323408791421e-02
-8.609563540477566113e-02
-8.453914708936426103e-02
-8.423483064964226719e-02
-8.233831846934570875e-02
-8.180773723272112552e-02
-8.093985837580824905e-02
-8.040156276449648975e-02
-7.991432290888596246e-02
-7.941430158129600403e-02
-7.835632524225097373e-02
-7.785539476210019683e-02
-7.740119053968866347e-02
-7.703422370470489056e-02
-7.673987672896939727e-02
-7.613462335375767442e-02
-7.545174532473704343e-02
-7.481120408531266586e-02
-7.434776687409026807e-02
-7.411614132587877879e-02
-7.371093637380485286e-02
-7.321551874329666754e-02
-7.271424499827409960e-02
-7.244168142699998481e-02
-7.183699509823375517e-02
-7.164958161822096439e-02
-7.108124759976831852e-02
-7.058309964644708667e-02
-6.939199113501524907e-02
-6.915882753583310616e-02
-6.875348610957167372e-02
-6.862139025432231754e-02
-6.802619013553345972e-02
-6.776282036027951594e-02
-6.722542184057660186e-02
-6.690340405317768413e-02
-6.628997739982903092e-02
-6.611231113376421498e-02
-6.579341231444361948e-02
-6.555309249429544516e-02
-6.533648933161369243e-02
-6.474562149012007273e-02
-6.400979148286259357e-02
-6.374296396450458702e-02
-6.316600761965442123e-02
-6.307417856431227210e-02
-6.279247711657875985e-02
-6.221344005534180238e-02
-6.212383842336167278e-02
-6.112478251102879817e-02
-6.094899368419208485e-02
-6.069040647019555840e-02
-6.040310638350207539e-02
-5.990511193302118509e-02
-5.961967792380931663e-02
-5.940874320726073632e-02
-5.900704133105238308e-02
-5.882313817634209768e-02
-5.847835764744734044e-02
-5.751925383865742064e-02
-5.737821396019565645e-02
-5.688359730127842684e-02
-5.622355993652909667e-02
-5.612407293844293849e-02
-5.555691013350532587e-02
-5.544663130038338800e-02
-5.509830225528557918e-02
-5.484951632057452620e-02
-5.457496811749643073e-02
-5.410641716375111376e-02
-5.398478154542936391e-02
-5.333136996240708111e-02
-5.291844361764201643e-02
-5.257453246051587564e-02
-5.233941320101944544e-02
-5.206545786711963553e-02
-5.189418612691894944e-02
-5.132755798610024595e-02
-5.091283145179904823e-02
-5.063186741068018137e-02
-5.043900384129326731e-02
-4.996654267052497850e-02
-4.964750147074478703e-02
-4.942368301356483973e-02
-4.909679304649596648e-02
-4.875088539909699231e-02
-4.849817922430354339e-02
-4.816030000793997817e-02
-4.759292526806736118e-02
-4.736671951004987197e-02
-4.715749175944555088e-02
-4.675655997394041058e-02
-4.646847927926209265e-02
-4.596973707682731891e-02
-4.584186911479059406e-02
-4.539294792451917943e-02
-4.514136232148664024e-02
-4.476323559620163511e-02
-4.445299669985364882e-02
-4.397142533363147809e-02
-4.374195077604718651e-02
-4.331240526950300845e-02
-4.296693738127661116e-02
-4.281465447613448660e-02
-4.257804829638553445e-02
-4.238653144976367582e-02
-4.212152868726654759e-02
-4.139883615302754338e-02
-4.133147611085071643e-02
-4.100223519293585278e-02
-4.070501199742100618e-02
-4.028596402934294524e-02
-4.005211916575476816e-02
-3.990265726516607769e-02
-3.958533450114395252e-02
-3.937969278961135633e-02
-3.912945517982039517e-02
-3.896317207970010493e-02
-3.878217155466635174e-02
-3.860419621913999122e-02
-3.825350724433251859e-02
-3.808704183586764797e-02
-3.727859881625571886e-02
-3.687645055323395676e-02
-3.651094733347076682e-02
-3.624461547010075085e-02
-3.603184259786390564e-02
-3.544254848712548311e-02
-3.518845282604668445e-02
-3.500554218558155073e-02
-3.479673051834546171e-02
-3.458538753984603809e-02
-3.433101116386380602e-02
-3.396203065629019996e-02
-3.378521413535397200e-02
-3.348055608499504732e-02
-3.327425019724698785e-02
-3.282033490335288517e-02
-3.251861749607974639e-02
-3.225163001539153862e-02
-3.191166203313294814e-02
-3.171439047069694178e-02
-3.136152099075060345e-02
-3.102515843429149919e-02
-3.094582106381432371e-02
-3.062641362794876060e-02
-3.028097698365862095e-02
-3.024346440526860802e-02
-2.950074275513433000e-02
-2.939778971243640557e-02
-2.934768543340367242e-02
-2.900015717978675703e-02
-2.845733642150470935e-02
-2.819849250377584951e-02
-2.775253117901544872e-02
-2.768109771195297400e-02
-2.745820289739871883e-02
-2.719770822260884208e-02
-2.701333817738866411e-02
-2.653136861942220412e-02
-2.649162734997824800e-02
-2.616511885598978016e-02
-2.566394298367924431e-02
-2.523488187948428815e-02
-2.521133652529320215e-02
-2.483383334819356039e-02
-2.458988867595972641e-02
-2.447811590793529113e-02
-2.428775889433327367e-02
-2.376694692722588348e-02
-2.344885821543695251e-02
-2.340872403153460013e-02
-2.308170757518203733e-02
-2.294159255225134211e-02
-2.240696548107383099e-02
-2.236730622227731460e-02
-2.192717817274304759e-02
-2.170278226289830067e-02
-2.154151315690272170e-02
-2.135742739289655384e-02
-2.114710955130104375e-02
-2.091408658702720996e-02
-2.070465694063736151e-02
-2.035328260502989803e-02
-2.015466044392816292e-02
-1.962071611174367319e-02
-1.946197539269577809e-02
-1.899180278171205133e-02
-1.878169142301522321e-02
-1.853255577289520187e-02
-1.835364758782581304e-02
-1.797494438588348453e-02
-1.762565359549373573e-02
-1.742641373292484405e-02
-1.684108390972551342e-02
-1.667187344114609213e-02
-1.641430775869472114e-02
-1.621798477042225156e-02
-1.605275895810836725e-02
-1.569452546930954345e-02
-1.553001380184266568e-02
-1.472120777039373496e-02
-1.463101212885195915e-02
-1.453793387075276444e-02
-1.421142191577005540e-02
-1.384320819263485693e-02
-1.377349185205591769e-02
-1.346582658411783588e-02
-1.316176843630307951e-02
-1.304051492497591835e-02
-1.265993412206627318e-02
-1.246095775615764338e-02
-1.217413554622328621e-02
-1.185398739334510287e-02
-1.132473042926265827e-02
-1.086859133333650286e-02
-1.057130247334787075e-02
-1.050363127535416247e-02
-1.025484983000743595e-02
-1.017355142913558760e-02
-9.866650194984855765e-03
-9.570538010228028455e-03
-9.434769228192569843e-03
-8.902775355508981553e-03
-8.476611028894541489e-03
-8.269888115408382048e-03
-7.996353286850632971e-03
-7.720773372568732161e-03
-7.381690756125383439e-03
-7.108668842084637542e-03
-6.901743792609562299e-03
-6.759158615896086221e-03
-6.409015174172257023e-03
-6.319777514404357165e-03
-6.080908602837668125e-03
-5.949690027356882918e-03
-5.586265543780393091e-03
-5.317970118622460801e-03
-5.025349155113358057e-03
-4.452806412304995826e-03
-4.410609413493097632e-03
-4.002803362792808038e-03
-3.649243978691202664e-03
-3.560625497104724559e-03
-3.500662945537157122e-03
-3.170910407676516985e-03
-2.715921390042472759e-03
-2.366388647400019529e-03
-2.360493236655837254e-03
-1.798889529565174178e-03
-1.591922711691645242e-03
-1.126900802594036060e-03
-1.013124269467606444e-03
-8.237235098559600238e-04
-4.666117829327707752e-04
-1.949086333081632473e-04
2.101316896755461559e-05
5.239394740771031620e-04
6.654137467270162740e-04
9.191605289304466712e-04
1.317502885352582823e-03
1.451772392433169773e-03
1.680314931954081424e-03
2.132786371832573642e-03
2.243910806426299871e-03
2.778510917545350123e-03
2.871970743570212512e-03
3.168600284369127787e-03
3.424076300427974454e-03
3.644190902210353578e-03
4.083012094581381368e-03
4.361389916494315573e-03
4.480797229690877334e-03
4.518196781256549402e-03
5.092158740446024213e-03
5.141863354807266889e-03
5.480889822477408302e-03
5.712103832870529981e-03
6.060135146171034826e-03
6.378571869495563637e-03
6.487883758597933447e-03
6.621023546540702638e-03
6.751057330107836443e-03
7.397292206957899359e-03
7.545352620295794725e-03
7.583659880982254568e-03
8.140588356596289640e-03
8.258161000154785880e-03
8.358507779834057835e-03
8.570898924411264955e-03
8.859161160892326317e-03
9.519885227661336463e-03
9.948305427300057485e-03
1.009236544391087578e-02
1.041663145570345325e-02
1.064189612744774298e-02
1.102353563854173782e-02
1.159269717691653948e-02
1.170370230689540998e-02
1.184151433239973884e-02
1.214126855995014895e-02
1.243602258720651922e-02
1.273612236903015268e-02
1.282058247331402563e-02
1.296858720495363930e-02
1.333318759376679770e-02
1.373194342055755399e-02
1.379207508235726944e-02
1.412541312977909531e-02
1.433707055122342144e-02
1.454528382324757514e-02
1.472707850203711262e-02
1.491039851162814268e-02
1.518989754866251034e-02
1.572734997877082638e-02
1.603713231420311747e-02
1.617011410320676537e-02
1.654986892598203987e-02
1.675328474951529034e-02
1.696811028434074345e-02
1.735008009503362716e-02
1.767752351253105286e-02
1.813183182931259185e-02
1.831139959166646833e-02
1.850468939988181294e-02
1.890104968054436355e-02
1.911806651734519399e-02
1.934570198571322272e-02
1.952807245781452289e-02
1.968653732962829389e-02
1.972666031531766784e-02
2.022092783565151639e-02
2.053956599093638077e-02
2.069912923612391223e-02
2.104808972076089787e-02
2.146897481883808245e-02
2.174751937649312475e-02
2.216543971179136749e-02
2.268841919496494483e-02
2.296125899226081693e-02
2.321477639222104677e-02
2.342257088100029375e-02
2.362461212934873281e-02
2.406495465806300291e-02
2.431604469569155491e-02
2.482077538305683950e-02
2.502068866619066440e-02
2.512972474345647605e-02
2.563736053856319891e-02
2.585276594438323111e-02
2.606282420496982416e-02
2.644285849662897023e-02
2.672220839037705784e-02
2.726478588387688112e-02
2.751914106693224144e-02
2.758666976411918922e-02
2.783466627111874994e-02
2.821683828022242269e-02
2.855124792360573885e-02
2.890080046822440796e-02
2.916367503748602819e-02
2.942343679895525685e-02
2.954246827022403987e-02
2.979469157689490846e-02
3.019213011640820357e-02
3.091106956762877667e-02
3.106058641316034388e-02
3.119333345104304336e-02
3.136005162900135090e-02
3.170161949106634069e-02
3.214354659438857509e-02
3.242820764966029140e-02
3.261408094199592933e-02
3.287400769153674823e-02
3.324442549316056900e-02
3.343955084390103083e-02
3.366274617233847716e-02
3.378461802187809199e-02
3.406443419138352469e-02
3.431892308850242879e-02
3.450845175487778776e-02
3.478573005856777645e-02
3.499490662818032644e-02
3.589534376936286825e-02
3.591006102052223675e-02
3.605222613741244919e-02
3.678717880713205934e-02
3.691809188388250895e-02
3.731775229080493139e-02
3.755982042402039589e-02
3.790297303568091608e-02
3.825532012246374985e-02
3.848831144824445966e-02
3.908416010080174863e-02
3.935214113346829912e-02
3.958907565567072045e-02
3.969533933975876588e-02
4.015020482661162127e-02
4.023069619756909632e-02
4.052753951643560393e-02
4.113063870821376256e-02
4.134738307366486731e-02
4.149275280102322772e-02
4.172225138557413004e-02
4.207860623432780472e-02
4.236222565064341750e-02
4.246715137780924382e-02
4.302113503579829690e-02
4.306747672278780220e-02
4.376002519016558567e-02
4.397520749613605118e-02
4.401793652117735184e-02
4.439534601122423901e-02
4.492530517323280181e-02
4.520798809978156252e-02
4.527005632112392208e-02
4.579890051067195961e-02
4.601986209698302743e-02
4.647193688072626810e-02
4.706656904847277695e-02
4.745229793591361489e-02
4.755159848374743148e-02
4.775193597810974133e-02
4.799879900604575589e-02
4.818538598952406410e-02
4.879670595983161968e-02
4.881691945987481213e-02
4.911984777414281356e-02
4.930873845048384246e-02
4.943377747549227569e-02
5.031009563509967336e-02
5.060818088412088328e-02
5.069129825417343499e-02
5.090261070723066383e-02
5.152995977829930019e-02
5.173682674069581683e-02
5.205843171195623925e-02
5.274829851725679197e-02
5.316151681243092703e-02
5.353418160663186987e-02
5.398019787522073676e-02
5.423456590239540687e-02
5.432915209243095039e-02
5.472423985779963085e-02
5.491888727338042203e-02
5.500009722785589167e-02
5.539128175259679099e-02
5.585538252002804349e-02
5.616765725100600348e-02
5.669117914970282779e-02
5.679802348650348637e-02
5.735695363905712191e-02
5.787138347144277217e-02
5.841992532796690119e-02
5.908561849147377087e-02
5.913679275679168540e-02
5.929342438268218191e-02
5.976481098722286750e-02
6.031869908463272784e-02
6.051993539657602589e-02
6.103564939454308308e-02
6.149754904106147224e-02
6.183832543997812986e-02
6.207901767806043442e-02
6.273266141009353758e-02
6.291545280049377908e-02
6.305243468771207227e-02
6.372942555836166867e-02
6.396695090743745316e-02
6.428652686316513321e-02
6.464949817347297178e-02
6.503954275164236520e-02
6.534643765971973051e-02
6.561658981165684190e-02
6.576636557588684540e-02
6.611258102630764022e-02
6.678695987708149762e-02
6.718956786361719724e-02
6.763559600506220681e-02
6.795013047692256836e-02
6.845110181808324035e-02
6.868069000411351765e-02
6.918268225543668104e-02
6.987632698142659526e-02
7.017510656171989381e-02
7.075075606828563901e-02
7.145927143021069128e-02
7.176280930837489191e-02
7.203774148683438072e-02
7.280976064345576204e-02
7.310469773930278192e-02
7.364497236183201179e-02
7.441043901677935057e-02
7.462913368255739976e-02
7.506079660459399894e-02
7.567648743554439283e-02
7.591523498645851020e-02
7.647797201315037485e-02
7.730917542755638694e-02
7.758711243675707470e-02
7.792283440772147796e-02
7.834579110286651882e-02
7.926699797926613222e-02
7.938108979278166166e-02
8.060627095304405410e-02
8.134479313313724980e-02
8.207796128827202220e-02
8.287116450369239051e-02
8.338902089556977926e-02
8.511686512923372083e-02
8.542964270831235329e-02
8.696154427829304312e-02
