-8.741429736409844775e-02
-8.699304726542249344e-02
-8.606054301900471770e-02
-8.484587962978384912e-02
-8.334287366017613385e-02
-8.314496287203494707e-02
-8.179784231654009530e-02
-8.105484075890920237e-02
-8.079014795629775592e-02
-8.003169126320867910e-02
-7.892005965180207139e-02
-7.874850966242576134e-02
-7.841257206665877555e-02
-7.807006113786926771e-02
-7.693205170494631095e-02
-7.639191359504678147e-02
-7.546867789549935313e-02
-7.494188718039991592e-02
-7.478602666356529149e-02
-7.452576775725469616e-02
-7.339679269311816245e-02
-7.320776082011264119e-02
-7.267009383333113137e-02
-7.205954823689759980e-02
-7.160488397670007610e-02
-7.144077082592380223e-02
-7.085182756227938194e-02
-7.067568228365833649e-02
-7.007783927543727309e-02
-6.967946796944708698e-02
-6.898321266726611944e-02
-6.871782972036340198e-02
-6.812188358947089684e-02
-6.790798264761992165e-02
-6.712274605607210232e-02
-6.695530552723687190e-02
-6.623459657542113410e-02
-6.588542070446309906e-02
-6.530403661690481476e-02
-6.510250228584445187e-02
-6.484454128952543694e-02
-6.427326724905660371e-02
-6.382664238979356142e-02
-6.346918333830939285e-02
-6.314748568299022313e-02
-6.308285327928954411e-02
-6.238636872240845010e-02
-6.189717347064726399e-02
-6.179196870361655658e-02
-6.134816204842852283e-02
-6.099831593733800322e-02
-6.068167152997370334e-02
-6.015893989523826701e-02
-5.998163700787020186e-02
-5.970720405060395142e-02
-5.913997817109978294e-02
-5.866582834862194701e-02
-5.814122157478803649e-02
-5.793784851654875528e-02
-5.763214857315867440e-02
-5.737442526043404906e-02
-5.689896589673511251e-02
-5.668954099567966726e-02
-5.598811635528974651e-02
-5.554987793975901117e-02
-5.546740743712724048e-02
-5.516861499948395864e-02
-5.475887051209703260e-02
-5.440676162714640912e-02
-5.395808237812858149e-02
-5.366033026198759742e-02
-5.359703843727253725e-02
-5.311936448494795210e-02
-5.308319040940727429e-02
-5.268339772202665361e-02
-5.204857723365926420e-02
-5.159922211329240338e-02
-5.144991201962247074e-02
-5.128222938891086741e-02
-5.105237733898700808e-02
-5.069451169755966741e-02
-5.008710950639483350e-02
-4.984721305327254742e-02
-4.934163209469060590e-02
-4.905014653467967140e-02
-4.890523647357324089e-02
-4.879482044989514461e-02
-4.849023777801277080e-02
-4.777290416929347999e-02
-4.744795477988716231e-02
-4.741896481767121641e-02
-4.686992838202051759e-02
-4.662540996155007528e-02
-4.583565117434982433e-02
-4.573062082244528509e-02
-4.569292077140974656e-02
-4.513322687502632768e-02
-4.458332333766870659e-02
-4.428386552054422443e-02
-4.423056417959980724e-02
-4.400612434799549416e-02
-4.384545701115437344e-02
-4.345039312108230772e-02
-4.309680174091823357e-02
-4.289927750822068037e-02
-4.259956356364701796e-02
-4.210788172051736084e-02
-4.200675623851667095e-02
-4.151644940463505157e-02
-4.138654668201535713e-02
-4.093723423174494558e-02
-4.054201208329463735e-02
-4.038531038647414501e-02
-3.996067712376309006e-02
-3.967873124366109311e-02
-3.928956666196574410e-02
-3.863636303864316501e-02
-3.846932145951310889e-02
-3.840786091167742999e-02
-3.789317911544248796e-02
-3.760537000639959521e-02
-3.729352579595900108e-02
-3.682534626075731343e-02
-3.667655496205765586e-02
-3.651478483397051916e-02
-3.634405163376331488e-02
-3.594134622758191761e-02
-3.554238591726231744e-02
-3.527252920647459822e-02
-3.503415920492434360e-02
-3.495675207324300260e-02
-3.468823307370069720e-02
-3.436139413288322869e-02
-3.418492382540822688e-02
-3.345981380116395260e-02
-3.320532383513507407e-02
-3.302300787874912907e-02
-3.277706029834546314e-02
-3.261065723899745500e-02
-3.246300752503658571e-02
-3.196480537464743699e-02
-3.161854712708754567e-02
-3.146788573924353544e-02
-3.098935697623089042e-02
-3.073810658384627803e-02
-3.051185414744352412e-02
-3.018138098675673259e-02
-3.001596095582698132e-02
-2.936257705084225483e-02
-2.918411312582849804e-02
-2.879711156858866250e-02
-2.858882729303624873e-02
-2.850700615896631721e-02
-2.795645622700877048e-02
-2.774338870492693357e-02
-2.744501843745870279e-02
-2.736612854872164796e-02
-2.702863662294853128e-02
-2.664903200328772384e-02
-2.650327792960433665e-02
-2.641193716562925328e-02
-2.599570943963603123e-02
-2.593915360380310425e-02
-2.560951135238840812e-02
-2.525725359163788486e-02
-2.478548710265180560e-02
-2.435953907285788936e-02
-2.425901178939933803e-02
-2.412892794939888383e-02
-2.358749443057739370e-02
-2.336072401026739048e-02
-2.303192724574711775e-02
-2.293927259997988535e-02
-2.275857707001208152e-02
-2.270897430599113850e-02
-2.224300383019490665e-02
-2.211617976025658655e-02
-2.163864278141671912e-02
-2.144905208540852717e-02
-2.110076544707714316e-02
-2.091554448068315766e-02
-2.059147866498897694e-02
-2.027258163380531164e-02
-1.988884305054194543e-02
-1.965579900984762776e-02
-1.952308448460992468e-02
-1.926483555415359900e-02
-1.890741081283187422e-02
-1.863024501283926104e-02
-1.814461517239597185e-02
-1.780342682680126701e-02
-1.766726780714360928e-02
-1.741717050429691244e-02
-1.715707469733819546e-02
-1.675008685797895955e-02
-1.654618082318395564e-02
-1.621450879821708865e-02
-1.599605126188532664e-02
-1.577751852695720089e-02
-1.526342702578342009e-02
-1.510597145519511700e-02
-1.479903317117229299e-02
-1.473289998098229782e-02
-1.401394895581312486e-02
-1.397444070554377041e-02
-1.382066384983745254e-02
-1.351777902064483540e-02
-1.326466498450682568e-02
-1.279012198034552850e-02
-1.267672941927117623e-02
-1.219949738235164005e-02
-1.204085980098196229e-02
-1.167035567271865713e-02
-1.139117745254360561e-02
-1.112502432173365086e-02
-1.091681853459654412e-02
-1.070063546145262612e-02
-1.060149503723966692e-02
-1.008534575590500776e-02
-9.958478435001603957e-03
-9.818116761617616192e-03
-9.295351056223951150e-03
-9.016973405329557420e-03
-8.816349884815413013e-03
-8.719636765873291229e-03
-8.204319042090343211e-03
-7.706397852284060414e-03
-7.594474947915664728e-03
-7.303774957704105113e-03
-7.024192176881459415e-03
-6.797918546735944728e-03
-6.696286071210348460e-03
-6.377767624683418173e-03
-5.996619155626124742e-03
-5.766459897231276076e-03
-5.663046965090705841e-03
-5.468691361434377569e-03
-5.227321563524135392e-03
-4.823325709075532500e-03
-4.588562375519566854e-03
-4.082575640159258681e-03
-3.777956478216344411e-03
-3.698045440109533951e-03
-3.419967348116936638e-03
-3.372669742080924935e-03
-3.098358574727059622e-03
-2.720479999543222102e-03
-2.509389613802796241e-03
-1.922047186146101866e-03
-1.573993233839174897e-03
-1.326044467476894398e-03
-1.151753506513500998e-03
-9.438523584768050050e-04
-5.833785563381865217e-04
-4.437345152621656615e-04
-2.811625895585728621e-04
-1.171638386311385116e-05
3.422146716845712172e-04
6.982859107522107218e-04
9.997892878896407886e-04
1.250579099682269093e-03
1.911364971295793609e-03
2.025482874040449282e-03
2.180007219158204036e-03
2.357336313621999271e-03
2.477424270457141697e-03
2.697091497755347775e-03
3.375609634764163442e-03
3.434944558665478133e-03
3.745588522474358698e-03
3.747389942145960048e-03
3.982251345646278980e-03
4.278162279507828625e-03
4.715722181038341752e-03
4.753860285320024928e-03
5.209443196999793448e-03
5.336379006922064086e-03
5.503537556428496347e-03
5.941631685285772742e-03
6.338388389535523117e-03
6.521440363426794611e-03
6.745106766983141773e-03
7.201830554674658845e-03
7.487280104593667732e-03
7.655519325139930123e-03
7.920976378012336422e-03
8.072294782620219322e-03
8.593943403650565818e-03
8.735526428523633646e-03
9.151719136902694909e-03
9.346177480442420873e-03
9.712157314410708314e-03
9.952610844778232366e-03
1.007541646841904684e-02
1.028848660914577148e-02
1.048542487159269919e-02
1.086955312185450273e-02
1.163128189087234837e-02
1.179197684138373267e-02
1.197951094184324279e-02
1.216721867220789746e-02
1.245923820795065591e-02
1.278001825169214692e-02
1.299345587338584899e-02
1.312052785259788280e-02
1.340326154132269465e-02
1.375444290853575051e-02
1.390839892256728536e-02
1.411336748143506882e-02
1.453324295174211224e-02
1.489614258218118457e-02
1.516397001313729391e-02
1.534920690534215260e-02
1.553848311823746893e-02
1.595899910084705095e-02
1.623996378541443103e-02
1.633904266835061944e-02
1.674914051367974721e-02
1.682984735901273815e-02
1.730108102427895672e-02
1.794388510005723997e-02
1.822175063176692533e-02
1.839005255786827636e-02
1.849947723177808312e-02
1.885681595963685855e-02
1.936479503800730625e-02
1.959821864640814981e-02
1.966979979488929151e-02
2.006432838339221661e-02
2.052995839626430702e-02
2.085708259070639947e-02
2.110120874245513187e-02
2.142350335734914679e-02
2.162714735467856711e-02
2.189378119186164914e-02
2.231126784722549383e-02
2.245563838857576877e-02
2.273976127488838705e-02
2.299221006004973158e-02
2.332828671338340806e-02
2.344406219986678447e-02
2.367345756817272606e-02
2.405717379546398402e-02
2.442724097619247345e-02
2.449773619893972840e-02
2.477055899751189755e-02
2.514806138411478445e-02
2.530223977595602580e-02
2.567913979156799184e-02
2.578021935177729831e-02
2.619888389671667234e-02
2.637133155549543223e-02
2.655724791520011965e-02
2.676274312070971162e-02
2.713257691258136317e-02
2.726769910146010362e-02
2.774354910443665653e-02
2.813800895361890514e-02
2.841115008643735340e-02
2.854430679268940216e-02
2.889766579944067978e-02
2.922934458983950101e-02
2.944334863751045875e-02
2.985669702882051343e-02
3.004906737845306972e-02
3.017057540257593248e-02
3.045434121597840813e-02
3.091569769019759939e-02
3.096881576635487909e-02
3.152483093844222345e-02
3.196355701541023220e-02
3.203742028923991375e-02
3.219189567804017771e-02
3.248534639261167756e-02
3.269705952519774000e-02
3.297760922296410352e-02
3.311394692062307604e-02
3.319370604122443696e-02
3.373677436089629611e-02
3.431463036532366589e-02
3.469973660495621892e-02
3.497607912089274046e-02
3.543765281084039487e-02
3.557691676967102840e-02
3.580940280677878673e-02
3.607730083875507199e-02
3.640544141147839668e-02
3.678999720987301270e-02
3.689410601835525078e-02
3.717399571910334072e-02
3.765238915063993941e-02
3.790507920488175864e-02
3.842145653089382856e-02
3.866350284122802017e-02
3.888776814717839064e-02
3.910278200783461749e-02
3.935822220801924592e-02
3.982209716406200778e-02
4.023650596139145136e-02
4.044031245872738156e-02
4.071831444852689469e-02
4.087597371695385340e-02
4.120364912747868230e-02
4.142613963892641249e-02
4.146285480266714146e-02
4.180762929212514245e-02
4.194567763509762098e-02
4.221069099706298289e-02
4.266402148625066809e-02
4.321066184491174911e-02
4.350386892660312865e-02
4.410452675873809819e-02
4.436868878442399439e-02
4.481281647422584447e-02
4.507012400681373321e-02
4.532306043912964072e-02
4.561685287738384553e-02
4.575850350683545453e-02
4.595171363939688780e-02
4.621445822591219860e-02
4.639441659810025764e-02
4.685844403711919570e-02
4.716562252097191571e-02
4.739569126857669235e-02
4.787491675847924816e-02
4.811602546716245432e-02
4.867367451195121070e-02
4.919301834863243350e-02
4.958727326549580011e-02
4.964837861490520310e-02
5.030535725880028175e-02
5.070836126820393863e-02
5.096669448332590696e-02
5.141793676203885305e-02
5.167735032448748239e-02
5.183814965322768031e-02
5.198653753531941313e-02
5.239337855398580601e-02
5.281558207961555701e-02
5.312099722550713693e-02
5.331470596869038181e-02
5.397624482813778712e-02
5.417757825966789537e-02
5.431306305287498387e-02
5.502411613096496595e-02
5.535227681867868621e-02
5.571330726238985648e-02
5.599579572684802720e-02
5.634571174729143678e-02
5.659772716140261395e-02
5.695378659461933918e-02
5.712630897925326939e-02
5.752977461873363257e-02
5.786579455608058253e-02
5.800244879530262049e-02
5.824987046257068535e-02
5.898332580585332469e-02
5.941689706425209300e-02
5.995301323497202045e-02
6.012660839472639546e-02
6.092300846819115323e-02
6.095308879923250905e-02
6.137192528152449200e-02
6.178177387791195657e-02
6.222314792722968835e-02
6.272010147567605443e-02
6.354752808255245689e-02
6.368232713253375865e-02
6.387037129967683413e-02
6.466414215948712574e-02
6.475636462506711988e-02
6.536847307293597309e-02
6.578712384630083787e-02
6.608915790924976830e-02
6.678288324714122537e-02
6.686956091391642321e-02
6.731270968893374174e-02
6.770614735125317363e-02
6.815521495138043839e-02
6.831895490400620441e-02
6.888384326217381060e-02
6.913563828886386264e-02
6.970370707761025519e-02
7.018800928789291349e-02
7.040147699845519802e-02
7.076317108527982458e-02
7.157650565404276299e-02
7.167513942861701570e-02
7.197269654127817773e-02
7.235423392865035497e-02
7.325539680343189086e-02
7.382786016886916380e-02
7.427941424768173817e-02
7.480083644403853760e-02
7.505077042934815701e-02
7.576067469904905483e-02
7.586224115832464199e-02
7.646988433859999712e-02
7.685751695660553162e-02
7.765877993127065504e-02
7.812282116069811655e-02
7.826092409251306226e-02
7.888352073395486774e-02
8.007519947172271613e-02
8.019453077408669750e-02
8.069318381947987451e-02
8.115306140948727598e-02
8.217047904146779214e-02
8.325144324030570031e-02
8.458838126708598248e-02
8.542323735529630535e-02
8.721680513372498389e-02
