-8.521754036751405526e-02
-8.491346404239742685e-02
-8.454507997815095821e-02
-8.355153336079070014e-02
-8.291925673696645682e-02
-8.212288884842741665e-02
-8.168673850376917400e-02
-8.076180907307214940e-02
-8.040976241977475236e-02
-7.972133454936321251e-02
-7.940151724825197932e-02
-7.829378694740687927e-02
-7.780196986209168830e-02
-7.703887654087471226e-02
-7.677404365559031829e-02
-7.613188140617596633e-02
-7.578095022468310515e-02
-7.492188993278735276e-02
-7.430690939525939898e-02
-7.399789650400728780e-02
-7.345309337751559919e-02
-7.296868991850652408e-02
-7.256176537877426225e-02
-7.197460271221360617e-02
-7.183951994322411438e-02
-7.115172698001367979e-02
-7.040774096846320884e-02
-7.016639956822155744e-02
-6.970284551605758494e-02
-6.936311418188596811e-02
-6.909106067972924092e-02
-6.889332929737011779e-02
-6.800100857248132791e-02
-6.783801810259930398e-02
-6.754187574137163197e-02
-6.676663063778330576e-02
-6.657246654729807867e-02
-6.613666740261138488e-02
-6.562101258972918849e-02
-6.553054043990545752e-02
-6.499066996411184682e-02
-6.454487022122513962e-02
-6.440340149662804325e-02
-6.433214784742632975e-02
-6.373980005275446670e-02
-6.297998765200765736e-02
-6.287025855560825216e-02
-6.251984762337559065e-02
-6.179860932094641268e-02
-6.134569542488767235e-02
-6.112174455905344111e-02
-6.080591336681302750e-02
-6.057166380365144182e-02
-6.001710077769874946e-02
-5.958282031376651439e-02
-5.936540582443795150e-02
-5.905974070957926980e-02
-5.872761127636402789e-02
-5.847530102077098252e-02
-5.778500062335820836e-02
-5.748558250699706274e-02
-5.726558198598688532e-02
-5.690649389287678189e-02
-5.639473324641069291e-02
-5.631641509956236691e-02
-5.588376597640969112e-02
-5.538890749058036217e-02
-5.479243136978777934e-02
-5.462776879787492601e-02
-5.417248796264802907e-02
-5.396201689288059045e-02
-5.366099484559776200e-02
-5.339456448920682635e-02
-5.280815734660749411e-02
-5.265392738632237307e-02
-5.237628590252390443e-02
-5.161643653021562306e-02
-5.135783331244476307e-02
-5.125349230536122708e-02
-5.087971515620583890e-02
-5.079623242295305124e-02
-5.068613117991375289e-02
-5.000641051700522449e-02
-4.991139699795275192e-02
-4.947812556483319885e-02
-4.899971507946743882e-02
-4.875302911082277785e-02
-4.860566137674859899e-02
-4.785050565382745896e-02
-4.740325884834251796e-02
-4.692433790811335881e-02
-4.673926822891916882e-02
-4.645378152389095794e-02
-4.622057012056181996e-02
-4.599456840897711563e-02
-4.589634852555946748e-02
-4.571270004260400560e-02
-4.533302582020699162e-02
-4.495570500922756174e-02
-4.474203892027259905e-02
-4.425328983991236309e-02
-4.398655397273792955e-02
-4.365222886535320007e-02
-4.346348180610495882e-02
-4.324148391145229975e-02
-4.309042896039388948e-02
-4.247117780363132006e-02
-4.211735344719070434e-02
-4.201173605167190378e-02
-4.142851725071873548e-02
-4.137794491190998486e-02
-4.096184929632129545e-02
-4.042792257339092310e-02
-4.028756475839764817e-02
-4.003876053917682781e-02
-3.997815581071380298e-02
-3.960030125848834626e-02
-3.942936395564300422e-02
-3.880961222136629363e-02
-3.850004132731914275e-02
-3.831682151910944384e-02
-3.820454647320168512e-02
-3.771611028688075934e-02
-3.752190504942187754e-02
-3.684540923614939428e-02
-3.675379540566568043e-02
-3.640898032279648450e-02
-3.612040788770130156e-02
-3.593236661668121334e-02
-3.553262313132903027e-02
-3.531966957472484903e-02
-3.507403232513688768e-02
-3.475042669114591226e-02
-3.432779071831177503e-02
-3.408188559944055201e-02
-3.367984525730059742e-02
-3.360896637698167905e-02
-3.329708358963362480e-02
-3.288166432043147097e-02
-3.269444270391871216e-02
-3.208172943968026769e-02
-3.190634425891096526e-02
-3.152940870255133837e-02
-3.149534105298882475e-02
-3.129845302772660959e-02
-3.070029989950909255e-02
-3.045116392932176175e-02
-3.019161889377620228e-02
-2.965693327600506940e-02
-2.959296182994650137e-02
-2.917895642908497830e-02
-2.907768814457857912e-02
-2.834247528306658992e-02
-2.817920801778838955e-02
-2.807311269689486896e-02
-2.767962830528247764e-02
-2.755134595599819519e-02
-2.714350679069985409e-02
-2.698440455001422170e-02
-2.659755507639563477e-02
-2.616209763785821985e-02
-2.574836550012015585e-02
-2.563170719714593163e-02
-2.508636517720815376e-02
-2.481194262473986750e-02
-2.457313969346217042e-02
-2.410488053254568330e-02
-2.392622836288730084e-02
-2.379991580790907432e-02
-2.321513567148045590e-02
-2.273211869150002992e-02
-2.269158861135315772e-02
-2.243012989430858209e-02
-2.220787514024346807e-02
-2.208771709983019249e-02
-2.160765708919025821e-02
-2.130501692110674597e-02
-2.106285101131966445e-02
-2.067817483023765349e-02
-2.055974594082658410e-02
-2.040791366955496677e-02
-2.016011707733710023e-02
-1.968296771987555066e-02
-1.949395703628663268e-02
-1.898463737547405328e-02
-1.887489896743622594e-02
-1.879751293576696625e-02
-1.870229863019240088e-02
-1.809485663938621008e-02
-1.802817217696697435e-02
-1.759479212088650713e-02
-1.755047900624642776e-02
-1.716682690979496120e-02
-1.674689161409912211e-02
-1.672319923804788805e-02
-1.652732604342173339e-02
-1.604457718466674454e-02
-1.578880308071655900e-02
-1.564840784179036964e-02
-1.539260311446548173e-02
-1.523495456842254188e-02
-1.486413954671825591e-02
-1.436695736002403627e-02
-1.432529925965801872e-02
-1.415845349240766986e-02
-1.395379441058880801e-02
-1.350993628494921370e-02
-1.309875372861953914e-02
-1.286541886591766916e-02
-1.247019902296931000e-02
-1.218367668873236373e-02
-1.181491286019495553e-02
-1.172603546534385123e-02
-1.157207351551713982e-02
-1.099523190034656928e-02
-1.070840233880992511e-02
-1.052555137521198926e-02
-1.025607624262569496e-02
-1.001193059666481179e-02
-9.557054891207551056e-03
-9.412918722445090883e-03
-8.965297950987490688e-03
-8.750757742938665082e-03
-8.577256418911570479e-03
-8.424962153661197731e-03
-8.157396971426684670e-03
-7.695949269802566245e-03
-7.600007940185202898e-03
-7.337443034190846251e-03
-7.147411663079736299e-03
-6.912368167924257296e-03
-6.554414463478899951e-03
-6.280453008994946358e-03
-6.008448281437510016e-03
-5.979593471794031855e-03
-5.470062033638749266e-03
-5.128543326741724119e-03
-4.929292353277087320e-03
-4.685032563831445507e-03
-4.412299762753906646e-03
-4.055362270731475288e-03
-3.696694863659770805e-03
-3.621781003176717268e-03
-3.440084022668755698e-03
-3.081702906801168408e-03
-2.851769807628956425e-03
-2.543979815124466221e-03
-2.190313487567800092e-03
-1.933494667793372911e-03
-1.494360033495597921e-03
-1.245974452089695277e-03
-9.695638004170759354e-04
-7.375798427197930709e-04
-2.457848683034843744e-04
5.247067282429353701e-05
9.938324727412273436e-05
3.934422959520278364e-04
4.522879159044485855e-04
8.129255661609492180e-04
9.257207555001027927e-04
1.187001240274806807e-03
1.810676948122899414e-03
2.100160628197142530e-03
2.241854799653276043e-03
2.383023987897629759e-03
2.563857147864864999e-03
2.769201361724193348e-03
2.975727388242273026e-03
3.257240731673039218e-03
3.640235377153671487e-03
4.191990447862918232e-03
4.476064122745510888e-03
4.661638854713266375e-03
4.961015304272562050e-03
5.121373258909536416e-03
5.769666827318718424e-03
5.865053373068603200e-03
6.045357134929189684e-03
6.308505848987076663e-03
6.577265125854984962e-03
6.755136368607893467e-03
7.145037598651812934e-03
7.507243480758283259e-03
7.630090238350134731e-03
7.747638779234298882e-03
7.948368476444476680e-03
8.470421705345175176e-03
8.860700971867030429e-03
9.060288970241886508e-03
9.272788724941187499e-03
9.456431027890116817e-03
9.961978476603973107e-03
1.024889674797680936e-02
1.047233020945873873e-02
1.070878034647148279e-02
1.109056314594671945e-02
1.129512034049924563e-02
1.137579108738869492e-02
1.175601972332597153e-02
1.191412543086877406e-02
1.214111742068700768e-02
1.240046950089721857e-02
1.269694530414998065e-02
1.291935261846755868e-02
1.333796765711151716e-02
1.379340363063455248e-02
1.385012145126851037e-02
1.397694546346574598e-02
1.423729307911716230e-02
1.466861845416270529e-02
1.510266580096309569e-02
1.551205571036638753e-02
1.587542924279904122e-02
1.598274470122075519e-02
1.630467009440992460e-02
1.635420610332758914e-02
1.652955377544214691e-02
1.668681212550046297e-02
1.721616362672498748e-02
1.754055831425398865e-02
1.789008254660522795e-02
1.800385538871757118e-02
1.852977820273011764e-02
1.871394871211976701e-02
1.887560428633316967e-02
1.917221023634490401e-02
1.983044133545405763e-02
1.992787592943018674e-02
2.015287449307050574e-02
2.044283369608949213e-02
2.076346256247112512e-02
2.091751136976455899e-02
2.101275610297063598e-02
2.127628286807528579e-02
2.168149188807213384e-02
2.215955556676479227e-02
2.230908741656763630e-02
2.259907623168613475e-02
2.268683116994249169e-02
2.324970813967375954e-02
2.345513329163501776e-02
2.355898042174773763e-02
2.421405813927131334e-02
2.452342527860845028e-02
2.482380516923701069e-02
2.517426743342936896e-02
2.529658023007277934e-02
2.554030901666626274e-02
2.575948677201514783e-02
2.588155771238460218e-02
2.609322952171988161e-02
2.626480259422336178e-02
2.676933234922862503e-02
2.692518434034840355e-02
2.709658727220581181e-02
2.756749695628255351e-02
2.777411492236669249e-02
2.789297242048104086e-02
2.814138656412518147e-02
2.818600873066063467e-02
2.874300484275105205e-02
2.904941450932213912e-02
2.937150387481771499e-02
2.960006706867315124e-02
3.002310873724845994e-02
3.035108783215428874e-02
3.052718005076231894e-02
3.120985701083503483e-02
3.126738113294637994e-02
3.138935498762824433e-02
3.162151786804759390e-02
3.199917254010371803e-02
3.202306078823898700e-02
3.245049319918183461e-02
3.278202313702289344e-02
3.306852381537404156e-02
3.317137377648068930e-02
3.362376800427308715e-02
3.375745014168368696e-02
3.439478584138545153e-02
3.464195959570866290e-02
3.491392907617063557e-02
3.525022176732486856e-02
3.540212232416797833e-02
3.558182028552535348e-02
3.586026347188871199e-02
3.628906430357019264e-02
3.652492722063267055e-02
3.695155983886001111e-02
3.721428497103319161e-02
3.743474403662025440e-02
3.759450986759924757e-02
3.792790385839651945e-02
3.806993577498500592e-02
3.845274353162830838e-02
3.852595106041072082e-02
3.908277739130845002e-02
3.931953068325863554e-02
3.970634478553825703e-02
3.995018321817297990e-02
4.032315380583214454e-02
4.062005448934149360e-02
4.103365489444658204e-02
4.131482232441537061e-02
4.159543002205372958e-02
4.175382975628207788e-02
4.230306670416648929e-02
4.257790314591652914e-02
4.285602977749026349e-02
4.315266459084705214e-02
4.375617503921769291e-02
4.402742464831485569e-02
4.438685126685262133e-02
4.474826337658196346e-02
4.485775316225524417e-02
4.517833292997754102e-02
4.537716176201814916e-02
4.579724820380787209e-02
4.623766391010909749e-02
4.639596113308361303e-02
4.673162178319145710e-02
4.721741759143919387e-02
4.731109191573078243e-02
4.779793023005412395e-02
4.813385122641673786e-02
4.837180785569247105e-02
4.849733327771786617e-02
4.889174357112460734e-02
4.927951586968740832e-02
4.969209113148454621e-02
4.998794875045897007e-02
5.050219871211616279e-02
5.073255260183594240e-02
5.121555865904364735e-02
5.165358602193332455e-02
5.180992058521213112e-02
5.220415948198585399e-02
5.257623146811857967e-02
5.279998318799406648e-02
5.303961198289764561e-02
5.312184764055829372e-02
5.365405694529065683e-02
5.398431333467067911e-02
5.459511623248915896e-02
5.463238199946601065e-02
5.493159119648342859e-02
5.511663171802275163e-02
5.583868780336773835e-02
5.643038447192830209e-02
5.648412367777715798e-02
5.695237077268199000e-02
5.725746985093977531e-02
5.740439658690166952e-02
5.775142345651722992e-02
5.821365705322129741e-02
5.875109500406627827e-02
5.893065420092115370e-02
5.961024233874141071e-02
5.992674948715037697e-02
6.002203988556196329e-02
6.024341509070610390e-02
6.091815286341755592e-02
6.095557810962280720e-02
6.149660806382084566e-02
6.182325242927275838e-02
6.252930399265822781e-02
6.285348036934920724e-02
6.316342004491015683e-02
6.368409197682708967e-02
6.398885774820814443e-02
6.437775935428459440e-02
6.492141933983439084e-02
6.540234045514059513e-02
6.593005355448740279e-02
6.599003232086246562e-02
6.638767269447017061e-02
6.698652655010266244e-02
6.718281931124521489e-02
6.743440888784271725e-02
6.843589042341520490e-02
6.846706776443733933e-02
6.871320654865033239e-02
6.899176273366926238e-02
6.957295392954300495e-02
7.035439975668734969e-02
7.076690135176537388e-02
7.103381175615287868e-02
7.177256451298046069e-02
7.191988150245798295e-02
7.234209966549379200e-02
7.281437288556605325e-02
7.344146158725893547e-02
7.407236735640096437e-02
7.494584022756591024e-02
7.550693624200523202e-02
7.562038531409491504e-02
7.620467348867628055e-02
7.712929576267606169e-02
7.739410611597043188e-02
7.820423500844092546e-02
7.844106632340078211e-02
7.870097296296306444e-02
7.947182003766058156e-02
8.049605065017942374e-02
8.087505980543183148e-02
8.143379243057156935e-02
8.255267410782224369e-02
8.316887444922922701e-02
8.341956629222106734e-02
8.479336576433284256e-02
8.643659685077649535e-02
8.724604786893630504e-02
