-8.645002426161518816e-02
-8.609331590523716660e-02
-8.474784378133141949e-02
-8.395326298783349628e-02
-8.306443109822564397e-02
-8.280617123718964079e-02
-8.225218167680523051e-02
-8.122647134215314757e-02
-8.087284788299708982e-02
-7.998502334926212154e-02
-7.947482943560266189e-02
-7.868409091612245387e-02
-7.798748327057324070e-02
-7.783415402924871718e-02
-7.680324590586090627e-02
-7.620661608970080714e-02
-7.572398859486728639e-02
-7.513677010511062015e-02
-7.445998174895432364e-02
-7.368126986711134863e-02
-7.334230295645434439e-02
-7.282744046806834126e-02
-7.219521953567629990e-02
-7.184229147718336483e-02
-7.170648910023633138e-02
-7.104776550266975188e-02
-7.061016202285472221e-02
-7.048979033989744014e-02
-6.956210976269215640e-02
-6.907027385916782170e-02
-6.895063685586469426e-02
-6.841400656490084775e-02
-6.804893067968882658e-02
-6.780721760607838489e-02
-6.712145153185201940e-02
-6.684186145399262369e-02
-6.585714902302979012e-02
-6.547569733499494782e-02
-6.532649251283954850e-02
-6.492897669275667083e-02
-6.465574250351269203e-02
-6.431059914550249501e-02
-6.386561067156847071e-02
-6.348647738534722584e-02
-6.321621104474088593e-02
-6.270903064744916267e-02
-6.258708471694973685e-02
-6.208445568932940972e-02
-6.172854087012782237e-02
-6.139011718321898958e-02
-6.104022697533260239e-02
-6.032481258551904146e-02
-6.022112475069504173e-02
-5.962333409435542630e-02
-5.944986664704091095e-02
-5.913202716822268251e-02
-5.844322288735200044e-02
-5.827718455761225769e-02
-5.798522764089232562e-02
-5.739023978100489531e-02
-5.700930008681291683e-02
-5.686532349911302409e-02
-5.675365265683518512e-02
-5.646880583477020127e-02
-5.606933746004671287e-02
-5.533700083000216152e-02
-5.502684749454355567e-02
-5.446377566874456566e-02
-5.417870248951251605e-02
-5.401991919425652711e-02
-5.387261936331448620e-02
-5.341729561085362121e-02
-5.305076714559271711e-02
-5.272980635319986231e-02
-5.253724010293280705e-02
-5.229736005364050977e-02
-5.194631282999279814e-02
-5.153924519303353796e-02
-5.102315839433342604e-02
-5.076254902520632717e-02
-5.055430774153944762e-02
-5.043163138009965074e-02
-4.963952923536670697e-02
-4.941812497859050801e-02
-4.890639467567377968e-02
-4.875174432207619174e-02
-4.860228257975782867e-02
-4.821463280275951196e-02
-4.788415443269978394e-02
-4.769920917478173705e-02
-4.711439407390208278e-02
-4.686353277436524495e-02
-4.662689948629465675e-02
-4.637584434006554457e-02
-4.606688508374424951e-02
-4.577032855325185307e-02
-4.546263219765706715e-02
-4.502019560472212550e-02
-4.463193883936055623e-02
-4.432514204411446695e-02
-4.395981618899116872e-02
-4.363063724839999491e-02
-4.328780241850860994e-02
-4.305025277180114102e-02
-4.292515836545907765e-02
-4.269466642421503033e-02
-4.219783688343721473e-02
-4.190396737274561939e-02
-4.154434376166710186e-02
-4.120936220232673114e-02
-4.084922760389601837e-02
-4.074170038014096606e-02
-4.042151833441320896e-02
-3.996791498911011348e-02
-3.981951654475988922e-02
-3.930730909792461841e-02
-3.888991855572284523e-02
-3.884737159114116933e-02
-3.840460399373711586e-02
-3.807802894770644792e-02
-3.771918207699642006e-02
-3.719730576570666469e-02
-3.697978834679767346e-02
-3.667749257246264577e-02
-3.643557488743990463e-02
-3.611249009451705100e-02
-3.590765786509418633e-02
-3.567890539000413003e-02
-3.537386836768817433e-02
-3.524769731810410006e-02
-3.480656853794601713e-02
-3.449981225233837018e-02
-3.414649245047535892e-02
-3.377186236743374287e-02
-3.356081240462951282e-02
-3.336028381623926120e-02
-3.300883002298741348e-02
-3.284558817022632804e-02
-3.264086052361718504e-02
-3.242010078450893729e-02
-3.216307464371181979e-02
-3.156435888642934035e-02
-3.116112749922012037e-02
-3.095358717718365779e-02
-3.086500859034134459e-02
-3.066067149667417446e-02
-3.039326303582525965e-02
-2.981145418600323477e-02
-2.958829166973904121e-02
-2.934540181084447502e-02
-2.901845843162745645e-02
-2.877260044864879060e-02
-2.866266220174526133e-02
-2.820151547190950791e-02
-2.806103186885795797e-02
-2.767227545043856804e-02
-2.736123231310984977e-02
-2.703252637943374601e-02
-2.687808834114255654e-02
-2.651263039377293670e-02
-2.633522853162192923e-02
-2.608258770114521216e-02
-2.576328333414285368e-02
-2.545927252304888005e-02
-2.515867053156304808e-02
-2.497917048189588624e-02
-2.482049712433355773e-02
-2.456620217548767873e-02
-2.410605250586820084e-02
-2.399725991705623646e-02
-2.378173727245843846e-02
-2.345077589213091784e-02
-2.305385313893419663e-02
-2.300714880458321759e-02
-2.258327259348181723e-02
-2.235367271140061701e-02
-2.205256773571496326e-02
-2.176465879222005961e-02
-2.162048454490698643e-02
-2.125495644959647656e-02
-2.097670229825581226e-02
-2.081195784387122882e-02
-2.022990386642652474e-02
-1.989339051252644180e-02
-1.948962388633612708e-02
-1.921044624880595408e-02
-1.892339720786011259e-02
-1.876123634852471314e-02
-1.855042468372393102e-02
-1.814743748026367148e-02
-1.806016528597765083e-02
-1.780781515153106315e-02
-1.763515618749966762e-02
-1.729737530144094884e-02
-1.702481853156155231e-02
-1.630221983124622090e-02
-1.612978402937648506e-02
-1.587422441380699142e-02
-1.572165734122660946e-02
-1.500647466947287005e-02
-1.482748619294429852e-02
-1.458274977705620659e-02
-1.445928596550739506e-02
-1.415388300143064632e-02
-1.395783933570581350e-02
-1.374235095229695697e-02
-1.316917659577888575e-02
-1.309092489658102675e-02
-1.271986771236727383e-02
-1.266892173797503664e-02
-1.232217550128291914e-02
-1.171365296443731621e-02
-1.155233851513612527e-02
-1.131442688955137943e-02
-1.119659238648175979e-02
-1.097921588410179748e-02
-1.066199011228015532e-02
-1.048685935466026238e-02
-1.024107518866436764e-02
-9.974487770874109968e-03
-9.737001359202352227e-03
-9.320089956803074421e-03
-9.112584899225124879e-03
-8.844790475896539134e-03
-8.655973968563062185e-03
-8.192087534628966772e-03
-7.996249047063974658e-03
-7.762604737607374690e-03
-7.421930871967686617e-03
-7.129234526588615513e-03
-6.802737412920149135e-03
-6.617732176406621383e-03
-6.504604518931786199e-03
-6.179417705050471547e-03
-5.724438997415312765e-03
-5.460513495482753957e-03
-5.042359195495939479e-03
-4.933715392375625890e-03
-4.793088723512154738e-03
-4.546409387157015168e-03
-4.379832014389759519e-03
-4.286875658976909385e-03
-3.683330481887846317e-03
-3.543179083361714266e-03
-3.267555754133979768e-03
-2.901731081410175751e-03
-2.591920533083680225e-03
-2.393538821248658230e-03
-2.175249952085295344e-03
-1.890995149156299640e-03
-1.729230188735345064e-03
-1.280842358591543313e-03
-7.744557658191946912e-04
-6.493556458237077778e-04
-4.788265866245188310e-04
-2.819825882110493787e-04
-8.884153419364476190e-05
3.197245549103914174e-04
7.010775089151743619e-04
7.692607730710929442e-04
1.158311913333288099e-03
1.236652233768131999e-03
1.604345759032166406e-03
1.943433355167960633e-03
2.300109417630551503e-03
2.455016056933967059e-03
2.965593129065333816e-03
3.061900818134191248e-03
3.248308635867680656e-03
3.607392545654471757e-03
3.865974759097516502e-03
3.966246157666396960e-03
4.543561109159570052e-03
4.688531352023421819e-03
5.092567573416664078e-03
5.132867299383282213e-03
5.196738117188778004e-03
5.719041042954750229e-03
6.042533015349725936e-03
6.141356516030606859e-03
6.551398648824293715e-03
6.718827986875034082e-03
7.365441433738660788e-03
7.574963332072161964e-03
7.612510558853356236e-03
8.136430289103175478e-03
8.689419353865707879e-03
8.747953476040111129e-03
9.090937291526839450e-03
9.325505537112291701e-03
9.505172820181373439e-03
9.880575002418083910e-03
9.995406310702632108e-03
1.050527969812609097e-02
1.061442198845637640e-02
1.070834325957053731e-02
1.110724408205078159e-02
1.138157351794425766e-02
1.159940863691969783e-02
1.191642876110183581e-02
1.213009359563557189e-02
1.242987669558540641e-02
1.247858727418718269e-02
1.295270017849058097e-02
1.302441641199122979e-02
1.338882139186235026e-02
1.361089952525849911e-02
1.390282328184672296e-02
1.405942978868984262e-02
1.445491833058770714e-02
1.465691699281030692e-02
1.487120942725527611e-02
1.534376035744483037e-02
1.539079509365128343e-02
1.569302930045609126e-02
1.611868557599357293e-02
1.646637523604870326e-02
1.649703214483901406e-02
1.689201882831550816e-02
1.720169535111453971e-02
1.746036075080478409e-02
1.774707308849627144e-02
1.784174576122824624e-02
1.807016311724814195e-02
1.836438060041370446e-02
1.882060149666906976e-02
1.897988283512102442e-02
1.906603341471324597e-02
1.942584920440398877e-02
1.983169781668362580e-02
2.027554256812586983e-02
2.056827014037487453e-02
2.059179237147949759e-02
2.095625235653821375e-02
2.117388272939319319e-02
2.138590108800996967e-02
2.172228060753192413e-02
2.230469265610348154e-02
2.241316718414471110e-02
2.256860667006120938e-02
2.321260500258033946e-02
2.324401817945790510e-02
2.338950408584482971e-02
2.392120835277289706e-02
2.400839655543672915e-02
2.439830699253146482e-02
2.485422466290922172e-02
2.494056306851821087e-02
2.530928194664676389e-02
2.558443605187360470e-02
2.582215143046754161e-02
2.615869134687372199e-02
2.637307442651715128e-02
2.659233952637695547e-02
2.677734395017979108e-02
2.703777558876341996e-02
2.738937351939692982e-02
2.784892175628235836e-02
2.807689735812589349e-02
2.851078760529979564e-02
2.880774205650957556e-02
2.896133979702010530e-02
2.914679855715527484e-02
2.935485560751595682e-02
2.952119534702908610e-02
3.000250158175780599e-02
3.039907942025967327e-02
3.068938493888547295e-02
3.102920780032120823e-02
3.121116376501131481e-02
3.144326193744547554e-02
3.162276919707599637e-02
3.224741918431089233e-02
3.238742865022620210e-02
3.278315100402806603e-02
3.295259080698297732e-02
3.343678547753907437e-02
3.408651139431385230e-02
3.413245594475526612e-02
3.451311264497232412e-02
3.484871154232127566e-02
3.504678143051039030e-02
3.530163548433510462e-02
3.568810519770487105e-02
3.588573073165371441e-02
3.621954931565285474e-02
3.642518319001524646e-02
3.699314323418231854e-02
3.700969878605791380e-02
3.742691886318641470e-02
3.782769501370610021e-02
3.803433891967106240e-02
3.825239388443035099e-02
3.839017441978542777e-02
3.873574248954676086e-02
3.890591678756615684e-02
3.927086867381549690e-02
3.974718939950627056e-02
4.009711271282819650e-02
4.051867399175392709e-02
4.091466476904583038e-02
4.127325993422475275e-02
4.156161062018896846e-02
4.175311467679518329e-02
4.199074982601466027e-02
4.226156360559676223e-02
4.249086578750271154e-02
4.273889446797173031e-02
4.304790371969959006e-02
4.312470502901295105e-02
4.345098860654968143e-02
4.377094445867352190e-02
4.435953740966736003e-02
4.450703259738689882e-02
4.487125488678517238e-02
4.494725983442555972e-02
4.560239625290227194e-02
4.575121732985677758e-02
4.601874532298964177e-02
4.612476356131504224e-02
4.641502347658822691e-02
4.679929697348252787e-02
4.714865470126087393e-02
4.784004185981600293e-02
4.788530018963287060e-02
4.825941429530060389e-02
4.850140168733615975e-02
4.921073219653328279e-02
4.967609754013582735e-02
4.995622701174827485e-02
5.014363365661799604e-02
5.033347321939578983e-02
5.051136798580403015e-02
5.103053749194734479e-02
5.158821491574185764e-02
5.192284887241774977e-02
5.224007301764656969e-02
5.278421760033157745e-02
5.294367936125640023e-02
5.358802131140235486e-02
5.371986283027945647e-02
5.390121166164622835e-02
5.439319124245598630e-02
5.496373093677869165e-02
5.525586570962728872e-02
5.532985994031964366e-02
5.571750145819775318e-02
5.597689400203043064e-02
5.664823970733715713e-02
5.707058576160527197e-02
5.743034418213415621e-02
5.774802560081510050e-02
5.801999084717675281e-02
5.832575369226238038e-02
5.868147716785544754e-02
5.897897934931455727e-02
5.932246444009039998e-02
5.947505731205354751e-02
5.965417533165229269e-02
6.026588089747907800e-02
6.044270899941012881e-02
6.095313958714946440e-02
6.125869530322815976e-02
6.151088926900453308e-02
6.217768902300958161e-02
6.238719650782414972e-02
6.255808387592642905e-02
6.282372970903439546e-02
6.316606877058676683e-02
6.371588171153530489e-02
6.399105796333276475e-02
6.458632970314605315e-02
6.494428230245094524e-02
6.557678348838716365e-02
6.606442784927890610e-02
6.635509889072895018e-02
6.666357274909349984e-02
6.720067493368905853e-02
6.757523811893825783e-02
6.810854399984793417e-02
6.898350041141726452e-02
6.905032761609075642e-02
6.971623700383482169e-02
7.020557734304071207e-02
7.056194697221435108e-02
7.079193197553872163e-02
7.137603190783976814e-02
7.215220556165725940e-02
7.248626356041434904e-02
7.269882713435600607e-02
7.285638123557527934e-02
7.329344864461985465e-02
7.420696165033102698e-02
7.470776790346679574e-02
7.501176622864533239e-02
7.578673521373763267e-02
7.616350877283627197e-02
7.622697346200953128e-02
7.795829279444188575e-02
7.813263418058467857e-02
7.911205107972567319e-02
8.005451669598034892e-02
8.019622381884347617e-02
8.040733621027525146e-02
8.158520487360554352e-02
8.287396842531548347e-02
8.320808375197587259e-02
8.342765802632970407e-02
8.421253209389886751e-02
8.477050141596095822e-02
8.723714313775332574e-02
8.794206805739954169e-02
