-8.763598601537099519e-02
-8.654594859474845636e-02
-8.579456540761409844e-02
-8.480098772572118582e-02
-8.387730451098725226e-02
-8.270807627257743821e-02
-8.169321642370887260e-02
-8.146690771327932956e-02
-8.015304462558754672e-02
-7.913014446661641166e-02
-7.805703464936415703e-02
-7.779406600295887819e-02
-7.747728118645751116e-02
-7.729632018775370317e-02
-7.706278771598359945e-02
-7.569785551592192463e-02
-7.515686484120517874e-02
-7.464541679112930705e-02
-7.398358762992277016e-02
-7.374668486648357224e-02
-7.334813380904001145e-02
-7.289608953413484471e-02
-7.259431986119638247e-02
-7.215417670136914374e-02
-7.148637408817916372e-02
-7.089515231878815160e-02
-7.051973703259505066e-02
-6.982721295824628749e-02
-6.935500031294353218e-02
-6.922160028671045517e-02
-6.863804533858777757e-02
-6.850941655251971407e-02
-6.802547999803719436e-02
-6.788776281810440794e-02
-6.761303347188397928e-02
-6.681485356345902293e-02
-6.657704234727247761e-02
-6.600772003281529798e-02
-6.501506402118123473e-02
-6.484374208658634509e-02
-6.462248802534049930e-02
-6.412253098356650305e-02
-6.394241702562818153e-02
-6.345435429035380104e-02
-6.332060083332831379e-02
-6.292158815472813360e-02
-6.238823072596542257e-02
-6.230879691728572617e-02
-6.180762071207085429e-02
-6.140688924122487263e-02
-6.120333098417892609e-02
-6.108973866274800685e-02
-6.054743942438456372e-02
-5.989488685291977782e-02
-5.956052227895138051e-02
-5.919205551996828407e-02
-5.899615250449904286e-02
-5.864141628638794984e-02
-5.853090578085435453e-02
-5.807736256676004211e-02
-5.791761468125320583e-02
-5.725023808775703965e-02
-5.664430033562471711e-02
-5.617722976306566141e-02
-5.581735497569045162e-02
-5.549974831518869611e-02
-5.507080208111894692e-02
-5.474753449403196165e-02
-5.462429337450142725e-02
-5.408831770768711411e-02
-5.404500642103242380e-02
-5.374205912469627588e-02
-5.336885869371078145e-02
-5.284334120485326830e-02
-5.240477189059040281e-02
-5.228106603754491960e-02
-5.218020416168493020e-02
-5.161245942082201554e-02
-5.133679702082700330e-02
-5.063197878663201756e-02
-5.035144655292538712e-02
-5.022214839527061603e-02
-4.977298024585027209e-02
-4.973710632839158097e-02
-4.934131654559632818e-02
-4.890947302781994965e-02
-4.861227506565731632e-02
-4.820830848432244853e-02
-4.806193503523863153e-02
-4.780207787058991797e-02
-4.734721449252946024e-02
-4.706469735824240358e-02
-4.619346398930361530e-02
-4.600411532746485205e-02
-4.570325913640808230e-02
-4.548303159636334081e-02
-4.539414497566371387e-02
-4.512323055319696768e-02
-4.484680065494570794e-02
-4.478772718438706751e-02
-4.437612881704543905e-02
-4.421453910115721864e-02
-4.355229382578626462e-02
-4.317354376694509249e-02
-4.300901131716573789e-02
-4.240660474638393435e-02
-4.216274624912284136e-02
-4.200214605512753163e-02
-4.180982305916238623e-02
-4.175423055398427147e-02
-4.109727983521310746e-02
-4.079077099055229694e-02
-4.064572532039160968e-02
-4.009780268478705528e-02
-3.974232546015485368e-02
-3.951066524886625436e-02
-3.938641910839700555e-02
-3.912614916591872216e-02
-3.876532063710136367e-02
-3.851997048312236910e-02
-3.808787681970600414e-02
-3.786748508729684271e-02
-3.756890658883954570e-02
-3.731716046879156312e-02
-3.710450531302528221e-02
-3.677074630422342422e-02
-3.636437026541596701e-02
-3.614421453172632359e-02
-3.554589534960419378e-02
-3.513238649085381055e-02
-3.502448695221077601e-02
-3.457949667174168434e-02
-3.443783376431898413e-02
-3.396699278289232182e-02
-3.387669672789083569e-02
-3.360601628530393570e-02
-3.343704952630507932e-02
-3.305780788277701276e-02
-3.275307802707724814e-02
-3.258657169684398003e-02
-3.228976559287718290e-02
-3.185594240670935190e-02
-3.164170601742135464e-02
-3.113671776050734238e-02
-3.083719068680520689e-02
-3.064369561701416403e-02
-3.036753346902732256e-02
-3.020479350232297550e-02
-2.982027138732259997e-02
-2.966447505283988789e-02
-2.933123830201943977e-02
-2.904265920386631811e-02
-2.879709200534020380e-02
-2.861337092708868615e-02
-2.796858358828923155e-02
-2.771845824401590955e-02
-2.754864790196878688e-02
-2.720759464065981847e-02
-2.676797392828669797e-02
-2.659367346365207677e-02
-2.648743094645190574e-02
-2.591413634285496745e-02
-2.559873539093242972e-02
-2.534598277142469797e-02
-2.494529153159812454e-02
-2.484782963639561859e-02
-2.446291113553617641e-02
-2.429073210928048981e-02
-2.408080586526302122e-02
-2.361715446930704246e-02
-2.352885342277523037e-02
-2.330387140483101971e-02
-2.315725090431276431e-02
-2.268247727538773295e-02
-2.248178413589911606e-02
-2.238444900312046293e-02
-2.199713070290054348e-02
-2.155635981130176251e-02
-2.127360974073343527e-02
-2.113156091097316211e-02
-2.067664323903612919e-02
-2.037843419614594059e-02
-2.002896049402853526e-02
-1.975636010343022678e-02
-1.954906256346199134e-02
-1.902810678799830499e-02
-1.879780955296303860e-02
-1.844004515952092638e-02
-1.823924228455420585e-02
-1.801004006147046213e-02
-1.780388580820545588e-02
-1.755386125308886283e-02
-1.717597517425312192e-02
-1.678615087082186569e-02
-1.630883953805988343e-02
-1.618950205359715247e-02
-1.607651113195939646e-02
-1.583845815099566359e-02
-1.547701274141981623e-02
-1.528221051899235523e-02
-1.489650547842503656e-02
-1.476193250815601571e-02
-1.428592497173524281e-02
-1.408311614294692482e-02
-1.399519779755151877e-02
-1.363691625653255801e-02
-1.339362811523187556e-02
-1.321269297335367354e-02
-1.295900842532582246e-02
-1.273094560642230172e-02
-1.238777606878734699e-02
-1.181440205706602714e-02
-1.151786751685838009e-02
-1.118004962448408690e-02
-1.106919051915854040e-02
-1.097754604732956336e-02
-1.083843110819635025e-02
-1.048407433352986466e-02
-1.020912176715568602e-02
-9.889743621748504562e-03
-9.479871894642558777e-03
-9.054678616442947067e-03
-8.909715385501603205e-03
-8.749300507942656471e-03
-8.449083237098347493e-03
-8.002452003488940216e-03
-7.662003275632908554e-03
-7.431798776827907432e-03
-7.271699187475752328e-03
-7.075632974889580623e-03
-6.991725314278416509e-03
-6.483993778449547406e-03
-6.067153181275474275e-03
-5.871854864918299444e-03
-5.701051212841460117e-03
-5.266171351747679641e-03
-4.961564936350342653e-03
-4.819473000583287224e-03
-4.788187159225767292e-03
-4.241064544797578696e-03
-4.119377461673837636e-03
-3.904993811068638299e-03
-3.550920577353821380e-03
-3.317725739481555951e-03
-2.905739437019486202e-03
-2.674727051175748108e-03
-2.433293224779609857e-03
-2.283360303552510722e-03
-2.114039133580277331e-03
-1.783273615132160636e-03
-1.695352160725389174e-03
-1.445684345880269119e-03
-9.433443353589707767e-04
-6.799935679227393738e-04
-6.209079363785698124e-04
-2.755030376212776969e-04
2.224655226265118157e-04
4.475699099941636647e-04
5.545325266099146878e-04
1.112883929951469404e-03
1.390626204956135672e-03
1.609862242527988676e-03
2.016609548461493172e-03
2.333699736094751401e-03
2.504456172163581958e-03
2.633008305385806103e-03
3.269845275724827475e-03
3.369522415530836097e-03
3.606838915111256101e-03
3.675983248690096582e-03
3.872192500058651166e-03
4.256870076020626698e-03
4.315325183083199706e-03
4.704078596692530881e-03
5.040135709978183290e-03
5.112909274513538320e-03
5.587062406365177897e-03
5.813082351807524750e-03
6.002468646884340751e-03
6.517533229210414371e-03
6.697138604114210095e-03
7.185927544651890368e-03
7.398805558927154177e-03
7.606098691239120135e-03
7.903762382270456549e-03
8.300701003348880808e-03
8.453323122387669877e-03
8.598403556350948940e-03
9.075982953033088010e-03
9.392805132677818983e-03
9.423838113921249524e-03
9.825627945245097444e-03
1.013894742195685719e-02
1.034196470922742195e-02
1.056924034992428457e-02
1.102856207902834160e-02
1.136685128694945798e-02
1.143726335438759178e-02
1.181791528629030572e-02
1.213359387735127130e-02
1.236069272398985543e-02
1.251516570510110594e-02
1.264772014528335771e-02
1.291426461756706168e-02
1.336012900890928140e-02
1.367448079915788844e-02
1.383816811552517588e-02
1.432058050281219408e-02
1.441572512160740893e-02
1.448393993096838347e-02
1.480442843588665458e-02
1.496302740596464932e-02
1.543762186791975896e-02
1.584203609150761083e-02
1.605299579153951495e-02
1.633474649914341825e-02
1.697977076633120849e-02
1.712636670320253837e-02
1.727678955828866256e-02
1.757139933108903956e-02
1.774509726078284111e-02
1.814010264780412454e-02
1.823096215183622748e-02
1.855597521662448804e-02
1.888588146664792189e-02
1.898135916988895333e-02
1.953655142020017249e-02
1.985071746614978927e-02
2.006710447266118330e-02
2.037476778869206501e-02
2.064193062564577408e-02
2.090953518178799778e-02
2.102264386484288886e-02
2.123110705834746828e-02
2.174174685078248889e-02
2.183736728562699764e-02
2.232894496766639134e-02
2.240527845166514001e-02
2.243337615688985320e-02
2.268776761090578534e-02
2.291052719091404843e-02
2.360418156538831788e-02
2.368852561970195142e-02
2.386051777985874478e-02
2.393922388555646402e-02
2.466066242066353859e-02
2.489314606751204945e-02
2.529999510698789991e-02
2.566630238596101163e-02
2.581850290487349917e-02
2.605552648455420825e-02
2.639150072179791140e-02
2.646743148489776043e-02
2.678293150653419594e-02
2.734860955974019459e-02
2.757915497458698212e-02
2.777452086443241500e-02
2.806494878650337907e-02
2.811542109388625449e-02
2.848485443997825911e-02
2.884862074534358042e-02
2.922262829121429623e-02
2.938655462996368761e-02
2.953938592499852356e-02
2.970935260570183728e-02
3.028313686869296695e-02
3.048200143235439696e-02
3.094634752608919556e-02
3.110709724776546115e-02
3.119519936489009021e-02
3.164429928061555236e-02
3.189268630256308218e-02
3.241550181112990564e-02
3.283047053904736973e-02
3.294081421546040528e-02
3.312930033767363946e-02
3.333284772626663589e-02
3.347275771725674587e-02
3.413622107590612992e-02
3.426271501070185521e-02
3.481967985213704070e-02
3.498719881679643318e-02
3.511569019086737548e-02
3.545008905438117724e-02
3.556485399892666405e-02
3.591558017861602031e-02
3.630691130066429628e-02
3.672328201196954633e-02
3.693375521402306183e-02
3.701466870585924662e-02
3.779842910439840803e-02
3.786226195077533468e-02
3.800324973128605538e-02
3.848051416637163213e-02
3.916977784599758039e-02
3.920561409583796231e-02
3.933136604606302100e-02
3.984676259520820302e-02
3.995951659379031601e-02
4.033863530714302398e-02
4.074503134066563559e-02
4.086946664045117833e-02
4.135022919270104486e-02
4.148114245872906031e-02
4.206250355007312008e-02
4.219466694809025087e-02
4.251868732602522710e-02
4.273147776014372956e-02
4.329109906050649520e-02
4.351674122997472444e-02
4.377023861561572110e-02
4.390916086273874419e-02
4.457217606851553160e-02
4.460485475134767092e-02
4.493824425070849088e-02
4.523587667782806576e-02
4.552399604714871956e-02
4.598274807470982550e-02
4.645272568208690805e-02
4.665789113656410025e-02
4.689206649943983979e-02
4.706709623654611874e-02
4.784305909353140512e-02
4.788998436960298366e-02
4.829872929533819692e-02
4.841447757012889985e-02
4.866148890472458965e-02
4.868093836548045145e-02
4.925869555912027603e-02
4.978098962437553510e-02
4.982998665092505663e-02
5.014991139007701076e-02
5.030068831902587828e-02
5.050986782657590490e-02
5.110746452056892652e-02
5.114345784209810286e-02
5.154327256280936964e-02
5.171280612611109384e-02
5.222736702264425823e-02
5.277841887713300567e-02
5.302507794682369963e-02
5.317275425319673010e-02
5.386558077522395765e-02
5.439866383787697601e-02
5.453270752822848150e-02
5.493885362912108439e-02
5.514924888927818375e-02
5.586513221032651799e-02
5.615119962984804758e-02
5.662788967558936987e-02
5.716566685287020194e-02
5.744028877580350384e-02
5.774661203839173002e-02
5.810872612362182055e-02
5.822521971004866043e-02
5.882291707760980287e-02
5.901948034296327500e-02
5.975045254128089761e-02
5.990693640747669912e-02
6.034452576479932412e-02
6.049348498676740404e-02
6.062025100087518881e-02
6.095941324489562857e-02
6.143756426632589196e-02
6.216434943342002278e-02
6.276931766777320287e-02
6.316667302292464092e-02
6.370643298820961864e-02
6.377240715995616260e-02
6.405199714476539352e-02
6.419225151101336235e-02
6.470231467618796362e-02
6.513590799951568533e-02
6.546251214017800857e-02
6.582114578359271606e-02
6.669829056528515931e-02
6.698070439149102218e-02
6.699971846679088350e-02
6.713184288912749098e-02
6.804293789228539613e-02
6.868766585942692737e-02
6.903566267068732276e-02
6.958357310443172294e-02
6.989476143688835852e-02
7.004180528624656676e-02
7.067601145789115247e-02
7.108318012903099004e-02
7.128469312181850981e-02
7.162328292195442592e-02
7.260735298794573911e-02
7.291529887530641407e-02
7.401275707596005615e-02
7.418021326039755947e-02
7.455177766892077951e-02
7.480115519051556972e-02
7.591980522587497837e-02
7.656545026919725494e-02
7.699939346928957873e-02
7.703055023389769607e-02
7.773767815507026668e-02
7.851888586726556152e-02
7.913773416018174411e-02
7.986274656031790153e-02
8.001400937619082554e-02
8.093167047998801877e-02
8.173892308932716178e-02
8.235634235584635143e-02
8.334608699749340710e-02
8.432908600128685705e-02
8.508207347661020381e-02
8.602102884889364920e-02
8.865013160148672855e-02
