-8.742031368206652775e-02
-8.721610313708830220e-02
-8.509533362709180426e-02
-8.434708531961689071e-02
-8.307989695088273396e-02
-8.223133661394789462e-02
-8.128509014887859430e-02
-8.111428293336296613e-02
-8.069011543565630940e-02
-8.006596967975768142e-02
-7.879367700434242172e-02
-7.848998085458877561e-02
-7.776411072838848582e-02
-7.734685755466000345e-02
-7.669342063117713659e-02
-7.628403113771987931e-02
-7.594381634187274965e-02
-7.543009496499496203e-02
-7.497356193359308585e-02
-7.462419607223545748e-02
-7.323573578880379631e-02
-7.291968392038469804e-02
-7.249948541758396980e-02
-7.221730348666888233e-02
-7.182618847446059496e-02
-7.135228607268198631e-02
-7.099209546122134395e-02
-7.071321588675798242e-02
-6.985571950648662709e-02
-6.981085989909607825e-02
-6.942750997145225034e-02
-6.915580542375504569e-02
-6.799732252262302712e-02
-6.786351838072222920e-02
-6.680385707275302010e-02
-6.653171960704869214e-02
-6.615648870580898011e-02
-6.584630630394176787e-02
-6.525555475461901345e-02
-6.501571650453875917e-02
-6.449512005808825943e-02
-6.414926564432679723e-02
-6.377891570925375841e-02
-6.350593080340709295e-02
-6.307378168519524320e-02
-6.280261348504777297e-02
-6.257367394446590458e-02
-6.232781792031672624e-02
-6.197062650714367515e-02
-6.157355051384676842e-02
-6.136533552996735474e-02
-6.056068838452368513e-02
-6.018305587408096652e-02
-5.998950306121605264e-02
-5.976300978766916489e-02
-5.953038732798714844e-02
-5.900579362019254398e-02
-5.867529041694558023e-02
-5.839395185612414330e-02
-5.790023413079365550e-02
-5.758648279158615213e-02
-5.739473841542212101e-02
-5.685172098542262686e-02
-5.660605402822320442e-02
-5.600911561872579103e-02
-5.559383272292958700e-02
-5.534576073338073193e-02
-5.496036778007954565e-02
-5.478118786169126897e-02
-5.439779481283914947e-02
-5.409047926902745690e-02
-5.374545377304242033e-02
-5.349564762522134032e-02
-5.313876231429062041e-02
-5.288794218642407091e-02
-5.249676565214024537e-02
-5.215418698723715829e-02
-5.197205467432371162e-02
-5.142922093690806967e-02
-5.122332053216970688e-02
-5.073970371015239927e-02
-5.032114831125870935e-02
-4.974865230831995028e-02
-4.963555028252335938e-02
-4.952396452343141992e-02
-4.912484295477922980e-02
-4.876993699177833985e-02
-4.857490554976837821e-02
-4.797227960604272257e-02
-4.763755596270554532e-02
-4.695837585206049519e-02
-4.669202967548934102e-02
-4.645245456454463046e-02
-4.622589317329953151e-02
-4.590939342822347724e-02
-4.578330290634571864e-02
-4.508269462918294140e-02
-4.487083219619036889e-02
-4.430074131895483242e-02
-4.426695687474144214e-02
-4.383986698302527740e-02
-4.340283201174181121e-02
-4.330585286247758126e-02
-4.289294963686276357e-02
-4.230722693612186391e-02
-4.202193161099188057e-02
-4.197650066781707934e-02
-4.164213758715077512e-02
-4.126724019469943383e-02
-4.090828608856263843e-02
-4.076505818061572362e-02
-4.048950381309962543e-02
-4.010487817881629863e-02
-4.002158572793018676e-02
-3.962281634951263232e-02
-3.938083726472273172e-02
-3.884120153751645377e-02
-3.866918738507651304e-02
-3.823658418747873100e-02
-3.778287444171325726e-02
-3.767157538207708406e-02
-3.721523589001043270e-02
-3.694749424334668048e-02
-3.676944045762616659e-02
-3.642791462773026928e-02
-3.609400837582996124e-02
-3.575063851237565704e-02
-3.538877405806941517e-02
-3.498109969977494099e-02
-3.480224109718316888e-02
-3.467689648385107598e-02
-3.446967307505424682e-02
-3.426496901249807825e-02
-3.386355173934711693e-02
-3.362737552962141718e-02
-3.340209476841872471e-02
-3.300486642448349078e-02
-3.249235356467480157e-02
-3.224400233261073834e-02
-3.201263020798440773e-02
-3.187802799310739121e-02
-3.155723223013981449e-02
-3.132254627500959121e-02
-3.077527854949782191e-02
-3.051319671885410756e-02
-3.018479157010562144e-02
-3.005663458293075102e-02
-2.991345444282786023e-02
-2.964995694682536972e-02
-2.929013305082657156e-02
-2.897548324012667181e-02
-2.858753532804900882e-02
-2.816480042824585917e-02
-2.805531259923161116e-02
-2.778694537190243286e-02
-2.762334761273816178e-02
-2.711409917859071775e-02
-2.703677859350948204e-02
-2.665558659340203779e-02
-2.632880686491349126e-02
-2.570619960352722028e-02
-2.555759856864638774e-02
-2.528899227848766668e-02
-2.522078874270730978e-02
-2.493833082503026446e-02
-2.464384731563306480e-02
-2.444793154524171896e-02
-2.414338405263620480e-02
-2.397124959484057613e-02
-2.359441155245511554e-02
-2.347789318955429902e-02
-2.286264871698773932e-02
-2.264788608773448883e-02
-2.238990327835552879e-02
-2.205667423565748839e-02
-2.167631659746029407e-02
-2.152783937318124979e-02
-2.114649920063500430e-02
-2.088671021004259720e-02
-2.061197369569156210e-02
-2.058125946168532991e-02
-2.027816026418116299e-02
-1.993339652967867845e-02
-1.956647172870404697e-02
-1.936471330971581417e-02
-1.918476754936504491e-02
-1.892950267735551972e-02
-1.879361559810056870e-02
-1.839453192155611136e-02
-1.823309181749602562e-02
-1.783808792789071812e-02
-1.753828598552938448e-02
-1.724302974838474653e-02
-1.692638606914899715e-02
-1.669897749277889087e-02
-1.645230956884654108e-02
-1.627243228905155339e-02
-1.578827844085926510e-02
-1.553724493558709951e-02
-1.528498236427988481e-02
-1.520117505591501474e-02
-1.517234003081941590e-02
-1.467105830566156795e-02
-1.432341181374744560e-02
-1.405268876358306898e-02
-1.400794401149875815e-02
-1.361862889103984849e-02
-1.323391362063252967e-02
-1.303709555428376153e-02
-1.288604858489556318e-02
-1.243159438641134283e-02
-1.201132094416558493e-02
-1.197997055722136925e-02
-1.165510671113171269e-02
-1.162808817397698903e-02
-1.096163962466059454e-02
-1.080223627449938308e-02
-1.050350847506877419e-02
-1.032141983030942893e-02
-9.929712750320406761e-03
-9.586721713577861168e-03
-9.239720238875450548e-03
-9.174958180583775783e-03
-8.960397893100184238e-03
-8.853649794731389966e-03
-8.713526747602548528e-03
-8.352114182890342520e-03
-8.102826879604552862e-03
-7.231016927288061273e-03
-7.020703503584584289e-03
-6.746376820938295750e-03
-6.493639763161604059e-03
-6.407601378216835203e-03
-5.997628195277306118e-03
-5.687579828400985728e-03
-5.328611628995813358e-03
-5.259084399418521502e-03
-4.925836204667429115e-03
-4.569127155274994335e-03
-4.436995911406457251e-03
-4.178231148749796467e-03
-3.869660194186292940e-03
-3.615888271563648566e-03
-3.350954446899706216e-03
-2.976960848422229022e-03
-2.646607293190151883e-03
-2.597415580785612365e-03
-1.863160422166520048e-03
-1.759738293433132667e-03
-1.693267307614652970e-03
-1.514998182642033264e-03
-8.425002235296220453e-04
-5.986879481910434590e-04
-4.342905871845729820e-04
-2.452624723332834855e-04
9.115921758489370515e-05
2.642808060098325368e-04
4.421370384296054168e-04
5.530105550891531831e-04
7.838497139926257472e-04
1.149055371152450525e-03
1.503928167877983946e-03
1.831604193250730653e-03
2.032587324041010800e-03
2.408831069173371624e-03
2.492779788141197359e-03
2.681828728486428549e-03
2.942194484360366458e-03
3.305518798346537227e-03
3.492651709223905127e-03
3.820391931008789831e-03
4.099078827867095980e-03
4.355136150077959512e-03
4.676174846291409302e-03
4.969837784842963575e-03
5.170781099666618003e-03
5.383568186231257879e-03
5.752233700457978771e-03
5.957292589387428935e-03
6.085969214875574032e-03
6.283626551327799875e-03
6.789046340300312204e-03
7.076534126966714695e-03
7.316007222935256432e-03
7.534863653192358859e-03
7.710058888791578198e-03
7.835344923968852113e-03
8.119899169513927067e-03
8.384119361592685254e-03
8.838555462992564102e-03
8.943794974693332692e-03
9.407130887820828666e-03
9.621011731760470420e-03
1.002006627821427041e-02
1.015902494959703729e-02
1.042744845740442398e-02
1.074682144658917204e-02
1.090822394426011963e-02
1.149294814453958626e-02
1.186324507276830496e-02
1.198211323166849425e-02
1.218325367381447102e-02
1.222810922329213221e-02
1.262032367858800103e-02
1.281600707554681785e-02
1.316636584332699263e-02
1.342381709191123491e-02
1.370122519327539659e-02
1.381811075924487160e-02
1.432695622441949174e-02
1.453416704309954018e-02
1.459747992277404989e-02
1.470698853956073360e-02
1.530004506292596302e-02
1.578834629740420020e-02
1.591060119869837017e-02
1.609951880462409321e-02
1.646781425307546759e-02
1.680350578057913241e-02
1.696780189573499770e-02
1.743013542848619035e-02
1.758786538521097884e-02
1.788074839008291228e-02
1.814726793208505315e-02
1.852539181694546830e-02
1.883752413460410002e-02
1.910186889752714737e-02
1.941542410514434172e-02
1.978920870680532171e-02
2.023993734720357096e-02
2.051562718527206661e-02
2.086438575449075031e-02
2.097839044599089306e-02
2.121440402533011915e-02
2.137199696212191413e-02
2.176661625179032722e-02
2.213182446358752387e-02
2.258548211597503561e-02
2.290785904069260470e-02
2.293362029770412355e-02
2.338609769918040607e-02
2.353279554606428625e-02
2.391165586311038566e-02
2.410108004053118994e-02
2.439541789787411097e-02
2.452225020749051673e-02
2.480478058694774585e-02
2.491261348058865926e-02
2.526891035833851371e-02
2.539134714411725099e-02
2.616751614661076003e-02
2.626215011392550591e-02
2.658089071711084578e-02
2.707953434726025760e-02
2.727236652602626696e-02
2.735469981555727070e-02
2.769554712257706747e-02
2.784247707621702664e-02
2.851716711532603990e-02
2.858340526446130278e-02
2.899319720910957174e-02
2.910261544520172106e-02
2.960717095120161610e-02
2.973903694167281953e-02
3.011390632700702494e-02
3.056575488104636834e-02
3.081201352407648975e-02
3.127946800449668552e-02
3.142408269115544439e-02
3.164618125669989984e-02
3.207874441946260285e-02
3.234707909335367976e-02
3.267253814147356994e-02
3.272911317874734743e-02
3.306014236038956611e-02
3.357508392971805811e-02
3.375361921813400945e-02
3.404516751881279252e-02
3.433370532609237441e-02
3.477247359564213103e-02
3.496136002426166595e-02
3.525657218391678449e-02
3.555488348995684139e-02
3.586658900726510252e-02
3.597343159007532903e-02
3.606076706924175174e-02
3.654646289404736570e-02
3.689758505802340216e-02
3.716081820877786823e-02
3.738920804354358557e-02
3.783442012947126065e-02
3.805320520786195648e-02
3.814190851488510198e-02
3.843152482157023014e-02
3.880307174157195810e-02
3.943197069031980501e-02
3.963700791465159246e-02
3.990772580481381088e-02
4.021142247790676638e-02
4.046786907433085057e-02
4.056458328289007376e-02
4.094707585149921086e-02
4.126992646524373781e-02
4.173459971740416802e-02
4.188106900494516227e-02
4.203852682660303569e-02
4.228432616344170863e-02
4.250488421537469697e-02
4.301808622624496425e-02
4.321032327278774565e-02
4.336382459287672214e-02
4.381637504994075061e-02
4.411049827007332280e-02
4.432581362806191361e-02
4.461746571584020854e-02
4.525182530675508213e-02
4.560916709421428128e-02
4.595677822671461604e-02
4.633525187626631042e-02
4.651595659491645357e-02
4.665101059392431915e-02
4.694343532462830204e-02
4.711204713668951105e-02
4.780089496218550837e-02
4.800749689910056850e-02
4.822483243692140403e-02
4.866788607491707996e-02
4.884155854432141453e-02
4.935250487391470986e-02
4.974529856224188529e-02
4.991189919913089496e-02
5.036263852697712290e-02
5.065544487151543707e-02
5.099949470145118124e-02
5.157394250552820025e-02
5.194144825007168675e-02
5.233127048062659326e-02
5.253735652674809686e-02
5.282904785499031169e-02
5.301331045324444990e-02
5.357838793402338456e-02
5.384293855910744081e-02
5.394730077397678902e-02
5.492023675627260432e-02
5.509885107665649095e-02
5.525641451312795355e-02
5.556246018199410830e-02
5.596120599806877344e-02
5.640388151565402935e-02
5.702032755521770080e-02
5.709926895191435453e-02
5.718012563902019618e-02
5.792137082941842957e-02
5.795729012481071890e-02
5.843837029596987004e-02
5.884193775664335602e-02
5.932555534492740812e-02
5.946830228522693995e-02
5.965911306968881694e-02
6.002410146781467226e-02
6.057790534357206103e-02
6.067706343459034618e-02
6.099772944070350894e-02
6.166273989114546411e-02
6.187283440678421897e-02
6.235554922483005358e-02
6.295382336342274232e-02
6.323396564307193213e-02
6.344595818386244979e-02
6.377429738515125179e-02
6.421801001563633149e-02
6.464143111712604417e-02
6.516984391685533284e-02
6.531739638114343605e-02
6.576335062764514239e-02
6.653408453713420545e-02
6.680995747374990357e-02
6.731926723335752982e-02
6.760595598832690178e-02
6.776877607364560629e-02
6.848036870351997818e-02
6.930806011325393867e-02
6.942018853891751551e-02
6.998404387133969062e-02
7.025527592466310201e-02
7.046482375215969152e-02
7.092189386214514668e-02
7.159145269952665869e-02
7.215727462545346027e-02
7.245266462938644569e-02
7.310877350896581583e-02
7.337383323430321513e-02
7.389062622421405102e-02
7.397560512784598363e-02
7.449878017191637058e-02
7.551963640616712881e-02
7.672649008599237430e-02
7.686318486668919370e-02
7.709370397189994895e-02
7.811514643480031717e-02
7.881296176142463250e-02
7.916554304734270409e-02
7.974277536529392196e-02
8.044851814528387879e-02
8.136009036686432661e-02
8.218618935626392785e-02
8.233354277814612654e-02
8.298868517162025227e-02
8.419379143781423325e-02
8.503884347090925888e-02
8.646621545202795578e-02
8.891475829349126947e-02
