-8.747761114061231025e-02
-8.667444050200182049e-02
-8.585498985922666859e-02
-8.497140802174624197e-02
-8.399523008099395172e-02
-8.314626700949927229e-02
-8.167316024765565452e-02
-8.140060468503744484e-02
-8.033689943743102524e-02
-7.928157501567895116e-02
-7.902181044891239126e-02
-7.881362954069197346e-02
-7.851506234766630898e-02
-7.799959045661127022e-02
-7.778561996319406646e-02
-7.644923151560015229e-02
-7.625801976788747216e-02
-7.556730332900041258e-02
-7.482728128761724495e-02
-7.412226905707257341e-02
-7.381696154182471048e-02
-7.306830986957517371e-02
-7.285309762837849368e-02
-7.240351172474206176e-02
-7.179746030873902785e-02
-7.136089186928920580e-02
-7.057348792778021795e-02
-7.036147057335320754e-02
-7.008661806417371132e-02
-6.948021748886994142e-02
-6.917713681516031443e-02
-6.834554303334205994e-02
-6.789281644332706422e-02
-6.770771060686552045e-02
-6.687364736606453419e-02
-6.663938846922441706e-02
-6.602596727944766430e-02
-6.581851879655671589e-02
-6.545016806975574586e-02
-6.515995038734356815e-02
-6.465496245800475550e-02
-6.419661100747280080e-02
-6.400520183190291923e-02
-6.372622012418560633e-02
-6.335226318245676391e-02
-6.288321621691066177e-02
-6.262633943643561296e-02
-6.227269789683768930e-02
-6.209345229574587954e-02
-6.185952870025173550e-02
-6.139309771703830437e-02
-6.119752668794684741e-02
-6.076200970112382443e-02
-6.020571049602825575e-02
-5.990192535553791331e-02
-5.984071304484315373e-02
-5.908187931659918124e-02
-5.881504680138699426e-02
-5.872169982228801072e-02
-5.798010524953298855e-02
-5.750018654809734703e-02
-5.710282164357349810e-02
-5.681818776912164748e-02
-5.665774017917095395e-02
-5.601782914060301349e-02
-5.596981988825811688e-02
-5.551210629016069265e-02
-5.472146251573732634e-02
-5.446377700879057732e-02
-5.428832755433170981e-02
-5.397546109650517426e-02
-5.363437687230260958e-02
-5.334466775886190920e-02
-5.301094722591356834e-02
-5.257489855967958231e-02
-5.200018214213406043e-02
-5.170253238874579493e-02
-5.155741429511272872e-02
-5.091342176529154578e-02
-5.075524036247996973e-02
-5.027100240342991661e-02
-5.015487695237790672e-02
-4.966128749871596970e-02
-4.943712697523951899e-02
-4.898067003270060310e-02
-4.876051940647030403e-02
-4.833154262242991134e-02
-4.791263928798493443e-02
-4.770535697481591980e-02
-4.721707633334308596e-02
-4.694259032909914309e-02
-4.679043334417463257e-02
-4.665660020702973310e-02
-4.574051378346866842e-02
-4.548595633054979687e-02
-4.530313903122987207e-02
-4.504168001593589904e-02
-4.498244719382698403e-02
-4.448155918917572060e-02
-4.437392562640425642e-02
-4.402128576157951501e-02
-4.385771985545140056e-02
-4.362979972653440591e-02
-4.321855072536490150e-02
-4.293557798484391036e-02
-4.266925021221655567e-02
-4.245704357056316602e-02
-4.163607672105998359e-02
-4.155598651556633577e-02
-4.101423482029559892e-02
-4.075291014979499221e-02
-4.050788047303643946e-02
-4.028807618774719879e-02
-3.976221956485224973e-02
-3.950622568793104444e-02
-3.927038341756050599e-02
-3.871031205812553583e-02
-3.859878776596158134e-02
-3.828667902228587161e-02
-3.821302052782845488e-02
-3.787168165394545066e-02
-3.735056444160992500e-02
-3.729521981286572363e-02
-3.702430279023317256e-02
-3.689062116767643368e-02
-3.615824126487201390e-02
-3.589840050242226743e-02
-3.577999928602316332e-02
-3.569796552374932680e-02
-3.523895263182772603e-02
-3.483849097872386558e-02
-3.424253808111944741e-02
-3.417054577491513562e-02
-3.384746505995341048e-02
-3.344342134256027971e-02
-3.333361879884640111e-02
-3.303316895680900173e-02
-3.278531798717802814e-02
-3.253588923641955594e-02
-3.245966044289724101e-02
-3.193956972506342695e-02
-3.154938220894573653e-02
-3.134268401147641964e-02
-3.071740795598770085e-02
-3.062002826569290917e-02
-3.028086429800717211e-02
-2.998009904546188736e-02
-2.980755428866317669e-02
-2.915509787295762420e-02
-2.893309313958810844e-02
-2.867709062356860877e-02
-2.828014852236340748e-02
-2.815681539731216057e-02
-2.775078917668206621e-02
-2.726621182602258567e-02
-2.716452656905355215e-02
-2.679723092696200890e-02
-2.657371395270187453e-02
-2.646411984205774767e-02
-2.612467721022371930e-02
-2.596476128199025693e-02
-2.577843908084050811e-02
-2.575552468598208203e-02
-2.517271110010741234e-02
-2.504694083767681004e-02
-2.477204212030973893e-02
-2.453856178327157647e-02
-2.450350796816741852e-02
-2.384352856140912330e-02
-2.363802542168463861e-02
-2.346059230026485351e-02
-2.334975236264325016e-02
-2.305811997643395644e-02
-2.282503675692140743e-02
-2.247777341177176202e-02
-2.243018944919464297e-02
-2.211092300461610025e-02
-2.168076055888346759e-02
-2.117655917018980774e-02
-2.085263159966754473e-02
-2.053901823654864095e-02
-2.024367852945766627e-02
-2.015334095724774857e-02
-1.960499689028269085e-02
-1.939928376108862942e-02
-1.913015508480894744e-02
-1.893479067248816927e-02
-1.871024516940706858e-02
-1.820605784443111996e-02
-1.810147360409381651e-02
-1.786267554869205160e-02
-1.747808100468541473e-02
-1.720401841979827748e-02
-1.701625914946789178e-02
-1.671333527208659908e-02
-1.635619486596450942e-02
-1.615007635203672548e-02
-1.584342892840789191e-02
-1.557528626204389595e-02
-1.547900505160748619e-02
-1.518242808750446156e-02
-1.494750129577878880e-02
-1.463090851917967991e-02
-1.441509549781648351e-02
-1.424050315269114082e-02
-1.385181223304524610e-02
-1.338146074762017884e-02
-1.304437010137701226e-02
-1.254055175865361957e-02
-1.236322804605917078e-02
-1.203120590062426755e-02
-1.188724276055240676e-02
-1.164111659802332700e-02
-1.139791097947851287e-02
-1.096621828433070114e-02
-1.074506040090271453e-02
-1.040014032421833663e-02
-1.016279315161587420e-02
-1.001034980885258212e-02
-9.715885063817783149e-03
-9.454056029328633884e-03
-9.002789910197333059e-03
-8.841251063190141979e-03
-8.547135514868577436e-03
-8.283915526154270528e-03
-8.129092956834262085e-03
-7.845768429142236863e-03
-7.608620730163786171e-03
-7.226132071186404555e-03
-6.955257582943869671e-03
-6.662312163998791205e-03
-6.510106530306376815e-03
-6.330884835073197388e-03
-5.960699649312441346e-03
-5.518177632192575177e-03
-5.257775939438691891e-03
-5.113942360414109808e-03
-5.002196045960687933e-03
-4.450835515119514960e-03
-4.096665036088961882e-03
-3.994213854028663691e-03
-3.764411787237757680e-03
-3.337195645664710764e-03
-3.206902047984881883e-03
-2.950384894018662392e-03
-2.712034666899872451e-03
-2.532604256103417918e-03
-1.924179479194879127e-03
-1.486376937835654161e-03
-1.202231557124483485e-03
-1.006921756389944633e-03
-9.839848331771516507e-04
-6.061231198471389104e-04
-4.329714806604978254e-04
-2.845817731903173861e-04
1.413258417034179081e-04
3.850800915588143965e-04
4.873998079257804900e-04
7.267367398765866085e-04
1.186318677470481848e-03
1.338891523836408968e-03
1.528496031080031842e-03
1.830274794405684254e-03
2.078573719378559986e-03
2.200401711764132275e-03
2.607277969348123763e-03
2.901405041808149086e-03
3.109588358471652471e-03
3.245539766582523997e-03
3.617404962490607893e-03
3.900038467213450422e-03
4.095179625571146106e-03
4.315016735057517969e-03
4.759726853727577929e-03
5.162230022397183357e-03
5.478758772914283162e-03
5.593417174355406682e-03
6.141993992977561392e-03
6.284766687959569310e-03
6.444032297191743149e-03
6.550451819015948481e-03
6.763905900443546726e-03
7.004584814293773366e-03
7.508067415791929745e-03
7.681164079057404594e-03
7.970285152853235841e-03
8.135635019163761292e-03
8.182127460158771307e-03
8.715878049391535820e-03
9.085498362753453155e-03
9.317520161144027951e-03
9.805603554122936313e-03
1.005178982735448374e-02
1.018512383056447389e-02
1.047241926587268168e-02
1.069732298417017113e-02
1.096093040236190662e-02
1.122833149997050188e-02
1.146425297917743127e-02
1.183636656500654076e-02
1.219735938159926571e-02
1.229944172084243732e-02
1.281941125144398647e-02
1.288741749340195815e-02
1.308342637795379196e-02
1.346614124010580421e-02
1.385165073946722711e-02
1.390835496600246156e-02
1.415374927112023236e-02
1.429663994756143544e-02
1.482965302755361904e-02
1.507328279103802710e-02
1.523083385317076238e-02
1.556296468128585617e-02
1.580970942612207678e-02
1.621569464370455418e-02
1.645899233752248433e-02
1.687826914785013274e-02
1.702193513803696226e-02
1.729247992564060879e-02
1.748521403018631071e-02
1.806674834452341727e-02
1.817253817147600550e-02
1.839749439510229845e-02
1.860947357619420484e-02
1.892539798151172611e-02
1.928792850312627608e-02
1.939103893888367847e-02
1.960122268356569164e-02
2.013910609163407570e-02
2.031600162286835431e-02
2.042873302454534246e-02
2.085075784930531112e-02
2.123988015765447546e-02
2.160869557163446961e-02
2.182403036517531134e-02
2.202594373393172364e-02
2.222128522702179754e-02
2.258486689840877998e-02
2.287815877143863086e-02
2.303501546424448210e-02
2.350829997463357857e-02
2.374342559980203646e-02
2.400163650250939154e-02
2.404466551458215792e-02
2.441129983475634480e-02
2.445980129285953500e-02
2.470980703932299308e-02
2.487604547724837911e-02
2.547210978382407828e-02
2.566402729222995796e-02
2.607895119686693547e-02
2.623715668327189846e-02
2.663145458119244025e-02
2.689158973840881720e-02
2.720231416719852066e-02
2.744474207073875627e-02
2.776017698724502630e-02
2.802000296220650069e-02
2.856475076532638893e-02
2.916771016519023943e-02
2.934021019006659986e-02
2.977595804061409709e-02
2.991344455871944655e-02
3.001087557361781580e-02
3.010136174601440659e-02
3.074751305133523877e-02
3.087510813004885196e-02
3.097089958164904455e-02
3.124021621591450970e-02
3.164657533399669459e-02
3.207137924434728254e-02
3.217401325681155250e-02
3.233500932793545446e-02
3.274683117995633164e-02
3.297459208393696550e-02
3.349571406069476454e-02
3.367075707056232242e-02
3.375918375040211361e-02
3.408008419983045434e-02
3.449483133942802399e-02
3.480754437413931257e-02
3.518669404365765835e-02
3.549424691097163159e-02
3.565732394118521775e-02
3.570184307314715200e-02
3.627258803956773248e-02
3.664751812148094035e-02
3.666096801363261798e-02
3.687416771956369965e-02
3.740665613212794394e-02
3.766298716729720580e-02
3.785601125268436840e-02
3.855369685707428495e-02
3.867111306055867614e-02
3.921617303466985727e-02
3.934763397150899122e-02
3.985083031341860732e-02
4.004705139733438085e-02
4.015051580657881536e-02
4.046523589202900839e-02
4.056172108948139648e-02
4.110738925474647504e-02
4.158888624166424269e-02
4.183549859429978174e-02
4.193544080833394583e-02
4.206093609805078987e-02
4.243766638859217816e-02
4.298941050304386224e-02
4.322059723690181710e-02
4.359255168167770061e-02
4.395000379236873450e-02
4.409562664957598216e-02
4.434792777758434640e-02
4.462391335000921028e-02
4.519316792774325658e-02
4.545606946787928565e-02
4.588583102840101957e-02
4.593889934000972008e-02
4.642860823440440876e-02
4.663370443987973485e-02
4.693610816167405331e-02
4.749306481208840497e-02
4.798882222291958599e-02
4.815390418316209398e-02
4.846289571291064607e-02
4.897546835376320046e-02
4.946156867398415757e-02
4.965956981604033316e-02
4.997145278557257875e-02
5.037227167858537857e-02
5.060044488732431262e-02
5.092086512053021347e-02
5.143310401773916463e-02
5.149853980104478895e-02
5.174931332251017646e-02
5.233094943292358747e-02
5.258799366882484227e-02
5.299784795379609142e-02
5.308033010082834069e-02
5.325583264178567616e-02
5.380630393041266335e-02
5.410504969135801479e-02
5.462745984041220831e-02
5.528366795938792488e-02
5.537998058125824519e-02
5.573999107220449500e-02
5.600518295757740683e-02
5.641367246938762403e-02
5.646989301399981537e-02
5.717461088760628085e-02
5.729880910758680668e-02
5.734600668471656615e-02
5.781709511820042752e-02
5.848945722351395898e-02
5.866181022305538839e-02
5.887713791577249556e-02
5.958116778300043270e-02
5.993133089175163575e-02
5.997484069384402539e-02
6.078975249196506142e-02
6.129927558789763364e-02
6.158116399275467834e-02
6.199704840476694123e-02
6.259985362471170989e-02
6.287145939005142625e-02
6.319556236203309474e-02
6.369759152675619207e-02
6.386697919228999376e-02
6.402763108077115517e-02
6.434711137796149394e-02
6.463997010346443639e-02
6.496071450998672225e-02
6.576167107848607252e-02
6.590681138057287447e-02
6.651234560575086663e-02
6.697371424932613282e-02
6.737852888825675290e-02
6.749349512373938043e-02
6.856102357672501368e-02
6.878464570818910995e-02
6.922247127563417590e-02
6.960800339904300860e-02
6.987145011071828338e-02
7.022853747154582382e-02
7.072854411583603951e-02
7.107997985125860674e-02
7.181157883408872955e-02
7.201642984213038612e-02
7.274032823462531216e-02
7.301352771975883060e-02
7.341340022091988327e-02
7.384871517554347786e-02
7.452970854929201472e-02
7.467208488166658664e-02
7.554512762884693644e-02
7.666571273328910696e-02
7.688897170055612740e-02
7.737363400623767373e-02
7.809444450464882170e-02
7.888615655034321439e-02
7.936313994954161122e-02
7.975921512022017545e-02
8.048535316177679588e-02
8.087791713700720475e-02
8.138822080949567606e-02
8.240632193980164388e-02
8.254193831171872942e-02
8.327467425954351854e-02
8.438597743376470561e-02
8.465560697464062645e-02
8.680233584671316616e-02
