-8.782277911722100039e-02
-8.726753564822062326e-02
-8.541368384162580096e-02
-8.375607160849000976e-02
-8.353036291238985500e-02
-8.225931875573266883e-02
-8.167246334533984076e-02
-8.088376257429177874e-02
-8.034643480248704339e-02
-7.989541165215532925e-02
-7.898366232444835322e-02
-7.848426838398413208e-02
-7.833085281119685217e-02
-7.697847782910099967e-02
-7.687454047827542436e-02
-7.627763839474537011e-02
-7.544280999137085997e-02
-7.532258316742457271e-02
-7.463387022343508093e-02
-7.428437394209747024e-02
-7.353283888913060562e-02
-7.336470853838947259e-02
-7.267830299207435341e-02
-7.206453967247875014e-02
-7.163436747340540256e-02
-7.105106987408565944e-02
-7.058737589942874757e-02
-7.004151775053024664e-02
-6.981692869157681003e-02
-6.934553724008717113e-02
-6.896219602595428377e-02
-6.862020908302537969e-02
-6.830945275759946200e-02
-6.822966273468829279e-02
-6.761803516088514543e-02
-6.731828692816244075e-02
-6.695395772571799409e-02
-6.655605816749134152e-02
-6.616171728481652636e-02
-6.610636366393157770e-02
-6.568031996673466544e-02
-6.466964710957255613e-02
-6.442596099489998618e-02
-6.421110687381469118e-02
-6.314069850521476790e-02
-6.297140627250395750e-02
-6.287296428729928499e-02
-6.263578929452610911e-02
-6.191459898025885450e-02
-6.161462085643427261e-02
-6.143646246085064655e-02
-6.094712910380061660e-02
-6.045953601362373531e-02
-6.000179038096840889e-02
-5.970425895045137349e-02
-5.949772984694198796e-02
-5.862886080468126399e-02
-5.849663897923131767e-02
-5.785172582625949800e-02
-5.757773141981258058e-02
-5.724621531724143064e-02
-5.715119602277180660e-02
-5.679029764457842189e-02
-5.651245487199670070e-02
-5.605857505229187160e-02
-5.564396779358797562e-02
-5.548842277720830718e-02
-5.509895186996763283e-02
-5.472622171406313352e-02
-5.441085970676676209e-02
-5.378495076529285490e-02
-5.347009984501587682e-02
-5.318145406522913760e-02
-5.274566247409585157e-02
-5.242398773657208633e-02
-5.194841119216807995e-02
-5.166224186499655119e-02
-5.125392263675297017e-02
-5.100957051307852819e-02
-5.071622961488419373e-02
-5.048405340750345555e-02
-5.022728048270719975e-02
-4.990015270102201445e-02
-4.917931359286174114e-02
-4.905849756433403042e-02
-4.874017470626856863e-02
-4.859710756344640809e-02
-4.814219267335202029e-02
-4.782766046797126691e-02
-4.756304470073041690e-02
-4.740577286602390417e-02
-4.662217406971219669e-02
-4.648033470468644623e-02
-4.623486212610898594e-02
-4.570535612927742464e-02
-4.550732157191656607e-02
-4.533212692835985463e-02
-4.478193122392313402e-02
-4.467908691107836533e-02
-4.445772089633014817e-02
-4.373763377336382235e-02
-4.339497589936042871e-02
-4.321643701220733574e-02
-4.293058376032250767e-02
-4.261988475171219620e-02
-4.236259410823299543e-02
-4.166835015866243025e-02
-4.154039204271520180e-02
-4.146194468912930975e-02
-4.114347273449397296e-02
-4.071037892718351592e-02
-4.035508247394394010e-02
-4.008201388167643292e-02
-3.979745992747127370e-02
-3.932721822715354310e-02
-3.905593814819954129e-02
-3.879297058893752675e-02
-3.866596923154704685e-02
-3.842102420991994061e-02
-3.784629135621147417e-02
-3.741622929550826593e-02
-3.721511295742249009e-02
-3.687837957069822065e-02
-3.663285890530732641e-02
-3.654161525847409581e-02
-3.630906793523917125e-02
-3.605351031676438250e-02
-3.585693106053727819e-02
-3.538474311274387302e-02
-3.531657581500129844e-02
-3.484608419800402229e-02
-3.433303368191431559e-02
-3.415279813857152041e-02
-3.406833238571226052e-02
-3.371272164676539923e-02
-3.357302644118456691e-02
-3.326808527909308477e-02
-3.294177675385387416e-02
-3.279197968996277329e-02
-3.247781229215809112e-02
-3.180391939304796217e-02
-3.159196960232706075e-02
-3.142202059807251702e-02
-3.125013141401345590e-02
-3.105413406854861530e-02
-3.044937460736635987e-02
-3.040027250212636728e-02
-3.001699562898030652e-02
-2.974912788592037546e-02
-2.933211917945184946e-02
-2.896657283293523413e-02
-2.879268333997473880e-02
-2.860305216463180852e-02
-2.834860700291821217e-02
-2.801234269883881578e-02
-2.765706389623952960e-02
-2.738343960353132461e-02
-2.696250015263010683e-02
-2.682231118837728745e-02
-2.650387538033878790e-02
-2.641542794651053142e-02
-2.592455756360018820e-02
-2.561797967162720083e-02
-2.507724064327159635e-02
-2.498321780822145705e-02
-2.464338197644341463e-02
-2.448181690000821031e-02
-2.430660211189420924e-02
-2.410937988549444883e-02
-2.369116067582649476e-02
-2.353486845200259206e-02
-2.336263707374715282e-02
-2.305367244719616279e-02
-2.232951875518496276e-02
-2.217848732945599394e-02
-2.211769967302167073e-02
-2.176685598566484303e-02
-2.123008495317146860e-02
-2.103003876471324154e-02
-2.083297678738230477e-02
-2.058505100684345640e-02
-2.023390421758816671e-02
-1.989284208141817861e-02
-1.960727255896678803e-02
-1.931874078982881091e-02
-1.895708322091063658e-02
-1.864679923645416737e-02
-1.834661422683568979e-02
-1.812726156147240544e-02
-1.772336050949454775e-02
-1.755405849339444768e-02
-1.733315372340698407e-02
-1.716066269477503278e-02
-1.683254399811450266e-02
-1.646135485769099557e-02
-1.629173440262334654e-02
-1.607961869260934179e-02
-1.588038011351933232e-02
-1.566494851689141307e-02
-1.518752247596167823e-02
-1.499380436903560536e-02
-1.452028863683797397e-02
-1.432919334498552848e-02
-1.407384671361511415e-02
-1.391135102485292763e-02
-1.328509107637071592e-02
-1.300398701667827492e-02
-1.279096437089709791e-02
-1.244395304879820398e-02
-1.208671894079364588e-02
-1.186969116275727112e-02
-1.151314660104819053e-02
-1.145907056760254311e-02
-1.122016111536758114e-02
-1.065302666216793974e-02
-1.060369109274795704e-02
-1.045342374392969204e-02
-1.015514081559479483e-02
-1.013931387499968952e-02
-9.946457778859975341e-03
-9.713949119345822655e-03
-9.196288331585776576e-03
-8.987404993826178523e-03
-8.837590828805518342e-03
-8.520614907598441853e-03
-8.319905610052079001e-03
-7.851378038998853628e-03
-7.601420450177428546e-03
-7.455428683378373909e-03
-7.284742226784467374e-03
-6.878792828135522723e-03
-6.389875212368335312e-03
-6.138523160568077827e-03
-6.025653960546884826e-03
-5.877886620302284933e-03
-5.468642973010511693e-03
-5.296539707549623339e-03
-5.051903289197529588e-03
-4.677455766287555612e-03
-4.207645697191884394e-03
-4.014027508142992834e-03
-3.634869582667220669e-03
-3.374867523844994003e-03
-3.080835297942197907e-03
-2.758021758886140384e-03
-2.719589530871022610e-03
-2.545629331239820069e-03
-2.139540169788440357e-03
-2.046999620015100326e-03
-1.900416206676570430e-03
-1.727451390389757920e-03
-1.193637561201642662e-03
-1.150871898456821453e-03
-9.005669569632766304e-04
-5.423151699152874887e-04
-2.467577529187343671e-04
-1.089534724744200736e-04
2.842780595827003234e-04
6.212599649585129249e-04
8.640063177043635304e-04
9.425439089393210582e-04
1.467143370562370899e-03
1.683489996636180954e-03
1.897665772449789231e-03
2.154374576042104340e-03
2.476833835738353855e-03
2.795140934162866631e-03
3.067255558549639768e-03
3.200568925789282031e-03
3.702546361612749429e-03
3.816199581991007624e-03
4.193379602327552101e-03
4.294946203799812970e-03
4.601171968573275657e-03
5.002367682233082279e-03
5.135015623165826819e-03
5.419413530879842351e-03
5.870956657414673138e-03
6.022272745335434385e-03
6.264199732178133903e-03
6.560568923420533743e-03
6.813173618221966300e-03
7.005485237274147042e-03
7.558020268324707434e-03
7.742198047011207042e-03
8.043317152677142978e-03
8.175391060128678680e-03
8.610800734281567892e-03
8.676237195228298643e-03
9.086308577677922396e-03
9.501344287717599854e-03
9.730727874644126002e-03
9.807153602600643741e-03
1.005087583956571461e-02
1.060273726776202879e-02
1.075922167754761807e-02
1.086884032009393340e-02
1.129527806741143468e-02
1.129961140416634209e-02
1.167755287250582356e-02
1.212514841100236461e-02
1.226413406248804371e-02
1.239932592750167539e-02
1.284198393445018516e-02
1.295068746932159960e-02
1.317303263441033101e-02
1.371165288770042311e-02
1.392830992749617518e-02
1.411425276767312893e-02
1.450632632131918127e-02
1.487114505140234300e-02
1.529495084566694259e-02
1.543308121099385213e-02
1.575018927405729893e-02
1.596594974822957216e-02
1.625791488695120871e-02
1.664542060116230501e-02
1.674448406823589308e-02
1.715262289669337512e-02
1.745519522759873821e-02
1.785876639459011567e-02
1.808724400307179861e-02
1.822772432629238618e-02
1.855621147572568408e-02
1.866627784082286468e-02
1.887151696739792009e-02
1.923293971643455502e-02
1.943029873150966397e-02
1.977077562977792510e-02
2.001609736717288243e-02
2.031563923361420082e-02
2.071117273023282204e-02
2.104141254373633266e-02
2.124625281037622465e-02
2.136395734182392966e-02
2.175469377417679068e-02
2.181632630592957381e-02
2.216800070590515051e-02
2.249723327272931672e-02
2.269282269627131976e-02
2.279646781460842320e-02
2.321471677080232110e-02
2.343827834398320639e-02
2.358310152944343568e-02
2.404311416761247336e-02
2.421046375668497314e-02
2.452726541961059922e-02
2.488140621834470517e-02
2.519329862032006553e-02
2.557552087717153769e-02
2.562524173363928126e-02
2.616274568412720394e-02
2.633805564891904955e-02
2.638716700939162940e-02
2.695562875294052821e-02
2.700949912997244878e-02
2.752659029990888948e-02
2.785132915640915405e-02
2.808142773050720242e-02
2.824280580236715466e-02
2.887042729268270505e-02
2.916623048264588292e-02
2.946853519148980721e-02
2.963393795229266395e-02
2.988241873467122056e-02
3.047498280932304723e-02
3.057926970750794726e-02
3.079170877141718804e-02
3.128855018682852318e-02
3.146654602193048322e-02
3.161629299701331636e-02
3.224999186326228673e-02
3.240853839681117482e-02
3.294261094584194360e-02
3.304395588458490518e-02
3.318175827218650814e-02
3.340064006584700373e-02
3.391954810078066235e-02
3.398933698379418694e-02
3.417961948028321734e-02
3.450813723314340165e-02
3.513337961734930986e-02
3.534471169630219040e-02
3.577366976712879898e-02
3.611204847776803423e-02
3.619720871737260037e-02
3.648624801425145309e-02
3.674834924422650667e-02
3.728913962895880063e-02
3.741409177822448140e-02
3.790009992933858485e-02
3.810452273652165794e-02
3.835791151547836286e-02
3.904937055977360932e-02
3.925147983166193261e-02
3.931675425665499130e-02
3.966098474857118056e-02
4.034638999027751610e-02
4.036940360924757415e-02
4.057356799141435127e-02
4.067312790355904345e-02
4.094496767744310733e-02
4.117820432476766018e-02
4.159167287254812023e-02
4.207229084201983410e-02
4.233033675509063898e-02
4.249079374182278268e-02
4.267633857178694534e-02
4.284637017660267166e-02
4.328185002271398019e-02
4.364575781296160806e-02
4.387837971574617968e-02
4.413923155678653454e-02
4.439154808591166262e-02
4.476127072223658188e-02
4.501349618570588129e-02
4.537211783820557787e-02
4.552506857919343120e-02
4.612174937836750060e-02
4.668217042168357200e-02
4.676478727468234148e-02
4.717436051040919953e-02
4.753551848151675585e-02
4.785078188984543540e-02
4.821596303445255249e-02
4.834165717407841456e-02
4.849673031723483740e-02
4.893764198061445470e-02
4.910044994760145998e-02
4.958405189809567126e-02
4.970297109174096062e-02
4.999362040319914324e-02
5.089278680197106136e-02
5.133842655268065075e-02
5.144080966171758751e-02
5.177756994956076581e-02
5.184236386368681893e-02
5.243368598408995607e-02
5.293822294333588863e-02
5.323408510805514859e-02
5.366184092453096105e-02
5.401672922359488510e-02
5.418144283536684841e-02
5.466399370595587115e-02
5.502454114497321719e-02
5.533675006397157509e-02
5.567756819176943733e-02
5.599244065547843985e-02
5.618659524810431377e-02
5.645767102369694812e-02
5.697380979527248007e-02
5.712611606892208788e-02
5.771007554737373618e-02
5.786668792157414337e-02
5.791578146955683043e-02
5.868299980565150342e-02
5.881509736025161694e-02
5.934218735622313196e-02
5.944287434245522361e-02
5.961458108119295496e-02
5.986373898708097913e-02
6.062141338587703765e-02
6.110443846314902311e-02
6.142068264099095898e-02
6.182395729758050767e-02
6.216443902742308653e-02
6.263936040924400483e-02
6.295949026008418326e-02
6.314612659633360436e-02
6.340718429612268725e-02
6.407268714589903214e-02
6.435499817011523793e-02
6.458544223993867295e-02
6.486137925621729416e-02
6.522296030556301583e-02
6.615570743836872436e-02
6.646758210543525502e-02
6.704579107715626096e-02
6.744185653910927947e-02
6.763393423530661419e-02
6.845067855718256489e-02
6.881416889571162487e-02
6.916752575522884527e-02
6.986616607008964974e-02
7.062281605230381898e-02
7.082215090531383817e-02
7.143084362157021971e-02
7.155130071942075731e-02
7.217176053796840740e-02
7.330467873054176409e-02
7.352393473209947738e-02
7.382170436930941826e-02
7.455630317992910372e-02
7.486506211346580231e-02
7.571933973872775614e-02
7.630464775739806416e-02
7.653893828564042878e-02
7.680826673207678812e-02
7.766498553557055207e-02
7.862394521282227433e-02
7.893370126739816806e-02
7.972660924534281934e-02
8.008266475688230468e-02
8.044474854751972048e-02
8.104887804266430740e-02
8.202041801117940234e-02
8.302233233768678555e-02
8.336457454467188777e-02
8.447777589953790744e-02
8.548908480643710450e-02
8.598196708527325316e-02
8.651080105240500917e-02
